1.000e+01 2.000e+00 7.869e-01 1.402e-02
1.000e+01 3.000e+00 1.354e+00 2.355e-02
1.000e+01 4.000e+00 1.885e+00 3.233e-02
1.000e+01 5.000e+00 2.403e+00 4.216e-02
1.000e+01 1.000e+01 4.935e+00 8.715e-02
1.000e+01 7.000e+00 3.419e+00 5.962e-02
1.000e+01 2.000e+01 9.951e+00 1.714e-01
1.000e+01 5.000e+00 6.071e+00 7.728e-02
1.000e+01 5.000e+00 6.157e+00 -3.954e+00
1.000e+01 5.000e+00 6.163e+00 -3.955e+00
1.000e+01 5.000e+00 6.162e+00 -3.954e+00
1.000e+01 5.000e+00 6.163e+00 -3.953e+00
1.000e+01 5.000e+00 6.074e+00 7.298e-02
1.000e+01 5.000e+00 6.548e+00 -8.385e-01
1.000e+01 5.000e+00 6.547e+00 -8.377e-01
1.000e+01 5.000e+00 6.546e+00 -8.383e-01
1.000e+01 5.000e+00 6.548e+00 -8.383e-01
1.000e+01 5.000e+00 6.548e+00 -8.383e-01
1.000e+01 5.000e+00 -2.687e+00 -4.575e+00
1.000e+01 5.000e+00 1.681e-02 -7.419e+00
1.000e+01 5.000e+00 -1.701e+01 1.408e+00
1.000e+01 5.000e+00 5.442e-01 -1.346e+01
1.000e+01 5.000e+00 -1.487e+00 -3.643e+00
1.000e+01 5.000e+00 -1.487e+00 -3.643e+00
1.000e+01 5.000e+00 -3.252e+02 -1.202e+02
1.000e+01 5.000e+00 -6.309e+02 1.820e+02
1.000e+01 5.000e+00 -6.309e+02 1.820e+02
1.000e+01 5.000e+00 -4.892e+02 -1.363e+02
1.000e+01 5.000e+00 -6.388e+02 8.038e+01
1.000e+01 5.000e+00 -3.043e+02 -4.283e+01
1.000e+01 5.000e+00 -2.756e+02 7.313e+01
1.000e+01 5.000e+00 -2.320e+02 6.759e+01
1.000e+01 5.000e+00 -2.320e+02 6.759e+01
1.000e+01 5.000e+00 -2.749e+01 -2.241e+01
1.000e+01 5.000e+00 -2.697e+01 -9.366e+00
1.000e+01 5.000e+00 -1.230e+01 -1.119e+01
1.000e+01 5.000e+00 -9.835e-01 -6.678e-01
1.000e+01 5.000e+00 -9.835e-01 -6.678e-01
1.000e+01 5.000e+00 6.277e+00 -1.644e+00
1.000e+01 5.000e+00 7.414e+00 -1.406e+00
1.000e+01 5.000e+00 7.337e+00 -1.624e+00
1.000e+01 5.000e+00 7.337e+00 -1.624e+00
1.000e+01 5.000e+00 6.079e+00 6.025e-02
1.000e+01 5.000e+00 6.079e+00 6.026e-02
1.000e+01 5.000e+00 7.337e+00 -1.624e+00
1.000e+01 5.000e+00 6.079e+00 6.026e-02
1.000e+01 5.000e+00 -9.834e-01 -6.678e-01
1.000e+01 5.000e+00 -2.320e+02 6.758e+01
1.000e+01 5.000e+00 -2.320e+02 6.758e+01
1.000e+01 5.000e+00 1.799e+02 -1.062e+02
1.000e+01 5.000e+00 -4.892e+02 -1.363e+02
1.000e+01 5.000e+00 -6.388e+02 8.038e+01
1.000e+01 5.000e+00 -3.043e+02 -4.283e+01
1.000e+01 5.000e+00 -2.756e+02 7.313e+01
1.000e+01 5.000e+00 -2.756e+02 7.313e+01
1.000e+01 5.000e+00 5.972e+00 -7.851e-02
1.000e+01 5.000e+00 1.066e-01 1.385e-01
1.000e+01 5.000e+00 -6.298e+03 5.296e+02
1.000e+01 5.000e+00 3.695e+00 4.454e-02
1.000e+01 5.000e+00 -5.252e+00 2.482e+00
1.000e+01 5.000e+00 -4.327e+00 1.150e+00
1.000e+01 5.000e+00 -2.855e+00 -3.407e-01
1.000e+01 5.000e+00 -1.410e+00 1.496e+00
1.000e+01 5.000e+00 -1.410e+00 1.496e+00
1.000e+01 5.000e+00 -8.170e+00 1.410e+01
1.000e+01 5.000e+00 3.237e+00 4.190e+00
1.000e+01 5.000e+00 1.275e+01 6.405e-01
1.000e+01 5.000e+00 1.197e+01 1.335e+00
1.000e+01 5.000e+00 1.197e+01 1.335e+00
1.000e+01 5.000e+00 3.594e+01 5.360e-01
1.000e+01 5.000e+00 1.377e+01 3.060e+01
1.000e+01 5.000e+00 1.255e+01 3.321e+01
1.000e+01 5.000e+00 1.692e+01 2.135e+01
1.000e+01 5.000e+00 1.276e+01 2.421e+01
1.000e+01 5.000e+00 2.053e+01 1.441e+01
1.000e+01 5.000e+00 2.053e+01 1.441e+01
1.000e+01 5.000e+00 3.695e+00 4.454e-02
1.000e+01 5.000e+00 3.695e+00 4.454e-02
1.000e+01 5.000e+00 -5.252e+00 2.482e+00
1.000e+01 5.000e+00 -4.327e+00 1.150e+00
1.000e+01 5.000e+00 -2.855e+00 -3.407e-01
1.000e+01 5.000e+00 -1.410e+00 1.496e+00
1.000e+01 5.000e+00 -1.410e+00 1.496e+00
1.000e+01 5.000e+00 -8.170e+00 1.410e+01
1.000e+01 5.000e+00 3.237e+00 4.190e+00
1.000e+01 5.000e+00 1.275e+01 6.405e-01
1.000e+01 5.000e+00 1.197e+01 1.335e+00
1.000e+01 5.000e+00 1.197e+01 1.335e+00
1.000e+01 5.000e+00 3.594e+01 5.360e-01
1.000e+01 5.000e+00 1.377e+01 3.060e+01
1.000e+01 5.000e+00 1.255e+01 3.321e+01
1.000e+01 5.000e+00 1.692e+01 2.135e+01
1.000e+01 5.000e+00 1.276e+01 2.421e+01
1.000e+01 5.000e+00 1.276e+01 2.421e+01
1.000e+01 5.000e+00 3.695e+00 4.454e-02
1.000e+01 5.000e+00 -1.410e+00 1.496e+00
1.000e+01 5.000e+00 3.695e+00 4.454e-02
1.000e+01 5.000e+00 1.197e+01 1.335e+00
1.000e+01 5.000e+00 1.276e+01 2.421e+01
1.000e+01 5.000e+00 1.197e+01 1.335e+00
1.000e+01 5.000e+00 1.276e+01 2.421e+01
1.000e+01 5.000e+00 -1.410e+00 1.496e+00
1.000e+01 5.000e+00 3.695e+00 4.454e-02
1.000e+01 5.000e+00 -1.410e+00 1.496e+00
1.000e+01 5.000e+00 3.695e+00 4.454e-02
1.000e+01 5.000e+00 1.276e+01 2.421e+01
1.000e+01 5.000e+00 1.197e+01 1.335e+00
3.500e+00 1.000e+00 -7.645e+00 7.438e-03
3.500e+00 1.000e+00 7.645e+00 -7.438e-03
1.000e+01 5.000e+00 -8.170e+00 1.410e+01
1.000e+01 5.000e+00 1.197e+01 1.335e+00
1.000e+01 5.000e+00 -8.170e+00 1.410e+01
1.000e+01 5.000e+00 3.237e+00 4.190e+00
1.000e+01 5.000e+00 1.275e+01 6.405e-01
1.000e+01 5.000e+00 1.197e+01 1.335e+00
1.000e+01 5.000e+00 1.165e+01 1.701e+00
1.000e+01 5.000e+00 1.153e+01 1.818e+00
1.000e+01 5.000e+00 1.151e+01 1.868e+00
1.000e+01 5.000e+00 1.149e+01 1.865e+00
1.000e+01 5.000e+00 1.151e+01 1.883e+00
3.500e+00 1.000e+00 -3.869e+00 6.308e-03
4.500e+00 2.000e+00 -2.111e+00 2.678e-01
4.500e+00 2.000e+00 -2.111e+00 2.678e-01
4.500e+00 2.000e+00 -2.111e+00 2.679e-01
