1.000000e+00
3.000000e-01
1.000000e+00 0.000000e+00
taylor-hood
bckw_fs
0.000000e+00 0.000000e+00
0.000000e+00 0.000000e+00
0.000000e+00 0.000000e+00
0.000000e+00 0.000000e+00
0.000000e+00 0.000000e+00
0.000000e+00 0.000000e+00
0.000000e+00 0.000000e+00
0.000000e+00 0.000000e+00
0.000000e+00 0.000000e+00
0.000000e+00 0.000000e+00
0.000000e+00 0.000000e+00
0.000000e+00 0.000000e+00
0.000000e+00 0.000000e+00
0.000000e+00 0.000000e+00
0.000000e+00 0.000000e+00
0.000000e+00 0.000000e+00
0.000000e+00 0.000000e+00
0.000000e+00 0.000000e+00
0.000000e+00 0.000000e+00
4.294976e-02 0.000000e+00
4.416031e-02 0.000000e+00
4.384529e-02 0.000000e+00
3.964371e-02 0.000000e+00
2.901479e-02 0.000000e+00
4.417658e-02 0.000000e+00
4.400280e-02 0.000000e+00
4.316366e-02 0.000000e+00
2.506106e-02 0.000000e+00
0.000000e+00 0.000000e+00
0.000000e+00 0.000000e+00
0.000000e+00 0.000000e+00
0.000000e+00 0.000000e+00
0.000000e+00 0.000000e+00
0.000000e+00 0.000000e+00
0.000000e+00 0.000000e+00
0.000000e+00 0.000000e+00
0.000000e+00 0.000000e+00
0.000000e+00 0.000000e+00
0.000000e+00 0.000000e+00
0.000000e+00 0.000000e+00
0.000000e+00 0.000000e+00
0.000000e+00 0.000000e+00
0.000000e+00 0.000000e+00
0.000000e+00 0.000000e+00
0.000000e+00 0.000000e+00
0.000000e+00 0.000000e+00
0.000000e+00 0.000000e+00
0.000000e+00 0.000000e+00
0.000000e+00 0.000000e+00
0.000000e+00 0.000000e+00
0.000000e+00 0.000000e+00
0.000000e+00 0.000000e+00
0.000000e+00 0.000000e+00
0.000000e+00 0.000000e+00
0.000000e+00 0.000000e+00
0.000000e+00 0.000000e+00
0.000000e+00 0.000000e+00
0.000000e+00 0.000000e+00
2.049062e-02 0.000000e+00
2.988472e-02 0.000000e+00
3.031305e-02 0.000000e+00
2.979377e-02 0.000000e+00
2.927449e-02 0.000000e+00
2.861343e-02 0.000000e+00
2.018235e-02 0.000000e+00
1.188718e-02 0.000000e+00
2.640658e-02 0.000000e+00
3.045047e-02 0.000000e+00
3.005341e-02 0.000000e+00
2.953413e-02 0.000000e+00
2.900250e-02 0.000000e+00
2.601429e-02 0.000000e+00
1.114156e-02 0.000000e+00
0.000000e+00 0.000000e+00
0.000000e+00 0.000000e+00
0.000000e+00 0.000000e+00
0.000000e+00 0.000000e+00
0.000000e+00 0.000000e+00
0.000000e+00 0.000000e+00
0.000000e+00 0.000000e+00
0.000000e+00 0.000000e+00
0.000000e+00 0.000000e+00
0.000000e+00 0.000000e+00
0.000000e+00 0.000000e+00
0.000000e+00 0.000000e+00
0.000000e+00 0.000000e+00
0.000000e+00 0.000000e+00
0.000000e+00 0.000000e+00
0.000000e+00 0.000000e+00
0.000000e+00 0.000000e+00
0.000000e+00 0.000000e+00
0.000000e+00 0.000000e+00
2.694052e-02 -9.414990e-04
1.527143e-02 -1.094928e-03
2.950689e-02 -4.183371e-04
2.167075e-02 -1.066683e-03
3.336729e-02 -1.428548e-03
8.697809e-03 -2.189083e-03
3.805796e-02 -9.673417e-04
1.839433e-02 -5.496665e-04
3.844737e-02 -4.163622e-03
3.770319e-02 -9.757876e-03
7.286386e-03 -6.017394e-03
3.685866e-02 -9.916626e-04
4.212948e-02 -5.898407e-03
4.026033e-02 -9.025466e-03
4.398756e-02 -2.564377e-04
3.056775e-02 -4.371543e-04
3.518480e-02 -1.195207e-02
3.782067e-02 -1.037529e-02
3.316008e-02 -1.186883e-02
3.487822e-02 -9.067653e-03
3.200425e-02 -9.448747e-03
3.212200e-02 -6.449806e-03
3.106693e-02 -6.291590e-03
3.027105e-02 -3.960935e-03
3.035385e-02 -3.583954e-03
2.958411e-02 -2.418327e-03
3.004543e-02 -2.145601e-03
2.958565e-02 -1.873932e-03
3.695806e-02 -6.976058e-03
2.925707e-02 -2.480245e-03
3.004572e-02 -1.602232e-03
1.951961e-02 -3.103400e-04
4.295626e-02 -2.249407e-03
4.389423e-02 -3.103496e-03
4.401694e-02 -1.537485e-03
3.051327e-02 -1.872532e-03
2.829063e-02 -1.087327e-02
3.046373e-02 -5.095608e-03
3.971464e-02 -3.987883e-04
2.958644e-02 -1.347636e-03
2.912957e-02 -1.588362e-03
3.046813e-02 -1.314712e-03
2.915713e-02 -1.122854e-03
1.893962e-10 -1.217077e-10
2.864995e-02 -1.304693e-03
3.418450e-03 -1.454293e-03
1.297999e-02 -6.527554e-03
3.591188e-02 -1.092465e-03
4.324833e-02 -3.629602e-03
3.998672e-02 -4.557832e-03
3.041652e-02 -1.436431e-03
2.825472e-02 -1.150704e-03
3.236884e-02 -2.687426e-03
3.014802e-02 -2.008321e-03
2.519109e-02 -9.293751e-04
2.324415e-02 -1.140527e-03
2.873702e-02 -2.158540e-03
3.004338e-02 -1.060713e-03
1.684056e-02 -7.330801e-04
1.787302e-02 -2.855104e-04
1.275457e-02 -1.767379e-03
3.937854e-02 -6.523808e-04
4.427234e-02 -6.235922e-04
4.430681e-02 -1.106718e-03
4.397536e-02 -7.831910e-04
3.898342e-02 -5.640858e-04
4.433821e-02 -2.084300e-03
3.054008e-02 -2.786610e-03
4.274167e-02 -6.331533e-03
3.004332e-02 -5.226523e-04
2.899807e-02 -4.052223e-04
2.990882e-02 -8.156011e-03
3.554597e-11 -2.935399e-11
3.588873e-02 -3.858810e-03
4.429232e-02 -2.960395e-04
4.352763e-02 -2.713882e-04
3.784521e-02 -1.551146e-03
2.634246e-02 -3.145468e-04
2.633185e-02 -3.252380e-04
2.901487e-02 -8.891259e-04
2.414408e-02 -1.163576e-02
4.380505e-02 -4.981638e-04
4.314655e-02 -1.173574e-03
4.037739e-02 -7.739786e-03
3.336444e-02 -5.081834e-03
1.922893e-02 -6.652108e-03
2.794435e-02 -1.416476e-03
3.042774e-02 -3.107079e-03
1.933165e-02 -6.128044e-04
2.708214e-02 -1.933259e-03
2.342052e-02 -5.147187e-03
2.584437e-02 -3.218938e-03
2.918532e-02 -2.057812e-03
2.913121e-02 -2.095227e-03
2.879590e-02 -8.040579e-04
2.963035e-02 -8.872398e-04
2.865638e-02 -1.771984e-03
3.042011e-02 -8.538752e-04
2.793718e-02 -1.248103e-02
6.271949e-03 -4.067964e-03
3.752429e-02 -1.617494e-04
3.324120e-02 -1.839071e-04
1.481608e-02 -8.698631e-05
1.509324e-02 -8.263447e-05
6.901785e-13 6.440032e-13
4.329396e-02 -7.449594e-04
4.406882e-02 -4.882859e-04
2.925378e-02 -7.248833e-04
2.853855e-02 -1.150552e-03
2.396608e-02 -1.003289e-03
2.487789e-02 -8.105711e-04
2.473173e-02 -5.975327e-04
1.818475e-02 -4.041026e-04
3.015150e-02 -1.428682e-03
3.032647e-02 -1.123304e-03
2.966608e-02 -2.306398e-03
2.962144e-02 -1.898986e-03
3.044966e-02 -2.509900e-03
2.926939e-02 -2.244839e-03
2.966841e-02 -2.670253e-03
6.782515e-03 -4.421890e-03
1.483076e-02 -8.351951e-03
1.653043e-02 -9.570976e-03
2.527998e-02 -1.225432e-02
1.735096e-02 -1.027109e-02
2.680679e-02 -1.623041e-03
2.604982e-02 -1.322661e-03
2.043683e-02 -8.588988e-04
1.938480e-02 -4.708296e-04
2.553027e-02 -1.049196e-03
2.542498e-02 -7.855371e-04
4.064745e-02 -6.216284e-03
3.873035e-02 -6.007513e-03
3.795168e-02 -4.327772e-03
2.157982e-02 -6.037547e-03
2.724841e-02 -6.768973e-03
2.581015e-02 -7.948592e-03
3.401162e-02 -3.295999e-03
3.686330e-02 -5.502587e-03
3.490559e-02 -4.738724e-03
3.316419e-02 -3.928452e-03
3.165508e-02 -3.179304e-03
3.111560e-02 -2.271352e-03
2.865317e-02 -1.538338e-03
3.170636e-02 -3.954934e-03
2.872292e-02 -1.054375e-03
2.641954e-02 -6.289042e-04
1.637648e-02 -3.997879e-03
1.395121e-02 -4.344542e-03
2.983683e-02 -7.049460e-04
2.983687e-02 -9.739766e-04
3.004335e-02 -7.916828e-04
4.380669e-02 -3.753851e-04
4.428227e-02 -4.597491e-04
4.379654e-02 -5.392050e-04
4.248246e-02 -6.244362e-03
4.342741e-02 -4.770079e-03
4.340477e-02 -4.296011e-03
2.895883e-02 -2.094694e-03
2.902570e-02 -2.279383e-03
3.506760e-02 -6.065206e-03
2.916133e-02 -2.322051e-03
2.892331e-02 -2.151286e-03
3.872823e-02 -7.545919e-03
4.338050e-02 -4.953921e-03
4.400675e-02 -3.627151e-03
4.427107e-02 -1.846993e-03
4.436362e-02 -1.564906e-03
4.425231e-02 -1.316294e-03
1.793381e-02 -2.841687e-04
2.754245e-02 -9.817903e-04
1.757471e-02 -3.005226e-04
4.172427e-02 -7.659967e-03
4.118858e-02 -7.606772e-03
3.053320e-02 -5.416765e-03
2.874390e-02 -2.586115e-03
3.110633e-02 -1.812612e-03
3.015394e-02 -1.556432e-03
4.295909e-02 -5.447392e-04
4.371705e-02 -3.830764e-04
4.209225e-02 -4.397070e-04
4.418059e-02 -3.921417e-04
4.417056e-02 -5.559114e-04
3.105116e-02 -8.866771e-03
3.844599e-02 -7.494115e-03
1.638340e-02 -6.853040e-03
2.403854e-02 -8.907349e-03
2.163703e-02 -9.429605e-03
4.957360e-04 -2.168422e-04
1.501104e-03 -8.519745e-04
4.828341e-11 -2.404279e-11
2.924775e-02 -1.235123e-03
1.858672e-02 -2.982811e-04
1.935519e-02 -3.092931e-04
7.732263e-03 -3.728126e-03
4.444219e-03 -2.722724e-03
3.813144e-02 -2.099631e-03
2.474426e-02 -2.355143e-04
3.023240e-02 -9.572729e-04
3.023237e-02 -6.882423e-04
2.956862e-02 -6.527884e-04
2.977510e-02 -4.704947e-04
1.348982e-02 -4.414564e-04
2.239765e-02 -1.163614e-03
1.290230e-02 -4.149479e-04
2.924626e-02 -9.568141e-03
4.402775e-02 -2.737766e-03
4.425847e-02 -2.547415e-03
4.312276e-02 -1.599229e-03
4.353351e-02 -1.263666e-03
2.012019e-02 -3.360841e-04
2.657049e-02 -1.149709e-02
1.817660e-02 -9.208211e-03
4.156807e-02 -1.943972e-03
4.129565e-02 -2.879262e-03
2.371906e-11 -1.202332e-11
2.774546e-02 -1.890808e-03
2.730252e-02 -1.836074e-03
4.208021e-02 -6.715018e-04
4.369025e-02 -6.083723e-04
2.420030e-02 -1.082620e-03
1.434807e-02 -4.545325e-04
1.523470e-02 -3.961790e-04
3.240457e-02 -2.122108e-03
4.398553e-02 -2.177672e-03
1.597697e-02 -3.568912e-04
2.187729e-02 -3.046161e-04
2.109955e-02 -3.181076e-04
4.121550e-02 -2.222581e-03
3.973705e-02 -2.599934e-03
3.474280e-02 -1.261307e-03
6.146369e-03 -2.024006e-03
1.132117e-03 -3.779636e-04
2.433332e-03 -5.589328e-04
3.709429e-02 -1.021990e-03
2.307592e-02 -2.368835e-04
2.380839e-02 -2.686218e-04
3.004455e-02 -1.331473e-03
2.981491e-02 -1.204175e-03
2.981608e-02 -1.474934e-03
4.183336e-02 -4.259788e-03
3.795849e-02 -2.801097e-03
2.946212e-02 -1.534286e-03
9.943256e-03 -1.074113e-04
1.049296e-02 -1.617941e-04
2.244190e-02 -2.542268e-04
1.694895e-02 -3.269988e-04
2.958605e-02 -1.610784e-03
2.981569e-02 -1.738082e-03
3.025591e-02 -1.187729e-03
3.025710e-02 -1.458460e-03
3.187949e-02 -1.452276e-03
1.090390e-02 -1.361035e-04
1.066257e-02 -9.719899e-05
4.417901e-02 -9.182100e-04
4.398769e-02 -1.070232e-03
1.014801e-02 -7.614549e-05
3.004557e-02 -1.873917e-03
2.981554e-02 -2.009766e-03
8.941966e-03 -2.604393e-04
1.612239e-02 -8.582787e-04
8.353260e-03 -3.215505e-04
2.604452e-02 -9.273429e-04
1.013509e-02 -1.953962e-04
1.765700e-02 -6.387685e-04
9.430363e-03 -2.172275e-04
1.217505e-02 -3.413808e-04
2.958488e-02 -2.146129e-03
2.981477e-02 -2.281964e-03
4.238944e-02 -1.879276e-03
3.049075e-02 -1.593622e-03
3.027959e-02 -1.737379e-03
1.415016e-02 -1.408793e-03
6.583111e-03 -5.474222e-04
7.597020e-03 -4.235760e-04
2.937178e-02 -1.235245e-03
2.914335e-02 -1.355608e-03
2.935800e-02 -1.467999e-03
5.348415e-03 -6.454289e-04
1.087660e-02 -2.072915e-03
3.893861e-03 -6.692531e-04
2.935761e-02 -1.731147e-03
3.934801e-02 -9.289936e-03
4.045721e-02 -7.512261e-03
4.375426e-02 -9.460841e-04
3.882631e-02 -8.340433e-04
4.378705e-02 -6.907633e-04
3.958167e-02 -5.104660e-04
2.522465e-02 -1.530683e-04
2.484496e-02 -1.897746e-04
2.438105e-02 -2.432724e-04
2.478502e-02 -2.327328e-04
2.445904e-02 -1.588938e-04
2.303301e-02 -4.210022e-04
2.238521e-02 -2.980243e-04
3.786911e-02 -6.604263e-04
4.391642e-02 -1.282265e-04
4.407394e-02 -1.282264e-04
2.545974e-02 -1.013776e-04
2.519362e-02 -1.398124e-04
2.902484e-02 -7.644706e-04
2.912593e-02 -5.650528e-04
2.889699e-02 -6.046401e-04
4.413259e-02 -7.004851e-04
4.427659e-02 -8.225643e-04
3.043168e-02 -3.225145e-03
3.031214e-02 -2.424518e-03
3.013750e-02 -2.670325e-03
3.651112e-02 -1.137488e-02
3.814416e-02 -1.054948e-02
2.937708e-02 -2.502962e-03
2.964865e-02 -2.977385e-03
2.980047e-02 -3.030623e-03
3.027946e-02 -2.009051e-03
3.053332e-02 -3.827016e-03
3.060786e-02 -4.405946e-03
1.839101e-02 -3.412829e-03
2.996624e-02 -2.879555e-03
3.596064e-02 -2.768501e-03
3.080417e-02 -5.799209e-03
3.066816e-02 -4.833200e-03
3.028807e-02 -3.834453e-03
2.890354e-02 -1.213773e-03
2.888976e-02 -1.446528e-03
2.889298e-02 -1.680173e-03
2.889380e-02 -1.933605e-03
2.913039e-02 -1.841795e-03
3.115436e-02 -9.004845e-03
3.120912e-02 -1.058584e-02
3.051444e-02 -2.204480e-03
3.101198e-02 -7.426446e-03
3.152206e-02 -7.902884e-03
2.889631e-02 -1.472947e-03
4.221884e-02 -5.925994e-03
3.078546e-02 -5.093405e-03
2.884499e-02 -1.973429e-04
2.913628e-02 -2.026110e-04
3.617829e-02 -8.128388e-03
3.787151e-02 -8.854873e-03
3.637355e-02 -9.998888e-03
2.939069e-02 -2.091685e-04
2.965033e-02 -2.091685e-04
3.409717e-02 -2.461410e-03
2.991854e-02 -2.613261e-04
3.017818e-02 -2.613261e-04
3.105965e-02 -5.110631e-03
3.146917e-02 -6.544816e-03
3.045021e-02 -2.190661e-04
3.034768e-02 -2.337909e-04
3.119198e-02 -1.177286e-02
3.257295e-02 -1.094298e-02
3.026188e-02 -6.579058e-03
1.096590e-02 -4.250082e-03
2.264609e-02 -1.344403e-03
2.197165e-02 -1.643510e-03
3.231430e-02 -8.063167e-03
2.109339e-02 -2.128809e-03
1.994811e-02 -2.740289e-03
4.362080e-02 -2.644158e-03
4.285217e-02 -3.747485e-03
3.341479e-02 -7.782199e-03
3.328659e-02 -9.534706e-03
2.925248e-02 -4.117797e-04
2.804013e-02 -1.780966e-03
2.655896e-02 -2.430585e-03
2.481715e-02 -4.157076e-03
4.359694e-02 -1.836877e-03
3.031535e-02 -4.803922e-04
2.330576e-02 -1.166696e-03
3.443569e-02 -1.075073e-02
2.345509e-02 -2.085271e-04
3.557962e-02 -1.141578e-02
3.018109e-02 -6.808699e-04
2.784981e-02 -5.794510e-04
2.956430e-02 -4.137287e-04
2.920545e-02 -9.238685e-04
2.897651e-02 -9.634558e-04
4.422635e-02 -1.480934e-04
4.409586e-02 -1.834953e-04
4.229055e-02 -1.026362e-04
4.375009e-02 -1.294054e-04
3.405112e-02 -1.234422e-02
3.689932e-02 -1.137687e-02
3.911826e-02 -1.007933e-02
4.073091e-02 -8.689954e-03
4.178708e-02 -7.337658e-03
1.055599e-02 -1.654592e-04
4.112292e-02 -5.532039e-03
6.922197e-04 -1.568880e-03
6.305898e-03 -4.806339e-03
2.753747e-02 -1.635303e-03
2.025275e-02 -1.001002e-02
3.408556e-02 -1.176219e-02
1.096604e-02 -2.201316e-04
4.361717e-02 -1.314051e-03
4.301691e-02 -1.553140e-03
4.177847e-12 -2.016282e-12
3.762266e-12 -8.890304e-12
2.855395e-02 -1.655478e-03
3.083332e-02 -1.249939e-02
2.777664e-02 -2.030385e-04
2.842889e-02 -3.906252e-04
3.033143e-02 -3.674147e-03
2.265543e-02 -3.395426e-04
3.941033e-02 -9.079457e-03
2.843230e-02 -1.900088e-04
2.935843e-02 -1.984579e-03
3.443628e-02 -7.065202e-03
2.935766e-02 -2.256777e-03
4.181693e-02 -1.519087e-03
2.359392e-02 -1.737671e-04
2.373630e-02 -1.238396e-04
4.414006e-02 -2.761924e-04
4.382124e-02 -2.576229e-04
2.960839e-02 -1.117438e-03
2.939374e-02 -1.005047e-03
2.867327e-02 -2.007784e-03
3.745519e-02 -1.248640e-03
1.283218e-03 -1.023687e-03
3.066369e-02 -1.265234e-02
9.707015e-03 -5.630987e-03
4.371665e-02 -9.318852e-04
-4.902195e-13 1.697544e-12
1.200007e-13 1.650926e-12
2.802271e-02 -5.549425e-04
2.275061e-02 8.247318e-05
2.273371e-02 -1.367523e-05
4.070320e-02 -4.735312e-05
1.952363e-02 -8.247170e-05
1.938869e-02 -1.349616e-05
3.668673e-02 -9.361554e-05
3.050046e-02 -6.461317e-04
3.285754e-02 -5.896868e-03
2.996203e-02 -1.695045e-03
3.137397e-02 -4.629281e-03
4.157705e-02 -9.113672e-04
2.933850e-02 -3.166944e-03
2.963141e-02 -2.403284e-03
7.946235e-03 -4.116035e-05
7.878936e-03 -7.934557e-07
8.327609e-03 -9.924825e-06
8.267288e-03 -3.000755e-05
2.979881e-02 -1.969186e-03
2.887472e-02 -4.229479e-03
4.390466e-02 -3.759680e-04
2.815352e-02 -5.448394e-03
1.758585e-02 -6.640936e-05
1.796578e-02 -5.809588e-05
4.184011e-02 -1.173633e-03
3.124172e-11 -2.357645e-11
3.287015e-02 -1.259891e-02
4.402253e-02 -6.287534e-04
2.101673e-13 1.155603e-12
4.402827e-02 -3.722858e-04
3.037243e-02 -8.963610e-04
3.044440e-02 -1.084426e-03
2.154850e-03 -1.488698e-03
9.020566e-12 -1.011402e-11
1.275438e-10 -1.118805e-10
4.394459e-02 -4.919431e-04
4.388797e-02 -6.328559e-04
2.341678e-02 -3.574425e-04
1.718960e-02 -1.938699e-04
1.656062e-02 -1.679335e-04
2.944207e-02 -8.060615e-04
4.341532e-02 -3.170948e-04
4.094502e-02 -2.624153e-04
1.516740e-03 -1.026718e-03
3.633458e-02 -3.153584e-04
3.869507e-02 -2.782910e-04
4.377330e-02 -7.534075e-04
4.321416e-02 -9.647095e-04
2.158218e-02 -1.947317e-04
2.158516e-02 -1.955279e-04
2.938034e-02 -5.716102e-04
