-1.527329e+00
-1.639060e+00
-1.970508e-05
1.357239e-05
-4.778402e-06
-1.525756e+00
-1.524061e+00
-1.525748e+00
-1.531218e+00
-1.540553e+00
-1.553662e+00
-1.570548e+00
-1.591207e+00
-1.615942e+00
-1.645217e+00
-1.679947e+00
-1.721738e+00
-1.773196e+00
-1.837744e+00
-1.923041e+00
-2.063142e+00
-2.156449e+00
-3.183649e+00
4.217530e-01
-3.300654e-01
-3.134208e-01
-3.567788e-01
-3.711468e-01
-3.746312e-01
-3.705305e-01
-3.612113e-01
-3.480230e-01
-3.312422e-01
-3.114263e-01
-2.891344e-01
-2.645781e-01
-2.378263e-01
-2.090536e-01
-1.783989e-01
-1.459311e-01
-1.117752e-01
-7.600277e-02
-3.870820e-02
-1.072025e-06
-2.146012e-07
-9.595373e-07
-3.766380e-07
-1.491903e-07
1.320205e-06
8.072910e-07
-6.654383e-07
-1.807098e-07
1.172658e-06
8.712656e-07
-4.337685e-06
1.214177e-06
3.147699e-06
-3.612850e-02
-7.228826e-02
-1.085235e-01
-1.448647e-01
-1.813251e-01
-2.179465e-01
-2.547234e-01
-2.916816e-01
-3.288203e-01
-3.660438e-01
-4.033377e-01
-4.406161e-01
-4.777403e-01
-5.145168e-01
-5.507261e-01
-5.860012e-01
-6.199309e-01
-6.522185e-01
-6.820243e-01
-7.087879e-01
-7.317333e-01
-7.500981e-01
-7.633954e-01
-7.701398e-01
-7.702045e-01
-7.632043e-01
-7.489995e-01
-7.274973e-01
-6.992830e-01
-6.651479e-01
-6.264302e-01
-5.838831e-01
-5.387429e-01
-4.921231e-01
-4.448748e-01
-3.976117e-01
-3.506825e-01
-3.045442e-01
-2.592542e-01
-2.146861e-01
-1.708266e-01
-1.275798e-01
-8.479939e-02
-4.232101e-02
4.910352e-06
6.082139e-06
-2.362528e-06
-1.487633e-06
-5.673250e-09
-3.947012e-07
-1.882736e-06
-1.869855e-06
-8.737597e-07
-7.146074e-07
-1.059818e-06
3.757508e-07
2.860524e-06
2.617792e-07
-1.237786e-06
2.484281e-06
-4.394477e-07
9.805371e-07
1.023511e-06
1.719233e-06
-6.973530e-07
2.775474e-06
-7.111581e-06
-1.506795e+00
-1.485635e+00
-1.460281e+00
-1.430361e+00
-1.395774e+00
-1.357349e+00
-1.315976e+00
-1.271873e+00
-1.226416e+00
-1.179833e+00
-1.133091e+00
-1.086882e+00
-1.041675e+00
-9.977457e-01
-9.555158e-01
-9.152678e-01
-8.769820e-01
-8.406956e-01
-8.064816e-01
-7.741800e-01
-7.436559e-01
-7.148693e-01
-6.875991e-01
-6.615074e-01
-6.365280e-01
-6.124252e-01
-5.892933e-01
-5.665617e-01
-5.443597e-01
-5.223110e-01
-5.005079e-01
-4.786371e-01
-4.566697e-01
-4.344814e-01
-4.119812e-01
-3.890809e-01
-3.656908e-01
-3.417629e-01
-3.172498e-01
-2.920864e-01
-2.662455e-01
-2.396951e-01
-2.124030e-01
-1.843675e-01
-1.555678e-01
-1.259764e-01
-9.562489e-02
-6.450587e-02
-3.262279e-02
-6.850544e-01
-5.632447e-01
-4.503742e-01
-2.382032e+00
-8.368417e-01
-6.807479e-01
-3.210881e-02
-1.603434e+00
-1.635330e+00
-4.547271e-01
-1.330761e+00
-1.428899e+00
-3.872257e-01
-1.233224e+00
-1.282248e+00
-3.314462e-01
-1.153273e+00
-1.187275e+00
-1.089648e+00
-1.116968e+00
-1.037540e+00
-1.056272e+00
-1.002453e+00
-1.119896e+00
-3.771392e-01
-3.036984e-01
-9.915979e-01
-1.003794e+00
-9.515821e-01
-9.592089e-01
-9.146940e-01
-9.183959e-01
-1.667326e+00
-8.804164e-01
-8.813992e-01
-8.730359e-01
-1.060355e+00
-5.513820e-01
-8.495270e-01
-8.481225e-01
-8.766949e-01
-8.419967e-01
-3.114254e-01
-8.671175e-01
-8.314976e-01
-8.098011e-01
-7.984419e-01
-3.160019e-02
-3.256829e-01
-7.800470e-01
-7.676981e-01
-7.838483e-01
-7.525382e-01
-7.385986e-01
-7.228805e-01
-7.109958e-01
-6.944990e-01
-7.682702e-01
-6.844783e-01
-6.671598e-01
-6.588806e-01
-6.412505e-01
-6.481649e-01
-6.217874e-01
-6.275950e-01
-6.007210e-01
-5.975879e-01
-5.750231e-01
-5.772779e-01
-5.512866e-01
-6.952725e-01
-1.298927e+00
-2.272131e-01
-5.500256e-01
-5.263945e-01
-5.283457e-01
-5.030819e-01
-5.007124e-01
-4.772763e-01
-6.751547e-01
-2.827356e-02
-3.543588e-02
-5.056037e-01
-4.752075e-01
-4.512429e-01
-7.472103e-01
-4.496499e-01
-4.252312e-01
-1.558994e+00
-4.239756e-01
-3.992623e-01
-4.004899e-01
-4.486283e-01
-3.744733e-01
-3.751737e-01
-3.724854e-01
-5.934047e-01
-2.243480e-01
-1.404026e+00
-9.913785e-01
-3.493110e-01
-3.499919e-01
-6.509870e-01
-6.667152e-01
-6.439182e-01
-6.591735e-01
-3.626397e-02
-3.235688e-01
-3.246439e-01
-1.988682e-01
-1.116689e+00
-6.379697e-01
-6.530854e-01
-2.978347e-01
-2.986068e-01
-3.253931e-01
-2.960620e-01
-2.995625e-01
-3.239487e-01
-6.724462e-01
-6.663441e-01
-6.837262e-01
-3.000064e-01
-3.239741e-01
-2.870290e-02
-2.723264e-01
-6.333960e-01
-6.775018e-01
-6.927330e-01
-1.834234e+00
-1.412742e+00
-3.005045e-01
-2.749818e-01
-3.260670e-01
-6.863804e-01
-6.987736e-01
-3.513496e-01
-3.515960e-01
-3.768615e-01
-3.775418e-01
-4.010628e-01
-1.938225e-01
-2.878299e-02
-6.165228e-01
-6.134344e-01
-1.400251e-01
-2.756655e-01
-2.497095e-01
-4.017303e-01
-4.253393e-01
-6.929923e-01
-7.019998e-01
-6.730453e-01
-3.483646e-02
-5.946270e-01
-5.929540e-01
-2.503860e-01
-2.243662e-01
-1.517649e+00
-4.262267e-01
-4.497209e-01
-7.104174e-01
-7.100936e-01
-7.025805e-01
-7.067613e-01
-7.005077e-01
-7.005377e-01
-7.094197e-01
-6.990429e-01
-7.103053e-01
-6.956667e-01
-7.090086e-01
-6.897364e-01
-7.045232e-01
-6.809069e-01
-6.686549e-01
-6.555961e-01
-6.689583e-01
-6.394307e-01
-6.530714e-01
-6.196606e-01
-6.098217e-01
-5.868467e-01
-5.952724e-01
-5.603795e-01
-5.550954e-01
-5.270191e-01
-5.238580e-01
-4.948078e-01
-4.969920e-01
-4.629460e-01
-4.625370e-01
-4.318755e-01
-4.319015e-01
-4.003106e-01
-4.001842e-01
-3.690742e-01
-3.685475e-01
-3.374389e-01
-3.377499e-01
-3.061189e-01
-3.058600e-01
-3.373432e-01
-2.736078e-01
-2.730750e-01
-6.918058e-01
-3.057717e-01
-5.724761e-01
-5.727248e-01
-3.549047e-01
-5.499060e-01
-5.512087e-01
-5.266869e-01
-5.930434e-01
-2.250783e-01
-1.988652e-01
-1.979881e-01
-5.277494e-01
-5.021623e-01
-4.493305e-01
-4.735149e-01
-2.724905e-01
-2.407941e-01
-2.415937e-01
-4.724640e-01
-4.976649e-01
-4.977757e-01
-5.227581e-01
-5.216009e-01
-5.470431e-01
-5.484021e-01
-5.730964e-01
-5.738457e-01
-5.994929e-01
-5.983267e-01
-6.253229e-01
-6.237345e-01
-6.515623e-01
-6.524619e-01
-6.796441e-01
-6.790486e-01
-7.078714e-01
-7.077961e-01
-7.370830e-01
-7.368114e-01
-7.672965e-01
-7.659734e-01
-7.981123e-01
-7.979571e-01
-8.306796e-01
-8.293099e-01
-8.644022e-01
-8.634603e-01
-8.994052e-01
-9.011610e-01
-9.367955e-01
-9.345131e-01
-9.738823e-01
-9.752612e-01
-1.014463e+00
-9.697464e-01
-1.014432e+00
-1.055762e+00
-1.055052e+00
-1.098914e+00
-1.098291e+00
-1.143182e+00
-1.141899e+00
-1.189213e+00
-1.187852e+00
-1.236318e+00
-1.232310e+00
-1.187301e+00
-1.282041e+00
-1.274319e+00
-1.226621e+00
-1.012527e+00
-1.266040e+00
-1.313565e+00
-1.303401e+00
-1.350089e+00
-1.339114e+00
-4.227858e-01
-1.219625e+00
-2.509415e-01
-4.017038e-01
-7.262808e-01
-1.722455e-01
-1.712564e-01
-1.732995e-01
-1.136991e+00
-1.181232e+00
-1.127834e+00
-3.056730e-01
-5.040138e-01
-4.772929e-01
-1.290708e-01
-1.383673e+00
-1.397024e+00
-1.371460e+00
-1.168795e+00
-1.229094e+00
-1.113771e+00
-2.716177e-01
-2.085364e-01
-2.114222e-01
-1.050749e+00
-1.008243e+00
-1.044195e+00
-1.001319e+00
-9.679138e-01
-1.329557e+00
-7.359410e-01
-5.994758e-01
-5.734575e-01
-5.986119e-01
-3.403594e-01
-3.944385e-01
-2.810856e-01
-5.543410e-01
-7.015697e-01
-5.965142e-01
-6.208446e-01
-5.937753e-01
-6.167678e-01
-6.866096e-01
-4.035786e-01
-3.678558e-01
-3.366873e-01
-3.651956e-01
-3.351253e-01
-3.623301e-01
-3.927887e-01
-5.210204e-01
-1.216338e+00
-6.338327e-01
-7.736562e-01
-4.509898e-01
-1.604006e+00
-2.029185e+00
-6.542647e-01
-7.348986e-01
-7.629264e-01
-7.310654e-01
-7.571376e-01
-9.060761e-01
-8.921639e-01
-7.211881e-01
-4.645466e-01
-6.292616e-01
-7.337971e-01
-4.345258e-01
-3.071552e-01
-3.059244e-01
-2.786050e-01
-6.707547e-01
-7.086095e-01
-6.923911e-01
-3.883785e-01
-4.200792e-01
-3.012913e-02
-2.983395e-02
-4.024750e-01
-3.827763e-01
-3.442725e-02
-1.276501e-01
-1.213214e+00
-1.281299e+00
-5.513052e-01
-6.458300e-01
-2.258976e-01
-2.073235e-01
-9.290393e-01
-4.227866e-01
-5.213639e-01
-5.493142e-01
-5.201871e-01
-5.492621e-01
-5.209296e-01
-7.064958e-01
-7.333572e-01
-7.034072e-01
-8.211191e-01
-2.757473e-02
-2.513595e-01
-5.529275e-01
-6.989247e-01
-6.983859e-01
-6.992024e-01
-5.263981e-01
-7.364910e-01
-7.180492e-01
-7.460527e-01
-6.692422e-01
-6.901741e-01
-6.383695e-01
-6.504908e-01
-5.998916e-01
-1.360989e+00
-1.400745e+00
-8.199196e-01
-7.956946e-01
-9.344543e-01
-6.009638e-01
-4.901475e-01
-9.136731e-01
-4.795208e-01
-4.523573e-01
-9.624450e-01
-9.205328e-01
-1.468354e+00
-1.463661e-01
-1.475657e-01
-4.136605e-01
-7.004410e-01
-5.722020e-01
-1.428445e+00
-1.444606e+00
-7.248566e-01
-4.986558e-01
-4.916083e-01
-4.591839e-01
-9.342976e-01
-1.747616e-01
-1.731428e-01
-5.508002e-01
-5.771936e-01
-7.498323e-01
-7.833704e-01
-5.967476e-01
-7.252487e-01
-4.505983e-01
-4.249557e-01
-4.264043e-01
-3.984679e-01
-3.976728e-01
-3.706443e-01
-3.699830e-01
-3.429017e-01
-3.428571e-01
-3.148981e-01
-3.149497e-01
-2.867819e-01
-2.871249e-01
-2.586902e-01
-2.589318e-01
-2.306059e-01
-2.308567e-01
-2.294979e-01
-2.024882e-01
-2.029775e-01
-1.744428e-01
-1.742524e-01
-1.711034e-01
-2.860578e-01
-2.035074e-01
-1.749632e-01
-1.035162e+00
-3.054811e-01
-2.872161e-01
-7.276326e-01
-7.606722e-01
-1.260801e+00
-1.340002e+00
-1.351130e+00
-1.424933e+00
-1.428264e+00
-6.606777e-01
-2.698527e-01
-4.997274e-01
-7.928003e-01
-5.564966e-01
-5.585163e-01
-5.469851e-01
-7.503755e-01
-7.726907e-01
-5.067679e-01
-3.996770e-01
-3.587755e-01
-9.597690e-01
-9.287893e-01
-2.266155e-01
-1.390794e+00
-2.777480e-01
-2.505759e-01
-1.426793e-01
-6.991395e-01
-7.037254e-01
-6.981868e-01
-5.894120e-01
-6.118256e-01
-1.975033e-01
-1.704291e-01
-1.441124e-01
-1.430040e-01
-1.696629e-01
-1.424186e-01
-1.427446e+00
-5.999211e-01
-2.041988e-01
-1.506965e+00
-1.496045e+00
-1.320711e+00
-3.484797e-02
-1.069634e-01
-7.799319e-01
-7.811453e-01
-4.610147e-01
-3.528652e-01
-1.403410e-01
-1.418604e-01
-1.288051e+00
-8.010368e-01
-1.188839e+00
-2.515433e-01
-2.761036e-01
-5.678202e-01
-9.514793e-01
-9.093703e-01
-8.808895e-01
-1.411740e+00
-1.460562e+00
-5.798766e-01
-6.035060e-01
-3.377274e-01
-2.317728e-01
-7.049520e-01
-6.950237e-01
-1.418085e+00
-4.823151e-01
-5.711982e-01
-5.443541e-01
-6.305313e-01
-7.752236e-01
-7.212132e-01
-2.364478e-01
-1.417680e+00
-8.091865e-01
-6.602381e-01
-1.382614e+00
-1.385896e-01
-1.203247e-01
-1.217190e-01
-1.491033e-01
-1.232170e-01
-7.725378e-01
-7.216714e-01
-1.087042e+00
-1.069318e+00
-1.477227e+00
-4.478602e-01
-9.189196e-01
-7.687573e-01
-7.854525e-01
-6.337905e-01
-2.341448e-01
-2.003734e-01
-5.123727e-01
-4.953975e-01
-1.196033e+00
-7.006107e-01
-6.937279e-01
-7.070438e-01
-6.990988e-01
-1.701946e-01
-1.446470e-01
-8.700479e-01
-5.631664e-01
-5.425012e-01
-4.272532e-01
-4.290705e-01
-1.279857e+00
-1.246592e+00
-1.159616e-01
-4.954366e-01
-6.083358e-01
-6.290192e-01
-7.530738e-01
-7.499403e-01
-1.025514e+00
-1.058308e+00
-1.098569e+00
-8.068671e-02
-4.218193e-01
-2.759978e-01
-3.000484e-01
-2.508063e-01
-2.229924e-01
-2.216522e-01
-1.935543e-01
-1.958694e-01
-1.654681e-01
-1.633413e-01
-1.343072e-01
-1.319027e-01
-2.990642e-01
-1.506228e+00
-1.603360e+00
-2.773328e-01
-2.768859e-01
-5.243170e-01
-9.365489e-01
-2.998898e-01
-3.235162e-01
-1.504208e-01
-7.822402e-01
-7.986529e-01
-7.654167e-01
-1.508090e+00
-1.451898e+00
-1.462540e+00
-1.443527e+00
-1.181254e+00
-6.402056e-01
-6.558021e-01
-1.089124e+00
-5.869084e-01
-6.757819e-01
-5.110054e-01
-4.264610e-01
-2.271623e-01
-1.287231e+00
-5.713740e-01
-6.933405e-01
-7.156215e-01
-1.967333e-01
-1.607862e+00
-2.324718e-01
-8.204666e-01
-8.122623e-01
-7.775089e-01
-8.443894e-01
-1.984345e-01
-1.637900e-01
-2.382356e-01
-9.410405e-02
-8.901785e-01
-1.311029e+00
-8.791679e-01
-4.711218e-01
-4.831932e-01
-4.519710e-01
-4.469230e-01
-4.726544e-01
-7.039224e-01
-6.898531e-01
-6.831000e-01
-6.741813e-01
-6.823130e-01
-6.632792e-01
-6.571696e-01
-6.432420e-01
-6.389621e-01
-6.222561e-01
-6.275280e-01
-6.040038e-01
-6.098720e-01
-5.839519e-01
-3.009009e-01
-8.175453e-01
-2.938604e-02
-6.361529e-01
-6.542146e-01
-4.243453e-01
-3.965798e-01
-3.968913e-01
-8.234036e-01
-7.078985e-01
-6.950990e-01
-1.076219e-01
-1.077443e-01
-9.366483e-01
-9.795474e-01
-4.851230e-01
-9.490203e-01
-9.810836e-01
-1.615893e-01
-5.940299e-01
-5.698523e-01
-1.313085e+00
-1.611851e-01
-1.173734e+00
-9.494869e-01
-1.267200e-01
-9.712344e-02
-6.469213e-01
-5.383290e-01
-5.182196e-01
-1.238153e+00
-1.204380e+00
-6.202438e-01
-1.332442e+00
-4.537874e-01
-4.532705e-01
-1.480379e+00
-1.554066e+00
-1.088882e+00
-6.889724e-01
-4.353073e-01
-5.770674e-01
-6.284944e-01
-6.893104e-01
-4.282860e-01
-4.016985e-01
-3.718803e-01
-3.757671e-01
-3.434050e-01
-2.596658e-01
-1.956991e-01
-4.566515e-01
-4.884247e-01
-2.494751e-01
-1.190946e-01
-9.262967e-02
-9.113517e-02
-3.964816e-01
-7.028015e-01
-1.378159e-01
-1.053297e-01
-4.304410e-01
-7.163374e-01
-1.315045e-01
-6.283861e-02
-7.216466e-01
-5.216871e-01
-4.971670e-01
-4.944909e-01
-4.744594e-01
-1.883517e+00
-6.696521e-01
-6.639321e-01
-6.852132e-01
-7.607988e-01
-8.533484e-01
-1.763876e-01
-1.444280e-01
-3.230094e-01
-3.465824e-01
-3.473163e-01
-3.687208e-01
-3.687175e-01
-3.915518e-01
-3.696635e-01
-1.483286e+00
-4.184617e-01
-4.050946e-01
-5.575655e-01
-6.343682e-01
-6.255170e-01
-1.196480e+00
-8.324617e-01
-8.556237e-01
-1.496271e+00
-1.476174e+00
-4.742366e-01
-4.524444e-01
-3.959682e-01
-3.698474e-01
-2.512643e-01
-6.252415e-01
-9.978280e-01
-1.033799e+00
-8.010158e-01
-7.703979e-01
-3.876064e-01
-3.421698e-01
-3.133970e-01
-4.529665e-01
-1.532566e+00
-1.601077e+00
-1.570681e+00
-1.636608e+00
-2.591046e-01
-2.871881e-01
-6.540256e-01
-1.473929e+00
-8.431506e-01
-8.534310e-01
-6.802213e-01
-6.895163e-01
-2.022079e-01
-2.029742e-01
-6.007088e-01
-4.082008e-02
-1.422741e+00
-2.772346e-01
-3.014347e-01
-7.606332e-01
-1.253579e+00
-5.444608e-02
-8.684490e-01
-8.799426e-01
-7.334692e-01
-7.282637e-01
-1.679929e+00
-5.342694e-01
-5.424791e-01
-3.670317e-01
-5.462949e-01
-2.428812e-01
-4.321489e-01
-3.976184e-01
-2.753436e-01
-7.487867e-01
-7.443379e-01
-1.287040e-01
-9.884379e-02
-5.898405e-01
-6.719893e-01
-1.512289e+00
-7.480686e-01
-1.015760e+00
-6.783686e-01
-8.083900e-01
-6.477056e-01
-3.133381e-01
-2.832113e-01
-2.842439e-01
-2.537274e-01
-2.532597e-01
-2.237025e-01
-2.234696e-01
-1.934820e-01
-1.941009e-01
-1.630938e-01
-1.638058e-01
-1.333548e-01
-1.344090e-01
-1.321951e-01
-1.012054e-01
-1.014831e-01
-1.644083e-01
-1.352101e-01
-1.051737e-01
-1.063738e-01
-7.616713e-02
-2.535122e-01
-2.057841e-01
-1.723615e+00
-3.611000e-01
-2.154596e-01
-1.093905e-01
-1.005669e+00
-1.005664e+00
-7.182279e-01
-1.581987e-01
-7.888337e-01
-2.225950e-01
-2.233586e-01
-4.296935e-01
-4.312174e-01
-1.512779e+00
-6.720327e-01
-1.162333e+00
-1.169881e+00
-6.864685e-01
-6.655352e-01
-7.888155e-02
-1.093245e-01
-8.075900e-02
-6.233546e-01
-1.066128e+00
-1.092586e+00
-5.911607e-01
-7.342351e-02
-7.149969e-02
-8.362432e-01
-6.631717e-01
-8.172745e-01
-7.482011e-02
-7.873511e-01
-7.535032e-01
-7.320639e-01
-6.565254e-01
-6.358462e-01
-7.580437e-02
-9.159484e-01
-7.167867e-01
-8.536126e-01
-8.425892e-01
-5.337081e-01
-5.083060e-01
-4.820263e-01
-4.838032e-01
-4.579993e-01
-4.593979e-01
-4.336290e-01
-4.851251e-01
-4.322690e-01
-4.079962e-01
-4.609672e-01
-4.866810e-01
-6.464271e-01
-1.252429e-01
-8.930860e-02
-1.136447e+00
-1.139481e+00
-7.327501e-01
-1.351033e+00
-1.290787e+00
-4.093667e-01
-6.788508e-01
-7.440880e-01
-2.279541e-01
-6.224695e-01
-7.212401e-01
-6.990258e-02
-4.694234e-02
-7.379816e-01
-3.362187e-01
-9.668428e-02
-8.477658e-02
-7.203525e-01
-7.071647e-01
-6.233628e-02
-7.391115e-01
-4.270591e-01
-3.490834e-01
-1.044957e+00
-6.839034e-02
-8.771552e-01
-4.728152e-01
-4.985679e-01
-4.985135e-01
-5.214507e-01
-5.234548e-01
-5.458391e-01
-5.484937e-01
-5.700173e-01
-5.726209e-01
-5.915088e-01
-1.130560e+00
-4.251247e-01
-8.751973e-01
-8.913248e-01
-2.040151e-01
-1.789260e-01
-2.513965e-01
-2.603816e-01
-4.888992e-01
-5.224891e-01
-8.696765e-01
-1.583495e+00
-1.350191e+00
-5.129233e-01
-5.102639e-01
-6.377928e-01
-5.797017e-01
-9.654704e-02
-6.615555e-02
-4.471326e-01
-2.392041e-01
-9.601699e-01
-5.303152e-01
-2.512734e-01
-6.961022e-01
-8.248475e-01
-6.286573e-01
-6.094526e-01
-1.298126e-01
-4.841463e-01
-4.267800e-01
-5.641845e-01
-6.183347e-02
-8.936713e-02
-3.696801e-01
-3.428977e-01
-3.432145e-01
-3.966815e-01
-3.988787e-01
-4.197416e-01
-4.634627e-01
-4.892081e-01
-5.627809e-01
-5.166539e-01
-6.297401e-01
-1.115872e-01
-8.208701e-02
-1.113837e-01
-8.325837e-02
-1.127899e-01
-8.453938e-02
-1.146819e-01
-8.291530e-02
-5.319813e-02
-6.005803e-01
-3.221763e-02
-1.092769e+00
-6.766007e-01
-1.404567e+00
-8.160514e-01
-8.775131e-01
-7.426864e-02
-7.205065e-02
-5.953050e-02
-5.244853e-01
-8.181033e-01
-5.966412e-01
-7.456717e-01
-2.774616e-01
-2.252969e-01
-2.036102e-01
-5.318250e-01
-3.761695e-01
-3.262233e-01
-9.579417e-01
-1.461006e-01
-1.690034e+00
-1.815935e+00
-2.470470e-01
-3.617946e-01
-3.248738e-01
-2.875471e-01
-2.837440e-01
-1.213834e+00
-3.154364e-01
-3.832905e-01
-3.821651e-01
-3.646148e-01
-1.592082e-01
-1.230179e+00
-2.545226e-01
-7.129950e-01
-7.401457e-01
-7.915789e-01
-8.512013e-01
-9.596696e-01
-7.707066e-01
-3.146990e-01
-3.425781e-01
-3.947317e-01
-4.057693e-01
-7.173265e-01
-7.063359e-01
-5.116909e-02
-7.169585e-01
-3.859363e-01
-3.543692e-01
-3.727117e-01
-3.493612e-01
-3.661362e-01
-3.295435e-01
-3.981742e-01
-2.868581e-01
-3.156548e-01
-4.745822e-01
-6.824275e-02
-3.444656e-01
-1.096503e+00
-6.972438e-01
-5.482114e-01
-5.100274e-01
-5.733928e-01
-5.817768e-01
-3.039175e-01
-3.273152e-01
-3.279530e-01
-7.226514e-01
-7.170150e-01
-8.548462e-01
-8.802110e-01
-7.974725e-01
-7.729815e-01
-3.517013e-01
-1.818796e-01
-6.322911e-01
-7.708671e-01
-1.048697e+00
-1.078763e+00
-7.072402e-01
-3.025521e-01
-6.440737e-01
-3.027372e-02
-6.006266e-02
-6.247332e-02
-8.860220e-02
-9.077846e-01
-9.412416e-01
-8.949883e-01
-9.556211e-01
-1.272147e+00
-1.305859e+00
-1.344989e+00
-1.339552e+00
-1.377508e+00
-1.412677e+00
-1.440429e+00
-1.467150e+00
-1.465338e+00
-1.376419e+00
-1.440946e+00
-1.488787e+00
-1.473015e+00
-1.492881e+00
-1.352189e+00
-9.834992e-01
-1.412802e+00
-8.429391e-01
-1.262872e+00
-1.323322e+00
-3.873878e-02
-1.636274e+00
-1.588177e+00
-1.541873e+00
-1.568945e+00
-1.707877e+00
-2.991592e-02
-1.151653e+00
-3.265329e-01
-3.015240e-01
-1.612259e-01
-1.416041e-01
-1.492379e+00
-1.529035e+00
-6.399538e-01
-6.560284e-01
-1.051584e+00
-1.114782e+00
-1.132802e+00
-1.188147e+00
-1.276994e+00
-1.005541e+00
-1.011361e+00
-3.441669e-02
-6.487540e-02
-5.485229e-01
-5.716011e-01
-4.993581e-01
-4.734207e-01
-5.918905e-01
-5.609521e-01
-5.226121e-01
-5.333280e-01
-5.085225e-01
-4.746493e-01
-5.966564e-01
-9.382602e-01
-2.762354e-01
-6.693907e-01
-6.807505e-01
-6.903756e-01
-7.169468e-01
-7.057310e-01
-6.501341e-01
-7.424265e-01
-7.032082e-01
-9.744436e-01
-6.957245e-01
-5.086380e-01
-2.744289e-01
-4.490819e-01
-7.188005e-01
-3.558918e-01
-3.929570e-01
-4.471538e-01
-4.968120e-01
-2.979963e-01
-7.071377e-01
-5.225831e-01
-5.572748e-01
-2.675430e-02
-7.952507e-01
-4.859761e-01
-1.973094e-01
-4.722730e-01
-4.638469e-01
-6.951207e-01
-6.569748e-01
-6.258861e-01
-5.604881e-01
-5.667321e-01
-5.370480e-01
-5.041440e-01
-4.908729e-01
-4.707512e-01
-4.334499e-01
-9.952371e-01
-3.649427e-02
-3.620181e-02
-7.152405e-02
-7.183478e-02
-6.065820e-01
-1.036292e+00
-3.454183e-01
-8.884471e-02
-6.752107e-01
-9.286229e-01
-1.109775e-01
-2.588499e-01
-4.899595e-02
-3.063570e-01
-8.286436e-01
-7.958161e-01
-2.515655e-01
-1.748025e-01
-4.587788e-01
-4.283160e-01
-3.947309e-01
-3.960452e-01
-1.579775e+00
-2.058828e-01
-3.011490e-01
-1.938100e-01
-1.962755e-01
-5.271854e-01
-4.235334e-01
-6.011494e-01
-4.356034e-01
-4.358008e-01
-5.261517e-01
-6.234462e-01
-1.290117e+00
-3.789348e-01
-3.602210e-01
-6.107357e-01
-3.492174e-01
-9.150384e-01
-5.785457e-01
-4.279499e-01
-8.957494e-02
-1.054150e+00
-1.434118e-01
-1.242186e-01
-1.625729e-01
-1.816935e-01
-2.153879e-01
-2.351665e-01
-2.724860e-01
-4.181792e-01
-3.971578e-01
-6.580429e-01
-1.680307e-01
-1.387872e-01
-1.165612e+00
-8.043656e-01
-6.257955e-01
-6.520093e-01
-6.471951e-01
-2.736830e-01
-1.743086e+00
-2.465936e-01
-3.467390e-02
-1.635980e+00
-6.620750e-01
-1.579997e+00
-8.186211e-01
-1.730202e+00
-6.170513e-01
-4.903100e-01
-2.096203e+00
-6.885335e-01
-5.364802e-01
-4.271120e-01
-5.947591e-01
-1.998920e-01
-8.673955e-01
-6.840896e-01
-7.644061e-01
-7.935428e-01
-3.374549e-01
-3.370393e-01
-5.758480e-01
-2.759826e-01
-3.988155e-01
-1.041830e+00
-3.132171e-01
-1.023139e-01
-3.066109e-01
-9.351306e-02
-7.354988e-01
-4.796276e-01
-3.490584e-02
-3.329613e-01
-1.776834e-01
-9.927623e-01
-8.541447e-01
-3.422959e-01
-1.675827e-01
-7.357612e-01
-7.092409e-01
-2.311787e-01
-7.419526e-01
-6.885354e-01
-5.710831e-01
-5.804007e-01
-5.248154e-01
-2.745946e-01
-3.710135e-01
-1.290066e+00
-3.686060e-01
-1.380367e+00
-1.967660e-01
-3.101090e-02
-6.084146e-02
-3.245232e-01
-1.749298e-01
-4.215013e-01
-1.055741e-01
-1.453233e-01
-8.897206e-01
-4.543216e-01
-3.381581e-02
-2.012707e-01
-5.759989e-01
-9.484547e-01
-6.500148e-01
-2.244754e-01
-6.484314e-01
-3.428870e-01
-5.497256e-01
-1.915803e-01
-5.302391e-01
-7.519381e-01
-2.235402e-01
-2.237648e-01
-6.792617e-01
-5.506973e-01
-2.400464e-01
-9.198335e-02
-6.220009e-01
-3.976991e-01
-4.741646e-01
-5.130437e-02
-6.958204e-01
-4.560397e-01
-6.788622e-01
-9.441550e-01
-8.716204e-01
-6.165969e-01
-6.353663e-01
-1.438635e+00
-7.664301e-01
-7.003628e-01
-7.902452e-01
-1.361573e+00
-5.237435e-01
-5.566005e-01
-6.120893e-01
-1.237830e+00
-2.837339e-01
-1.521923e+00
-7.126264e-01
-4.643256e-01
-1.405709e+00
-1.142429e+00
-1.529123e-01
-7.490766e-01
-8.177256e-01
-1.151954e+00
-1.095025e+00
-4.924593e-01
-3.069438e-01
-8.146225e-01
-1.024330e-01
-6.995150e-01
-7.048811e-01
-6.161994e-01
-1.258916e+00
-6.971037e-01
-8.945303e-01
-1.039442e+00
-5.565450e-01
-3.150329e-01
-8.448826e-01
-9.738455e-01
-1.184984e+00
-1.295455e+00
-3.042346e-02
-6.500172e-01
-2.564557e-01
-7.523657e-01
-6.294452e-01
-3.707007e-01
-3.139666e-01
-3.959978e-01
-1.175497e-01
-4.561293e-01
-4.608258e-01
-5.946777e-01
-4.483269e-01
-7.351795e-01
-2.882735e-01
-5.198394e-01
-2.249491e-01
-6.622877e-01
-8.959682e-01
-4.169105e-01
-2.387271e-01
-8.758861e-02
-5.460081e-01
-1.162649e-01
-3.205949e-01
-6.825283e-01
-6.773886e-01
-3.368418e-02
-1.410307e+00
-1.489108e+00
-6.689027e-01
-9.334402e-01
-8.045432e-01
-2.758716e-01
-1.990508e-01
-2.697856e-01
-4.605248e-01
-2.032703e-01
-4.060412e-01
-6.610954e-01
-1.050640e-01
-1.084212e+00
-1.510821e+00
-1.645830e-01
-1.236225e+00
-7.263921e-01
-4.299863e-01
-1.541831e+00
-4.303818e-01
-6.593708e-01
-1.674765e-01
-7.067599e-01
-6.779448e-01
-6.580023e-02
-7.307529e-01
-1.508638e+00
-3.661208e-02
-3.221967e-01
-5.218884e-01
-7.193032e-01
-5.700121e-01
-1.759102e-01
-5.823982e-02
-7.450588e-01
-7.089198e-02
-1.710545e-01
-5.626524e-01
-7.358562e-01
-1.210049e+00
-6.034864e-01
-1.132473e-01
-6.932957e-01
-1.114000e+00
-4.049876e-01
-7.948423e-01
-7.235662e-01
-6.865554e-01
-1.427650e-01
-6.879448e-02
-7.680083e-01
-1.454135e+00
-1.500146e+00
-1.288113e-01
-1.371638e+00
-2.489990e-01
-3.758372e-01
-7.872970e-01
-1.608639e+00
-1.049577e+00
-8.596972e-01
-1.172456e+00
-6.899643e-01
-2.489770e-01
-4.977993e-01
-9.663287e-01
-4.739657e-01
-1.527847e+00
-9.532806e-02
-1.528056e+00
-7.617679e-01
-6.665020e-01
-1.481689e-01
-1.746029e-01
-4.334905e-01
-6.502657e-01
-5.734689e-01
-6.602974e-01
-8.254827e-01
-1.761167e+00
-1.511858e+00
-6.402143e-01
-8.718991e-01
-6.002209e-01
-4.980045e-01
-3.464292e-01
-2.482578e-01
-7.263151e-01
-1.232843e+00
-3.765504e-01
-1.985437e-01
-6.814512e-01
-4.947276e-01
-7.631404e-01
-1.494845e+00
-4.894829e-01
-5.357733e-02
-6.180279e-01
-6.180254e-01
-6.697700e-01
-1.921268e+00
-1.119499e+00
-1.169819e-01
-6.239350e-01
-3.229816e-01
-3.984098e-01
-1.129351e+00
-2.448780e-01
-9.814539e-02
-1.337807e+00
-5.156601e-01
-1.029969e+00
-1.490639e+00
-1.410776e-01
-3.663630e-01
-1.077304e+00
-8.370435e-01
-1.365664e-01
-2.552095e-01
-9.014950e-01
-1.477510e+00
-8.662083e-01
-1.545798e+00
-2.303238e-02
-6.700475e-01
-9.056190e-01
-2.244864e-01
-1.078339e+00
-7.137837e-01
-6.813571e-01
-4.444479e-01
-5.397729e-01
-8.316785e-01
-2.515219e-01
-5.933990e-01
-6.817644e-01
-4.093104e-01
-5.855505e-01
-1.159126e+00
-8.199795e-01
-8.200805e-01
-1.759750e-01
-2.032966e-01
-3.678933e-01
-3.830758e-01
-1.894767e+00
-2.276980e-01
-9.508867e-01
-4.711978e-01
-6.207225e-01
-6.784811e-01
-1.583385e-01
-7.039055e-01
-6.678286e-01
-5.934775e-02
-3.893287e-01
-6.129699e-01
-6.434167e-02
-6.435156e-01
-2.811796e-01
-6.550107e-01
-3.667429e-01
-4.458452e-01
-3.673854e-01
-2.188469e-01
-5.164324e-01
-1.191903e+00
-2.746758e-01
-9.860980e-01
-1.254345e+00
-7.469855e-01
-1.126308e+00
-1.567778e+00
-7.311273e-01
-7.364114e-01
-2.185970e-02
-4.636780e-01
-9.102933e-01
-5.863038e-01
-1.014567e-01
-7.873766e-01
-4.514820e-01
-4.286894e-01
-4.076742e-01
-3.663518e-01
-2.650303e-01
-1.930767e-01
-7.797119e-01
-3.440662e-01
-7.123179e-01
-1.367912e+00
-5.653534e-01
-3.647434e-01
-6.398258e-01
-7.511962e-01
-5.807767e-02
-9.590705e-01
-7.454013e-01
-3.290031e-01
-9.116762e-02
-4.228137e-01
-1.889610e-01
-8.477260e-01
-1.443465e+00
-1.094865e+00
-7.140737e-01
-3.845708e-01
-6.124923e-01
-6.281367e-01
-2.362702e-02
-4.788578e-02
-2.742514e-02
-6.711642e-01
-2.576386e-02
-1.893643e-01
-6.692294e-02
-2.568043e-01
-2.338959e-02
-3.757116e-01
-3.103656e-02
-6.442201e-01
-3.875184e-01
-2.883227e-01
-4.121164e-01
-4.557915e-01
-4.297964e-01
-6.513614e-01
-5.800170e-01
-6.068619e-01
-7.034815e-01
-1.511409e+00
-1.263312e-01
-1.004138e+00
-5.958722e-01
-7.735182e-01
-5.508150e-01
-1.133997e+00
-6.390420e-01
-4.141223e-01
-1.120436e-01
-1.071058e+00
-2.245529e-02
-3.938158e-01
-4.886775e-02
-1.534534e-01
-3.916102e-01
-3.492760e-01
-6.263747e-01
-7.024409e-01
-6.585916e-02
-5.497483e-01
-3.857299e-01
-7.214608e-01
-5.692889e-01
-9.169003e-01
-2.440264e-01
-5.298735e-01
-1.103343e+00
-6.134154e-01
-3.365097e-01
-7.655479e-01
-9.108778e-01
-1.595970e+00
-5.865295e-01
-1.545835e+00
-1.378679e+00
-1.245934e-01
-1.017020e+00
-4.752335e-01
-1.512321e+00
-9.788476e-01
-4.300882e-01
-5.019333e-02
-5.290489e-01
-4.372189e-01
-5.287768e-01
-5.888930e-01
-4.021035e-01
-5.632718e-01
-1.445935e+00
-6.104733e-01
-5.160284e-01
-6.943297e-02
-6.086109e-02
-1.620601e+00
-8.377963e-01
-5.755237e-02
-1.976437e-01
-1.632575e-01
-6.585788e-02
-5.489812e-01
-5.067177e-01
-1.109478e+00
-2.961315e-01
-8.634663e-01
-5.491507e-01
-2.194300e-01
-3.426120e-01
-1.207198e+00
-8.814032e-01
-9.068853e-01
-3.819174e-01
-5.410309e-01
-7.583175e-01
-1.475686e+00
