-1.639208e+00
-1.552891e+00
3.144220e-04
-3.422828e-04
-4.050964e-04
-1.707522e+00
-1.703022e+00
-1.712304e+00
-1.732195e+00
-1.758964e+00
-1.791545e+00
-1.823029e+00
-1.847178e+00
-1.869118e+00
-1.884198e+00
-1.925199e+00
-1.989851e+00
-2.370202e+00
-2.532240e+00
-2.037453e+00
-2.677634e+00
-2.121235e+00
-2.891142e+00
5.432640e-02
-2.466532e-01
-1.596534e-01
-1.363938e-01
-1.115512e-01
-8.961876e-02
-6.904234e-02
-5.014344e-02
-3.422038e-02
-2.047729e-02
-9.483198e-03
-1.085034e-03
5.036095e-03
9.289119e-03
1.179877e-02
1.264667e-02
1.202745e-02
1.023166e-02
7.433104e-03
3.930877e-03
-1.536960e-04
3.631792e-04
-9.417455e-03
3.152270e-02
-5.936525e-01
6.820085e-01
-4.664034e-02
5.293460e-02
-1.995665e-01
-3.695501e-02
2.787613e-03
-1.537828e-03
1.804162e-04
-2.129869e-05
-5.744607e-02
-1.144427e-01
-1.713499e-01
-2.278918e-01
-2.837168e-01
-3.387710e-01
-3.927358e-01
-4.454227e-01
-4.966338e-01
-5.452791e-01
-5.889150e-01
-6.231842e-01
-6.477161e-01
-6.652826e-01
-6.773810e-01
-6.850782e-01
-6.890173e-01
-6.896653e-01
-6.874061e-01
-6.827125e-01
-6.752895e-01
-6.656121e-01
-6.533298e-01
-6.387460e-01
-6.219176e-01
-6.025245e-01
-5.811541e-01
-5.579030e-01
-5.331429e-01
-5.069288e-01
-4.795324e-01
-4.518861e-01
-4.238528e-01
-3.959716e-01
-3.687226e-01
-3.412646e-01
-3.119718e-01
-2.806021e-01
-2.465882e-01
-2.098242e-01
-1.706105e-01
-1.296678e-01
-8.730271e-02
-4.417915e-02
3.877510e-04
1.364039e-04
-9.465028e-05
-3.453275e-05
-4.186103e-05
-3.189617e-04
3.319005e-03
-1.317436e-02
7.071934e-02
2.036995e-01
-8.599750e-02
7.294456e-03
-7.098129e-03
9.649065e-03
-5.747387e-02
3.489549e-01
1.123555e-01
-1.517058e-02
3.249644e-03
9.810498e-05
-3.691972e-05
8.883277e-05
-1.580791e-04
-1.688484e+00
-1.665656e+00
-1.629525e+00
-1.589843e+00
-1.534844e+00
-1.472596e+00
-1.416458e+00
-1.343525e+00
-1.306088e+00
-1.244317e+00
-1.156411e+00
-1.149614e+00
-1.080132e+00
-9.904552e-01
-1.010012e+00
-7.244655e-01
-8.897867e-01
-9.709878e-01
-1.132152e+00
-8.134224e-01
-8.255224e-01
-8.646201e-01
-8.281981e-01
-7.862089e-01
-7.467600e-01
-7.058831e-01
-6.833602e-01
-6.490427e-01
-6.264017e-01
-6.014989e-01
-5.812759e-01
-5.583395e-01
-5.368346e-01
-5.133178e-01
-4.874633e-01
-4.590662e-01
-4.280948e-01
-3.959682e-01
-3.634305e-01
-3.308098e-01
-2.981805e-01
-2.655856e-01
-2.328582e-01
-2.005374e-01
-1.678158e-01
-1.348378e-01
-1.017652e-01
-6.840646e-02
-3.441850e-02
-8.701498e-01
-7.127890e-01
-5.605342e-01
-1.999869e+00
-1.055615e+00
-6.636365e-01
-1.293386e-03
-1.365435e+00
-1.435661e+00
-6.020601e-01
-1.192682e+00
-1.273794e+00
-2.270993e-01
-1.118662e+00
-1.168682e+00
-3.976922e-01
-1.050769e+00
-1.091896e+00
-9.828545e-01
-1.029080e+00
-9.132427e-01
-9.625321e-01
-8.507263e-01
-1.188446e+00
-9.481381e-02
-2.387085e-02
-8.417750e-01
-8.874563e-01
-7.785637e-01
-8.139099e-01
-7.201228e-01
-7.429315e-01
-1.894646e+00
-6.636157e-01
-6.782107e-01
-6.476732e-01
-9.905345e-01
-4.243820e-01
-6.108762e-01
-6.213828e-01
-6.952979e-01
-6.348344e-01
-4.497111e-01
-7.146033e-01
-6.512762e-01
-5.828686e-01
-5.974218e-01
-3.572698e-02
-2.851724e-01
-5.390210e-01
-5.502064e-01
-6.140803e-01
-5.645232e-01
-5.087762e-01
-5.207113e-01
-4.724791e-01
-4.820197e-01
-6.304311e-01
-4.401238e-01
-4.467657e-01
-4.111339e-01
-4.154980e-01
-4.569876e-01
-4.238226e-01
-4.645375e-01
-4.291012e-01
-3.936304e-01
-3.976250e-01
-4.330219e-01
-3.968126e-01
-5.289348e-01
-1.412113e+00
-2.637527e-01
-3.679692e-01
-3.668245e-01
-3.966344e-01
-3.649270e-01
-3.373155e-01
-3.336414e-01
-4.101642e-01
-1.219260e-01
3.758183e-02
-3.973521e-01
-3.092529e-01
-3.027655e-01
-6.130309e-01
-2.826828e-01
-2.738376e-01
-1.813947e+00
-2.701163e-01
-2.664201e-01
-2.622453e-01
-2.761083e-01
-2.491656e-01
-2.491205e-01
-3.585430e-01
-6.616008e-01
-1.359829e-03
-1.289030e+00
-1.090625e+00
-3.225912e-01
-1.986831e-01
-3.862457e-01
-3.859765e-01
-3.665767e-01
-3.669173e-01
3.141240e-01
-2.970620e-01
-3.015264e-01
-2.979759e-01
-1.041905e+00
-3.522767e-01
-3.536173e-01
-2.289105e-01
-1.059856e-01
-3.234326e-01
-1.798737e-01
-2.296448e-01
-3.245478e-01
-3.653411e-01
-3.537396e-01
-3.627360e-01
-3.240913e-01
-3.656530e-01
-3.488936e-02
-7.059579e-02
-3.438039e-01
-3.528927e-01
-3.591046e-01
-1.823124e+00
-1.577690e+00
-3.564805e-01
-3.145299e-01
-3.960546e-01
-3.516205e-01
-3.546047e-01
-4.192697e-01
-4.317035e-01
-4.580020e-01
-4.694164e-01
-4.963403e-01
-1.824559e-01
-4.057230e-02
-3.396507e-01
-3.362659e-01
-1.576233e-01
-3.328393e-01
-2.948634e-01
-5.061212e-01
-5.313606e-01
-3.505349e-01
-3.500405e-01
-3.516241e-01
1.608284e-03
-3.289883e-01
-3.316101e-01
-3.050749e-01
-2.696213e-01
-1.731989e+00
-5.403370e-01
-5.625035e-01
-3.605401e-01
-3.529660e-01
-3.459519e-01
-3.456739e-01
-3.429398e-01
-3.391588e-01
-3.497005e-01
-3.404855e-01
-3.596700e-01
-3.492573e-01
-3.858213e-01
-3.774990e-01
-4.233651e-01
-4.137571e-01
-3.717396e-01
-4.063267e-01
-4.347716e-01
-4.247787e-01
-4.488766e-01
-4.373572e-01
-4.171512e-01
-4.279197e-01
-4.379353e-01
-4.317142e-01
-4.226519e-01
-4.247922e-01
-4.210261e-01
-4.195012e-01
-4.242354e-01
-4.316281e-01
-4.225437e-01
-4.251628e-01
-3.494672e-01
-3.667984e-01
-4.256101e-01
-3.815122e-01
2.295708e-01
2.067063e-01
-4.704514e-01
2.488003e-01
-4.560855e-01
1.694311e-01
1.267596e-01
-4.828515e-01
-3.341215e-01
-3.554715e-01
-3.198451e-01
-3.310365e-01
-4.452024e-01
-3.180179e-01
-3.633964e-01
-3.457310e-01
-3.435627e-01
-2.759292e-01
-2.411794e-01
-2.331698e-01
-3.930264e-01
-3.674346e-01
-5.710656e-01
-5.926603e-01
-5.187894e-01
-5.988612e-02
2.273962e-01
-6.006311e-01
-6.227041e-01
-6.101885e-01
-6.419365e-01
-6.523859e-01
-6.722609e-01
-6.603629e-01
-6.907143e-01
-6.764442e-01
-7.076274e-01
-7.217218e-01
-7.392023e-01
-7.531124e-01
-7.713953e-01
-7.553061e-01
-7.882831e-01
-8.045392e-01
-8.221761e-01
-8.038723e-01
-8.386439e-01
-8.566762e-01
-8.744156e-01
-8.917609e-01
-9.109888e-01
-8.913577e-01
-9.296743e-01
-9.485443e-01
-9.692980e-01
-9.483504e-01
-9.902225e-01
-1.010827e+00
-1.033956e+00
-1.011015e+00
-1.057205e+00
-1.079266e+00
-1.105527e+00
-1.031939e+00
-1.125753e+00
-1.155304e+00
-1.174290e+00
-1.207236e+00
-1.186720e+00
-1.241639e+00
-1.219834e+00
-1.278789e+00
-1.298121e+00
-1.339357e+00
-1.353655e+00
-1.255424e+00
-1.398814e+00
-1.412692e+00
-1.368861e+00
-1.142851e+00
-1.388752e+00
-1.419168e+00
-1.507518e+00
-1.595407e+00
-1.520379e+00
-5.435438e-01
-1.355190e+00
-3.108421e-01
-4.859847e-01
-3.940730e-01
-2.059627e-01
-1.968176e-01
-2.115931e-01
-1.193557e+00
-1.226359e+00
-1.162557e+00
-6.079298e-01
-4.128180e-01
-3.841298e-01
5.162208e-03
-1.551243e+00
-1.708657e+00
-1.556277e+00
-1.190339e+00
-1.261705e+00
-1.127815e+00
-2.550579e-01
1.619783e-01
1.969437e-01
-1.188400e+00
-1.156156e+00
-1.198285e+00
-1.165462e+00
-1.125798e+00
-1.500520e+00
-8.182154e-01
-6.904733e-01
-6.585426e-01
-6.696687e-01
-4.593613e-02
-1.493851e-01
-3.295332e-01
-3.085033e-01
-3.741926e-01
-7.335577e-01
-7.642473e-01
-7.426902e-01
-7.723018e-01
-4.644868e-01
-5.012070e-01
1.495966e-01
1.408484e-01
1.195601e-01
8.315875e-02
4.987809e-02
8.846250e-02
-6.558573e-01
-1.301425e+00
-8.038034e-01
-9.831811e-01
-5.523851e-01
-1.863263e+00
-1.963023e+00
-5.017982e-01
-8.721614e-01
-9.065479e-01
-8.844763e-01
-9.172469e-01
-7.885215e-01
-8.057436e-01
-6.512127e-01
-3.722507e-01
-4.765434e-01
-5.723331e-01
-4.515522e-01
1.102034e-01
2.961071e-02
6.228394e-02
-4.728955e-01
-4.955378e-01
-5.031678e-01
9.679063e-03
5.589128e-02
-4.924908e-02
-3.819913e-02
-2.792400e-01
-5.382852e-01
-3.714801e-02
-1.923886e-01
-1.220306e+00
-1.298898e+00
-4.091822e-01
-3.664954e-01
-2.807371e-01
-4.687149e-01
-9.849628e-01
-3.385481e-01
-4.079589e-01
-3.914741e-01
-3.869622e-01
-3.201217e-01
-3.038673e-01
-7.835838e-01
-7.948863e-01
-7.591083e-01
-5.627114e-01
-3.320820e-02
-3.148332e-01
-4.150727e-01
-3.505263e-01
-3.526633e-01
-3.704559e-01
-6.411328e-01
-5.343031e-01
-5.404779e-01
-5.219665e-01
-5.014739e-01
-5.363919e-01
-5.313775e-01
-5.228725e-01
-1.434544e-01
-1.529342e+00
-1.581349e+00
-5.530555e-01
-5.111485e-01
-7.449808e-01
-8.728988e-02
-3.721291e-01
-1.236481e+00
-4.816572e-01
-4.106785e-01
-1.003378e+00
-9.557510e-01
-1.651171e+00
-1.768753e-01
-1.810363e-01
-3.541069e-02
-3.809743e-01
-6.324140e-01
-1.580550e+00
-1.713776e+00
-8.928108e-01
-3.140921e-01
-2.915645e-01
-3.341318e-01
-8.728642e-01
1.873278e-01
-3.750889e-01
-3.080032e-01
-3.072974e-01
-9.242450e-01
-9.501907e-01
-6.237521e-01
-4.671126e-01
-3.574121e-01
-3.633097e-01
-4.954980e-01
-4.265961e-01
-3.260306e-01
-3.385617e-01
-3.194428e-01
-2.561386e-01
-4.223552e-01
-3.779985e-01
-3.691744e-01
-3.119268e-01
-4.592249e-01
-2.677678e-01
-1.039943e-01
-2.807344e-01
-3.508319e-02
-2.835511e-01
-2.839416e-01
-2.185248e-02
-7.858761e-02
-5.341970e-02
-2.138387e-01
-3.652815e-01
-3.279529e-02
-2.820498e-02
-1.204883e+00
-2.331143e-01
1.954822e-01
-7.657740e-01
-8.021914e-01
-1.250838e+00
-1.338503e+00
-1.382957e+00
-1.436500e+00
-1.476514e+00
-2.014341e-01
-2.177370e-01
-3.280736e-01
-5.007078e-01
-7.298049e-02
1.313456e-02
-1.447129e-01
-5.889961e-01
-4.658018e-01
-5.447537e-01
-5.060737e-01
-4.003963e-02
-1.133631e+00
-1.096852e+00
-2.833305e-01
-1.564946e+00
-1.418765e-02
1.077271e-02
-8.394018e-02
-7.261290e-01
-4.078430e-01
-3.924157e-01
-7.479809e-01
-7.774329e-01
-2.195476e-01
-1.750722e-01
-1.599983e-01
-1.503849e-01
-1.814776e-01
-8.472132e-02
-1.619660e+00
-3.345644e-01
-4.566485e-02
-1.539351e+00
-1.567507e+00
-1.477836e+00
-5.019254e-02
-1.050350e-01
-5.677056e-01
-5.485677e-01
-2.882072e-01
-2.762709e-01
2.499035e-02
1.560185e-01
-1.455505e+00
-6.900279e-01
-1.173386e+00
-3.159148e-01
-3.482924e-01
-7.201061e-01
-9.712900e-01
-9.234128e-01
-9.110791e-01
-1.447522e+00
-1.568996e+00
-3.339986e-01
-3.279930e-01
-4.326935e-01
-5.354708e-02
-4.638975e-01
-4.208039e-01
-1.599116e+00
-5.670805e-01
-5.620899e-01
-5.827444e-01
-3.426723e-01
-9.556900e-01
-3.699599e-01
-1.503486e-01
-1.497633e+00
-9.823766e-01
-3.314620e-01
-1.545088e+00
-3.731991e-01
-1.464060e-01
-1.497009e-01
-1.842334e-01
-1.515889e-01
-4.767240e-01
-7.205466e-01
-1.248116e+00
-1.240682e+00
-1.661326e+00
-3.028852e-01
-1.100825e+00
-4.541674e-01
-4.914249e-01
-5.056326e-01
-1.995405e-01
-1.707470e-01
-8.386926e-02
-1.960786e-01
-1.117409e+00
-8.619088e-01
-8.672827e-01
-4.370799e-01
-3.939147e-01
-4.265886e-02
-5.548689e-02
-8.777222e-01
-7.221680e-01
-6.957451e-01
-2.916650e-01
-2.917572e-01
-1.427338e+00
-1.408021e+00
-1.314899e-01
-3.217454e-01
-3.677048e-01
-3.549168e-01
-4.378711e-01
-4.475699e-01
-1.217114e+00
-1.320692e+00
-1.361745e+00
-9.051579e-02
-3.022036e-01
-3.478565e-01
-3.808385e-01
-2.343207e-02
-1.122266e-02
3.529365e-02
2.750962e-03
-1.197858e-02
-6.339567e-03
1.799456e-02
1.501663e-04
2.975447e-02
-2.345498e-01
-1.495332e+00
-1.618163e+00
1.250057e-01
-3.461692e-02
-2.626654e-01
-1.089074e+00
-3.789354e-01
-4.127746e-01
-1.850053e-01
-7.070639e-01
-9.847079e-01
-9.565854e-01
-1.696250e+00
-1.649088e+00
-1.669604e+00
-1.629777e+00
-1.328366e+00
-3.237681e-01
-3.216560e-01
-1.135251e+00
-3.848897e-01
-7.233261e-01
-5.846446e-01
-4.232780e-01
-2.827336e-01
-1.383895e+00
-4.362964e-01
-6.613604e-01
-6.483078e-01
-8.507309e-02
-1.566031e+00
-6.351830e-02
-6.014667e-01
-5.750278e-01
-5.247462e-01
-8.690419e-01
-1.700632e-01
-1.460587e-01
-2.036553e-01
-1.156341e-01
-1.067005e+00
-1.278649e+00
-1.069732e+00
-1.324400e-01
-3.665292e-02
-2.046954e-01
-2.939467e-01
-2.921101e-01
-5.581028e-01
-5.048655e-01
-3.984396e-01
-4.444118e-01
-5.945578e-01
-5.534938e-01
-4.066899e-01
-4.902572e-01
-3.863932e-01
-4.364779e-01
-5.845274e-01
-5.301716e-01
-6.151334e-01
-5.943651e-01
-3.797791e-01
-9.752132e-01
4.304555e-04
-4.124537e-01
-3.979916e-01
9.542375e-02
-2.696368e-01
-2.940628e-01
-6.232911e-01
-4.770597e-01
-4.149839e-01
4.470529e-03
2.028910e-01
-9.361224e-01
-9.854787e-01
-5.809902e-01
-8.659790e-01
-9.356859e-01
-1.428089e-01
-5.490852e-01
-5.060102e-01
-1.457709e+00
7.529017e-02
-1.320249e+00
-1.135859e+00
-1.128255e-01
-1.183884e-01
-7.963673e-01
-6.947598e-01
-6.697430e-01
-1.378053e+00
-1.355792e+00
-6.077148e-01
-1.447904e+00
6.223420e-02
-3.286623e-01
-1.587369e+00
-1.651364e+00
-1.229155e+00
-3.655597e-01
-1.586413e-01
-3.931232e-01
-3.649754e-01
-4.092357e-01
-5.330012e-01
-5.131451e-01
-4.767481e-01
-4.962210e-01
-4.519280e-01
-1.317731e-01
-8.468640e-02
1.508065e-01
1.102025e-01
-2.766445e-01
-1.421411e-01
-1.118141e-01
-1.064396e-01
-2.285562e-01
-5.326013e-01
-4.889227e-03
-2.640938e-03
-5.442785e-01
-5.840546e-01
-1.127178e-01
-7.499947e-02
-3.793635e-01
-6.690875e-01
-6.433811e-01
-6.413740e-01
-6.167478e-01
-1.698384e+00
-8.371074e-01
-8.402746e-01
-8.676239e-01
-4.433834e-01
-8.989004e-01
-2.605628e-02
-2.742260e-02
-4.089016e-01
-4.442197e-01
-4.454331e-01
-4.757831e-01
-4.743351e-01
-5.081386e-01
-4.747200e-01
-1.697232e+00
-1.694334e-01
-1.407477e-01
-7.186481e-01
-6.243210e-01
-4.610186e-01
-1.331208e+00
-8.324590e-01
-8.372446e-01
-1.723343e+00
-1.696160e+00
-6.145464e-01
-5.891503e-01
-3.225682e-01
-2.748684e-01
-2.387914e-02
-7.032223e-01
-9.377358e-01
-9.976886e-01
-5.442143e-01
-4.950636e-01
-4.989987e-01
-4.636034e-01
-4.226625e-01
-5.881038e-01
-1.628355e+00
-1.678435e+00
-1.984451e+00
-1.723766e+00
-7.475909e-02
-1.785173e-01
-3.709663e-01
-1.415874e+00
-1.007648e+00
-9.999326e-01
-3.762284e-01
-4.482021e-01
-2.513772e-01
-2.489773e-01
-3.091021e-01
-3.962151e-02
-1.544912e+00
-3.072590e-02
-4.575570e-02
-8.106016e-01
-1.425517e+00
-8.353592e-02
-6.657103e-01
-6.972625e-01
-4.150865e-01
-4.231659e-01
-1.798028e+00
-5.825291e-01
-6.055775e-01
-4.633925e-01
-6.828895e-01
1.751659e-01
-3.239140e-01
-3.152273e-01
-3.423020e-01
-4.796086e-01
-4.564447e-01
7.571022e-02
3.176852e-02
-6.173110e-01
-6.211630e-01
-1.759577e+00
-4.146217e-01
-1.282706e+00
-3.430698e-01
-8.262698e-01
-3.449878e-01
-4.115390e-01
-3.804719e-01
-3.925133e-01
-3.480751e-01
-3.386710e-01
-3.049090e-01
-2.974051e-01
-2.621691e-01
-2.693978e-01
-2.247297e-01
-2.206229e-01
-1.821664e-01
-1.803417e-01
-1.854509e-01
-1.404861e-01
-1.448437e-01
-2.159783e-01
-1.720071e-01
-1.400721e-01
-1.205324e-01
-9.385291e-02
-3.599141e-01
-3.457093e-01
-1.708082e+00
-2.854996e-01
1.353141e-01
-1.634167e-03
-9.836810e-01
-1.054060e+00
-5.456397e-01
1.109015e-01
-5.302754e-01
-3.185531e-02
-2.183720e-01
-5.589430e-01
-5.616636e-01
-1.741612e+00
-3.263731e-01
-1.309197e+00
-1.346796e+00
-5.935879e-01
-5.992625e-01
-1.142784e-01
-1.672427e-01
-3.274437e-02
-3.583362e-01
-1.047737e+00
-1.059200e+00
-5.028933e-01
-8.976889e-02
-8.615086e-02
-5.979382e-01
-4.638342e-01
-5.580951e-01
-1.017118e-01
-9.833304e-01
-9.476189e-01
-9.245183e-01
-8.378971e-01
-8.120185e-01
-1.267915e-03
-8.770509e-01
-6.126633e-01
-1.038520e+00
-1.037567e+00
-4.356016e-01
-4.371665e-01
-3.963285e-01
-4.366983e-01
-3.951376e-01
-4.358316e-01
-3.927284e-01
-4.979196e-01
-3.540460e-01
-3.461095e-01
-5.200424e-01
-5.698368e-01
-4.687091e-01
-1.147355e-01
-8.061602e-02
-1.286888e+00
-1.274285e+00
-6.146303e-01
-1.445190e+00
-1.364774e+00
-3.834770e-01
-8.642935e-01
-7.196378e-01
-2.785185e-01
-3.677330e-01
-5.583036e-01
-9.869319e-02
-6.530319e-02
-6.412784e-01
-2.442988e-01
-1.141445e-01
8.298889e-04
-4.305300e-01
-4.018832e-01
-7.562660e-02
-4.014492e-01
-5.482314e-01
-4.442608e-01
-1.040494e+00
-9.947240e-02
-1.032456e+00
-3.067320e-01
-2.946101e-01
-2.735605e-01
-2.869732e-01
-2.939833e-01
-3.059451e-01
-3.145355e-01
-3.236565e-01
-3.368854e-01
-3.424179e-01
-1.303983e+00
-1.975092e-01
-8.092120e-01
-1.029955e+00
-2.427966e-01
-2.149143e-01
-3.038356e-01
-1.376897e-01
-3.123922e-01
-3.690276e-01
-1.063125e+00
-1.494342e+00
-1.414461e+00
-5.629362e-01
-6.005540e-01
-3.186392e-01
-4.634023e-01
1.273632e-01
3.984379e-02
-3.123350e-01
-1.052677e-01
-9.442270e-01
-4.753661e-01
-1.546760e-02
-6.317014e-01
-9.637507e-01
-8.028031e-01
-7.812806e-01
-1.878862e-01
-5.830471e-01
2.022946e-01
-4.565304e-01
-7.012117e-02
-1.002357e-01
-2.679676e-01
-3.094507e-01
-2.162214e-01
-3.126295e-01
-1.437935e-01
-2.110001e-01
-2.598608e-01
-3.253177e-01
-3.365538e-01
-3.976851e-01
-4.160180e-01
-7.053584e-02
-1.547075e-01
-5.973600e-02
-3.371266e-02
-3.755042e-02
-2.325376e-02
-1.962362e-02
2.237243e-02
-1.009834e-02
-7.653044e-01
-3.667940e-02
-1.237547e+00
-8.312233e-01
-1.516077e+00
-6.433193e-01
-7.217589e-01
8.020728e-02
1.342354e-02
-6.704736e-02
-3.156739e-01
-7.759857e-01
-3.614098e-01
-4.478345e-01
-1.615192e-02
-1.298943e-02
-5.248231e-03
-6.852251e-01
-4.787324e-01
-4.106729e-01
-8.463730e-01
-2.203986e-02
-1.741740e+00
-1.863173e+00
1.302009e-01
-3.008152e-01
-2.717304e-01
-2.518517e-01
-2.378129e-01
-1.422526e+00
-2.655064e-01
-3.367765e-01
-2.896881e-01
-3.342908e-01
-1.478617e-01
-1.338356e+00
-3.326213e-01
-6.164253e-01
-6.154104e-01
-6.497448e-01
-7.595259e-01
-8.253876e-01
-5.411956e-01
-1.908847e-01
-3.395856e-01
-5.074373e-01
-5.259583e-01
-9.087838e-01
-8.942020e-01
-2.871590e-02
-8.967678e-01
-8.514899e-02
-8.035810e-02
-1.007132e-01
-7.611207e-02
-9.044731e-02
-5.811090e-02
-3.293677e-01
-1.859822e-01
-2.243260e-01
-3.386323e-01
7.912027e-03
-2.175064e-01
-1.223651e+00
-4.471056e-01
-7.011996e-01
-6.531216e-01
-7.371131e-01
-7.461901e-01
-3.715390e-02
-6.030432e-02
-5.027504e-02
-3.715428e-01
-3.596225e-01
-6.347281e-01
-6.623439e-01
-7.833392e-01
-7.859836e-01
-2.807985e-01
-2.101629e-01
-4.534732e-01
-5.815431e-01
-1.181270e+00
-1.208867e+00
-3.675473e-01
-3.861344e-02
-8.056144e-01
-5.828464e-02
-8.795082e-02
2.267105e-02
-7.761967e-02
-1.100082e+00
-1.150210e+00
-1.129883e+00
-1.286287e+00
-1.403024e+00
-1.432447e+00
-1.491614e+00
-1.478674e+00
-1.529580e+00
-1.583527e+00
-1.619144e+00
-1.656157e+00
-1.646740e+00
-1.524897e+00
-1.612060e+00
-1.670229e+00
-1.673477e+00
-1.692794e+00
-1.509799e+00
-1.197913e+00
-1.615139e+00
-7.718406e-01
-1.372865e+00
-1.456398e+00
-4.520756e-04
-1.849944e+00
-1.670313e+00
-1.621988e+00
-1.843932e+00
-2.061536e+00
-2.365982e-02
-1.253497e+00
-4.039796e-01
-3.755265e-01
4.618772e-03
-1.417146e-03
-1.731297e+00
-1.770074e+00
-3.578354e-01
-3.529902e-01
-1.000096e+00
-1.066258e+00
-1.066265e+00
-1.138187e+00
-1.213694e+00
-9.221230e-01
-1.081623e+00
-4.798794e-02
-8.898574e-02
-3.391797e-01
-7.027193e-01
-2.936822e-01
-2.787680e-01
-4.508394e-01
-4.164271e-01
-3.928695e-01
-3.682504e-01
-3.982347e-01
-3.621975e-01
-4.370756e-01
-1.053802e+00
-3.455221e-01
-3.851920e-01
-3.689841e-01
-3.800884e-01
-5.509133e-01
-5.324263e-01
-7.853418e-01
-5.907727e-01
-6.587135e-01
-1.097728e+00
-3.619898e-01
-4.774297e-01
2.070050e-01
-5.778330e-01
-4.824945e-01
-4.322584e-01
-1.294528e-01
1.224911e-02
-6.309672e-01
-3.703754e-01
-8.382821e-01
8.761976e-02
-3.898742e-01
-3.275932e-02
-9.274965e-01
2.557919e-02
-2.063353e-01
-5.891480e-01
-5.950077e-01
-3.577166e-01
-6.653972e-01
-6.620912e-01
-6.533371e-01
-6.340108e-01
-6.235935e-01
-6.098792e-01
-6.245774e-01
-5.916754e-01
-5.633607e-01
-1.022314e+00
5.496743e-02
-1.642702e-01
-5.487673e-02
-5.416464e-01
-4.670717e-01
-1.114860e+00
-4.375774e-01
-8.406948e-02
-4.936799e-01
-7.456012e-01
-1.249353e-01
-4.591298e-02
-5.456418e-02
-3.630246e-01
-9.079691e-01
-8.691460e-01
-3.130581e-01
-2.159884e-01
-4.159556e-01
-4.148109e-01
-4.185799e-01
-3.643180e-01
-1.643313e+00
-3.883431e-02
-3.685099e-01
-2.568578e-01
-2.519866e-01
-3.016675e-01
-3.267220e-01
-3.918331e-01
-4.484403e-01
-5.245045e-01
-6.324567e-01
-6.762212e-01
-1.336695e+00
-4.644441e-01
-6.874954e-02
-4.584374e-01
-4.997679e-01
-7.664804e-01
-3.223054e-01
-5.316502e-01
-1.368274e-01
-1.133325e+00
-3.493373e-02
-1.505221e-01
-2.452134e-01
-2.647712e-01
-3.112691e-01
-3.493745e-01
-4.005309e-01
-5.733143e-01
-5.338537e-01
-8.353706e-01
-5.325759e-02
-1.788105e-01
-1.255155e+00
-1.017770e+00
-7.228086e-01
-7.369852e-01
-6.752154e-01
-2.556073e-01
-1.658136e+00
-2.261761e-01
-3.032437e-02
-1.881137e+00
-5.000786e-01
-1.836786e+00
-6.725462e-01
-1.853465e+00
-5.467377e-01
-4.092803e-01
-1.948090e+00
-5.139072e-01
-4.183515e-01
-2.933574e-01
-2.217174e-01
-2.462704e-01
-9.935164e-01
-3.869434e-01
-8.312664e-01
-8.444632e-01
-4.483789e-01
-3.353428e-01
-3.337090e-01
-3.398977e-01
2.162355e-01
-1.078479e+00
-4.345949e-01
-1.387453e-01
1.841862e-01
-8.212557e-02
-6.390909e-01
-3.622748e-01
-3.687608e-02
-4.027415e-03
-2.186010e-01
-1.166879e+00
-7.343989e-01
-2.682561e-01
-7.085016e-03
-5.871254e-01
-5.875320e-01
-5.300120e-02
-9.273476e-01
-3.409462e-01
-7.137663e-01
-4.126271e-01
-3.401564e-01
-2.884024e-01
-4.656301e-01
-1.197003e+00
-4.082563e-01
-1.300512e+00
-1.766436e-01
-3.805754e-02
-7.464514e-02
-4.130568e-01
9.887271e-02
-2.980423e-01
-4.782522e-02
-1.707345e-01
-9.404690e-01
-5.414464e-01
4.441725e-03
-2.502782e-01
-3.829785e-01
-7.891888e-01
-6.108095e-01
-1.785145e-02
-3.471023e-01
-4.408687e-01
-6.301483e-01
5.676616e-02
-4.597380e-01
-5.018082e-01
-2.444179e-01
-2.565600e-01
-7.700077e-01
-6.475388e-01
-3.645408e-01
-1.124839e-01
-3.492597e-01
-3.775065e-01
-2.891993e-01
-7.877303e-02
-3.411983e-01
-3.588946e-01
-3.401792e-01
-8.889701e-01
-8.149110e-01
-6.344321e-01
-3.860877e-01
-1.632511e+00
-8.540606e-01
-6.099970e-01
-9.406069e-01
-1.436483e+00
-3.134257e-01
-3.470158e-01
-3.418053e-01
-1.319489e+00
-3.719154e-01
-1.750789e+00
-5.131807e-01
-3.255276e-01
-1.381616e+00
-1.260077e+00
-1.846338e-01
-5.031145e-01
-5.726278e-01
-1.152510e+00
-1.162651e+00
-4.213429e-01
1.527505e-01
-5.448222e-01
7.444133e-03
-4.377279e-01
-8.517264e-01
-4.263359e-01
-1.452788e+00
-3.500290e-01
-8.880132e-01
-9.166407e-01
-5.323177e-01
-6.900170e-02
-5.989160e-01
-1.115310e+00
-1.312139e+00
-1.478121e+00
-3.528420e-02
-4.779336e-01
-3.242326e-01
-4.266364e-01
-4.008062e-01
-2.640570e-01
-4.031238e-01
1.249743e-01
-1.343981e-01
-5.544637e-01
-3.224674e-01
-5.313311e-01
-7.881060e-02
-3.945866e-01
-1.904097e-01
-2.246749e-02
-2.929437e-01
-2.599683e-01
-9.666277e-01
-1.127823e-01
-5.980365e-01
-1.002106e-01
-6.922401e-01
-1.265322e-01
-3.961634e-01
-3.539623e-01
-8.183422e-01
7.770137e-02
-1.576435e+00
-1.678662e+00
-3.601513e-01
-1.068054e+00
-1.003003e+00
1.606263e-01
-2.300483e-01
-1.666793e-01
-4.235977e-01
-3.946500e-01
-5.216224e-01
-3.493108e-01
-3.096625e-01
-9.827390e-01
-1.710410e+00
-2.338935e-01
-1.294592e+00
-5.886822e-01
-3.215532e-01
-1.787380e+00
-4.239881e-01
-6.398150e-01
-2.086974e-01
-5.095460e-01
-7.489996e-01
-6.525656e-02
-3.828141e-01
-1.684920e+00
-5.460866e-02
-2.272909e-01
-6.620199e-01
-3.883085e-01
-5.097436e-01
-2.180962e-01
2.735505e-03
-9.468351e-01
-9.623635e-05
-4.532029e-01
-6.032521e-01
-4.051734e-01
-1.379697e+00
-3.952747e-01
-3.574247e-02
-3.797539e-01
-1.076138e+00
-3.073282e-01
-5.219111e-01
-4.621318e-01
-3.328198e-01
-1.355752e-01
5.873880e-02
-4.850262e-01
-1.659742e+00
-1.712775e+00
-1.512752e-01
-1.506167e+00
8.638615e-02
-2.661668e-01
-5.098429e-01
-1.465707e+00
-1.107298e+00
-9.251295e-01
-1.374204e+00
-3.570940e-01
-2.417580e-01
-3.560825e-01
-7.935568e-01
-6.094173e-01
-1.771238e+00
4.578480e-03
-1.758390e+00
-4.946089e-01
-3.475399e-01
-1.435344e-01
-4.012459e-02
-3.442098e-01
-7.140420e-01
-3.649227e-01
-5.474591e-01
-8.848214e-01
-1.707682e+00
-1.713913e+00
-8.107843e-01
-1.022894e+00
-3.472058e-01
-6.395441e-01
-3.324172e-01
-6.591266e-02
-4.336029e-01
-1.200218e+00
-4.416661e-01
-1.038359e-02
-5.412908e-01
-6.154649e-01
-4.629759e-01
-1.671752e+00
-6.303573e-01
8.205617e-03
-3.872987e-01
-7.894120e-01
-3.879618e-01
-2.123348e+00
-1.276875e+00
-2.843457e-02
-3.242698e-01
-3.009116e-02
-4.354392e-01
-1.283576e+00
-1.179422e-01
-1.446225e-01
-1.459324e+00
-6.669830e-01
-1.044462e+00
-1.725267e+00
1.506978e-01
-5.020302e-01
-1.169463e+00
-1.045766e+00
-4.110368e-01
-2.965554e-01
-1.063841e+00
-1.606060e+00
-1.037340e+00
-1.789216e+00
-2.108026e-02
-6.679886e-01
-7.065495e-01
-3.139328e-01
-1.104026e+00
-3.956486e-01
-3.305585e-01
-5.674653e-01
-6.701875e-01
-1.010876e+00
-3.556521e-03
-6.383086e-01
-6.439605e-01
-5.320855e-01
-7.479765e-01
-1.125505e+00
-1.011708e+00
-8.599512e-01
-3.235376e-03
-2.322349e-01
-3.929197e-01
-1.082945e-01
-1.854708e+00
-2.046200e-01
-1.039418e+00
-5.808918e-01
-3.145082e-01
-4.631737e-01
-1.851219e-01
-8.927428e-01
-3.289648e-01
-4.586107e-02
-1.761127e-01
-7.719259e-01
-7.473536e-02
-6.036278e-01
-2.556694e-01
-3.289452e-01
-3.142332e-01
-3.269055e-01
-4.748966e-01
9.859324e-02
-6.012053e-01
-1.293268e+00
-3.329238e-01
-1.085215e+00
-1.341820e+00
-4.285383e-01
-1.109148e+00
-1.800103e+00
-5.828592e-01
-4.640280e-01
-1.904782e-01
-5.545390e-01
-7.086451e-01
-4.413170e-01
-2.686902e-02
-8.201208e-01
-5.855220e-01
-5.561928e-01
-5.312442e-01
-2.748790e-01
-2.154059e-01
4.301757e-03
-6.744948e-01
-4.263380e-01
-4.366117e-01
-1.316048e+00
-3.926981e-01
-2.683276e-01
-6.458477e-01
-6.325198e-01
1.032559e-01
-9.239830e-01
-7.638041e-01
-2.607658e-01
-1.237734e-02
-5.189599e-01
1.107473e-01
-6.089897e-01
-1.612467e+00
-1.092229e+00
-6.286933e-01
-1.156810e-01
-3.620205e-01
-4.635388e-01
-2.626693e-02
-5.703068e-02
1.612298e-03
-4.987075e-01
-3.965568e-02
1.735322e-01
-7.665660e-02
-2.256550e-01
-3.780188e-02
-1.001107e-01
-3.102937e-02
-3.472651e-01
-4.903612e-01
-4.089967e-01
-5.361559e-01
-5.679900e-01
-2.613642e-01
-8.294456e-01
-7.274325e-01
-3.467146e-01
-4.896702e-01
-1.697527e+00
-1.197935e-01
-9.996778e-01
-7.649915e-01
-9.687251e-01
-4.223792e-01
-1.339022e+00
-5.492421e-01
-4.584554e-01
1.454176e-03
-1.080614e+00
-2.753728e-02
-1.183043e-01
-5.951641e-02
-2.251924e-01
-4.025074e-01
-6.808032e-02
-3.492203e-01
-4.114440e-01
-5.809035e-02
-4.426696e-01
-4.985254e-01
-5.567988e-01
-6.175596e-01
-8.995654e-01
-4.454055e-01
-5.155267e-01
-1.277941e+00
-5.053910e-01
-4.698008e-01
-7.192066e-01
-1.058293e+00
-1.826040e+00
-3.313928e-01
-1.762784e+00
-1.494234e+00
7.370739e-02
-1.145915e+00
-6.158729e-01
-1.752917e+00
-1.263116e+00
-3.530961e-01
-6.803455e-02
-6.068039e-01
-3.865837e-01
-6.210587e-01
-4.683920e-01
-5.123818e-01
-3.159071e-01
-1.546698e+00
-3.522796e-01
-4.313584e-01
-1.037648e-01
5.599775e-03
-1.847182e+00
-5.884757e-01
1.737454e-04
-2.808803e-01
-1.836208e-01
-6.210491e-02
-4.737295e-01
-6.076326e-01
-1.212353e+00
-3.588743e-01
-1.131455e+00
-5.122989e-01
-7.606309e-02
-3.335682e-01
-1.142140e+00
-8.513104e-01
-1.031057e+00
-4.813114e-01
-3.004610e-01
-6.518609e-01
-1.381755e+00
