1.000000e+00
3.000000e-01
1.000000e+00 0.000000e+00
taylor-hood
bfs
0.000000e+00 0.000000e+00
0.000000e+00 0.000000e+00
0.000000e+00 0.000000e+00
0.000000e+00 0.000000e+00
0.000000e+00 0.000000e+00
0.000000e+00 0.000000e+00
0.000000e+00 0.000000e+00
0.000000e+00 0.000000e+00
0.000000e+00 0.000000e+00
0.000000e+00 0.000000e+00
0.000000e+00 0.000000e+00
0.000000e+00 0.000000e+00
0.000000e+00 0.000000e+00
0.000000e+00 0.000000e+00
0.000000e+00 0.000000e+00
0.000000e+00 0.000000e+00
0.000000e+00 0.000000e+00
0.000000e+00 0.000000e+00
0.000000e+00 0.000000e+00
0.000000e+00 0.000000e+00
0.000000e+00 0.000000e+00
0.000000e+00 0.000000e+00
0.000000e+00 0.000000e+00
0.000000e+00 0.000000e+00
0.000000e+00 0.000000e+00
0.000000e+00 0.000000e+00
0.000000e+00 0.000000e+00
0.000000e+00 0.000000e+00
0.000000e+00 0.000000e+00
0.000000e+00 0.000000e+00
0.000000e+00 0.000000e+00
0.000000e+00 0.000000e+00
0.000000e+00 0.000000e+00
0.000000e+00 0.000000e+00
0.000000e+00 0.000000e+00
0.000000e+00 0.000000e+00
0.000000e+00 0.000000e+00
0.000000e+00 0.000000e+00
0.000000e+00 0.000000e+00
0.000000e+00 0.000000e+00
0.000000e+00 0.000000e+00
3.736133e-02 0.000000e+00
4.406197e-02 0.000000e+00
4.379769e-02 0.000000e+00
4.352802e-02 0.000000e+00
4.302663e-02 0.000000e+00
3.238473e-02 0.000000e+00
2.263959e-02 0.000000e+00
4.310461e-02 0.000000e+00
4.393095e-02 0.000000e+00
4.366313e-02 0.000000e+00
4.336436e-02 0.000000e+00
4.020994e-02 0.000000e+00
1.878428e-02 0.000000e+00
0.000000e+00 0.000000e+00
0.000000e+00 0.000000e+00
0.000000e+00 0.000000e+00
0.000000e+00 0.000000e+00
0.000000e+00 0.000000e+00
0.000000e+00 0.000000e+00
0.000000e+00 0.000000e+00
0.000000e+00 0.000000e+00
0.000000e+00 0.000000e+00
0.000000e+00 0.000000e+00
0.000000e+00 0.000000e+00
0.000000e+00 0.000000e+00
0.000000e+00 0.000000e+00
0.000000e+00 0.000000e+00
0.000000e+00 0.000000e+00
0.000000e+00 0.000000e+00
0.000000e+00 0.000000e+00
0.000000e+00 0.000000e+00
0.000000e+00 0.000000e+00
0.000000e+00 0.000000e+00
0.000000e+00 0.000000e+00
0.000000e+00 0.000000e+00
0.000000e+00 0.000000e+00
0.000000e+00 0.000000e+00
0.000000e+00 0.000000e+00
0.000000e+00 0.000000e+00
0.000000e+00 0.000000e+00
0.000000e+00 0.000000e+00
0.000000e+00 0.000000e+00
0.000000e+00 0.000000e+00
0.000000e+00 0.000000e+00
0.000000e+00 0.000000e+00
0.000000e+00 0.000000e+00
0.000000e+00 0.000000e+00
0.000000e+00 0.000000e+00
0.000000e+00 0.000000e+00
0.000000e+00 0.000000e+00
0.000000e+00 0.000000e+00
0.000000e+00 0.000000e+00
0.000000e+00 0.000000e+00
0.000000e+00 0.000000e+00
0.000000e+00 0.000000e+00
1.615422e-02 0.000000e+00
2.597419e-02 0.000000e+00
3.026956e-02 0.000000e+00
3.025141e-02 0.000000e+00
2.987064e-02 0.000000e+00
2.948982e-02 0.000000e+00
2.910901e-02 0.000000e+00
2.867946e-02 0.000000e+00
2.561829e-02 0.000000e+00
1.541984e-02 0.000000e+00
9.006100e-03 0.000000e+00
2.175907e-02 0.000000e+00
2.881813e-02 0.000000e+00
3.038986e-02 0.000000e+00
3.006104e-02 0.000000e+00
2.968023e-02 0.000000e+00
2.929941e-02 0.000000e+00
2.891315e-02 0.000000e+00
2.790326e-02 0.000000e+00
2.130311e-02 0.000000e+00
8.214851e-03 0.000000e+00
0.000000e+00 0.000000e+00
0.000000e+00 0.000000e+00
0.000000e+00 0.000000e+00
0.000000e+00 0.000000e+00
0.000000e+00 0.000000e+00
0.000000e+00 0.000000e+00
0.000000e+00 0.000000e+00
0.000000e+00 0.000000e+00
0.000000e+00 0.000000e+00
0.000000e+00 0.000000e+00
0.000000e+00 0.000000e+00
0.000000e+00 0.000000e+00
0.000000e+00 0.000000e+00
0.000000e+00 0.000000e+00
0.000000e+00 0.000000e+00
0.000000e+00 0.000000e+00
0.000000e+00 0.000000e+00
0.000000e+00 0.000000e+00
0.000000e+00 0.000000e+00
0.000000e+00 0.000000e+00
0.000000e+00 0.000000e+00
0.000000e+00 0.000000e+00
0.000000e+00 0.000000e+00
0.000000e+00 0.000000e+00
0.000000e+00 0.000000e+00
0.000000e+00 0.000000e+00
0.000000e+00 0.000000e+00
0.000000e+00 0.000000e+00
0.000000e+00 0.000000e+00
0.000000e+00 0.000000e+00
0.000000e+00 0.000000e+00
0.000000e+00 0.000000e+00
0.000000e+00 0.000000e+00
0.000000e+00 0.000000e+00
0.000000e+00 0.000000e+00
0.000000e+00 0.000000e+00
0.000000e+00 0.000000e+00
0.000000e+00 0.000000e+00
0.000000e+00 0.000000e+00
0.000000e+00 0.000000e+00
0.000000e+00 0.000000e+00
0.000000e+00 0.000000e+00
0.000000e+00 0.000000e+00
0.000000e+00 0.000000e+00
0.000000e+00 0.000000e+00
0.000000e+00 0.000000e+00
0.000000e+00 0.000000e+00
2.367632e-03 -5.210743e-04
6.695141e-03 -3.683482e-04
5.680419e-03 -5.745360e-03
2.094571e-02 -5.469130e-04
2.307682e-02 -1.100765e-02
1.737523e-02 -1.033419e-02
9.469284e-03 -2.353805e-04
2.443088e-02 -1.811683e-03
5.062106e-05 -1.957098e-05
2.921783e-02 -1.199130e-02
2.519927e-02 -1.193791e-02
1.604932e-02 -6.298805e-04
3.236111e-02 -1.217633e-02
2.967736e-02 -1.247939e-02
3.392013e-02 -1.216651e-02
3.184615e-02 -1.256343e-02
2.970420e-02 -3.262021e-04
2.554808e-02 -6.970829e-04
3.651198e-02 -1.099025e-02
3.473898e-02 -1.202415e-02
3.297405e-02 -1.224462e-02
1.222779e-12 -3.122157e-13
1.526615e-13 -8.171449e-13
3.513291e-02 -1.145660e-02
3.333235e-02 -1.133026e-02
2.895416e-02 -4.414241e-04
3.115436e-02 -1.182868e-02
3.197169e-02 -1.062238e-02
2.182839e-02 -1.108088e-02
4.365329e-02 -2.327818e-04
3.321910e-02 -9.837801e-03
3.200366e-02 -8.998882e-03
3.111634e-02 -9.466409e-03
3.122825e-02 -7.852883e-03
3.158405e-02 -7.167965e-03
3.094212e-02 -6.128393e-03
3.085986e-02 -5.356841e-03
3.040181e-02 -4.455790e-03
3.050895e-02 -8.102270e-03
2.598191e-02 -6.292455e-04
3.001107e-02 -3.766003e-03
2.980735e-02 -3.095076e-03
3.019551e-02 -3.528072e-03
2.981163e-02 -2.522610e-03
3.015615e-02 -2.740347e-03
2.994888e-02 -2.159291e-03
2.961711e-02 -2.127511e-03
2.275651e-02 -2.981954e-04
1.110533e-02 -1.856606e-04
3.807419e-03 -4.473552e-04
2.909532e-02 -9.251350e-03
3.138771e-02 -3.507758e-04
2.544459e-02 -6.671825e-04
1.640153e-13 -4.126339e-14
1.491421e-02 -3.812403e-04
3.041918e-02 -3.267954e-04
2.894750e-02 -3.154738e-04
2.979963e-02 -1.849293e-03
3.013132e-02 -1.874774e-03
2.946152e-02 -1.825910e-03
2.934509e-02 -2.723670e-03
3.181866e-02 -6.038136e-03
2.778617e-02 -7.656412e-03
2.407413e-02 -7.882892e-03
3.718193e-02 -1.089834e-02
1.776142e-13 -3.452510e-14
3.687098e-02 -1.013759e-02
3.897108e-02 -9.420322e-03
3.770083e-02 -8.297806e-03
2.999414e-02 -1.567312e-03
3.032179e-02 -1.598976e-03
3.039734e-02 -1.900199e-03
3.492783e-02 -9.845769e-03
2.964368e-02 -2.913371e-03
3.956854e-02 -7.585966e-03
4.084569e-02 -8.097544e-03
2.231702e-02 -6.258304e-03
2.614098e-02 -6.051444e-03
1.751824e-02 -5.848051e-03
1.910863e-02 -7.326973e-03
2.912727e-02 -2.453434e-03
5.975894e-03 -4.958832e-03
4.110829e-02 -6.465230e-03
4.228496e-02 -6.392595e-03
1.228747e-02 -4.782908e-03
1.356792e-02 -6.027977e-03
4.227877e-02 -5.216850e-03
4.318921e-02 -4.767783e-03
4.267140e-02 -5.489088e-03
4.339433e-02 -3.819150e-03
4.291850e-02 -4.321279e-03
4.344100e-02 -2.813982e-03
4.372576e-02 -2.628944e-03
4.364860e-02 -1.851725e-03
4.244362e-02 -3.039955e-03
2.988991e-02 -1.589521e-03
3.040635e-02 -1.322854e-03
3.730766e-02 -6.049934e-03
3.040426e-02 -3.827523e-03
4.387537e-02 -1.836305e-03
4.373867e-02 -1.318736e-03
4.337830e-02 -1.352250e-03
4.356601e-02 -1.046510e-03
3.571211e-02 -6.471694e-03
4.294945e-02 -3.918582e-03
2.809946e-02 -1.734407e-03
2.937473e-02 -2.247793e-03
2.015182e-02 -4.650856e-03
2.412417e-02 -4.548270e-03
2.048994e-02 -8.740480e-03
1.461802e-02 -7.206351e-03
8.005680e-03 -4.091700e-03
8.518779e-03 -4.854928e-03
3.405178e-03 -2.007072e-03
3.404931e-03 -2.249304e-03
5.676057e-04 -3.816923e-04
4.167577e-04 -3.091295e-04
5.388150e-04 -3.280567e-04
2.964666e-03 -2.175427e-03
4.378541e-02 -1.053054e-03
4.314545e-02 -1.124153e-03
4.343841e-02 -8.605528e-04
7.223063e-12 -5.678382e-12
2.185580e-02 -1.004232e-02
4.116368e-02 -2.407681e-04
4.933755e-12 -4.340961e-12
3.447622e-02 -4.180781e-03
3.337698e-02 -4.474660e-03
2.215866e-02 -1.826288e-04
2.988192e-02 -2.216284e-03
2.550337e-02 -1.814957e-03
2.790742e-02 -2.628294e-03
1.319336e-02 -1.270227e-04
3.102059e-02 -1.890555e-04
6.735071e-14 1.513379e-13
2.532164e-02 -1.213202e-03
4.257868e-02 -1.514254e-03
3.539309e-02 -3.750666e-03
4.166851e-02 -4.891360e-03
2.884163e-02 -2.111290e-03
2.882478e-02 -2.243919e-03
3.167520e-02 -2.444473e-03
1.081232e-02 -3.586678e-03
6.193944e-03 -2.366743e-03
2.240143e-02 -1.961940e-03
1.766622e-02 -3.191611e-03
3.053897e-02 -3.159997e-03
4.394137e-02 -2.458724e-03
1.329936e-02 -2.980150e-03
3.931494e-02 -4.222625e-03
4.058035e-02 -3.190168e-03
1.520791e-12 -1.187047e-12
2.962023e-02 -1.949853e-03
4.157120e-02 -1.316545e-03
2.882548e-02 -5.402047e-03
1.860655e-02 -1.133782e-03
2.927688e-02 -2.114229e-03
2.911693e-02 -1.805964e-03
2.930778e-02 -1.511444e-03
2.895903e-02 -1.484814e-03
2.915144e-02 -1.186501e-03
2.878285e-02 -1.164195e-03
2.950860e-02 -1.212888e-03
2.849368e-02 -1.452184e-03
2.935342e-02 -8.908956e-04
2.972264e-02 -9.277218e-04
2.701153e-02 -9.716482e-04
2.848920e-02 -8.299051e-04
2.185551e-02 -3.243141e-03
3.906989e-02 -4.552019e-03
3.966050e-02 -7.449897e-03
1.793332e-12 -1.073167e-12
3.419859e-02 -6.621360e-03
4.396501e-02 -1.723855e-03
2.670249e-02 -1.077925e-02
1.036504e-12 -9.302425e-13
4.905063e-13 -1.790255e-13
2.344004e-12 -2.276706e-12
1.481403e-02 -1.984971e-03
2.843805e-02 -2.097832e-03
2.716168e-02 -1.631264e-03
2.862002e-02 -2.041663e-03
4.749854e-03 -1.491564e-03
1.785812e-03 -6.568722e-04
2.403287e-03 -1.046558e-03
2.642976e-04 -1.371380e-04
2.489486e-03 -1.285220e-03
1.033835e-11 -5.106470e-12
4.139835e-02 -2.150154e-03
3.680929e-02 -2.367011e-03
3.038603e-02 -2.862595e-03
2.971290e-02 -3.974213e-03
2.766923e-02 -1.186469e-02
2.203853e-02 -1.076619e-02
8.624381e-03 -2.318113e-03
6.174660e-03 -1.246232e-03
1.405099e-02 -9.725834e-04
4.176553e-02 -6.408219e-03
4.110602e-02 -7.755105e-03
3.919771e-02 -9.685098e-03
3.959989e-02 -8.819694e-03
3.238998e-02 -4.699628e-03
4.338133e-02 -2.293303e-04
4.300920e-02 -4.647823e-04
3.469634e-02 -3.597069e-04
4.099672e-02 -6.909748e-04
4.350848e-02 -4.506560e-04
4.376721e-02 -4.630294e-04
4.391332e-02 -2.517564e-04
4.401369e-02 -4.847160e-04
4.386913e-02 -6.852658e-04
4.406467e-02 -7.090981e-04
3.014016e-02 -1.064257e-02
1.512480e-02 -8.067039e-03
9.242983e-12 -5.870353e-12
2.432419e-02 -5.345544e-04
3.055934e-02 -4.934303e-03
2.326822e-02 -7.544658e-04
2.218416e-02 -5.129675e-04
2.231194e-02 -1.237849e-03
9.745010e-03 -3.404199e-04
2.909431e-02 -5.975163e-03
2.883496e-02 -2.953616e-04
2.583148e-02 -4.788386e-04
1.704657e-02 -2.137828e-04
2.218566e-02 -5.249418e-04
2.839722e-02 -8.339060e-04
2.534859e-02 -9.147265e-04
2.939785e-02 -3.644917e-04
4.331850e-02 -1.157573e-03
3.016962e-02 -6.286754e-04
3.028519e-02 -6.525778e-04
3.043065e-02 -9.811687e-04
3.008056e-02 -9.585632e-04
3.008308e-02 -3.265151e-04
2.940499e-02 -1.574497e-03
2.684854e-02 -5.930080e-04
2.761160e-02 -5.013961e-04
7.798733e-14 2.000527e-14
1.566904e-02 -5.564091e-04
3.962311e-02 -1.624071e-03
1.651788e-02 -3.452676e-04
2.183568e-02 -7.795331e-04
3.608395e-02 -2.125441e-03
3.027773e-02 -2.196104e-03
1.038163e-02 -2.163808e-04
2.294322e-02 -4.014103e-04
2.986962e-02 -1.234900e-03
1.621241e-04 -1.361343e-04
1.994884e-03 -1.670916e-03
7.804663e-03 -5.291677e-03
8.426873e-03 -5.244546e-03
4.303155e-02 -1.919013e-03
6.915282e-03 -6.449582e-04
5.731735e-13 -6.674777e-14
4.360738e-02 -6.571079e-04
1.354850e-04 -1.811284e-04
1.613773e-12 -3.126994e-12
8.123051e-12 -1.035829e-11
1.732763e-13 -3.371729e-13
2.933259e-02 -3.154976e-04
2.397262e-02 -1.180716e-03
1.090190e-13 1.206193e-13
4.251246e-02 -9.472200e-04
2.828142e-02 -2.962525e-04
1.529717e-02 -8.628890e-03
3.582830e-02 -8.583001e-03
7.574024e-04 -2.071420e-04
7.150370e-03 -3.207755e-03
3.074369e-02 -6.551685e-03
1.560260e-02 -4.367705e-03
3.434013e-02 -3.426251e-04
2.898760e-02 -8.785016e-04
3.118971e-02 -2.777489e-03
2.965687e-02 -1.533612e-03
1.516683e-02 -9.214278e-03
2.614581e-02 -1.621576e-03
4.388465e-02 -2.551560e-04
3.369289e-02 -1.966364e-03
2.890167e-02 -1.858628e-03
3.069267e-02 -4.265226e-03
3.268698e-02 -7.997878e-03
2.944686e-02 -2.412555e-03
2.405856e-02 -5.829327e-04
2.979743e-02 -6.772315e-03
2.530817e-02 -9.368706e-03
3.863518e-02 -5.399547e-03
4.397575e-02 -1.328383e-03
2.516096e-02 -1.256512e-03
3.681709e-02 -1.113294e-02
1.403726e-11 -4.674182e-12
2.234068e-02 -2.173695e-04
3.185850e-02 -2.068967e-03
4.369533e-02 -3.456754e-03
3.488526e-02 -1.022485e-02
3.739239e-02 -9.891542e-03
4.097509e-02 -1.769081e-03
1.082770e-02 -1.769164e-03
3.020990e-02 -1.277865e-03
3.897165e-02 -2.139098e-03
9.476626e-04 -9.539805e-04
1.778505e-02 -7.063849e-04
1.919481e-02 -6.416542e-04
3.047946e-02 -5.147151e-03
1.282496e-02 -1.836458e-04
2.658571e-02 -3.028818e-04
2.911241e-02 -2.372905e-03
2.133397e-14 1.014497e-13
1.415736e-13 9.416466e-14
4.329372e-02 -6.599740e-04
2.990529e-02 -6.369058e-04
3.614293e-02 -3.378724e-03
2.857416e-02 -1.469783e-03
5.626358e-13 -3.606047e-13
6.358168e-03 -2.190155e-04
1.907812e-02 -2.095752e-03
2.535245e-02 -3.065098e-03
2.895323e-02 -2.076513e-03
1.699359e-02 -6.168404e-04
3.648450e-02 -9.484860e-04
2.954425e-02 -6.247151e-04
3.231159e-02 -1.906097e-03
3.556013e-13 -7.927992e-14
6.943934e-03 -5.166280e-03
2.879300e-02 -1.768913e-03
2.648392e-02 -1.196069e-04
2.671207e-02 -4.144961e-03
4.396929e-02 -9.348739e-04
1.576595e-12 -2.918162e-13
3.409832e-02 -8.467301e-03
4.322815e-02 -2.969680e-03
2.977483e-02 -1.445970e-03
2.806154e-02 -1.228822e-02
2.916502e-02 -6.060799e-04
9.129772e-05 -2.775795e-05
2.887439e-02 -1.273832e-03
4.367932e-02 -8.562048e-04
3.661875e-02 -6.638225e-03
1.562359e-02 -7.003077e-04
1.281462e-02 -6.897472e-05
5.984368e-13 -6.359942e-13
2.052201e-03 -2.894348e-04
4.305013e-02 -4.977578e-04
2.880121e-02 -6.007470e-04
1.190767e-02 -4.551127e-05
3.022806e-02 -1.347708e-04
2.506010e-12 -1.094443e-12
1.266530e-02 -1.201525e-03
3.559959e-02 -1.140838e-03
3.889131e-02 -9.726076e-03
3.084303e-02 -1.244131e-02
6.028810e-14 1.051474e-13
3.527239e-02 -4.393385e-03
2.836220e-02 -1.755820e-03
3.293491e-02 -6.588225e-03
5.992587e-13 -1.267670e-12
2.772096e-02 -5.527005e-04
1.917886e-02 -5.132702e-04
2.960889e-02 -1.109287e-03
2.393652e-02 -9.182257e-04
1.380412e-02 -8.329607e-03
3.978044e-02 -1.106126e-03
3.676436e-02 -7.473794e-04
3.569435e-02 -1.735078e-03
4.325150e-02 -8.700536e-04
3.434356e-02 -1.136592e-02
3.628560e-02 -3.435761e-03
3.975994e-04 -2.205770e-04
2.485428e-02 -1.497553e-03
4.082897e-02 -3.746675e-03
6.585258e-13 -2.331657e-13
3.156554e-02 -4.757893e-03
3.790138e-02 -1.705350e-03
3.967200e-02 -2.098651e-03
4.076607e-02 -1.891742e-03
1.474187e-02 -3.591451e-05
1.468935e-02 -1.056204e-06
3.031238e-02 -1.985781e-03
3.025109e-02 -2.228946e-03
2.963458e-02 -1.705878e-03
1.029204e-02 -5.531569e-04
8.045936e-03 -2.740988e-04
1.200730e-02 -6.052725e-04
2.112519e-03 -8.385899e-04
8.052311e-04 -3.395891e-04
6.265324e-04 -2.375370e-04
2.676868e-13 -4.608252e-15
1.161448e-13 5.606545e-14
2.553970e-13 -4.316271e-14
5.232905e-03 -1.322894e-03
6.623265e-03 -1.929688e-03
3.548970e-03 -9.697874e-04
3.319275e-02 -8.589801e-03
2.638609e-02 -9.196103e-03
3.081356e-02 -1.070452e-02
1.378841e-03 -7.664761e-04
2.949160e-03 -1.638331e-03
1.690786e-03 -1.010472e-03
2.440458e-13 -1.082710e-13
5.366995e-13 -2.596685e-13
1.439540e-02 -7.188540e-04
1.639191e-02 -1.059511e-03
4.166403e-02 -1.619340e-03
4.207470e-02 -1.780999e-03
4.941513e-03 -2.559221e-03
5.568669e-03 -3.055354e-03
3.629342e-02 -1.996494e-03
3.981524e-02 -2.365904e-03
2.986766e-02 -1.202188e-02
2.714326e-02 -1.137317e-02
2.940144e-02 -1.153244e-02
2.953162e-02 -7.102099e-05
3.847344e-02 -7.265416e-03
3.596823e-02 -8.358247e-03
3.771762e-02 -8.617660e-03
5.021613e-05 -4.735056e-05
2.373189e-12 -3.053106e-12
2.035491e-05 -1.707633e-05
3.020949e-02 -4.568365e-03
3.000860e-02 -5.357015e-03
2.933429e-02 -4.666162e-03
2.878455e-02 -1.085537e-02
3.061571e-02 -1.130749e-02
3.089817e-02 -2.141801e-04
1.483280e-02 -5.314567e-05
2.067881e-02 -1.333657e-04
4.144351e-03 -8.845077e-04
7.418057e-03 -1.751290e-03
2.728009e-02 -1.454568e-03
2.835438e-02 -1.775333e-03
2.509346e-02 -1.256748e-03
2.030963e-02 -5.491558e-03
1.606723e-02 -8.858512e-03
5.100613e-12 -2.555683e-12
1.800347e-12 -5.957647e-13
3.557737e-12 -1.338060e-12
3.632619e-02 -9.952570e-03
3.858008e-02 -8.728263e-03
1.284274e-02 -1.905981e-03
8.934035e-03 -1.163243e-03
1.087389e-02 -1.293283e-03
4.047362e-04 -3.817153e-04
8.109284e-04 -6.955125e-04
1.105358e-03 -5.143280e-04
1.491687e-04 -7.128383e-05
2.786073e-02 -4.767753e-03
2.848281e-02 -4.111584e-03
1.471695e-02 -7.693001e-05
3.098556e-02 -3.453438e-04
1.455033e-02 -4.328648e-05
6.971128e-03 -6.523435e-06
3.924261e-02 -9.319752e-03
4.012930e-02 -8.724003e-03
4.048571e-02 -8.243023e-03
2.055666e-02 -6.135469e-04
2.564552e-02 -9.660159e-04
2.283675e-02 -6.784404e-04
5.023457e-12 -2.850724e-12
9.644442e-12 -5.745372e-12
3.033591e-02 -1.130076e-03
3.034571e-02 -1.302099e-03
3.042193e-02 -1.155074e-03
6.883750e-03 -2.716565e-05
1.503971e-02 -1.271127e-04
9.536541e-03 -7.144100e-05
2.931923e-02 -1.697436e-03
2.903335e-02 -1.475623e-03
4.634776e-03 -2.237844e-03
7.599179e-03 -3.647008e-03
7.559879e-05 -2.183859e-05
6.750509e-04 -2.450469e-04
6.942559e-03 -1.794701e-05
2.566917e-02 -7.741889e-04
2.070363e-02 -4.846610e-04
1.843185e-02 -9.942709e-03
1.883861e-02 -9.845141e-03
2.189840e-02 -1.093280e-02
2.253440e-02 -9.281879e-04
2.253799e-02 -8.003203e-04
2.534886e-02 -1.061449e-03
7.184825e-03 -1.064055e-03
8.468123e-03 -1.539616e-03
5.032184e-03 -8.153269e-04
3.048778e-02 -4.474983e-03
3.039206e-02 -3.962802e-03
4.242503e-02 -2.007131e-03
4.281534e-02 -1.655291e-03
2.781934e-02 -1.212307e-02
2.524422e-02 -1.168846e-02
2.520229e-02 -1.147826e-02
4.400151e-02 -1.054765e-03
4.397088e-02 -1.110420e-03
4.397962e-02 -1.273751e-03
3.014527e-02 -1.118212e-03
3.027367e-02 -9.699128e-04
1.071494e-04 -6.817163e-05
8.875769e-05 -5.437355e-05
3.027611e-02 -5.971862e-03
3.060587e-02 -5.844996e-03
3.051211e-02 -6.739110e-03
4.323237e-02 -1.575954e-03
4.308350e-02 -1.405979e-03
4.388064e-02 -9.954965e-04
4.387833e-02 -1.179779e-03
2.621076e-02 -5.966654e-04
2.558122e-02 -3.799530e-04
2.319230e-02 -3.892796e-04
3.401222e-02 -6.404604e-03
1.822128e-02 -1.948069e-04
1.929032e-02 -3.191074e-04
2.456888e-03 -7.404629e-04
1.483571e-03 -3.710256e-04
3.146628e-02 -2.655370e-03
3.040584e-02 -1.825778e-03
3.906770e-02 -9.722260e-03
4.019641e-02 -8.793519e-03
3.022151e-02 -2.506400e-03
2.975466e-02 -2.825937e-03
2.907488e-02 -2.401974e-03
2.819910e-02 -1.020208e-02
2.750452e-02 -9.430281e-03
2.961946e-02 -9.977112e-03
2.602429e-02 -1.150567e-03
2.885837e-02 -1.664515e-03
5.315508e-03 -5.601695e-04
9.779169e-03 -9.482838e-04
1.377895e-02 -1.568087e-03
2.599391e-02 -1.008743e-02
2.941284e-02 -1.224862e-02
2.969445e-02 -1.245336e-02
3.088763e-02 -3.027628e-03
3.187262e-02 -3.715135e-03
3.140037e-02 -3.873171e-03
4.403588e-02 -1.519530e-03
4.375134e-02 -1.407826e-03
3.020451e-02 -3.396228e-03
2.893945e-02 -3.243170e-03
4.014843e-02 -8.879601e-03
4.102642e-02 -8.015282e-03
2.322612e-02 -1.170462e-03
1.947181e-02 -7.208353e-04
2.735903e-02 -1.108382e-03
2.734351e-02 -1.272687e-03
1.448054e-02 -3.654105e-03
1.206752e-02 -3.335872e-03
1.095812e-02 -2.692563e-03
4.291883e-02 -1.517438e-03
4.183706e-02 -1.136824e-03
1.022876e-02 -4.584575e-03
1.076583e-02 -5.126629e-03
1.210361e-02 -2.345156e-03
9.647745e-03 -2.085522e-03
3.914848e-02 -9.645977e-03
3.820421e-02 -1.036944e-02
3.819612e-02 -1.018378e-02
3.190836e-13 -1.809368e-13
1.126214e-13 -2.632615e-14
3.041932e-02 -3.319868e-03
1.377896e-12 -2.591077e-13
5.136235e-12 -2.224660e-12
4.084186e-02 -7.568234e-03
4.145410e-02 -7.129437e-03
4.382433e-02 -8.947604e-04
4.373016e-02 -9.501617e-04
3.034112e-02 -2.226748e-03
3.036365e-02 -2.481734e-03
2.352598e-02 -9.166438e-04
3.194098e-02 -1.902742e-03
3.154341e-02 -1.564575e-03
1.464825e-03 -1.351289e-03
1.750423e-04 -1.785769e-04
3.006830e-02 -2.460975e-03
2.935212e-02 -6.078167e-03
2.541474e-02 -1.186252e-02
4.094840e-02 -6.921999e-03
4.183139e-02 -5.723744e-03
4.084212e-02 -5.987886e-03
3.680762e-02 -3.044194e-03
3.488613e-02 -2.055552e-03
3.813319e-02 -3.132316e-03
4.182028e-02 -7.037253e-03
4.164046e-02 -7.252561e-03
4.385548e-02 -1.257773e-04
4.398884e-02 -1.257403e-04
2.332053e-13 3.231008e-14
1.928798e-13 5.959099e-14
1.337037e-13 1.220084e-13
3.995786e-02 -8.817205e-03
4.377462e-02 -7.704486e-04
4.391823e-02 -8.087029e-04
3.035835e-02 -2.042644e-03
3.023620e-02 -2.043355e-03
2.979613e-02 -1.081311e-03
2.997509e-02 -1.096731e-03
2.990160e-02 -9.431426e-04
4.241009e-02 -5.326266e-03
4.243003e-02 -4.614842e-03
4.685822e-04 -2.720577e-04
1.240154e-03 -6.529186e-04
3.853441e-12 -2.464194e-12
8.393868e-12 -5.964059e-12
3.288816e-12 -2.428751e-12
4.396796e-02 -5.062306e-04
4.348933e-02 -4.007546e-04
4.405627e-02 -3.711274e-04
4.238967e-02 -3.457098e-04
4.326905e-02 -3.427494e-04
4.295442e-02 -2.360856e-04
1.795694e-02 -4.572512e-03
1.679517e-02 -3.846575e-03
3.966872e-02 -8.254147e-03
4.342370e-02 -5.505094e-04
4.347398e-02 -6.534725e-04
4.355801e-02 -5.535280e-04
1.018182e-11 -5.274360e-12
3.731440e-05 -2.026119e-05
4.811431e-05 -2.622027e-05
2.999293e-02 -7.977345e-04
2.981397e-02 -7.823138e-04
3.085184e-02 -1.720552e-03
2.835781e-02 -1.071645e-03
2.998273e-02 -1.341055e-03
1.500835e-02 -2.109520e-04
7.009793e-03 -4.692496e-05
3.989259e-02 -3.796392e-03
4.053311e-02 -4.737876e-03
4.107945e-02 -3.873354e-03
4.327063e-02 -1.102778e-04
4.239055e-02 -1.368199e-04
8.989490e-14 1.471476e-13
8.441744e-14 1.521274e-13
1.519597e-02 -8.355154e-03
1.855358e-02 -9.512118e-03
1.696430e-12 -2.896483e-12
1.244872e-12 -1.696674e-12
1.080291e-04 -7.339059e-05
9.862170e-05 -6.767799e-05
4.337361e-02 -7.634095e-04
4.353399e-02 -7.552148e-04
9.724019e-03 -7.493131e-04
6.860221e-03 -4.958320e-04
4.343833e-02 -1.894633e-03
4.351020e-02 -1.555651e-03
3.813137e-02 -1.041176e-02
3.704118e-02 -1.105787e-02
3.567649e-02 -5.432562e-04
3.840762e-02 -5.121699e-04
4.213603e-02 -3.822261e-03
4.283602e-02 -3.680987e-03
2.053367e-02 -1.188968e-03
2.399810e-02 -1.512513e-03
2.234999e-02 -1.507478e-03
4.401496e-02 -2.546596e-04
4.396470e-02 -3.679883e-04
3.800852e-02 -5.473708e-03
3.951292e-02 -6.051188e-03
4.168403e-02 -3.076398e-03
3.020428e-02 -2.028034e-03
3.029079e-02 -1.887574e-03
4.232076e-02 -5.842209e-04
4.085995e-02 -4.700047e-04
3.840407e-02 -3.240071e-04
1.696147e-03 -1.139229e-03
1.740375e-03 -1.097648e-03
3.429600e-03 -2.141304e-03
7.134948e-05 -5.246475e-05
4.998269e-04 -3.577360e-04
2.524584e-12 -2.305736e-12
3.108803e-12 -2.618011e-12
6.015536e-12 -4.915832e-12
2.512183e-02 -5.922170e-04
1.451544e-02 -1.681696e-04
1.519057e-02 -1.764378e-04
1.850635e-02 -6.770743e-04
2.191229e-02 -9.868971e-04
7.359767e-13 -4.305747e-13
8.682499e-13 -5.380927e-13
1.234277e-12 -1.046719e-12
4.407867e-02 -1.267862e-04
5.710267e-03 -3.325664e-03
8.277397e-03 -4.480394e-03
2.989364e-02 -3.263587e-04
2.997686e-02 -1.632580e-04
2.978742e-02 -1.631011e-04
4.054040e-02 -1.383273e-03
4.311427e-02 -1.857050e-03
4.227848e-02 -5.893214e-03
4.278561e-02 -4.929967e-03
4.334883e-02 -2.283246e-03
4.399003e-02 -2.054849e-03
3.097336e-02 -1.219873e-03
3.196111e-02 -1.266049e-03
2.830677e-02 -4.959887e-04
1.615017e-02 -1.306811e-04
1.657403e-02 -1.259811e-04
1.866055e-02 -9.211373e-03
2.191559e-02 -1.043467e-02
4.031835e-03 -3.223399e-03
3.437381e-03 -2.970929e-03
2.558480e-02 -1.524391e-03
2.691845e-02 -1.771328e-03
4.344690e-02 -3.414854e-04
4.358204e-02 -3.412567e-04
4.352215e-02 -2.311128e-04
1.552464e-02 -1.574520e-04
2.642697e-02 -6.196214e-04
1.557520e-02 -1.739741e-04
1.569885e-02 -6.086506e-03
1.495321e-02 -5.393430e-03
1.832745e-02 -6.581960e-03
1.947349e-12 -1.907230e-12
5.986804e-05 -4.408920e-05
1.603719e-03 -1.137856e-03
2.958274e-02 -1.373250e-03
2.976325e-02 -1.384256e-03
2.968911e-02 -1.223894e-03
4.290619e-02 -1.285074e-03
4.326660e-02 -1.208088e-03
4.539201e-03 -2.020296e-03
2.476120e-03 -1.183519e-03
5.799672e-03 -3.553033e-03
2.862926e-02 -5.782001e-04
2.947510e-02 -7.464667e-04
2.724287e-02 -6.474497e-04
1.117200e-02 -5.631512e-03
1.409633e-02 -6.618317e-03
9.112436e-03 -3.532660e-03
8.452057e-03 -3.013344e-03
1.157130e-02 -4.174677e-03
2.982551e-02 -1.550462e-03
2.993188e-02 -1.401106e-03
3.751837e-03 -1.408633e-03
3.148030e-03 -1.066939e-03
5.488366e-03 -1.917681e-03
3.078047e-02 -1.012430e-02
3.040790e-02 -9.478338e-03
1.283941e-02 -1.854021e-04
2.155845e-02 -5.388615e-04
1.234203e-02 -1.919507e-04
4.378370e-02 -2.421731e-04
4.372558e-02 -1.161625e-04
3.072092e-02 -5.527542e-03
3.051291e-02 -4.717610e-03
3.068853e-02 -5.261451e-03
3.018359e-02 -8.055736e-04
3.037075e-02 -8.165420e-04
3.989430e-03 -7.131847e-04
2.885498e-03 -3.675850e-04
2.093734e-02 -6.941525e-03
2.003189e-02 -6.136700e-03
2.321806e-02 -7.064436e-03
1.156171e-02 -6.118917e-03
2.694971e-02 -8.701865e-03
2.613466e-02 -7.853282e-03
2.846595e-02 -8.460432e-03
2.395906e-02 -2.475207e-03
2.243557e-02 -2.617511e-03
2.080758e-02 -2.038900e-03
2.962458e-02 -4.609370e-04
2.751566e-02 -4.042552e-04
4.154717e-03 -1.693827e-03
4.200927e-02 -6.565615e-03
4.251367e-02 -5.998691e-03
2.759852e-02 -1.088553e-03
2.711231e-02 -1.101007e-03
5.248127e-03 -8.832488e-05
5.060480e-03 -9.542991e-05
1.641653e-02 -6.775874e-03
1.294229e-02 -5.400365e-03
2.980475e-02 -4.815539e-04
2.999419e-02 -4.817105e-04
1.131039e-03 -5.736015e-04
4.263572e-02 -1.221779e-03
4.222078e-02 -1.409638e-03
9.682850e-03 -4.045670e-03
3.016726e-02 -1.632586e-04
1.675643e-02 -1.069382e-04
2.920422e-02 -4.084743e-04
1.686820e-02 -1.157370e-04
2.952949e-02 -1.170450e-03
3.215404e-02 -1.970995e-03
2.174493e-02 -7.706924e-03
4.363880e-02 -4.564397e-04
4.371014e-02 -3.470519e-04
6.696892e-03 -2.781796e-03
2.546506e-02 -2.335958e-03
2.404595e-02 -1.882154e-03
2.679170e-02 -2.174317e-03
5.658474e-04 -3.629248e-04
3.036207e-02 -8.079813e-04
3.039152e-02 -6.445515e-04
3.038950e-02 -4.800599e-04
3.015963e-02 -3.209013e-04
2.999720e-02 -8.741759e-03
3.080185e-02 -8.806461e-03
2.414225e-02 -5.164660e-04
1.979797e-02 -3.565262e-04
2.200212e-02 -3.551432e-04
2.971762e-02 -1.540171e-04
3.040565e-02 -1.669333e-04
4.345786e-02 -1.125433e-04
4.359049e-02 -1.160692e-04
2.817132e-02 -2.064818e-03
2.911275e-02 -1.960545e-03
3.071098e-02 -7.350179e-03
3.095774e-02 -7.208576e-03
3.095247e-02 -8.042881e-03
2.998137e-02 -9.386592e-04
1.094749e-14 2.461173e-14
-8.905272e-15 4.014734e-14
3.756521e-02 -1.272256e-04
1.553646e-02 -3.132581e-03
1.894883e-02 -3.897659e-03
4.316121e-02 -4.040347e-03
4.309809e-02 -4.597210e-03
4.334622e-02 -4.531017e-04
3.279153e-02 -1.253439e-03
2.414178e-02 -3.165185e-04
2.609307e-02 -2.482499e-04
1.846198e-02 -1.488555e-03
2.059304e-02 -1.510611e-03
3.230842e-02 -5.121087e-04
3.916628e-02 -7.257984e-04
3.895826e-02 -3.443266e-03
3.795475e-02 -3.987327e-03
3.642114e-02 -9.432228e-03
3.677087e-02 -8.496315e-03
3.743465e-02 -9.258728e-03
3.935184e-02 -7.158763e-04
3.854792e-02 -7.741115e-04
3.042007e-02 -3.564491e-04
4.298694e-02 -5.115217e-03
4.279209e-02 -5.559695e-03
1.629088e-12 -1.211088e-12
1.071776e-02 -7.428850e-03
1.613435e-02 -9.731084e-03
1.098675e-02 -7.847839e-03
1.976534e-02 -2.166531e-04
4.070451e-02 -1.472844e-03
1.415086e-02 -4.729308e-03
2.978885e-02 -1.864023e-03
1.581384e-02 -1.373271e-04
2.725950e-02 -5.702121e-04
1.590087e-02 -1.575281e-04
3.930631e-02 -2.842093e-03
4.098973e-02 -2.547340e-03
7.623086e-03 -2.482700e-03
3.032227e-02 -3.697883e-03
3.029136e-02 -3.233602e-03
3.015706e-02 -3.107737e-03
4.020662e-02 -2.904323e-03
3.876400e-02 -2.945791e-03
3.755987e-02 -2.150535e-03
2.913626e-02 -1.674594e-03
3.022980e-02 -1.749409e-03
1.413494e-02 -1.666762e-04
2.493994e-02 -6.190721e-04
1.568630e-02 -2.237730e-04
3.039104e-02 -4.193945e-03
3.027707e-02 -3.983569e-03
2.532927e-02 -7.052935e-03
3.417792e-02 -1.289878e-03
1.062786e-05 -5.122108e-06
4.305208e-02 -7.942485e-04
4.278607e-02 -6.895364e-04
4.196424e-02 -8.213914e-04
2.956144e-02 -8.007611e-03
3.046153e-02 -4.370154e-03
3.121046e-02 -1.074106e-02
3.168810e-02 -1.131961e-02
1.584184e-02 -6.004841e-04
8.670796e-03 -1.807259e-04
8.592819e-03 -1.821542e-04
2.704499e-02 -8.928244e-04
2.387235e-02 -7.104468e-04
2.577905e-02 -6.965215e-04
2.390117e-02 -1.236354e-03
2.683274e-02 -1.475143e-03
2.381378e-02 -6.154587e-04
1.322559e-02 -1.845466e-04
1.529135e-02 -2.196169e-04
4.314115e-02 -2.965506e-03
4.323338e-02 -3.479661e-03
1.276534e-12 -3.945269e-13
2.139819e-12 -1.036302e-12
1.172497e-12 -3.740095e-13
4.318353e-02 -8.904971e-04
4.154925e-02 -1.204097e-04
3.088241e-02 -6.378333e-03
3.068585e-02 -5.726871e-03
3.150609e-02 -1.008095e-02
3.557469e-02 -1.999252e-04
1.572383e-02 -3.724004e-04
8.980058e-03 -1.084580e-04
7.854377e-03 -9.664487e-05
1.323305e-02 -4.037410e-03
1.658394e-02 -5.094760e-03
3.037693e-02 -1.748040e-03
3.022777e-02 -1.736712e-03
3.032227e-02 -2.819174e-03
3.859020e-02 -3.226804e-04
3.975681e-02 -2.984585e-04
1.766778e-02 -8.094961e-03
1.704277e-02 -7.443259e-03
2.757586e-02 -1.316815e-04
2.421996e-02 -1.085306e-04
2.000430e-02 -6.683369e-04
9.740007e-03 -2.931254e-03
2.143609e-02 -6.764113e-04
1.309307e-02 -2.559773e-04
1.194093e-02 -1.967320e-04
1.240557e-02 -1.099818e-04
2.282033e-02 -3.399609e-04
1.251319e-02 -9.416147e-05
1.939048e-02 -6.979862e-05
1.700764e-02 -9.807912e-05
1.810060e-02 -1.037593e-04
3.056434e-02 -5.080256e-03
9.634304e-03 -2.803874e-04
4.917732e-03 -6.747452e-05
4.340515e-02 -1.069481e-03
4.348535e-02 -1.172670e-03
3.591901e-02 -7.556386e-03
3.676398e-02 -7.433346e-03
2.811724e-02 -1.444259e-03
3.011382e-02 -2.177625e-03
3.003924e-02 -2.014995e-03
4.359560e-02 -1.334126e-03
4.370780e-02 -1.535641e-03
2.962422e-02 -4.754586e-04
2.972477e-02 -6.308104e-04
2.994376e-02 -1.122692e-03
2.495159e-02 -1.109611e-02
8.303335e-03 -1.527665e-04
1.525719e-02 -4.561889e-04
8.097964e-03 -1.185386e-04
6.556328e-03 -2.814986e-04
1.038704e-02 -6.745181e-04
3.035007e-02 -1.609817e-03
1.231223e-02 -7.402545e-05
3.034513e-02 -1.638355e-04
4.381782e-02 -5.736125e-04
4.394205e-02 -5.849713e-04
4.389074e-02 -4.739431e-04
3.496370e-02 -6.587193e-03
3.392299e-02 -5.541087e-03
3.455805e-02 -5.453455e-03
6.002015e-03 -4.431082e-05
5.883004e-03 -5.261267e-05
3.026262e-02 -3.269734e-04
3.112497e-02 -6.982991e-03
1.832835e-02 -9.648576e-05
5.068962e-03 -6.161801e-05
8.797277e-03 -8.858586e-05
1.484252e-02 -2.198390e-04
6.997898e-03 -4.477899e-05
3.036070e-02 -4.899966e-04
9.035227e-03 -1.909742e-04
2.027110e-02 -1.100802e-04
3.290183e-02 -3.603240e-04
2.469708e-02 -8.626039e-03
1.262611e-02 -2.528975e-04
2.962626e-12 -2.684385e-12
1.445460e-12 -1.542350e-12
6.212408e-05 -4.069893e-05
1.075157e-02 -2.015887e-04
5.588655e-03 -5.572504e-05
3.156371e-02 -2.325500e-03
3.647893e-02 -2.755828e-03
2.674923e-02 -2.845779e-03
5.450919e-03 -6.146112e-05
3.207856e-03 -2.233727e-03
1.399845e-03 -1.051077e-03
2.126708e-02 -5.440283e-03
2.336326e-02 -5.421893e-03
2.437652e-02 -6.220605e-03
9.965593e-13 -6.513172e-13
1.030508e-12 -6.630354e-13
6.904218e-03 -3.202660e-05
3.505282e-02 -7.623083e-03
3.066247e-02 -3.730267e-03
3.012961e-02 -3.502694e-03
3.004236e-02 -3.040486e-03
3.102348e-02 -1.221353e-02
1.906496e-02 -5.364480e-03
9.932523e-03 -2.252494e-04
4.196636e-02 -2.436706e-03
1.438194e-02 -2.146547e-04
1.400509e-02 -1.779192e-04
2.961562e-02 -1.070305e-03
4.333237e-02 -4.319760e-03
4.368750e-02 -5.596326e-04
2.999348e-02 -2.627581e-03
2.998642e-02 -2.943826e-03
3.123741e-02 -8.685163e-03
1.486557e-02 -7.647552e-03
1.166498e-02 -6.460264e-03
1.793814e-02 -4.547886e-05
1.778406e-02 -6.523122e-05
1.257981e-03 -4.164944e-04
2.106551e-02 -3.917004e-03
2.224967e-02 -4.650563e-03
3.365416e-04 -1.772405e-04
3.009596e-02 -6.447451e-04
2.725907e-02 -9.715961e-04
3.278102e-02 -2.292350e-04
2.046783e-02 -9.790631e-05
3.002138e-02 -3.315948e-03
3.009577e-02 -3.715968e-03
3.864949e-02 -9.331245e-03
3.694863e-02 -1.052659e-02
3.817816e-02 -9.955849e-03
2.941121e-02 -1.577488e-04
2.951840e-02 -3.208499e-04
2.959701e-02 -1.631011e-04
1.825989e-02 -8.717596e-03
1.979932e-02 -8.038595e-03
1.110972e-12 -5.111325e-13
6.573794e-13 -1.447165e-13
3.515919e-03 -9.842263e-05
3.270135e-03 -1.209317e-04
2.940819e-02 -1.362166e-03
2.933002e-02 -1.199694e-03
2.922961e-02 -1.348973e-03
2.509084e-03 -1.961613e-03
1.162535e-03 -9.257766e-04
4.373842e-02 -6.709840e-04
1.543245e-03 -1.901306e-03
2.337570e-03 -2.273845e-03
5.793550e-03 -5.064080e-03
2.922080e-02 -1.577488e-04
2.996549e-02 -1.861894e-03
2.987305e-02 -2.000529e-03
1.628397e-02 -2.559398e-03
1.847346e-02 -2.640343e-03
1.984524e-02 -3.257702e-03
1.935797e-03 -1.325344e-04
1.617112e-03 -1.323585e-04
2.035362e-02 -1.091858e-02
2.189065e-02 -1.135656e-02
2.725408e-02 -1.444794e-04
2.852856e-02 -1.542506e-04
3.015894e-02 -1.583097e-03
3.006267e-02 -1.720881e-03
2.948232e-02 -1.522529e-03
2.914027e-02 -3.154963e-04
2.902830e-02 -1.575643e-04
4.957164e-14 9.297225e-15
3.160901e-02 -9.299529e-03
3.205504e-02 -9.842351e-03
1.304691e-02 -2.462049e-04
1.255476e-02 -1.889029e-04
2.882739e-02 -1.566301e-04
2.871814e-02 -3.091273e-04
3.200461e-02 -1.214558e-02
3.233663e-02 -1.169881e-02
3.322298e-02 -1.186271e-02
2.305298e-04 -5.215932e-05
1.284057e-04 -3.257162e-05
8.922048e-04 -1.415038e-04
6.096883e-04 -1.184050e-04
1.024402e-13 1.726516e-15
2.889755e-04 -2.284632e-04
8.400559e-06 -2.565158e-06
6.204017e-06 -2.505359e-06
2.953803e-02 -9.093087e-04
2.943101e-02 -1.051892e-03
7.117706e-04 -1.681954e-03
4.619981e-03 -4.329086e-03
5.332818e-13 -3.900599e-14
3.852974e-13 -4.018626e-14
2.128562e-05 -1.772078e-05
2.980502e-02 -2.528047e-03
2.949913e-02 -2.543573e-03
2.115203e-02 -9.406064e-03
4.364270e-02 -1.159128e-03
3.329397e-02 -5.626910e-03
3.289914e-02 -4.615485e-03
4.398788e-02 -6.955302e-04
4.405806e-02 -5.956179e-04
3.554107e-03 -1.889972e-04
3.197967e-03 -2.095324e-04
4.404573e-14 -1.809901e-13
-6.285024e-14 -2.755123e-13
7.077654e-14 3.900264e-14
7.550115e-14 -2.366159e-14
3.018622e-02 -7.451432e-03
3.365925e-03 -5.209889e-05
2.119326e-02 -9.496757e-04
2.080004e-02 -7.904222e-04
1.428017e-02 -2.486256e-03
1.176994e-02 -6.761044e-03
8.488715e-03 -5.061957e-03
2.332988e-02 -1.156348e-02
2.616375e-02 -1.205672e-02
2.780374e-02 -1.229390e-02
4.855247e-14 9.758334e-14
4.596346e-14 1.078708e-13
3.558534e-02 -6.764203e-04
4.788064e-12 -1.201580e-12
1.625198e-05 -2.201352e-05
1.766714e-05 -4.111979e-05
5.642329e-03 -3.637597e-03
5.484000e-03 -3.699712e-03
2.650301e-13 1.924049e-15
1.686218e-13 7.669643e-15
4.327739e-02 -2.322699e-03
4.358592e-02 -2.251112e-03
4.340857e-02 -3.324531e-03
1.186482e-02 -8.796437e-03
3.021017e-02 -2.437994e-03
4.034435e-02 -8.004341e-03
3.943967e-02 -8.542444e-03
1.444805e-02 -2.357696e-04
1.299847e-02 -3.436797e-04
4.386151e-02 -7.741875e-04
3.995115e-02 -5.850916e-04
4.200504e-02 -6.078097e-04
4.350189e-02 -9.480502e-04
4.333543e-02 -9.748816e-04
4.188557e-02 -6.609390e-03
4.117091e-02 -7.330724e-03
2.979217e-02 -2.788759e-03
3.889235e-02 -6.301599e-04
4.384137e-02 -3.567793e-04
2.700222e-02 -6.845101e-03
2.925243e-02 -1.038698e-03
2.370617e-02 -3.185718e-03
2.052048e-02 -2.642112e-03
4.295229e-13 -1.253514e-13
4.203848e-02 -3.909063e-03
4.162999e-02 -3.090993e-03
3.003841e-02 -2.380631e-03
2.987224e-02 -2.325462e-03
2.989688e-02 -1.708291e-03
1.268377e-02 -1.278440e-04
3.668550e-02 -1.020973e-03
3.583027e-02 -1.109810e-03
3.018485e-02 -4.895496e-04
4.290841e-02 -1.039681e-03
4.209434e-02 -1.120106e-03
9.707488e-03 -1.780726e-04
2.867423e-02 -1.000030e-03
2.794233e-02 -9.301186e-04
2.836684e-02 -1.107425e-03
8.492230e-14 -1.685793e-13
1.601003e-13 -5.236186e-13
1.292722e-02 -3.301367e-04
3.011220e-14 7.179941e-14
-3.783999e-15 4.901735e-14
3.022278e-02 -1.457659e-03
3.039241e-02 -1.462401e-03
6.284606e-14 7.903634e-14
1.356902e-13 5.971392e-14
2.206896e-02 -1.182934e-03
2.175996e-02 -1.099028e-03
2.865750e-02 -1.313367e-03
2.875291e-02 -1.474296e-03
2.887233e-02 -1.324687e-03
2.517901e-02 -5.283513e-03
5.483318e-13 -5.165792e-13
1.792377e-05 -2.366736e-05
1.882311e-02 -1.033778e-02
7.646111e-14 -1.105394e-13
2.442240e-02 -7.105518e-04
2.872574e-02 -2.151500e-03
2.856005e-02 -2.105118e-03
2.869872e-02 -2.180205e-03
5.493357e-14 1.050791e-13
1.108740e-13 -6.423656e-13
2.303444e-02 -3.875571e-03
2.905524e-02 -1.335657e-03
2.913340e-02 -1.498129e-03
2.950482e-02 -2.112832e-03
4.292842e-02 -5.132242e-03
4.247485e-02 -5.867867e-03
2.792466e-02 -1.212719e-03
2.896854e-02 -1.175532e-03
4.006761e-02 -1.937105e-03
3.497491e-02 -1.207840e-03
3.258541e-02 -1.104157e-02
2.017138e-02 -9.639606e-04
3.157052e-02 -8.450291e-03
2.938465e-02 -1.668677e-03
2.921228e-02 -1.658782e-03
2.928921e-02 -1.816010e-03
2.936915e-02 -1.970106e-03
2.944672e-02 -2.120471e-03
2.953903e-02 -1.976196e-03
4.319030e-02 -5.656498e-04
2.897025e-02 -2.349143e-03
2.882038e-02 -2.214795e-03
2.902322e-02 -2.293345e-03
1.487908e-02 -8.998611e-05
6.911285e-03 -5.083720e-05
3.266632e-13 -4.196245e-14
3.010206e-02 -1.422587e-03
3.003980e-02 -1.256381e-03
2.906952e-02 -1.032501e-03
2.888626e-02 -1.021436e-03
8.319915e-13 -1.610665e-13
2.917051e-02 -8.846989e-04
8.143046e-03 -5.282102e-03
5.063021e-03 -3.598799e-03
2.878581e-02 -8.584908e-04
1.368266e-02 -4.599334e-04
2.811099e-02 -1.933851e-03
2.759318e-02 -1.905410e-03
1.834460e-02 -2.323189e-03
1.164971e-02 -6.941354e-03
2.740333e-12 -1.121234e-12
2.502829e-12 -2.537501e-13
3.127486e-02 -5.729896e-03
3.172135e-02 -6.657823e-03
3.124523e-02 -6.237785e-03
2.919695e-02 -1.960113e-03
1.912581e-02 -7.370521e-05
2.408362e-02 -1.230290e-04
2.237018e-02 -8.440907e-03
2.308522e-02 -9.164868e-03
2.970817e-02 -1.988105e-03
2.978270e-02 -2.141800e-03
3.564672e-02 -3.822446e-03
3.755529e-02 -4.577891e-03
2.987225e-02 -3.436140e-03
3.022594e-02 -4.129926e-03
2.903810e-02 -1.645456e-03
9.276311e-03 -1.793392e-04
1.652273e-02 -6.303682e-04
1.667218e-02 -1.486385e-03
2.799344e-02 -1.926219e-03
2.858294e-02 -1.953779e-03
2.870842e-02 -2.131926e-03
1.794184e-02 -1.281074e-04
3.058736e-02 -4.922249e-03
3.092983e-02 -5.781120e-03
2.963056e-02 -1.837574e-03
2.944158e-02 -2.845773e-03
2.982381e-02 -3.346841e-03
2.962574e-02 -3.145312e-03
2.250814e-03 -4.049496e-04
2.451984e-02 -1.053482e-02
4.277877e-02 -2.375765e-03
4.073062e-02 -1.026137e-03
3.979442e-02 -1.194226e-03
2.970083e-02 -2.292130e-03
2.972823e-02 -1.691423e-03
4.380675e-02 -1.547691e-03
4.376270e-02 -1.849120e-03
3.395182e-02 -4.369469e-03
3.526662e-02 -5.320557e-03
2.923421e-02 -2.375802e-03
2.931741e-02 -2.593835e-03
3.517364e-02 -7.522935e-04
2.943842e-02 -4.701064e-04
3.653379e-02 -6.311558e-03
3.769083e-02 -7.202354e-03
2.601789e-02 -1.033584e-03
2.957183e-02 -2.896057e-03
4.039949e-02 -7.060450e-03
4.368998e-02 -2.217038e-03
4.358327e-02 -2.723497e-03
1.544758e-02 -3.920842e-04
1.505991e-02 -4.266932e-04
3.043342e-02 -4.511281e-03
2.911723e-02 -2.163287e-03
3.222862e-02 -3.570855e-03
2.955919e-02 -1.679761e-03
2.921770e-02 -2.586634e-03
4.376024e-02 -1.168307e-03
4.367973e-02 -1.047772e-03
3.197776e-02 -4.750298e-03
3.107682e-02 -3.913427e-03
3.026627e-02 -1.438493e-03
3.121839e-02 -6.667637e-03
3.144373e-02 -7.561365e-03
2.679832e-02 -5.053043e-03
2.765207e-02 -5.767511e-03
4.175616e-02 -5.853270e-03
3.254493e-02 -9.462540e-03
3.262306e-02 -1.030412e-02
4.386753e-02 -2.552262e-03
4.394596e-02 -2.137983e-03
4.381530e-02 -2.171091e-03
2.897518e-02 -7.263533e-03
6.542660e-03 -5.092393e-03
2.825242e-03 -2.639233e-03
2.380492e-02 -9.884199e-03
3.417388e-02 -1.147524e-02
3.409368e-02 -1.191833e-02
1.152902e-02 -7.096684e-03
3.264481e-02 -3.434897e-03
3.300495e-02 -3.253557e-03
4.268136e-02 -4.556202e-03
4.328856e-02 -4.413653e-03
3.613696e-02 -1.126848e-02
3.605122e-02 -1.150157e-02
3.499605e-02 -1.180988e-02
2.962771e-02 -2.457169e-03
2.958287e-02 -2.661203e-03
2.716344e-02 -7.549865e-04
3.250528e-02 -1.247950e-02
3.379542e-02 -1.222321e-02
3.338828e-02 -1.237942e-02
3.333885e-02 -1.062998e-02
4.591419e-03 -3.445186e-03
3.095906e-02 -1.257686e-02
3.282550e-02 -1.245483e-02
3.213453e-02 -1.245781e-02
3.184154e-02 -8.089111e-03
2.905650e-02 -4.607584e-04
2.924880e-02 -4.607888e-04
2.935882e-02 -2.258850e-03
2.953011e-02 -2.267551e-03
3.497615e-02 -4.001503e-03
3.654161e-02 -4.893751e-03
3.592148e-02 -5.116667e-03
3.515755e-02 -1.168835e-02
3.466393e-02 -1.168363e-02
3.327742e-02 -1.220253e-02
2.624990e-02 -2.732248e-04
1.963679e-13 -1.758634e-13
3.079385e-02 -4.844032e-03
3.126024e-02 -5.103571e-03
4.392908e-02 -1.545425e-03
4.385052e-02 -1.329344e-03
4.399757e-02 -1.796230e-03
2.937994e-02 -2.567748e-03
2.891549e-02 -1.965260e-03
3.858242e-13 -1.451916e-12
3.127624e-02 -1.167328e-03
3.461544e-02 -1.307479e-03
2.920858e-02 -2.028709e-03
2.928802e-02 -1.872990e-03
3.236380e-02 -8.563593e-03
3.300602e-02 -8.936101e-03
3.585858e-02 -1.025391e-02
3.546563e-02 -9.451494e-03
1.392863e-12 -2.647482e-12
3.711375e-12 -5.731819e-12
3.229189e-02 -7.002660e-03
3.207264e-02 -7.616690e-03
3.438910e-02 -1.212142e-02
6.221877e-13 -3.651915e-13
3.204068e-03 -6.228116e-05
6.738997e-14 1.187210e-13
4.359277e-02 -3.173349e-03
3.866753e-02 -8.000515e-03
3.843617e-02 -8.982552e-03
3.029478e-02 -4.043492e-03
3.793850e-02 -9.859303e-03
3.709671e-02 -1.061983e-02
2.421040e-02 -5.161862e-04
3.201102e-02 -1.241373e-02
1.338842e-02 -1.081445e-03
3.095848e-02 -1.243686e-02
2.941757e-02 -1.231671e-02
1.354008e-02 -9.286622e-03
4.053199e-02 -5.395257e-03
4.102591e-02 -4.854799e-03
2.797387e-02 -3.577774e-03
2.908612e-02 -2.449163e-03
2.896932e-02 -2.323657e-03
1.950897e-02 -1.109482e-02
3.853229e-02 -6.897559e-03
2.834012e-02 -6.509717e-03
2.971594e-02 -1.149528e-03
2.861062e-02 -4.504386e-04
2.887589e-02 -4.582857e-04
4.244858e-02 -2.337741e-03
4.156975e-02 -2.647269e-03
6.234727e-03 -1.438633e-05
6.209997e-03 -4.554195e-06
2.702823e-02 -1.210430e-02
2.397237e-02 -1.169409e-02
1.275324e-02 -5.210433e-04
1.716680e-02 -9.001515e-04
2.682656e-02 -2.820475e-03
1.369759e-02 -2.920733e-05
3.609663e-02 -1.084693e-02
2.887005e-02 -2.191568e-03
2.878658e-02 -2.059044e-03
3.496874e-04 -1.092361e-04
1.594093e-05 -4.368291e-06
1.793735e-02 -3.552998e-04
9.760278e-04 -8.607750e-05
5.502604e-14 1.394656e-13
3.112405e-02 -1.212239e-02
1.431224e-02 -4.383420e-04
1.382309e-02 -4.638352e-04
2.935463e-02 -6.153975e-04
1.741589e-14 5.946783e-14
4.353432e-02 -3.790144e-03
4.348311e-02 -4.063955e-03
2.943309e-02 -1.431390e-03
4.888499e-14 6.610862e-14
5.622250e-14 6.748383e-14
4.999221e-14 8.774777e-14
3.400171e-02 -1.147328e-04
1.731560e-02 -3.974538e-05
1.729189e-02 -1.607159e-05
1.197406e-02 -1.845335e-04
2.927589e-02 -2.390411e-03
2.920854e-02 -2.520952e-03
2.665064e-02 -1.164778e-02
2.561318e-02 -1.478081e-03
2.415579e-02 -1.480139e-03
2.801908e-02 -4.251511e-04
2.849243e-02 -5.860450e-04
2.963345e-02 -7.762185e-04
2.472697e-02 -3.068102e-04
2.877846e-02 -1.243715e-02
2.866833e-02 -1.615259e-03
2.887617e-02 -1.626951e-03
4.374223e-02 -3.049343e-03
4.385222e-02 -2.931189e-03
1.082903e-12 -1.242388e-12
8.079517e-13 -7.761310e-13
3.705788e-02 -4.598164e-03
3.801140e-02 -5.761764e-03
2.898523e-02 -6.037106e-04
4.357255e-02 -3.628442e-03
3.355802e-02 -6.637593e-03
3.275295e-02 -5.640936e-03
2.919261e-02 -2.245192e-03
3.400197e-02 -1.008791e-02
3.416102e-02 -1.084135e-02
3.931685e-02 -6.520135e-03
4.000190e-02 -6.037200e-03
4.364330e-02 -7.564982e-04
4.356868e-02 -8.545968e-04
3.574554e-02 -1.165700e-02
6.185773e-13 1.867631e-13
3.507614e-02 -1.091798e-02
3.226394e-02 -1.120641e-02
4.085103e-02 -9.086058e-04
3.662489e-02 -8.365049e-04
5.227036e-13 1.827561e-14
5.818971e-04 -6.426612e-04
3.054467e-02 -1.293301e-03
6.072376e-13 -3.301217e-13
1.204642e-05 -3.397351e-06
3.182028e-02 -2.271854e-03
3.334024e-02 -3.074760e-03
3.360423e-02 -2.861916e-03
2.711451e-02 -1.233564e-03
3.548531e-02 -1.169130e-02
3.668764e-02 -1.107588e-02
3.955224e-02 -2.424849e-04
1.318470e-04 -1.374974e-04
7.295091e-04 -8.276480e-05
1.620669e-02 -3.314468e-04
1.539757e-02 -3.465402e-04
3.907344e-02 -4.840216e-03
3.080780e-02 -6.955238e-04
3.064862e-02 -5.961507e-04
2.903169e-02 -2.225512e-03
4.011355e-02 -4.015280e-03
3.222581e-13 -1.059181e-12
2.887306e-02 -1.922703e-03
2.870655e-02 -1.905250e-03
3.110638e-02 -4.513585e-03
2.455847e-02 -1.063812e-03
2.745702e-02 -1.412204e-03
1.916262e-02 -9.803358e-04
3.182032e-02 -2.926855e-03
2.907438e-02 -9.771782e-04
2.794336e-02 -1.045438e-03
2.446614e-02 -3.733293e-03
2.550464e-02 -4.372443e-03
1.701080e-02 -2.069464e-03
4.362439e-02 -9.471675e-04
3.300797e-02 -1.911207e-03
3.494334e-02 -8.573794e-03
3.425484e-02 -7.575111e-03
1.074072e-02 -7.246130e-03
2.073750e-02 -5.273464e-04
3.225054e-02 -5.634751e-03
2.911500e-02 -2.095583e-03
2.553049e-02 -1.600379e-03
2.732639e-02 -1.865551e-03
2.960177e-02 -1.453731e-03
3.083091e-02 -1.850944e-03
3.785668e-02 -1.034151e-02
3.372034e-02 -9.207679e-03
3.454741e-02 -9.382902e-03
2.155476e-02 -1.075084e-03
2.100741e-02 -1.073975e-03
3.089461e-02 -5.461122e-04
2.903502e-02 -1.941360e-03
2.944883e-02 -7.578054e-04
3.796256e-02 -1.391586e-03
3.122717e-02 -9.499499e-04
3.560942e-02 -1.119094e-02
3.331943e-02 -1.185993e-02
2.854060e-02 -1.908184e-03
2.754868e-02 -1.763789e-03
2.662467e-13 -4.472429e-14
1.672422e-02 -7.047499e-04
1.268794e-02 -4.449870e-04
4.771601e-13 -2.792495e-13
3.015560e-02 -1.220549e-03
3.025947e-02 -1.061217e-03
4.329521e-02 -9.616218e-04
4.397887e-02 -9.290758e-04
7.416906e-03 -5.230136e-03
3.520972e-02 -2.650267e-03
3.431935e-02 -2.602483e-03
2.895495e-02 -1.787427e-03
1.596387e-02 -1.657223e-03
3.598453e-02 -1.066847e-02
2.606631e-02 -3.587413e-03
6.210929e-13 -9.776793e-13
4.403650e-02 -8.190799e-04
2.724993e-02 -1.562398e-03
4.177008e-02 -4.515147e-03
3.787039e-02 -1.048571e-02
3.950425e-02 -1.333026e-03
3.405019e-02 -2.743411e-03
2.925922e-02 -7.484878e-04
4.313959e-02 -3.419539e-03
3.459324e-02 -1.077803e-02
3.780685e-02 -3.859082e-03
3.119344e-02 -3.375430e-03
4.375288e-02 -2.767674e-03
2.254302e-02 -7.182573e-04
2.995602e-02 -1.315361e-03
3.966173e-02 -4.240535e-04
3.066429e-02 -1.717362e-04
3.023690e-02 -1.254885e-02
3.456903e-13 -2.303686e-13
3.587038e-02 -3.618023e-03
2.907631e-02 -7.422910e-04
2.927576e-02 -1.192345e-03
1.253633e-02 -8.798715e-05
4.383442e-02 -6.214750e-04
3.335279e-02 -8.268403e-03
3.602996e-02 -1.041842e-03
3.130780e-02 -1.255957e-02
1.063518e-02 -6.826987e-03
1.040464e-02 -6.898381e-03
3.231489e-02 -1.174409e-02
4.369883e-02 -3.288406e-03
3.013923e-02 -7.511077e-04
1.765648e-02 -1.204048e-04
2.889652e-02 -7.399208e-04
3.354736e-02 -7.527932e-03
6.119914e-14 1.284042e-13
2.842675e-02 -1.595319e-03
2.862719e-02 -1.771858e-03
2.817721e-02 -6.933772e-04
2.867071e-02 -7.185614e-04
1.441751e-02 -8.749823e-03
3.140549e-13 -7.425776e-13
2.607238e-02 -1.597773e-03
3.460643e-13 -1.048802e-13
3.695289e-13 -5.080105e-13
1.791097e-02 -9.899525e-03
1.458314e-02 -8.507485e-03
3.173027e-02 -5.401388e-03
3.234707e-02 -6.327891e-03
1.919583e-02 -5.764322e-04
3.286688e-02 -7.324377e-03
3.762404e-02 -4.412164e-03
3.990084e-14 1.098192e-13
3.269566e-02 -4.915115e-03
3.614227e-02 -5.396605e-03
