1.000000e+00
0.000000e+00
1.000000e+00 0.000000e+00
taylor-hood
bfs
0.000000e+00 0.000000e+00
0.000000e+00 0.000000e+00
0.000000e+00 0.000000e+00
0.000000e+00 0.000000e+00
0.000000e+00 0.000000e+00
0.000000e+00 0.000000e+00
0.000000e+00 0.000000e+00
0.000000e+00 0.000000e+00
0.000000e+00 0.000000e+00
0.000000e+00 0.000000e+00
0.000000e+00 0.000000e+00
0.000000e+00 0.000000e+00
0.000000e+00 0.000000e+00
0.000000e+00 0.000000e+00
0.000000e+00 0.000000e+00
0.000000e+00 0.000000e+00
0.000000e+00 0.000000e+00
0.000000e+00 0.000000e+00
0.000000e+00 0.000000e+00
0.000000e+00 0.000000e+00
0.000000e+00 0.000000e+00
0.000000e+00 0.000000e+00
0.000000e+00 0.000000e+00
0.000000e+00 0.000000e+00
0.000000e+00 0.000000e+00
0.000000e+00 0.000000e+00
0.000000e+00 0.000000e+00
0.000000e+00 0.000000e+00
0.000000e+00 0.000000e+00
0.000000e+00 0.000000e+00
0.000000e+00 0.000000e+00
0.000000e+00 0.000000e+00
0.000000e+00 0.000000e+00
0.000000e+00 0.000000e+00
0.000000e+00 0.000000e+00
0.000000e+00 0.000000e+00
0.000000e+00 0.000000e+00
0.000000e+00 0.000000e+00
0.000000e+00 0.000000e+00
0.000000e+00 0.000000e+00
0.000000e+00 0.000000e+00
9.939698e-02 0.000000e+00
1.653861e-01 0.000000e+00
1.980943e-01 0.000000e+00
1.977017e-01 0.000000e+00
1.644158e-01 0.000000e+00
9.846278e-02 0.000000e+00
5.387665e-02 0.000000e+00
1.365627e-01 0.000000e+00
1.858899e-01 0.000000e+00
2.020229e-01 0.000000e+00
1.851558e-01 0.000000e+00
1.355090e-01 0.000000e+00
5.329313e-02 0.000000e+00
0.000000e+00 0.000000e+00
0.000000e+00 0.000000e+00
0.000000e+00 0.000000e+00
0.000000e+00 0.000000e+00
0.000000e+00 0.000000e+00
0.000000e+00 0.000000e+00
0.000000e+00 0.000000e+00
0.000000e+00 0.000000e+00
0.000000e+00 0.000000e+00
0.000000e+00 0.000000e+00
0.000000e+00 0.000000e+00
0.000000e+00 0.000000e+00
0.000000e+00 0.000000e+00
0.000000e+00 0.000000e+00
0.000000e+00 0.000000e+00
0.000000e+00 0.000000e+00
0.000000e+00 0.000000e+00
0.000000e+00 0.000000e+00
0.000000e+00 0.000000e+00
0.000000e+00 0.000000e+00
0.000000e+00 0.000000e+00
0.000000e+00 0.000000e+00
0.000000e+00 0.000000e+00
0.000000e+00 0.000000e+00
0.000000e+00 0.000000e+00
0.000000e+00 0.000000e+00
0.000000e+00 0.000000e+00
0.000000e+00 0.000000e+00
0.000000e+00 0.000000e+00
0.000000e+00 0.000000e+00
0.000000e+00 0.000000e+00
0.000000e+00 0.000000e+00
0.000000e+00 0.000000e+00
0.000000e+00 0.000000e+00
0.000000e+00 0.000000e+00
0.000000e+00 0.000000e+00
0.000000e+00 0.000000e+00
0.000000e+00 0.000000e+00
0.000000e+00 0.000000e+00
0.000000e+00 0.000000e+00
0.000000e+00 0.000000e+00
0.000000e+00 0.000000e+00
4.488125e-02 0.000000e+00
8.057855e-02 0.000000e+00
1.072127e-01 0.000000e+00
1.248792e-01 0.000000e+00
1.336298e-01 0.000000e+00
1.334784e-01 0.000000e+00
1.244237e-01 0.000000e+00
1.064792e-01 0.000000e+00
7.969461e-02 0.000000e+00
4.416182e-02 0.000000e+00
2.359688e-02 0.000000e+00
6.387037e-02 0.000000e+00
9.502185e-02 0.000000e+00
1.171629e-01 0.000000e+00
1.303679e-01 0.000000e+00
1.346673e-01 0.000000e+00
1.300640e-01 0.000000e+00
1.165606e-01 0.000000e+00
9.418681e-02 0.000000e+00
6.301403e-02 0.000000e+00
2.315192e-02 0.000000e+00
0.000000e+00 0.000000e+00
0.000000e+00 0.000000e+00
0.000000e+00 0.000000e+00
0.000000e+00 0.000000e+00
0.000000e+00 0.000000e+00
0.000000e+00 0.000000e+00
0.000000e+00 0.000000e+00
0.000000e+00 0.000000e+00
0.000000e+00 0.000000e+00
0.000000e+00 0.000000e+00
0.000000e+00 0.000000e+00
0.000000e+00 0.000000e+00
0.000000e+00 0.000000e+00
0.000000e+00 0.000000e+00
0.000000e+00 0.000000e+00
0.000000e+00 0.000000e+00
0.000000e+00 0.000000e+00
0.000000e+00 0.000000e+00
0.000000e+00 0.000000e+00
0.000000e+00 0.000000e+00
0.000000e+00 0.000000e+00
0.000000e+00 0.000000e+00
0.000000e+00 0.000000e+00
0.000000e+00 0.000000e+00
0.000000e+00 0.000000e+00
0.000000e+00 0.000000e+00
0.000000e+00 0.000000e+00
0.000000e+00 0.000000e+00
0.000000e+00 0.000000e+00
0.000000e+00 0.000000e+00
0.000000e+00 0.000000e+00
0.000000e+00 0.000000e+00
0.000000e+00 0.000000e+00
0.000000e+00 0.000000e+00
0.000000e+00 0.000000e+00
0.000000e+00 0.000000e+00
0.000000e+00 0.000000e+00
0.000000e+00 0.000000e+00
0.000000e+00 0.000000e+00
0.000000e+00 0.000000e+00
0.000000e+00 0.000000e+00
0.000000e+00 0.000000e+00
0.000000e+00 0.000000e+00
0.000000e+00 0.000000e+00
0.000000e+00 0.000000e+00
0.000000e+00 0.000000e+00
0.000000e+00 0.000000e+00
1.708886e-02 -1.015468e-03
2.374321e-02 -3.834501e-04
1.622201e-02 -2.541425e-02
4.707798e-02 -1.540303e-03
5.749743e-02 -4.198795e-02
4.619014e-02 -4.416175e-02
2.880076e-02 -1.670304e-04
5.488781e-02 -2.830488e-03
9.035517e-03 -1.198147e-03
8.436707e-02 -5.305573e-02
7.241906e-02 -5.193907e-02
3.790507e-02 -3.843625e-04
1.052582e-01 -5.668258e-02
9.321260e-02 -5.412702e-02
1.220727e-01 -5.625472e-02
1.097217e-01 -5.268514e-02
1.346577e-01 -3.488512e-04
6.593711e-02 -4.472411e-04
1.370022e-01 -5.501925e-02
1.338195e-01 -5.290786e-02
1.231783e-01 -4.892004e-02
1.587558e-03 -5.035501e-04
5.029236e-04 -1.055209e-03
1.416280e-01 -4.761490e-02
1.317347e-01 -4.342030e-02
7.919996e-02 -9.942931e-04
1.100395e-01 -4.239652e-02
1.230022e-01 -3.742673e-02
6.484523e-02 -4.621756e-02
2.019935e-01 3.097684e-05
1.373944e-01 -3.713733e-02
1.308402e-01 -3.183052e-02
1.162832e-01 -3.049596e-02
1.249539e-01 -2.582869e-02
1.356563e-01 -2.606921e-02
1.309325e-01 -2.111047e-02
1.375339e-01 -2.046591e-02
1.344475e-01 -1.642794e-02
1.102362e-01 -2.354305e-02
6.948146e-02 -2.838844e-03
1.367513e-01 -1.528726e-02
1.357150e-01 -1.228022e-02
1.310235e-01 -1.244950e-02
1.340338e-01 -9.329446e-03
1.269363e-01 -8.926774e-03
1.313493e-01 -6.689851e-03
1.349608e-01 -6.668914e-03
6.193717e-02 -2.765120e-05
3.162670e-02 -7.578466e-05
1.823837e-02 -5.481330e-04
9.841271e-02 -2.653727e-02
8.396477e-02 -2.112116e-04
6.403531e-02 -3.281625e-03
-2.090409e-04 -1.344613e-04
3.925770e-02 -1.529113e-04
1.167429e-01 -2.388712e-04
1.179624e-01 -2.369935e-04
1.339239e-01 -4.765809e-03
1.271386e-01 -4.469658e-03
1.338815e-01 -4.497058e-03
1.335789e-01 -1.086538e-02
1.406000e-01 -2.414462e-02
9.307331e-02 -1.954636e-02
7.968227e-02 -2.060968e-02
1.530915e-01 -4.915766e-02
4.290625e-05 3.880174e-04
1.545072e-01 -4.306116e-02
1.649869e-01 -4.219971e-02
1.589606e-01 -3.560102e-02
1.311201e-01 -3.161683e-03
1.209199e-01 -2.759591e-03
1.139088e-01 -3.642175e-03
1.093155e-01 -4.438889e-02
1.315475e-01 -1.275642e-02
1.656029e-01 -3.297171e-02
1.751092e-01 -3.794032e-02
7.507131e-02 -1.445073e-02
8.737833e-02 -1.370790e-02
6.168065e-02 -1.441948e-02
6.508349e-02 -2.049015e-02
1.233463e-01 -8.399837e-03
1.949868e-02 -2.747735e-02
1.700743e-01 -2.779140e-02
1.832183e-01 -3.063299e-02
4.814592e-02 -1.340140e-02
5.044629e-02 -1.917318e-02
1.718743e-01 -2.142358e-02
1.868211e-01 -2.223118e-02
1.906205e-01 -2.976879e-02
1.960897e-01 -2.034970e-02
1.900077e-01 -2.466293e-02
1.971270e-01 -1.569593e-02
1.969585e-01 -1.264658e-02
2.008270e-01 -9.150054e-03
1.798073e-01 -1.640935e-02
1.051250e-01 -2.089392e-03
1.128247e-01 -1.572927e-03
1.525225e-01 -2.646395e-02
1.204807e-01 -1.124906e-02
1.930558e-01 -7.033764e-03
2.010175e-01 -4.782319e-03
1.956801e-01 -5.252551e-03
2.006854e-01 -2.669613e-03
1.497198e-01 -2.824800e-02
1.690230e-01 -1.469754e-02
9.488835e-02 -2.496643e-03
1.172200e-01 -9.137267e-03
6.899702e-02 -9.327908e-03
8.077108e-02 -9.084589e-03
6.762925e-02 -2.722688e-02
5.161811e-02 -2.545128e-02
3.623284e-02 -1.647579e-02
3.592487e-02 -2.164417e-02
2.366543e-02 -1.305724e-02
2.220921e-02 -1.636294e-02
1.357148e-02 -9.159828e-03
1.167310e-02 -1.049126e-02
1.419208e-02 -6.906592e-03
1.913798e-02 -1.812987e-02
1.988040e-01 -2.522210e-03
1.819037e-01 -2.310406e-03
1.940149e-01 -1.169489e-03
6.388126e-03 -5.247761e-03
6.998203e-02 -3.444518e-02
1.397577e-01 5.134135e-05
4.847200e-03 -5.219133e-03
1.362938e-01 -1.957002e-02
1.377852e-01 -2.090649e-02
6.556603e-02 -5.520880e-05
1.054409e-01 -4.539992e-03
8.433990e-02 -2.860653e-03
9.441092e-02 -5.144390e-03
3.698179e-02 -3.021420e-05
7.936923e-02 1.303232e-05
-1.229243e-04 2.390684e-04
8.182455e-02 -1.133090e-03
1.701140e-01 -4.392330e-03
1.340337e-01 -1.725826e-02
1.685794e-01 -2.578875e-02
1.038051e-01 -5.362533e-03
1.133451e-01 -5.118063e-03
1.172273e-01 -1.303957e-02
4.456068e-02 -8.629921e-03
3.256873e-02 -7.171435e-03
7.382076e-02 -3.096082e-03
6.137223e-02 -5.488605e-03
1.303981e-01 -1.505100e-02
1.769547e-01 -8.488189e-03
4.997246e-02 -5.356266e-03
1.492462e-01 -1.720602e-02
1.474183e-01 -1.354200e-02
2.151662e-03 -2.204828e-03
1.096749e-01 -9.189612e-03
1.447909e-01 -1.526319e-03
9.850350e-02 -1.250746e-02
6.023858e-02 -1.404435e-03
1.315147e-01 -5.953819e-03
1.263390e-01 -3.727086e-03
1.309902e-01 -2.820142e-03
1.195438e-01 -2.147397e-03
1.263992e-01 -1.626676e-03
1.104737e-01 -1.119937e-03
1.339023e-01 -1.973273e-03
9.713497e-02 -1.262635e-03
1.314396e-01 -1.132850e-03
1.346066e-01 -1.287866e-03
8.395875e-02 -5.210939e-04
9.992805e-02 -5.183482e-04
7.327598e-02 -5.686983e-03
1.346676e-01 -2.097341e-02
1.488477e-01 -3.813425e-02
2.326787e-03 -1.829743e-03
1.465246e-01 -2.825506e-02
1.652276e-01 -4.185462e-03
8.652563e-02 -3.469757e-02
1.357876e-03 -1.588037e-03
2.129051e-04 -3.410925e-04
2.859228e-03 -3.911822e-03
5.189138e-02 -2.898686e-03
9.031223e-02 -2.937000e-03
7.392220e-02 -2.464058e-03
1.027373e-01 -2.941453e-03
2.756390e-02 -3.730071e-03
1.848841e-02 -2.716672e-03
2.156084e-02 -5.288198e-03
1.258802e-02 -3.402447e-03
2.180800e-02 -8.420728e-03
6.768711e-03 -2.346720e-03
1.516412e-01 -6.904579e-03
1.062046e-01 -4.407374e-03
1.137321e-01 -7.452389e-03
1.039670e-01 -9.157117e-03
8.882936e-02 -4.267316e-02
6.841096e-02 -4.104252e-02
3.792342e-02 -4.613657e-03
2.895362e-02 -1.980445e-03
4.675836e-02 -1.196530e-03
1.790475e-01 -3.590809e-02
1.782422e-01 -4.137058e-02
1.654156e-01 -4.737113e-02
1.600351e-01 -4.707828e-02
1.388669e-01 -2.126243e-02
1.855873e-01 4.846127e-05
1.650697e-01 2.058322e-05
1.063023e-01 4.212846e-05
1.380475e-01 -6.420626e-05
1.967845e-01 -5.807583e-05
1.997353e-01 -1.003004e-04
1.880274e-01 2.432766e-05
1.749133e-01 -7.428156e-05
1.928096e-01 -4.896111e-04
1.565649e-01 -2.896456e-04
1.039050e-01 -3.405317e-02
5.099637e-02 -3.129394e-02
7.244560e-03 -4.309796e-03
6.190362e-02 -2.746169e-03
1.262244e-01 -1.589627e-02
5.683406e-02 -6.924512e-04
5.144581e-02 -2.058069e-03
7.176452e-02 -1.385972e-03
3.118973e-02 -3.274419e-04
7.102109e-02 -1.896094e-02
9.503182e-02 -1.375059e-04
8.075493e-02 -2.062364e-04
4.853038e-02 -6.285136e-05
6.712090e-02 -2.338485e-04
9.379021e-02 -5.221951e-04
8.053352e-02 -6.092740e-04
7.913894e-02 -4.784920e-04
1.431665e-01 -1.408931e-03
1.062200e-01 -4.131683e-04
1.234541e-01 -6.258558e-04
1.149695e-01 -9.512689e-04
1.296586e-01 -1.237376e-03
1.298206e-01 -3.162513e-04
9.102111e-02 -6.747963e-03
7.320846e-02 -2.305636e-03
7.561905e-02 -1.594984e-03
-3.704051e-04 1.887155e-05
3.934092e-02 -2.607603e-04
1.260746e-01 -2.232764e-03
4.554533e-02 -1.141953e-04
5.035604e-02 -1.401949e-03
1.188219e-01 -8.232653e-03
1.213442e-01 -5.915271e-03
3.047520e-02 -1.170500e-04
6.052747e-02 -1.288971e-04
1.334246e-01 -2.043131e-03
8.559070e-03 -1.017286e-02
1.408848e-02 -1.761068e-02
2.971107e-02 -2.795163e-02
3.368874e-02 -2.559541e-02
1.881917e-01 -9.447496e-03
2.675251e-02 -7.544615e-04
4.133682e-04 -3.498908e-04
2.013809e-01 -4.704426e-04
2.967786e-03 -9.089646e-03
1.270067e-03 -3.585193e-03
3.892415e-03 -6.628151e-03
2.034211e-04 9.508809e-06
1.308404e-01 -3.117987e-04
5.608763e-02 -1.571282e-03
-7.875725e-05 4.155787e-04
1.576925e-01 -6.398917e-04
9.697118e-02 -1.389696e-04
4.905664e-02 -3.622336e-02
1.520933e-01 -3.579204e-02
1.203284e-02 -8.411452e-04
3.498648e-02 -1.141716e-02
1.194305e-01 -1.978162e-02
5.681316e-02 -9.284834e-03
9.212952e-02 -5.760448e-05
1.199793e-01 -8.747703e-04
1.236950e-01 -1.436493e-02
1.347165e-01 -3.168123e-03
4.393732e-02 -4.114161e-02
7.346142e-02 -1.301955e-03
1.399259e-01 2.686914e-05
1.093296e-01 -8.665743e-03
9.266033e-02 -5.153814e-03
1.375268e-01 -1.808197e-02
1.404218e-01 -3.057686e-02
1.347304e-01 -8.770553e-03
7.172116e-02 -2.181263e-04
1.039698e-01 -1.751831e-02
8.272069e-02 -2.725558e-02
1.537744e-01 -2.314121e-02
1.840589e-01 -3.364770e-03
7.214909e-02 -7.843799e-04
1.463819e-01 -5.363758e-02
4.871539e-03 -7.966956e-04
6.643973e-02 -6.663272e-05
1.102263e-01 -1.105819e-02
1.860119e-01 -1.481837e-02
1.452433e-01 -4.103142e-02
1.364724e-01 -4.991105e-02
1.360037e-01 -4.408746e-03
4.135453e-02 -2.607474e-03
1.256425e-01 -1.893500e-03
1.303020e-01 -6.966095e-03
8.433102e-03 -1.459181e-02
5.512240e-02 -5.518429e-04
5.848434e-02 -3.935435e-04
1.136094e-01 -1.398519e-02
3.599405e-02 -5.976506e-05
7.558581e-02 1.127556e-05
1.281143e-01 -7.261214e-03
-2.444438e-04 1.113193e-04
-2.492843e-04 2.252151e-04
1.817854e-01 -2.828500e-04
1.331427e-01 -7.389032e-04
1.026407e-01 -8.369715e-03
8.047365e-02 -4.457970e-03
3.975608e-04 -6.313655e-04
2.121488e-02 -2.146907e-04
6.386928e-02 -3.191809e-03
8.451730e-02 -5.677693e-03
1.210152e-01 -4.561441e-03
3.819901e-02 -5.813450e-04
1.099826e-01 -3.865266e-04
1.340824e-01 -7.331676e-04
1.054857e-01 -9.253097e-03
1.228958e-04 6.786747e-05
2.502204e-02 -2.852972e-02
1.120934e-01 -2.636387e-03
7.736437e-02 2.550843e-05
8.963730e-02 -8.446884e-03
1.816477e-01 -1.292801e-03
2.308044e-03 -4.168050e-04
1.457095e-01 -3.389958e-02
1.637066e-01 -9.729187e-03
9.017836e-02 -6.982377e-03
8.853741e-02 -4.871919e-02
1.264281e-01 -6.036835e-04
7.846409e-03 -5.692464e-04
9.783867e-02 -1.234620e-03
2.019824e-01 -1.319696e-03
1.149979e-01 -2.804417e-02
4.939142e-02 -6.702687e-04
3.477630e-02 -1.456896e-05
6.818126e-04 -7.137564e-04
1.308847e-02 -3.964690e-04
1.321549e-01 -4.321832e-05
1.110638e-01 -4.271819e-04
3.367673e-02 -9.907975e-06
7.605093e-02 1.119760e-05
3.250079e-03 -1.726190e-03
4.395165e-02 -1.536575e-03
1.040683e-01 -7.593807e-04
1.598714e-01 -5.033847e-02
1.048050e-01 -4.785015e-02
-6.998550e-05 6.884329e-05
9.841690e-02 -1.404596e-02
9.294834e-02 -1.714244e-03
1.434822e-01 -2.710608e-02
1.265468e-03 -2.014335e-03
9.084062e-02 -2.493886e-04
5.734849e-02 -2.490292e-04
1.023715e-01 -9.527492e-04
6.875282e-02 -4.704059e-04
4.320060e-02 -3.730358e-02
1.228422e-01 -1.908609e-03
1.130495e-01 -1.321606e-04
1.008960e-01 -2.154908e-03
1.376776e-01 -5.179113e-04
1.143388e-01 -5.439799e-02
1.330952e-01 -1.514139e-02
1.351835e-02 -5.059523e-03
6.498133e-02 -1.454071e-03
1.527627e-01 -1.411925e-02
3.955031e-04 -5.429412e-04
1.389894e-01 -2.063054e-02
1.139528e-01 -2.226124e-03
1.284755e-01 -4.277254e-03
1.392519e-01 -4.069505e-03
4.099532e-02 6.276811e-06
4.100973e-02 3.809143e-06
1.094160e-01 -1.043236e-02
1.166606e-01 -1.159921e-02
1.012780e-01 -8.168791e-03
3.446185e-02 -6.098087e-04
2.622730e-02 -2.722248e-04
3.932279e-02 -6.655779e-04
2.024845e-02 -3.902377e-03
1.509638e-02 -2.939439e-03
1.348402e-02 -1.921496e-03
-1.211846e-04 4.636302e-05
-3.229402e-04 1.079513e-04
-1.738460e-04 -7.273118e-05
2.761404e-02 -2.557241e-03
3.269190e-02 -4.207155e-03
2.272826e-02 -2.144551e-03
9.382697e-02 -3.399322e-02
6.471639e-02 -3.178475e-02
8.604037e-02 -4.454685e-02
1.789269e-02 -7.736327e-03
2.287676e-02 -1.067955e-02
1.865005e-02 -9.773996e-03
-1.606782e-04 -1.863635e-04
2.982409e-04 -5.301241e-04
4.636306e-02 -7.781354e-04
5.360730e-02 -1.322262e-03
1.505161e-01 -3.363024e-03
1.612942e-01 -5.553933e-03
2.866687e-02 -1.222619e-02
2.979205e-02 -1.490243e-02
1.033619e-01 -3.094575e-03
1.309755e-01 -5.904828e-03
1.000668e-01 -4.297352e-02
8.751694e-02 -3.867513e-02
9.820504e-02 -3.903397e-02
8.816276e-02 1.852085e-05
1.339315e-01 -3.438729e-02
1.128213e-01 -3.618897e-02
1.308793e-01 -4.126600e-02
6.188323e-03 -8.696179e-03
3.383154e-03 -5.150097e-03
5.231553e-03 -6.749259e-03
1.089967e-01 -1.145362e-02
1.064582e-01 -1.338571e-02
1.014045e-01 -1.074381e-02
9.565135e-02 -3.464586e-02
1.067136e-01 -3.824235e-02
9.230448e-02 3.884277e-05
4.097752e-02 1.142742e-05
5.800424e-02 2.134020e-05
2.291771e-02 -1.495216e-03
3.372611e-02 -3.136653e-03
7.328276e-02 -3.092371e-03
8.340412e-02 -3.638974e-03
6.279512e-02 -1.983852e-03
4.360290e-02 -1.464902e-02
3.731367e-02 -3.010068e-02
4.899025e-03 -2.076693e-03
2.408971e-03 -1.042088e-03
3.741791e-03 -1.253512e-03
1.240825e-01 -4.797666e-02
1.430437e-01 -4.442650e-02
4.665897e-02 -2.782211e-03
3.446787e-02 -1.512088e-03
3.972714e-02 -1.689116e-03
8.050251e-03 -1.178187e-02
1.098370e-02 -1.353630e-02
1.685731e-02 -4.347507e-03
1.105552e-02 -2.180865e-03
9.421866e-02 -1.037814e-02
9.708520e-02 -8.887387e-03
3.996440e-02 1.145957e-05
9.147034e-02 2.708034e-05
3.990075e-02 -9.234663e-06
1.805650e-02 -1.484177e-06
1.601405e-01 -4.924725e-02
1.701630e-01 -4.608020e-02
1.711736e-01 -4.462469e-02
5.751996e-02 -2.491105e-04
7.661073e-02 -5.051115e-04
6.606042e-02 -2.815179e-04
5.069357e-03 -2.867499e-03
7.164189e-03 -3.343036e-03
1.208453e-01 -1.371267e-03
1.199229e-01 -1.755848e-03
1.139371e-01 -1.232424e-03
1.803903e-02 -5.036855e-06
4.179423e-02 -3.193021e-05
2.564529e-02 -1.624857e-05
9.633236e-02 -6.709182e-03
8.555809e-02 -5.523079e-03
2.819724e-02 -1.000876e-02
3.575773e-02 -1.387443e-02
8.594131e-03 -8.509379e-04
1.309282e-02 -1.464738e-03
1.805075e-02 -3.683649e-06
7.797200e-02 -3.434285e-04
5.920604e-02 -1.698429e-04
5.622502e-02 -4.129928e-02
5.885867e-02 -3.905276e-02
6.664135e-02 -4.378544e-02
7.074857e-02 -7.050977e-04
6.996467e-02 -5.110578e-04
8.123399e-02 -8.372283e-04
3.002140e-02 -1.429167e-03
3.513504e-02 -2.327221e-03
2.393177e-02 -1.126618e-03
1.172602e-01 -1.258819e-02
1.128837e-01 -1.034435e-02
1.730714e-01 -8.540779e-03
1.801934e-01 -6.685818e-03
8.857958e-02 -4.578199e-02
7.812938e-02 -4.518925e-02
7.903447e-02 -4.229192e-02
1.648699e-01 -1.441159e-03
1.830209e-01 -2.153253e-03
1.666466e-01 -2.312367e-03
1.278088e-01 -1.545228e-03
1.235182e-01 -1.117287e-03
1.046236e-02 -5.600486e-03
1.025411e-02 -4.352361e-03
1.091020e-01 -1.573120e-02
1.165604e-01 -1.676376e-02
1.121610e-01 -1.885791e-02
1.922458e-01 -7.099307e-03
1.854541e-01 -4.996816e-03
1.921203e-01 -1.860514e-03
1.929231e-01 -3.007589e-03
8.171318e-02 -2.409203e-04
7.929137e-02 -1.381102e-04
6.908151e-02 -1.281222e-04
9.495040e-02 -2.387357e-02
5.236589e-02 -5.183856e-05
5.526158e-02 -9.618641e-05
1.972963e-02 -2.076549e-03
1.451715e-02 -9.325314e-04
1.207929e-01 -1.388232e-02
1.044863e-01 -9.626866e-03
1.632582e-01 -4.913259e-02
1.719343e-01 -4.502469e-02
1.098150e-01 -5.879318e-03
1.047770e-01 -6.354808e-03
1.001566e-01 -4.868633e-03
9.338959e-02 -3.097502e-02
9.089974e-02 -2.708855e-02
1.010455e-01 -3.023466e-02
6.578875e-02 -2.685649e-03
8.685852e-02 -4.875519e-03
2.246690e-02 -6.570621e-04
3.542525e-02 -1.146759e-03
4.809762e-02 -2.140073e-03
8.453711e-02 -3.090698e-02
9.669185e-02 -4.550707e-02
9.714154e-02 -4.857547e-02
1.275028e-01 -1.495958e-02
1.326596e-01 -1.784811e-02
1.345884e-01 -1.800870e-02
1.754773e-01 -3.848245e-03
1.551842e-01 -2.529535e-03
1.091226e-01 -8.312570e-03
9.946465e-02 -6.959141e-03
1.719302e-01 -4.282668e-02
1.777283e-01 -4.022159e-02
5.697555e-02 -1.369442e-03
4.414090e-02 -9.233691e-04
8.962895e-02 -8.882528e-04
9.018119e-02 -1.203041e-03
5.360980e-02 -7.160171e-03
4.743108e-02 -6.851658e-03
4.395463e-02 -5.036061e-03
1.461126e-01 -2.972146e-03
1.334121e-01 -1.679794e-03
4.250584e-02 -1.518063e-02
4.329613e-02 -1.798770e-02
4.594700e-02 -3.827276e-03
3.960640e-02 -3.539034e-03
1.657890e-01 -4.503006e-02
1.591583e-01 -4.877009e-02
1.602816e-01 -4.597350e-02
2.004769e-05 -3.354264e-04
-3.202539e-04 -7.210494e-05
1.172737e-01 -9.240335e-03
1.971690e-03 -4.659524e-04
4.387363e-03 -1.197917e-03
1.703653e-01 -4.151843e-02
1.793647e-01 -3.943784e-02
1.963024e-01 -1.397450e-03
2.009815e-01 -1.874569e-03
1.141150e-01 -5.290103e-03
1.177814e-01 -6.676480e-03
5.619422e-02 -1.014552e-03
8.268169e-02 -2.947139e-03
8.235336e-02 -2.024343e-03
1.134148e-02 -1.647533e-02
5.646504e-03 -9.979253e-03
1.215637e-01 -1.211768e-02
1.013044e-01 -1.489629e-02
7.739590e-02 -4.813239e-02
1.665042e-01 -3.758972e-02
1.751959e-01 -3.156287e-02
1.594277e-01 -3.137893e-02
1.308813e-01 -1.277536e-02
1.141339e-01 -8.567025e-03
1.361814e-01 -1.244221e-02
1.831967e-01 -3.607933e-02
1.796165e-01 -3.455406e-02
1.938357e-01 2.247423e-05
1.780463e-01 2.149400e-05
-9.092947e-05 2.078652e-04
-5.059948e-05 3.634190e-04
-1.591836e-04 3.520804e-04
1.702330e-01 -4.048806e-02
1.993257e-01 -8.481083e-04
1.878078e-01 -8.457843e-04
1.178652e-01 -4.689838e-03
1.098783e-01 -4.091475e-03
1.342053e-01 -1.638332e-03
1.318604e-01 -1.611140e-03
1.331140e-01 -1.287339e-03
1.850767e-01 -3.002595e-02
1.813002e-01 -2.566178e-02
1.391762e-02 -5.969071e-03
1.745800e-02 -6.669911e-03
4.443454e-03 -2.970458e-03
6.891305e-03 -4.862904e-03
4.128786e-03 -3.283363e-03
1.560224e-01 -6.168837e-05
1.361096e-01 1.123939e-05
1.592241e-01 8.147445e-06
1.532181e-01 5.714804e-05
1.763490e-01 4.630289e-05
1.663382e-01 5.376396e-05
6.300714e-02 -9.373583e-03
5.963659e-02 -7.305792e-03
1.555198e-01 -4.371464e-02
1.904970e-01 -1.538453e-04
1.949631e-01 -3.963818e-04
1.996144e-01 -2.146449e-04
6.000102e-03 -1.498496e-03
8.469432e-03 -1.896442e-03
9.508340e-03 -2.890558e-03
1.316583e-01 -9.750934e-04
1.341168e-01 -9.935276e-04
1.002082e-01 -8.905760e-03
7.827194e-02 -5.114203e-03
8.929143e-02 -6.774346e-03
4.236821e-02 -6.407671e-05
1.874183e-02 -1.147287e-05
1.410739e-01 -1.671716e-02
1.536636e-01 -2.407287e-02
1.593827e-01 -1.958251e-02
1.760749e-01 3.219109e-05
1.528592e-01 3.182378e-05
-2.133303e-04 2.840737e-04
-1.079086e-04 3.417252e-04
5.006302e-02 -3.381818e-02
5.922166e-02 -3.625844e-02
2.297796e-03 -3.945127e-03
1.998192e-03 -2.969543e-03
1.017431e-02 -6.502597e-03
9.652520e-03 -7.169328e-03
1.885630e-01 -6.331163e-04
1.987022e-01 -7.769673e-04
3.418647e-02 -8.619341e-04
2.535995e-02 -5.450908e-04
1.970749e-01 -9.567358e-03
1.993946e-01 -7.148730e-03
1.570694e-01 -5.084923e-02
1.503221e-01 -5.162978e-02
1.094211e-01 -1.129548e-05
1.229401e-01 1.950640e-05
1.744931e-01 -2.058682e-02
1.861820e-01 -2.076681e-02
6.611826e-02 -1.410053e-03
7.833375e-02 -2.027129e-03
7.286406e-02 -2.101933e-03
1.682691e-01 2.644651e-05
1.820143e-01 -6.718388e-06
1.252160e-01 -2.411912e-02
1.430878e-01 -2.987210e-02
1.657637e-01 -1.543335e-02
1.244695e-01 -5.170911e-03
1.213140e-01 -4.112654e-03
1.524737e-01 -1.656389e-05
1.390953e-01 4.155019e-05
1.239226e-01 5.449536e-05
1.757602e-02 -1.250412e-02
1.835929e-02 -1.118278e-02
2.307431e-02 -1.477909e-02
8.812249e-03 -7.606235e-03
1.273114e-02 -9.952465e-03
3.379046e-03 -3.508893e-03
3.967113e-03 -3.618592e-03
5.674663e-03 -5.364340e-03
6.567186e-02 -2.822236e-03
3.359242e-02 -7.372689e-04
3.610353e-02 -7.674819e-04
5.683259e-02 -4.686946e-04
6.913559e-02 -8.406341e-04
7.193774e-04 -8.277456e-04
9.477855e-04 -1.109530e-03
1.759882e-03 -1.962923e-03
1.534926e-01 2.069931e-05
2.943323e-02 -1.715333e-02
3.619785e-02 -1.904921e-02
1.333400e-01 -3.397813e-04
1.320798e-01 -1.605440e-04
1.343554e-01 -1.680323e-04
1.299674e-01 -2.976172e-03
1.516124e-01 -4.457654e-03
1.867555e-01 -3.304471e-02
1.914342e-01 -2.776925e-02
1.590409e-01 -6.426181e-03
1.717770e-01 -6.081641e-03
9.125432e-02 -5.442609e-03
9.538625e-02 -5.320013e-03
7.758010e-02 -1.295638e-03
4.076936e-02 -3.823570e-04
4.189450e-02 -2.990723e-04
6.065720e-02 -3.325160e-02
6.918973e-02 -3.777483e-02
1.875412e-02 -2.270545e-02
1.584441e-02 -2.188247e-02
8.397204e-02 -1.932363e-03
8.978031e-02 -2.693239e-03
1.919516e-01 2.678035e-05
2.004878e-01 7.432019e-06
1.975129e-01 3.920139e-05
3.825754e-02 -6.440103e-04
7.148785e-02 -2.595574e-03
3.783268e-02 -7.411088e-04
5.650794e-02 -1.692471e-02
5.496863e-02 -1.402383e-02
6.347354e-02 -1.732264e-02
2.779447e-03 -3.186324e-03
7.853333e-03 -7.744706e-03
1.657478e-02 -1.347776e-02
1.345066e-01 -2.521106e-03
1.343723e-01 -2.573358e-03
1.346685e-01 -2.046289e-03
1.762702e-01 -3.227671e-03
1.897956e-01 -3.618219e-03
2.809945e-02 -8.144619e-03
2.190569e-02 -6.808153e-03
2.884037e-02 -1.918731e-02
9.450300e-02 -3.063941e-04
1.002903e-01 -4.743681e-04
8.752607e-02 -3.371869e-04
4.359886e-02 -2.087210e-02
5.110067e-02 -2.224142e-02
4.025233e-02 -1.015354e-02
3.851434e-02 -7.964990e-03
4.652110e-02 -1.088048e-02
1.337929e-01 -3.216411e-03
1.324309e-01 -2.560180e-03
2.543039e-02 -4.744598e-03
2.291737e-02 -3.241964e-03
3.030491e-02 -5.305760e-03
1.105277e-01 -3.239480e-02
1.076602e-01 -2.882147e-02
2.642543e-02 -5.163618e-04
4.913035e-02 -1.793662e-03
2.507313e-02 -4.361248e-04
1.988871e-01 2.539912e-05
2.012278e-01 2.329529e-05
1.285755e-01 -1.845124e-02
1.310150e-01 -1.636067e-02
1.330014e-01 -1.870433e-02
1.268779e-01 -8.995474e-04
1.195185e-01 -7.881603e-04
2.117652e-02 -1.047357e-03
1.563127e-02 -4.685568e-04
7.069952e-02 -1.756662e-02
6.851344e-02 -1.453793e-02
7.745212e-02 -1.738629e-02
4.372520e-02 -2.379495e-02
8.916240e-02 -2.375326e-02
8.662018e-02 -2.018912e-02
9.572784e-02 -2.292585e-02
7.942455e-02 -4.254852e-03
7.459366e-02 -4.400882e-03
6.893399e-02 -3.164722e-03
1.008777e-01 -2.526970e-04
8.817345e-02 -1.789169e-04
2.692354e-02 -6.269618e-03
1.853115e-01 -3.562832e-02
1.877479e-01 -3.075702e-02
7.308570e-02 -4.247372e-03
7.022258e-02 -3.701599e-03
1.627457e-02 -7.467655e-05
1.610352e-02 -8.845051e-05
5.784620e-02 -1.999824e-02
4.941524e-02 -1.617520e-02
1.342225e-01 -5.356045e-04
1.317212e-01 -5.095554e-04
1.706171e-02 -5.676880e-03
1.657513e-01 -1.982047e-03
1.582580e-01 -2.710505e-03
4.152044e-02 -1.251553e-02
1.275732e-01 -1.459715e-04
4.196007e-02 -1.500593e-04
7.931264e-02 -7.132731e-04
4.253577e-02 -2.274488e-04
8.526688e-02 -5.950884e-03
1.081343e-01 -1.026217e-02
7.255923e-02 -2.069970e-02
2.018962e-01 -8.931945e-05
2.015997e-01 -5.778461e-06
3.396812e-02 -9.185001e-03
8.460620e-02 -4.111548e-03
7.920907e-02 -2.998187e-03
8.961777e-02 -3.885353e-03
1.399902e-02 -8.082628e-03
1.108246e-01 -6.421877e-04
1.158234e-01 -5.234887e-04
1.117916e-01 -3.318027e-04
1.069548e-01 -1.883498e-04
1.046667e-01 -2.512012e-02
1.131657e-01 -2.696820e-02
7.413192e-02 -2.249829e-04
5.813896e-02 -1.279960e-04
6.559548e-02 -1.263643e-04
1.014114e-01 -7.857677e-05
1.122443e-01 -1.037954e-04
1.926169e-01 2.981710e-05
2.007334e-01 2.648293e-05
9.556535e-02 -3.713684e-03
1.004453e-01 -3.412744e-03
1.151592e-01 -2.167409e-02
1.221428e-01 -2.275326e-02
1.180545e-01 -2.495418e-02
1.053414e-01 -7.305414e-04
-3.283267e-04 3.818353e-06
-3.068444e-04 2.775634e-05
1.204121e-01 2.495625e-05
5.574565e-02 -5.469413e-03
6.539447e-02 -7.250451e-03
1.951119e-01 -2.274080e-02
1.939383e-01 -2.486711e-02
1.845043e-01 -1.824240e-05
9.832288e-02 -4.851722e-03
7.341739e-02 -1.138980e-04
8.132633e-02 -9.348361e-05
6.089337e-02 -2.077149e-03
6.734359e-02 -2.135000e-03
9.509662e-02 -2.868566e-05
1.260597e-01 -9.924823e-05
1.271498e-01 -1.135914e-02
1.197860e-01 -1.409696e-02
1.536793e-01 -3.947069e-02
1.555509e-01 -3.600993e-02
1.580188e-01 -3.955055e-02
1.163142e-01 -6.368144e-04
1.140288e-01 -9.429953e-04
8.163519e-02 -3.324672e-04
1.906869e-01 -2.607747e-02
1.856350e-01 -2.642491e-02
2.282744e-03 -2.089630e-03
3.178196e-02 -3.543774e-02
4.467907e-02 -4.285060e-02
3.056760e-02 -3.610900e-02
5.728576e-02 -6.351667e-05
1.357115e-01 -1.867883e-03
5.310071e-02 -1.146825e-02
1.051380e-01 -3.095035e-03
3.973477e-02 -4.607470e-04
7.461387e-02 -1.956439e-03
3.970701e-02 -5.791404e-04
1.283245e-01 -8.425315e-03
1.493198e-01 -9.657684e-03
3.604009e-02 -6.014913e-03
1.264384e-01 -1.200663e-02
1.239797e-01 -1.007007e-02
1.290905e-01 -1.062010e-02
1.430843e-01 -1.027339e-02
1.369762e-01 -1.112654e-02
1.247614e-01 -7.724674e-03
1.002081e-01 -2.303669e-03
1.097590e-01 -2.789743e-03
3.188643e-02 -7.197109e-04
6.314135e-02 -3.045639e-03
3.500391e-02 -9.121205e-04
1.288924e-01 -1.412754e-02
1.327923e-01 -1.440365e-02
8.422843e-02 -1.709612e-02
1.035979e-01 -4.500881e-03
6.828599e-03 -9.975274e-04
1.708880e-01 -4.542269e-04
1.629610e-01 -1.643915e-04
1.482506e-01 -2.617612e-04
1.019430e-01 -2.174823e-02
1.234514e-01 -1.348519e-02
1.138243e-01 -3.616763e-02
1.171207e-01 -4.007211e-02
3.858975e-02 -3.203729e-04
2.053817e-02 -7.567359e-05
1.954179e-02 -8.700753e-05
8.739710e-02 -5.739450e-04
7.405689e-02 -3.867912e-04
8.129647e-02 -3.691408e-04
7.692075e-02 -1.263691e-03
8.868624e-02 -1.716004e-03
5.748558e-02 -2.632320e-03
2.769260e-02 -5.842313e-04
3.324067e-02 -8.496406e-04
1.906755e-01 -1.640327e-02
1.940253e-01 -1.980078e-02
1.523488e-03 -8.909997e-04
2.801084e-03 -1.830261e-03
1.222297e-03 -9.439982e-04
1.795207e-01 -9.406562e-04
1.209310e-01 1.593488e-05
1.257470e-01 -2.067692e-02
1.231207e-01 -1.780707e-02
1.194563e-01 -3.399491e-02
1.112262e-01 4.234532e-05
4.242121e-02 -1.342846e-04
2.392500e-02 -3.212818e-05
2.037959e-02 -3.167422e-05
5.072599e-02 -9.031802e-03
5.940655e-02 -1.169476e-02
1.176151e-01 -3.190479e-03
1.242807e-01 -3.548193e-03
1.210525e-01 -8.299884e-03
1.076275e-01 2.876817e-06
1.122077e-01 2.107107e-05
5.974515e-02 -2.658268e-02
5.883628e-02 -2.323075e-02
8.810101e-02 -5.435704e-05
7.331082e-02 -3.501783e-05
5.468443e-02 -2.980919e-04
4.148768e-02 -6.448643e-03
4.870656e-02 -1.485523e-03
2.689579e-02 -4.088054e-04
2.412803e-02 -3.727870e-04
3.148540e-02 -1.919547e-05
6.120270e-02 -6.973691e-05
3.233934e-02 -8.032415e-06
5.557730e-02 -1.776484e-05
4.227524e-02 -1.001094e-04
4.479593e-02 -6.798120e-05
1.204467e-01 -1.510539e-02
3.004781e-02 -2.365833e-04
1.481774e-02 -4.752378e-05
1.941057e-01 -2.590881e-03
1.986192e-01 -3.798433e-03
1.521769e-01 -3.217015e-02
1.546530e-01 -3.194190e-02
9.431505e-02 -1.599686e-03
1.271203e-01 -6.393660e-03
1.294434e-01 -5.515496e-03
2.010924e-01 -5.173586e-03
2.014077e-01 -6.695739e-03
1.345576e-01 -5.310748e-04
1.346132e-01 -7.507563e-04
8.658559e-02 -5.394222e-03
7.911320e-02 -3.878152e-02
2.037745e-02 -5.727541e-05
3.926986e-02 -2.024144e-04
2.047018e-02 -4.379076e-05
2.253101e-02 -2.910787e-04
3.548619e-02 -7.677323e-04
1.137528e-01 -2.452176e-03
3.232644e-02 9.889930e-07
1.211256e-01 -1.274766e-04
1.968616e-01 -2.582546e-04
1.850588e-01 -2.278657e-04
1.907289e-01 -9.613857e-05
1.482136e-01 -2.849575e-02
1.434845e-01 -2.468027e-02
1.440189e-01 -2.449345e-02
1.639359e-02 -1.561192e-05
1.634735e-02 -2.106784e-05
1.243148e-01 -2.820439e-04
1.282831e-01 -2.344614e-02
4.492084e-02 -3.632917e-05
1.492239e-02 -3.798860e-05
2.386899e-02 -2.328000e-05
4.128505e-02 -6.275017e-05
1.922325e-02 -9.590424e-06
1.203093e-01 -4.087615e-04
1.979616e-02 -1.118790e-04
4.957606e-02 -1.920377e-05
8.811950e-02 -1.261781e-04
8.120933e-02 -2.382701e-02
2.613799e-02 -3.445196e-04
3.861072e-03 -4.682274e-03
2.056598e-03 -2.579910e-03
9.890838e-03 -3.596582e-03
3.106315e-02 -9.513375e-05
1.579516e-02 -2.563340e-05
8.004835e-02 -4.085967e-03
1.040886e-01 -5.984045e-03
8.961151e-02 -5.432104e-03
1.572345e-02 -3.303112e-05
2.080429e-02 -1.739627e-02
1.505278e-02 -1.400722e-02
7.218477e-02 -1.172636e-02
7.839077e-02 -1.155187e-02
8.140713e-02 -1.415435e-02
1.158541e-03 -1.270237e-03
1.188099e-03 -1.174549e-03
1.920317e-02 -5.950904e-06
1.495891e-01 -3.198053e-02
1.349821e-01 -1.676532e-02
1.348719e-01 -1.528923e-02
1.309535e-01 -1.398021e-02
1.075378e-01 -4.521152e-02
6.603164e-02 -1.186678e-02
2.965359e-02 -1.408685e-04
1.675782e-01 -1.132316e-02
3.451971e-02 -1.245380e-04
3.429127e-02 -8.232844e-05
1.345758e-01 -1.615456e-03
1.923804e-01 -2.169555e-02
2.019355e-01 -2.486568e-04
1.312447e-01 -9.254819e-03
1.328081e-01 -1.083089e-02
1.209958e-01 -2.818555e-02
5.135573e-02 -2.836461e-02
4.302448e-02 -2.639829e-02
4.215638e-02 5.348586e-06
4.216556e-02 3.197012e-06
1.552227e-02 -1.638442e-03
7.133300e-02 -7.268070e-03
7.501888e-02 -9.263372e-03
1.312840e-02 -4.212565e-03
1.294136e-01 -6.971989e-04
7.171581e-02 -4.191232e-03
8.585989e-02 -7.559554e-06
4.960321e-02 -4.593064e-06
1.341722e-01 -1.253108e-02
1.353767e-01 -1.427272e-02
1.494153e-01 -4.872162e-02
1.368485e-01 -5.322554e-02
1.489823e-01 -5.162469e-02
1.323426e-01 -1.561193e-04
1.338097e-01 -3.369804e-04
1.344229e-01 -1.684529e-04
6.047892e-02 -3.004352e-02
6.638222e-02 -2.376146e-02
1.192469e-03 -1.071167e-03
4.133701e-04 -4.574601e-04
1.230454e-02 -9.311258e-05
1.206060e-02 -1.093292e-04
1.327101e-01 -2.384205e-03
1.311487e-01 -1.827621e-03
1.288918e-01 -2.162831e-03
1.676637e-02 -1.816835e-02
1.332776e-02 -1.415258e-02
2.008327e-01 -5.131350e-04
6.348734e-03 -1.540857e-02
9.906842e-03 -1.845933e-02
1.727073e-02 -2.657365e-02
1.280114e-01 -1.428683e-04
1.313586e-01 -4.689234e-03
1.328721e-01 -5.678876e-03
5.686853e-02 -4.062142e-03
6.291800e-02 -4.240416e-03
6.742457e-02 -5.633419e-03
9.551909e-03 -1.276810e-04
9.204640e-03 -1.452830e-04
5.746333e-02 -4.724452e-02
6.038099e-02 -4.907256e-02
8.872330e-02 -5.369568e-05
1.018883e-01 -7.664747e-05
1.268348e-01 -3.006214e-03
1.293314e-01 -3.782053e-03
1.338103e-01 -3.041976e-03
1.255358e-01 -2.792354e-04
1.213812e-01 -1.240765e-04
-2.655536e-04 -1.741656e-05
1.240850e-01 -3.150146e-02
1.273549e-01 -3.466270e-02
2.957800e-02 -1.963737e-04
2.917358e-02 -1.164407e-04
1.125812e-01 -1.017137e-04
1.085161e-01 -1.881667e-04
1.162454e-01 -4.595394e-02
1.215798e-01 -4.349595e-02
1.278982e-01 -4.627784e-02
6.387655e-03 -2.063753e-04
5.871315e-03 -2.222869e-04
8.968459e-03 -2.539134e-04
8.422733e-03 -2.757372e-04
-1.889877e-04 -4.016326e-05
1.020460e-02 -1.053898e-02
4.700137e-03 -3.084742e-04
4.071991e-03 -3.161353e-04
1.340776e-01 -1.233153e-03
1.328691e-01 -1.513207e-03
3.655331e-03 -1.113000e-02
1.225674e-02 -1.847570e-02
7.699980e-04 -1.332062e-04
4.520139e-04 -1.178998e-04
6.534914e-03 -7.420060e-03
1.240999e-01 -1.186040e-02
1.255534e-01 -1.103122e-02
6.875956e-02 -3.077629e-02
2.018792e-01 -3.681811e-03
1.429212e-01 -2.465405e-02
1.385225e-01 -2.128208e-02
1.781160e-01 -4.058693e-04
1.663437e-01 -1.689592e-04
1.400422e-02 -1.838599e-04
1.362827e-02 -2.076095e-04
8.189497e-05 -3.960314e-05
1.253398e-04 -3.386858e-04
-5.849258e-06 3.600733e-04
1.254184e-05 3.439585e-04
1.071071e-01 -2.044375e-02
1.095201e-02 -4.891848e-05
5.663450e-02 -5.128767e-04
5.647296e-02 -3.941658e-04
5.158131e-02 -3.975863e-03
4.225359e-02 -2.878100e-02
3.491749e-02 -2.368900e-02
6.790737e-02 -4.937276e-02
7.868651e-02 -5.087084e-02
8.354333e-02 -5.360480e-02
-3.699128e-05 1.180882e-04
-3.601804e-05 1.962357e-04
1.023961e-01 -1.042112e-03
3.474290e-03 -5.945169e-04
3.202384e-04 -2.408609e-03
1.429830e-04 -4.762161e-03
2.750020e-02 -2.076501e-02
2.607992e-02 -2.208021e-02
1.562127e-04 -9.803839e-05
-5.230344e-05 -7.618533e-05
1.939503e-01 -1.258413e-02
1.994042e-01 -1.207803e-02
1.977054e-01 -1.830668e-02
3.118788e-02 -3.689783e-02
1.243247e-01 -7.331403e-03
1.708281e-01 -3.572359e-02
1.668063e-01 -3.770560e-02
2.936865e-02 1.997789e-05
2.682755e-02 -2.819620e-04
1.475440e-01 -4.023470e-04
1.165027e-01 -2.086669e-04
1.278668e-01 -1.544865e-04
1.980629e-01 -1.832420e-03
1.886165e-01 -1.685252e-03
1.772398e-01 -2.958956e-02
1.743437e-01 -3.288503e-02
1.349731e-01 -1.077948e-02
1.128326e-01 -3.668585e-04
1.951210e-01 -1.072182e-05
9.029472e-02 -1.648967e-02
1.292032e-01 -1.375717e-03
7.902074e-02 -5.720329e-03
6.878843e-02 -4.319863e-03
1.672755e-04 -1.484209e-04
1.611795e-01 -1.457621e-02
1.521861e-01 -1.059740e-02
1.293936e-01 -7.767913e-03
1.328353e-01 -7.959224e-03
1.327572e-01 -3.917893e-03
3.156127e-02 -3.939848e-05
1.102443e-01 -2.381318e-03
1.079731e-01 -3.015837e-03
1.269736e-01 -4.711167e-04
1.709022e-01 -1.305968e-03
1.513773e-01 -1.017905e-03
2.003311e-02 -1.724767e-04
1.054007e-01 -7.753196e-04
9.232149e-02 -5.311582e-04
9.841445e-02 -8.025167e-04
5.352272e-05 1.560949e-04
3.397872e-04 -4.339104e-04
2.849905e-02 -3.856777e-04
-3.460699e-04 9.147457e-05
-1.909376e-04 3.042080e-05
1.091380e-01 -1.825766e-03
1.171373e-01 -2.107874e-03
-2.112545e-05 3.299747e-04
-2.316138e-05 4.393211e-04
5.675542e-02 -8.187702e-04
5.719605e-02 -6.656670e-04
1.041688e-01 -1.209905e-03
1.095927e-01 -1.710964e-03
1.152254e-01 -1.570651e-03
8.420753e-02 -1.125506e-02
5.066809e-04 -1.695621e-03
1.998142e-03 -5.835523e-03
5.497278e-02 -4.445210e-02
3.217203e-05 2.793827e-04
6.138406e-02 -5.662189e-04
1.081716e-01 -3.917442e-03
9.679883e-02 -2.982520e-03
1.028566e-01 -4.010519e-03
-3.200549e-05 2.759366e-04
3.008092e-04 -9.783558e-04
7.719508e-02 -7.258286e-03
1.232189e-01 -1.889331e-03
1.262384e-01 -2.511997e-03
1.136615e-01 -9.272284e-03
1.799689e-01 -2.216527e-02
1.793200e-01 -2.598817e-02
9.072180e-02 -8.272900e-04
1.194816e-01 -1.385866e-03
1.335326e-01 -5.684779e-03
1.057917e-01 -3.801714e-03
1.271099e-01 -4.058971e-02
6.377062e-02 -9.032538e-04
1.277727e-01 -2.885156e-02
1.326466e-01 -3.588374e-03
1.288872e-01 -3.272296e-03
1.310713e-01 -4.167748e-03
1.328789e-01 -5.217019e-03
1.341727e-01 -6.402635e-03
1.346621e-01 -5.511524e-03
1.740238e-01 -8.058536e-05
1.185340e-01 -6.615495e-03
1.088102e-01 -5.300738e-03
1.147238e-01 -6.899001e-03
3.995172e-02 5.847176e-06
1.871095e-02 -1.575275e-05
4.697202e-05 -2.399269e-04
1.287056e-01 -2.477472e-03
1.304164e-01 -2.002897e-03
1.233940e-01 -1.208851e-03
1.155157e-01 -1.004464e-03
9.532130e-04 -4.368168e-04
1.267469e-01 -1.018920e-03
3.183467e-02 -2.692535e-02
2.386487e-02 -2.276603e-02
1.110126e-01 -6.962020e-04
2.937475e-02 -6.601309e-04
8.925065e-02 -2.070334e-03
8.204773e-02 -1.998669e-03
3.746474e-02 -5.166320e-03
4.075340e-02 -3.082690e-02
2.628129e-03 -2.065688e-04
2.130896e-03 -2.052180e-04
1.390219e-01 -2.237064e-02
1.389530e-01 -2.537002e-02
1.369459e-01 -2.320056e-02
1.291490e-01 -4.747031e-03
5.567427e-02 -2.065926e-05
7.323528e-02 -4.042065e-05
7.384912e-02 -2.397948e-02
7.539390e-02 -2.743414e-02
1.346202e-01 -5.681901e-03
1.339880e-01 -6.777607e-03
1.002122e-01 -1.067073e-02
1.180855e-01 -1.800546e-02
1.362928e-01 -1.379743e-02
1.364594e-01 -1.605398e-02
1.231328e-01 -2.855500e-03
1.963139e-02 -1.383532e-04
3.799649e-02 -4.747706e-04
5.573020e-02 -2.042292e-03
8.250144e-02 -2.756940e-03
9.007874e-02 -3.844816e-03
9.716076e-02 -4.017124e-03
5.088878e-02 -3.242421e-05
1.359917e-01 -1.846200e-02
1.349968e-01 -2.103159e-02
1.347985e-01 -4.702595e-03
1.326649e-01 -1.186661e-02
1.351637e-01 -1.417979e-02
1.354349e-01 -1.296004e-02
1.528049e-02 -6.589162e-04
7.854520e-02 -3.483371e-02
1.841892e-01 -1.248754e-02
1.360026e-01 -5.417906e-04
1.283103e-01 -8.309687e-04
1.347572e-01 -7.931451e-03
1.345252e-01 -3.911190e-03
1.980866e-01 -5.955870e-03
1.995183e-01 -8.238399e-03
1.372780e-01 -2.046120e-02
1.445351e-01 -2.395660e-02
1.204563e-01 -8.848520e-03
1.276811e-01 -1.042985e-02
1.021107e-01 -1.481827e-03
1.328108e-01 -5.059993e-04
1.513203e-01 -2.764497e-02
1.572508e-01 -3.112496e-02
6.498101e-02 -2.919547e-03
1.355527e-01 -1.171466e-02
1.682314e-01 -3.064085e-02
1.999782e-01 -1.102668e-02
1.993260e-01 -1.437560e-02
4.561679e-02 -1.964562e-04
4.501916e-02 -2.448743e-04
1.374573e-01 -1.777659e-02
1.106816e-01 -7.077890e-03
1.309367e-01 -1.748869e-02
1.345278e-01 -3.809051e-03
1.295133e-01 -9.728428e-03
2.001824e-01 -3.514890e-03
2.018836e-01 -2.667130e-03
1.390336e-01 -2.107254e-02
1.354211e-01 -1.779583e-02
1.234249e-01 -2.300838e-03
1.332364e-01 -2.361007e-02
1.309555e-01 -2.624148e-02
8.994264e-02 -1.086066e-02
9.314574e-02 -1.315981e-02
1.714868e-01 -2.472264e-02
1.339454e-01 -3.458700e-02
1.308294e-01 -3.766198e-02
1.894639e-01 -1.065288e-02
1.860028e-01 -7.921939e-03
1.956212e-01 -9.550375e-03
9.876423e-02 -1.858726e-02
2.251575e-02 -2.833501e-02
1.275772e-02 -2.040054e-02
7.694813e-02 -3.114767e-02
1.364106e-01 -4.579854e-02
1.330738e-01 -4.870917e-02
3.920005e-02 -3.253465e-02
1.290788e-01 -1.696342e-02
1.270038e-01 -1.617062e-02
1.710904e-01 -1.800440e-02
1.797109e-01 -1.840724e-02
1.471401e-01 -4.879940e-02
1.443932e-01 -5.147265e-02
1.382386e-01 -5.042289e-02
1.352491e-01 -9.175205e-03
1.354967e-01 -1.043531e-02
8.685246e-02 -3.559573e-04
1.170369e-01 -5.104082e-02
1.281545e-01 -5.124783e-02
1.223565e-01 -5.336673e-02
1.349669e-01 -4.031199e-02
2.137705e-02 -2.305247e-02
1.020900e-01 -5.376958e-02
1.154001e-01 -5.492908e-02
1.080816e-01 -5.589403e-02
1.336457e-01 -2.892835e-02
1.225534e-01 -3.996710e-04
1.288377e-01 -4.560649e-04
1.333856e-01 -7.272917e-03
1.349834e-01 -7.703670e-03
1.354407e-01 -1.858530e-02
1.447729e-01 -2.180534e-02
1.446947e-01 -2.298399e-02
1.291086e-01 -5.644089e-02
1.219216e-01 -5.654906e-02
1.143751e-01 -5.688565e-02
8.282070e-02 -1.039742e-04
1.205712e-04 2.491060e-04
1.384335e-01 -1.947690e-02
1.394033e-01 -2.100299e-02
1.892114e-01 -4.953401e-03
1.953481e-01 -4.152854e-03
1.816502e-01 -5.615708e-03
1.342581e-01 -9.830413e-03
9.849540e-02 -5.338130e-03
8.164945e-04 -2.049972e-03
8.379726e-02 -1.067283e-03
9.809078e-02 -1.189588e-03
1.061870e-01 -7.119168e-03
1.012965e-01 -6.979609e-03
1.363354e-01 -3.150846e-02
1.393109e-01 -3.383689e-02
1.497221e-01 -4.236762e-02
1.496890e-01 -3.868308e-02
1.715486e-03 -3.372386e-03
2.484526e-03 -5.313414e-03
1.409363e-01 -2.730085e-02
1.379301e-01 -2.839241e-02
1.285252e-01 -5.485388e-02
5.673493e-04 -5.713242e-04
1.079344e-02 -5.931201e-05
-2.896234e-04 1.952996e-04
1.971112e-01 -1.620492e-02
1.624510e-01 -3.463071e-02
1.623787e-01 -3.904715e-02
1.371564e-01 -1.673651e-02
1.597126e-01 -4.306323e-02
1.542452e-01 -4.625029e-02
6.315143e-02 -2.548652e-04
1.143435e-01 -4.873213e-02
4.540306e-02 -1.354930e-03
9.862429e-02 -5.595311e-02
8.907538e-02 -5.521230e-02
3.333414e-02 -3.535424e-02
1.617000e-01 -2.238403e-02
1.612274e-01 -1.954527e-02
9.476709e-02 -7.403729e-03
1.258833e-01 -7.874850e-03
1.217501e-01 -6.228371e-03
5.002380e-02 -4.455951e-02
1.594438e-01 -2.980930e-02
9.593708e-02 -1.572579e-02
8.569089e-02 -5.654400e-03
1.044092e-01 -2.597618e-04
1.146547e-01 -3.339960e-04
1.513736e-01 -6.774888e-03
1.481393e-01 -8.492671e-03
1.743206e-02 -3.018062e-06
1.742652e-02 -1.209410e-06
7.747830e-02 -5.326214e-02
6.501005e-02 -4.990777e-02
4.047492e-02 -4.967433e-04
5.498735e-02 -9.859415e-04
6.158175e-02 -6.623961e-03
3.898803e-02 -6.691976e-06
1.490278e-01 -4.568312e-02
1.173917e-01 -4.877512e-03
1.128232e-01 -3.756127e-03
9.865905e-03 -7.006136e-04
4.144042e-03 -1.421175e-04
5.230476e-02 -1.349846e-04
6.810373e-03 -9.585369e-05
-1.934542e-04 1.839542e-04
9.570735e-02 -5.548803e-02
4.328382e-02 -2.852992e-04
4.241349e-02 -3.443714e-04
1.313635e-01 -6.808124e-04
-1.193023e-04 3.443454e-05
1.782052e-01 -1.501075e-02
1.870018e-01 -1.836515e-02
1.016196e-01 -1.618143e-03
-5.352751e-05 2.136770e-05
-9.949824e-06 9.882471e-06
-2.220361e-05 5.303343e-05
8.802176e-02 8.417856e-06
4.026184e-02 2.050455e-06
4.026921e-02 3.764595e-06
3.382528e-02 -6.818481e-05
1.323687e-01 -8.108702e-03
1.310982e-01 -8.942818e-03
7.201881e-02 -4.890942e-02
7.274260e-02 -1.017306e-03
5.516966e-02 -2.180944e-03
9.395706e-02 -1.947161e-04
1.017239e-01 -3.361281e-04
1.346033e-01 -9.903398e-04
6.884107e-02 -8.867098e-06
9.049388e-02 -5.166637e-02
1.050047e-01 -1.860738e-03
1.159957e-01 -2.399938e-03
1.923138e-01 -1.395909e-02
1.823309e-01 -1.138576e-02
1.520656e-03 -2.030926e-03
1.010530e-03 -1.172065e-03
1.442040e-01 -2.022982e-02
1.534427e-01 -2.501540e-02
1.197332e-01 -5.211141e-04
1.930307e-01 -1.766325e-02
1.450496e-01 -2.784899e-02
1.422270e-01 -2.428916e-02
1.299546e-01 -6.621678e-03
1.411441e-01 -3.928953e-02
1.392504e-01 -4.259077e-02
1.612699e-01 -2.804114e-02
1.622836e-01 -2.564808e-02
2.019866e-01 -8.282492e-04
2.004209e-01 -1.289273e-03
1.398258e-01 -5.375513e-02
1.232388e-03 -1.093231e-04
1.438514e-01 -4.439303e-02
9.638092e-02 -5.039889e-02
1.372524e-01 -3.360820e-04
1.114921e-01 -2.427151e-04
9.009792e-04 -1.028083e-04
5.872046e-03 -1.254602e-02
7.991945e-02 -1.387314e-03
3.979308e-04 -6.069449e-04
3.708592e-03 -1.511928e-04
1.140626e-01 -1.218292e-02
1.248558e-01 -1.520344e-02
1.224248e-01 -1.405525e-02
8.389522e-02 -8.189152e-04
1.351113e-01 -5.542318e-02
1.422811e-01 -5.481507e-02
1.107949e-01 2.098476e-05
3.825003e-03 -8.446278e-03
6.486316e-03 -1.086593e-04
4.703185e-02 -1.322410e-04
4.495125e-02 -1.537413e-04
1.522307e-01 -2.029174e-02
8.657459e-02 -2.531317e-04
8.712191e-02 -1.368726e-04
1.247582e-01 -5.798631e-03
1.512327e-01 -1.577269e-02
8.701591e-04 -1.581260e-03
1.167398e-01 -3.500555e-03
1.076156e-01 -2.811735e-03
1.381967e-01 -1.936770e-02
7.042990e-02 -6.124596e-04
8.545705e-02 -1.040155e-03
6.099099e-02 -1.012672e-03
8.056952e-02 -5.928824e-03
9.822847e-02 -7.134369e-04
9.214670e-02 -7.875674e-04
8.171209e-02 -7.062567e-03
8.531587e-02 -8.793989e-03
5.796114e-02 -3.077400e-03
2.018429e-01 -1.912724e-03
1.074699e-01 -9.047416e-03
1.488364e-01 -3.508083e-02
1.471378e-01 -3.125684e-02
3.345390e-02 -3.484843e-02
6.231743e-02 -2.438666e-04
1.414773e-01 -2.375800e-02
1.271541e-01 -5.301281e-03
6.928372e-02 -1.387887e-03
7.836156e-02 -2.161758e-03
9.059102e-02 -6.904259e-03
1.048473e-01 -9.890564e-03
1.496787e-01 -5.295172e-02
1.423765e-01 -3.580416e-02
1.458397e-01 -3.745773e-02
5.222973e-02 -1.005338e-03
5.186086e-02 -8.191862e-04
8.892041e-02 -7.256884e-05
1.238286e-01 -4.153610e-03
1.330236e-01 -9.271062e-04
1.152663e-01 -1.336008e-03
8.581848e-02 -6.230934e-04
1.267323e-01 -5.518347e-02
1.094759e-01 -5.611218e-02
9.792828e-02 -2.262333e-03
8.370482e-02 -1.535770e-03
8.076381e-05 2.665695e-04
5.229520e-02 -6.101696e-04
3.944778e-02 -3.674850e-04
3.818459e-04 -2.299872e-04
1.078692e-01 -1.239311e-03
1.090546e-01 -9.652272e-04
1.405578e-01 -8.872888e-04
1.627543e-01 -8.768647e-04
2.750644e-02 -2.842654e-02
1.223743e-01 -1.178507e-02
1.197827e-01 -1.210352e-02
1.200832e-01 -3.198278e-03
5.418988e-02 -2.318755e-03
1.257677e-01 -5.246694e-02
8.719255e-02 -6.967331e-03
9.544617e-04 -1.271326e-03
1.704323e-01 -6.647277e-04
8.301963e-02 -1.196021e-03
1.635476e-01 -1.766528e-02
1.530826e-01 -5.249364e-02
1.257940e-01 -1.142326e-03
1.212715e-01 -1.310152e-02
1.292115e-01 -8.435580e-04
1.668345e-01 -1.209249e-02
1.119736e-01 -5.069459e-02
1.412020e-01 -1.631443e-02
7.770461e-02 -7.687346e-03
1.706687e-01 -9.207050e-03
6.947384e-02 -4.095109e-04
1.058112e-01 -1.416849e-03
1.132723e-01 -5.451322e-05
7.771624e-02 1.363644e-05
9.917164e-02 -5.112270e-02
2.418067e-04 4.348714e-05
1.337523e-01 -1.630292e-02
1.234291e-01 -7.399222e-04
1.001521e-01 -1.088716e-03
3.533043e-02 -1.940762e-05
1.450410e-01 -1.320280e-04
1.429642e-01 -3.237062e-02
1.070081e-01 -5.491713e-04
1.070336e-01 -5.040004e-02
3.593972e-02 -3.259662e-02
3.405084e-02 -3.345525e-02
1.001654e-01 -5.417766e-02
1.764317e-01 -1.224259e-02
8.319109e-02 -3.549488e-04
5.084213e-02 -3.089882e-05
1.157664e-01 -6.242118e-04
1.448652e-01 -3.043790e-02
-1.016820e-04 1.485794e-04
9.504289e-02 -1.477665e-03
1.032543e-01 -2.178229e-03
9.549825e-02 -3.657964e-04
1.057612e-01 -4.795739e-04
4.343252e-02 -3.924641e-02
5.819072e-04 -7.461461e-04
6.941211e-02 -1.902699e-03
2.002796e-05 -2.971508e-04
4.170639e-04 -3.095093e-04
5.372944e-02 -4.216239e-02
4.625681e-02 -3.693842e-02
1.403962e-01 -2.247436e-02
1.419617e-01 -2.568018e-02
5.793370e-02 -3.153725e-04
1.426930e-01 -2.902600e-02
1.445771e-01 -1.904551e-02
-1.523507e-04 9.747863e-05
8.500299e-02 -1.561197e-02
1.074184e-01 -2.064647e-02
