1.000000e+00
0.000000e+00
0.000000e+00 0.000000e+00
taylor-hood
cavity_fine
1.000000e+00 -2.224786e-23
4.819821e-23 -2.278402e-23
-1.441837e-23 -1.304061e-23
1.000000e+00 -7.813247e-24
-2.744834e-23 1.606566e-23
5.785709e-26 -1.183295e-23
-2.006041e-23 3.139102e-23
7.727785e-24 -1.147399e-23
3.972198e-23 4.390248e-23
-7.005024e-24 -2.912419e-23
3.399418e-23 1.413389e-24
1.856331e-23 -6.053316e-24
2.801268e-23 -3.643964e-23
1.603022e-24 4.305664e-23
2.291145e-24 -3.100647e-23
-2.148237e-23 1.405533e-23
8.349516e-24 3.083043e-23
-3.555575e-24 1.409904e-23
-8.102571e-24 4.708725e-25
-8.442595e-24 -2.566531e-23
3.800449e-23 -8.236896e-24
-1.273696e-23 3.778593e-23
-1.090911e-23 6.834329e-23
-4.754652e-24 5.494647e-23
8.426567e-24 2.071945e-23
-8.897229e-23 -4.011188e-23
-2.453945e-23 -3.408224e-23
-4.264839e-23 1.401410e-23
6.046256e-24 4.565715e-25
-7.530388e-24 -3.550927e-23
6.629480e-23 -5.742793e-23
-5.542588e-25 3.637571e-23
-3.885212e-23 3.918778e-23
-2.370740e-23 2.583952e-23
-3.345862e-23 2.032010e-23
-7.543817e-24 3.969306e-23
6.199652e-23 -7.013700e-24
-4.717121e-24 -3.918897e-24
1.516074e-23 -3.779734e-23
1.268094e-23 1.021319e-23
1.558617e-23 1.614154e-24
8.216989e-24 7.519051e-24
-6.912985e-25 3.648518e-23
-4.409348e-24 -5.346411e-23
3.013101e-24 -3.230149e-23
-2.628605e-23 3.632534e-23
2.049450e-24 7.529559e-24
1.542524e-23 -1.075001e-23
2.743013e-23 -2.438949e-23
4.786705e-24 3.484890e-24
-7.202336e-24 3.704111e-23
-3.226331e-24 -2.234205e-24
8.560451e-24 3.084292e-24
-2.807068e-23 5.308692e-24
6.110862e-24 -1.022796e-23
1.152490e-24 2.664322e-23
1.323504e-23 -2.474892e-24
-4.468579e-23 1.087810e-25
-2.120770e-23 2.995524e-23
1.473679e-24 2.400782e-23
-9.503258e-24 6.482090e-24
-4.445371e-25 2.092555e-23
-2.156721e-23 3.007118e-23
3.997821e-23 -1.270298e-23
-1.192566e-23 -3.431779e-23
1.154371e-23 2.625750e-23
-3.139660e-23 -1.575470e-23
2.144837e-23 -1.096772e-23
-1.624407e-23 3.770006e-23
-6.505979e-25 -5.590779e-24
2.564735e-24 -7.904438e-24
-6.648917e-26 -1.733457e-23
3.839287e-24 -3.029455e-23
-5.600577e-24 1.544744e-23
5.655469e-23 -1.620523e-23
8.584877e-24 7.215769e-25
2.083757e-23 -3.339751e-24
4.035973e-24 -6.261142e-23
1.598761e-23 -1.396914e-23
-2.087141e-23 9.112118e-24
-3.228029e-24 2.505952e-23
3.402594e-24 4.691974e-23
5.614443e-23 2.101146e-24
-2.034726e-23 -3.395547e-24
9.612638e-24 -3.897581e-24
1.656137e-23 -9.843122e-24
-6.170339e-24 -6.787327e-24
1.008095e-24 -5.686795e-24
2.169662e-23 1.028446e-23
4.694585e-24 -1.282544e-23
-5.353144e-24 1.914801e-23
-8.752302e-24 1.082764e-23
2.297716e-23 1.662714e-24
1.000000e+00 -3.813357e-23
1.000000e+00 2.759232e-23
1.000000e+00 -3.078757e-23
1.000000e+00 -6.099339e-24
1.000000e+00 2.099940e-23
1.000000e+00 7.829647e-24
1.000000e+00 -2.022294e-24
1.000000e+00 1.075269e-23
1.000000e+00 1.493244e-23
1.000000e+00 -1.701283e-23
1.000000e+00 1.244199e-23
1.000000e+00 -1.368687e-23
1.000000e+00 -7.902988e-24
1.000000e+00 -4.107024e-26
1.000000e+00 4.220174e-23
1.000000e+00 3.753162e-23
1.000000e+00 -6.243713e-23
1.000000e+00 -2.580188e-23
1.000000e+00 1.004662e-24
1.000000e+00 5.794254e-23
1.000000e+00 -2.450424e-23
1.000000e+00 -4.216073e-23
1.000000e+00 4.536892e-23
1.000000e+00 2.054517e-23
1.000000e+00 -1.523290e-23
1.000000e+00 -2.583347e-23
1.000000e+00 -3.527869e-23
1.000000e+00 2.233812e-23
1.000000e+00 -2.114280e-23
1.000000e+00 -2.882397e-23
1.000000e+00 2.601805e-23
1.000000e+00 -3.929977e-23
1.000000e+00 2.314197e-23
1.000000e+00 3.474317e-23
1.000000e+00 2.332543e-23
1.000000e+00 -1.890791e-23
1.000000e+00 7.891238e-23
1.000000e+00 2.948529e-23
1.000000e+00 -4.944173e-23
1.000000e+00 -6.459941e-24
1.000000e+00 -1.785473e-23
1.000000e+00 7.063562e-23
1.000000e+00 -2.159598e-23
1.000000e+00 3.345997e-23
1.000000e+00 -1.263549e-23
1.000000e+00 -4.426309e-23
1.000000e+00 2.496099e-24
7.799401e-01 9.710195e-04
-1.125581e-02 -8.948440e-02
-9.172412e-03 8.313768e-02
7.738619e-01 -6.941151e-03
7.552919e-01 1.000247e-02
-1.539345e-02 -1.558954e-01
-4.170009e-02 1.354882e-03
-1.372666e-02 1.486689e-01
-5.550310e-03 -3.152623e-02
6.524499e-01 -2.594716e-02
-7.908611e-03 3.960066e-02
5.876718e-01 3.934907e-02
-2.439508e-02 -2.370667e-01
-2.593114e-02 -5.182827e-03
-2.460739e-02 2.387917e-01
-4.314691e-03 1.155911e-02
-2.700147e-02 5.503687e-03
5.619227e-01 -4.670199e-02
7.865117e-01 4.571739e-03
7.944364e-01 -2.601474e-03
-5.313682e-03 -1.409968e-02
4.461682e-01 7.617777e-02
2.539113e-01 -1.413002e-01
-5.531165e-03 -3.821707e-03
-4.205684e-03 2.695601e-03
-3.189037e-02 2.811729e-01
-1.477030e-02 -5.123395e-03
-3.809999e-02 -1.827572e-02
-5.574525e-02 -1.621478e-02
-6.554479e-02 -3.482979e-02
-8.584213e-02 -2.714103e-02
-9.576006e-02 -5.062298e-02
-1.154213e-01 -3.404947e-02
-1.261463e-01 -6.086146e-02
-1.431080e-01 -3.402557e-02
-1.540057e-01 -6.340272e-02
-1.666616e-01 -2.607742e-02
-1.766026e-01 -5.390225e-02
-1.837853e-01 -9.071608e-03
-1.897044e-01 -3.637186e-02
-1.917202e-01 1.235449e-02
-1.895028e-01 -1.614515e-02
-1.877986e-01 3.792660e-02
-1.850590e-01 -7.693912e-02
-1.727041e-01 -4.931885e-02
-1.691049e-01 -1.085469e-01
-1.820788e-01 4.344604e-02
-1.415207e-01 -8.236364e-02
-1.420704e-01 -1.399259e-01
-1.603690e-01 -1.600613e-01
-9.496646e-02 -1.094073e-01
-8.861008e-02 -5.295022e-02
-1.037665e-01 -1.652345e-01
-1.319179e-01 -9.503203e-02
-1.503598e-01 -2.853288e-03
-3.534956e-02 -1.277279e-01
-5.515083e-02 -1.819662e-01
-1.099557e-01 -2.182208e-01
-7.407668e-02 -2.355095e-01
-1.097898e-01 -2.637506e-01
-8.632745e-02 -2.839158e-01
5.368235e-03 -1.894092e-01
-7.044903e-02 -5.957190e-02
-9.840145e-02 -2.927069e-01
-1.132178e-01 -2.656286e-01
-8.356655e-02 -3.131807e-01
-5.966964e-02 -2.950198e-01
-8.474767e-02 -2.699835e-01
-9.769302e-02 -2.445663e-01
-9.978471e-02 -1.440507e-02
-6.887366e-02 -3.260919e-01
-2.752614e-02 -2.937745e-01
2.333528e-02 -2.362486e-01
9.904244e-02 -2.087971e-01
2.109064e-02 -2.716172e-01
1.794257e-01 -1.538995e-01
-6.078405e-02 -2.241176e-01
-7.275145e-02 -2.060229e-01
-1.099546e-01 -2.136671e-01
-8.363137e-02 -1.811807e-01
-1.211870e-01 -1.769840e-01
-9.472984e-02 -1.505227e-01
-5.684544e-02 -1.401613e-01
-6.642129e-02 -1.183210e-01
-6.208669e-02 -3.018635e-01
-3.353068e-02 -9.727246e-02
-4.089516e-02 -8.048428e-02
-5.241258e-02 -3.065306e-01
-1.397578e-01 -1.960193e-01
-1.506755e-01 -1.551460e-01
-7.036107e-02 -8.800064e-02
-2.375474e-02 -1.031570e-01
-4.359625e-02 -2.264099e-01
-2.465271e-02 -1.609166e-01
3.387090e-01 -1.022401e-01
4.089906e-01 -7.310500e-02
2.501837e-01 -1.111208e-01
4.720732e-01 -5.019985e-02
3.099570e-01 -7.667944e-02
-3.587381e-02 -3.914526e-03
-4.169336e-02 -1.479254e-03
-8.008645e-02 -1.113901e-03
-7.111602e-02 8.459079e-03
-1.013267e-01 9.205283e-03
-9.064139e-02 2.317810e-02
-1.204640e-01 2.793507e-02
-1.034112e-01 4.529319e-02
-1.331829e-01 5.318818e-02
-1.104374e-01 7.379164e-02
-8.098228e-02 5.721180e-02
-8.222207e-02 8.468951e-02
-1.127418e-01 1.067230e-01
-7.950909e-02 1.138134e-01
-1.090267e-01 1.419924e-01
-7.306559e-02 1.422482e-01
-1.023314e-01 1.768261e-01
-1.361985e-01 1.616668e-01
-1.281273e-01 2.006068e-01
-9.318706e-02 2.092146e-01
-1.171707e-01 2.369004e-01
-1.432157e-01 2.094959e-01
-1.276162e-01 2.442405e-01
-1.394345e-01 2.013582e-01
-1.127847e-01 2.285434e-01
-1.082312e-01 1.760438e-01
-6.129817e-02 1.919589e-01
-7.883581e-02 2.458274e-01
-4.258989e-02 1.383490e-01
-1.755347e-03 1.957222e-01
-3.555712e-02 2.499728e-01
-8.667491e-02 2.906567e-01
1.021477e-01 1.716434e-01
1.409351e-01 1.266187e-01
2.448922e-02 2.366069e-01
-1.006931e-01 1.215837e-01
-2.711788e-02 8.654776e-02
-8.218917e-02 2.372950e-01
-9.249397e-02 6.492705e-02
-5.450538e-02 5.930289e-02
-1.596823e-01 1.669314e-01
-1.509042e-02 3.536179e-02
7.956854e-02 5.168928e-02
8.952664e-02 9.990276e-03
2.180847e-01 2.404613e-02
2.232929e-01 -4.591333e-03
1.993175e-01 5.461213e-02
1.520974e-01 1.682728e-01
9.614372e-02 2.111253e-01
-2.612075e-02 2.933250e-01
2.187684e-02 2.712618e-01
3.664635e-01 2.551797e-02
3.446317e-01 4.607838e-02
-5.369063e-02 3.812257e-02
9.343993e-02 -2.541989e-02
2.241744e-01 -3.108753e-02
3.818741e-01 -1.146685e-02
3.738771e-01 -2.945677e-02
2.100442e-01 -5.914239e-02
-1.430923e-01 9.588489e-02
-1.405596e-01 3.656552e-02
-4.794970e-02 1.049445e-01
-4.028267e-02 1.238973e-01
-5.275811e-02 3.289415e-01
-6.781137e-02 3.264806e-01
-5.277891e-02 3.085201e-01
-5.900051e-02 2.997656e-01
-3.225717e-02 3.546439e-02
-3.046665e-02 1.995536e-02
-5.672544e-02 1.899838e-01
-4.044150e-02 1.947718e-01
-7.092322e-02 2.599715e-01
-3.189513e-02 5.383429e-02
-3.999703e-02 3.251646e-01
1.730657e-01 8.851827e-02
3.137735e-01 6.965216e-02
2.899335e-01 9.379420e-02
5.311655e-01 2.734246e-02
-2.077678e-02 1.975480e-01
2.413697e-01 1.468805e-01
3.857336e-01 -4.510370e-02
5.807949e-01 -1.567194e-02
-5.997146e-02 1.526428e-02
3.327198e-02 1.415754e-01
-2.432580e-02 -2.110071e-01
-2.141651e-02 -1.686089e-02
1.285273e-01 2.086142e-01
-1.046241e-01 2.689967e-01
-9.213601e-02 2.955209e-01
3.782808e-01 6.628282e-03
5.692085e-01 -7.853878e-04
5.646599e-01 7.780037e-03
5.565055e-01 1.648065e-02
-1.601835e-01 -9.818018e-02
-2.990126e-02 -2.422086e-01
-1.333223e-01 -1.319092e-01
-1.745063e-01 -1.112974e-01
-5.302622e-03 -6.932425e-02
2.489063e-01 -1.435574e-01
1.344552e-01 -2.053893e-01
-4.047729e-02 -3.253695e-01
2.009399e-02 -2.772067e-01
-5.256720e-02 -3.292111e-01
5.761020e-01 -8.490749e-03
1.821834e-01 -9.108951e-02
5.443767e-01 -3.082547e-02
-9.886660e-03 1.001982e-01
-4.286326e-02 -3.620045e-02
-4.281584e-02 -5.709692e-02
-2.177418e-02 -2.993809e-02
-1.784503e-02 -4.316512e-02
-5.025972e-03 4.130042e-02
-1.008783e-01 -8.129255e-02
-1.402176e-01 1.221970e-01
-1.631252e-01 1.285775e-01
-1.651645e-01 8.815862e-02
-1.808132e-01 8.713325e-02
-1.602940e-01 5.291617e-02
-1.733122e-01 1.290504e-01
-1.405882e-01 -2.341471e-02
-8.906370e-02 5.992379e-03
-8.760822e-03 -5.391932e-02
-1.412076e-02 1.473282e-02
3.252094e-01 1.050131e-01
6.482117e-01 2.646509e-02
-1.121911e-02 7.451560e-02
-1.174092e-02 1.235788e-01
-4.918797e-03 2.093849e-02
-2.307255e-03 -3.920081e-03
-2.392443e-02 2.664765e-01
-2.467663e-03 3.942813e-03
-7.318438e-02 -2.900001e-01
-1.411738e-02 4.891239e-03
5.904837e-02 9.507042e-02
-3.562169e-02 3.497506e-03
4.084329e-02 -1.358697e-01
-1.091955e-01 2.721634e-01
-6.623296e-02 1.694775e-01
-5.268051e-02 8.253122e-02
6.821026e-01 -1.947624e-02
-1.396399e-01 8.487683e-02
-1.552756e-01 1.700031e-01
-6.625795e-02 2.851836e-01
-1.385811e-01 -1.915958e-01
-4.520966e-02 -1.553133e-01
-1.269073e-01 -1.262174e-02
-6.971045e-02 -1.018152e-02
8.092307e-02 -1.817622e-01
-1.008070e-01 -1.164360e-01
5.620416e-01 4.668083e-02
4.320508e-01 -8.005350e-02
-1.271040e-01 -2.333154e-01
6.032630e-01 -3.643749e-02
7.738201e-01 6.957055e-03
7.921475e-01 -4.423886e-03
7.816716e-01 -1.079542e-03
-1.694312e-01 1.410974e-02
7.757513e-01 3.113750e-03
7.428940e-01 -1.099689e-02
-5.945401e-02 2.976563e-01
-1.734462e-01 8.933064e-03
-1.431564e-01 1.504687e-01
1.334075e-01 -1.324806e-01
-3.471912e-02 -1.640894e-01
7.307244e-01 1.398347e-02
4.601026e-01 5.920502e-02
-7.429456e-02 3.359369e-02
5.277975e-01 3.521374e-02
7.435067e-02 -9.099040e-02
-1.303097e-01 -2.356169e-01
-1.950287e-02 2.055947e-01
-2.234910e-02 -2.596438e-01
-1.675124e-01 1.184654e-01
-1.973450e-02 -2.063198e-01
-8.124176e-02 3.152115e-01
-3.377195e-02 -2.778354e-01
2.553260e-01 1.410733e-01
-4.804524e-02 2.068930e-02
1.918910e-02 2.783295e-01
-2.856114e-02 7.040213e-02
-1.404634e-02 -2.165726e-02
-1.478886e-01 2.668868e-02
-3.341899e-02 1.385927e-01
-1.713017e-01 6.527848e-02
-1.088570e-02 -1.217952e-01
-1.476113e-01 -2.016871e-01
-1.738760e-01 -1.264041e-01
-4.379726e-02 -2.510211e-01
-3.862206e-02 2.206796e-01
-3.389339e-03 -1.783162e-02
-1.282326e-01 7.405190e-03
-8.881483e-03 -9.267460e-02
-1.602377e-02 3.053001e-02
-5.302994e-03 -5.267567e-02
-1.602713e-01 -1.654542e-01
-1.053010e-02 -1.385137e-02
-3.486923e-04 3.558487e-04
-4.685060e-02 -3.090787e-01
-2.720594e-02 1.454970e-01
-4.806338e-04 -5.009858e-04
1.105865e-01 -5.498424e-02
-4.731950e-02 3.119942e-01
-1.962511e-02 -6.313355e-02
1.741008e-01 -1.031644e-01
1.775057e-01 9.968033e-02
-1.090382e-01 -2.566407e-03
-1.831961e-01 8.325620e-02
-3.938779e-02 2.431881e-01
5.415669e-01 3.832448e-02
-2.415856e-02 8.475711e-02
-1.817518e-01 -7.488070e-02
6.146381e-01 -1.786432e-02
-1.888752e-01 5.268305e-02
2.675359e-01 1.132556e-01
-1.545844e-02 4.397179e-02
-1.597746e-01 -1.248206e-01
-2.994784e-02 1.193017e-02
-5.662314e-03 1.051625e-01
-6.335128e-03 1.165278e-01
-2.184238e-02 1.784258e-02
-1.561511e-02 9.928635e-03
-2.233878e-02 1.131551e-02
-7.104784e-02 -7.340698e-02
-5.665060e-02 -5.989610e-02
-5.579755e-02 -7.234327e-02
-1.081824e-01 -1.647486e-01
-1.281289e-01 -1.545468e-01
-1.150460e-01 -1.444662e-01
-9.095837e-02 -6.458330e-03
-7.603607e-02 -6.130531e-03
-8.493828e-02 -1.276434e-02
-7.590602e-03 -1.268336e-01
-6.799810e-03 -1.146206e-01
-4.068120e-03 8.549243e-02
-1.678422e-02 1.719299e-01
3.353687e-02 2.186474e-02
-1.321979e-02 6.827226e-03
3.446894e-02 -4.494098e-03
-8.742796e-03 7.444136e-03
-8.548957e-03 3.955908e-03
-4.173491e-02 -3.086902e-01
-2.503315e-02 -2.515274e-01
-3.859149e-02 -3.138818e-01
5.099600e-01 -3.955329e-02
6.033959e-01 -2.721559e-02
6.383226e-01 -2.059789e-02
-5.548805e-02 -8.624742e-02
-4.230100e-02 -6.875858e-02
-2.968158e-02 -5.196125e-02
-2.809018e-02 -6.102304e-02
7.653880e-01 8.346627e-03
6.358655e-01 2.152671e-02
6.493284e-01 1.805033e-02
1.055227e-01 -1.137133e-01
1.253190e-01 -9.289531e-02
5.837589e-02 -1.127510e-01
3.618463e-01 1.018613e-01
9.387756e-02 2.246717e-01
1.734139e-01 1.835385e-01
3.953540e-01 7.924968e-02
2.951823e-01 1.103144e-01
3.581443e-01 8.537694e-02
6.566172e-01 1.326731e-02
5.451115e-01 2.164769e-02
6.670249e-01 1.021824e-02
7.256845e-02 -2.422899e-01
1.707800e-01 -1.847248e-01
2.483916e-01 -1.483192e-01
6.469449e-01 1.621653e-02
5.304029e-01 3.127262e-02
1.585547e-01 1.068173e-01
2.390354e-01 8.045347e-02
2.224502e-01 9.665584e-02
-1.164241e-01 -8.917704e-02
-1.015294e-01 -9.835523e-02
-1.173681e-01 -1.077881e-01
3.795759e-01 -9.549413e-02
1.941168e-01 -1.710104e-01
3.206206e-01 -1.182727e-01
-4.194038e-02 3.096808e-01
-3.888386e-02 3.153024e-01
-2.579392e-02 2.560857e-01
5.735950e-01 -4.703561e-03
6.769343e-01 -3.658303e-03
6.725930e-01 -1.434651e-03
9.449231e-02 -2.235658e-01
3.535582e-01 -1.045071e-01
-1.740404e-02 -9.933113e-02
-2.646315e-02 -1.283349e-01
-3.364026e-02 -1.288048e-01
1.974855e-01 -7.452612e-02
1.376787e-01 -7.481797e-02
5.023909e-01 -6.108475e-02
-6.185865e-02 -1.990937e-03
-5.712441e-02 -4.644252e-03
-8.609292e-02 -8.651807e-02
-8.525283e-02 -7.081573e-02
-1.877192e-02 -5.284482e-02
-2.972889e-02 -7.335746e-02
8.081537e-01 7.947202e-03
8.220311e-01 6.666344e-03
-7.048100e-03 -9.146111e-02
-2.846741e-03 -6.120102e-02
-1.736883e-02 -1.450344e-01
6.863004e-01 -7.430473e-03
6.818979e-01 -5.502339e-03
5.793783e-01 -1.213450e-02
-6.273766e-02 2.931626e-01
-7.644860e-02 3.054957e-01
-7.213236e-02 3.139646e-01
7.808453e-01 5.688600e-03
2.965551e-01 -1.207904e-01
4.133142e-01 -8.325983e-02
4.549492e-01 -6.915308e-02
-8.030814e-02 2.950188e-01
-8.701517e-02 3.062699e-01
-1.368366e-01 -1.682579e-01
-1.427364e-01 -1.440713e-01
1.871601e-01 1.743938e-01
3.747230e-01 9.717257e-02
3.164356e-01 1.198701e-01
6.566443e-01 -1.674149e-02
7.593327e-01 -8.798711e-03
6.719011e-01 8.440850e-04
6.698671e-01 3.344463e-03
5.680071e-01 3.449639e-03
6.828976e-01 -9.617881e-03
7.938352e-01 -3.482304e-03
-1.234144e-02 -2.246894e-02
-1.045135e-02 -2.657016e-02
-2.031658e-02 -3.696951e-02
4.022331e-01 8.674639e-02
2.870593e-01 1.236389e-01
4.384860e-01 7.308925e-02
4.766545e-01 6.065558e-02
5.464187e-01 4.294716e-02
-5.383192e-03 -1.098250e-01
-2.190893e-02 -2.102907e-01
1.233474e-01 1.481303e-01
2.092624e-01 1.121030e-01
1.893070e-01 1.311333e-01
5.848909e-01 -4.105201e-02
2.496447e-01 1.478969e-01
5.087890e-01 5.954357e-02
2.799293e-01 1.032077e-01
1.764011e-01 1.440158e-01
7.884377e-01 -1.879527e-03
-1.569702e-02 -1.263778e-01
-2.584579e-03 -5.342150e-02
-4.402104e-03 -1.652462e-02
-9.321674e-03 -3.069790e-02
8.296309e-02 1.361237e-01
9.753069e-02 1.145818e-01
4.882294e-01 -5.861907e-02
5.193629e-01 -4.905385e-02
3.763500e-01 -8.625954e-02
6.930789e-02 2.444099e-01
-8.516709e-02 -1.026639e-01
5.616477e-01 1.205220e-02
6.669027e-01 5.721370e-03
6.640950e-01 8.245197e-03
-4.598965e-03 -9.073258e-02
-1.929753e-02 -1.821918e-01
2.294261e-01 1.381978e-01
2.086601e-01 1.393666e-01
5.764436e-01 4.275033e-02
-1.750290e-01 6.713852e-02
-1.825460e-01 6.451644e-02
-1.741884e-01 8.867801e-02
-1.187285e-01 5.131362e-02
-1.176908e-01 2.114317e-02
-9.018772e-02 3.540360e-02
-1.050761e-01 -8.953334e-03
-9.487372e-02 -1.754720e-03
6.300260e-01 -3.065534e-02
8.436757e-02 -1.362430e-01
1.590762e-01 -1.107396e-01
-1.635645e-01 6.970447e-02
-1.722697e-01 4.954013e-02
-5.494427e-02 2.160748e-02
-5.461658e-02 -8.600274e-03
-6.420107e-03 4.132544e-02
-1.477567e-02 6.061800e-02
-1.308557e-02 6.495727e-02
7.815137e-01 3.885863e-03
-2.887134e-02 -1.990468e-01
-2.549184e-02 -1.806483e-01
-1.291802e-02 -1.381725e-01
3.036378e-01 8.128034e-02
-2.317006e-02 1.511720e-01
-2.503173e-02 1.668806e-01
-1.077242e-02 1.114560e-01
-2.429072e-02 1.031772e-01
-1.758344e-02 8.238916e-02
-3.163536e-02 1.036516e-01
-4.779654e-02 -3.236997e-01
-3.617239e-02 -2.815926e-01
8.398546e-01 -4.824294e-03
8.300022e-01 -5.725647e-03
-9.453721e-02 2.988553e-01
-1.025289e-01 2.877640e-01
-9.858141e-02 2.826148e-01
7.920260e-01 9.730841e-03
6.206701e-01 3.220694e-02
-1.699174e-02 5.652357e-02
-2.657921e-02 7.805781e-02
-1.172591e-01 -1.256354e-01
-9.834857e-02 -1.334181e-01
-2.865229e-02 -2.082163e-01
-4.367968e-02 -2.387803e-01
7.784000e-01 2.025029e-03
4.137136e-02 -4.607518e-02
3.562524e-02 -2.414116e-02
-8.671798e-03 -4.560265e-02
7.813397e-01 -5.618036e-05
-2.148585e-02 -1.269781e-01
-4.010985e-02 -1.610145e-01
-2.006891e-02 2.021714e-01
-5.277734e-03 1.090717e-01
-7.687946e-03 5.662854e-02
-3.704316e-02 1.320146e-01
-2.087306e-02 1.061233e-01
-2.192223e-02 -3.114075e-01
-2.511379e-02 -3.014345e-01
-5.749989e-02 4.993524e-02
-1.638557e-01 -1.350258e-01
-1.566137e-01 -1.612221e-01
-1.683796e-01 -1.382377e-01
4.797330e-02 -6.265033e-02
1.028326e-01 -4.047245e-02
3.496057e-01 -5.952846e-02
4.213396e-01 -5.183680e-02
4.610364e-01 -3.903928e-02
-3.676403e-02 2.843754e-01
-4.755900e-02 3.245349e-01
2.381112e-02 -1.619252e-01
6.274382e-02 -1.617830e-01
9.255105e-02 -7.808576e-03
-1.404650e-01 6.586271e-03
-1.176224e-01 -8.488746e-03
-3.952908e-02 2.080112e-01
-2.370558e-02 1.747743e-01
-1.315438e-02 -8.031828e-02
-7.856352e-03 -6.982700e-02
-4.298843e-02 1.034838e-02
-3.185581e-02 4.606678e-03
-4.903172e-02 8.324950e-03
-1.332452e-01 -1.129277e-01
-1.128925e-02 -3.949529e-02
-1.155166e-02 -4.722152e-02
2.777037e-01 -6.677606e-02
2.423517e-01 -8.554656e-02
4.815158e-01 -2.809852e-02
4.946925e-01 -3.056204e-02
5.978784e-01 -1.694016e-02
5.804741e-01 -2.367372e-02
6.686867e-01 -2.247730e-02
5.410994e-01 -4.229645e-02
-3.351740e-02 1.956307e-01
-1.993566e-02 1.678502e-01
1.637754e-02 1.679192e-01
-9.851361e-02 2.829480e-01
-1.102824e-01 2.745666e-01
-1.673848e-01 1.480529e-01
-1.597223e-01 1.702339e-01
-1.653234e-01 1.509315e-01
8.252896e-01 -6.399575e-03
-2.268377e-02 1.866688e-04
-2.273436e-02 -2.092458e-04
-4.248677e-02 -5.203807e-05
-6.207458e-02 1.221117e-03
-2.552673e-02 1.998263e-01
-3.017714e-02 2.248392e-01
6.160025e-02 1.616313e-01
-8.609322e-02 3.066459e-01
-3.942941e-02 -2.762076e-03
-5.302188e-02 -7.159783e-03
-2.030884e-02 -8.952935e-04
-2.188810e-02 -5.485205e-04
-1.471779e-01 5.418367e-02
-1.511643e-01 7.016903e-02
-1.370954e-01 6.820404e-02
3.679484e-01 7.802511e-02
4.066587e-01 6.470947e-02
5.021103e-01 4.773835e-02
6.919091e-01 1.933157e-02
8.567586e-01 4.109041e-03
-6.372517e-02 -3.246709e-01
-5.828684e-02 -3.269651e-01
-6.106230e-02 -3.292052e-01
4.726233e-01 -4.800689e-03
4.751252e-01 -1.064396e-02
-2.720033e-02 -2.703904e-01
-5.082641e-03 -2.413246e-01
-4.644076e-02 -2.697602e-01
-8.894140e-02 2.698275e-01
-8.334347e-02 2.818598e-01
-2.880763e-02 -1.014756e-01
-1.961873e-02 -7.794673e-02
-1.521941e-02 -7.719739e-02
-5.454370e-02 1.824732e-02
-3.824782e-02 1.205314e-02
3.814912e-01 -2.472384e-03
4.704375e-01 1.838455e-03
3.856413e-01 -6.457311e-02
-1.803086e-02 -1.152032e-03
-5.175666e-02 1.649351e-01
-7.255048e-03 1.416042e-01
-1.250272e-02 -2.155657e-01
1.762219e-02 -2.144602e-01
4.059786e-02 -1.878388e-01
-2.035208e-02 -5.322504e-03
-2.559641e-02 -1.090641e-02
-3.323903e-02 -1.090978e-02
-1.698585e-01 1.300885e-01
-1.599470e-01 1.491016e-01
-7.668144e-02 2.494696e-01
-9.471580e-02 2.559741e-01
4.680324e-01 8.221592e-03
-7.350896e-02 -2.908507e-01
-6.491540e-02 -2.670755e-01
2.990317e-01 -9.203604e-03
2.975476e-01 2.293107e-03
-2.175929e-02 3.112631e-01
-2.511024e-02 3.029892e-01
4.330451e-01 3.730214e-02
4.470527e-01 2.927182e-02
-1.755387e-01 -1.192362e-01
-1.678806e-01 -1.469241e-01
-1.530435e-01 8.771704e-02
-8.371645e-02 -5.638455e-02
-9.905271e-02 -6.516850e-02
-1.252148e-02 1.505303e-03
-2.041300e-02 5.383404e-03
-8.612967e-03 1.342598e-03
1.261553e-01 1.710967e-01
-6.875277e-02 -4.655804e-02
-5.440146e-02 -3.651617e-02
-5.596304e-02 -4.769811e-02
-1.570076e-02 1.406708e-03
-1.772509e-02 1.061643e-03
1.360590e-01 5.455886e-02
1.244856e-01 7.397652e-02
7.050815e-02 7.289989e-02
5.580228e-02 2.382578e-01
7.424347e-04 2.815796e-01
4.051596e-01 6.086457e-02
5.350141e-01 3.681647e-02
-4.348600e-02 -4.642797e-02
-9.106662e-03 1.438847e-02
-3.447807e-03 7.266628e-03
-6.992113e-03 8.802911e-03
8.648355e-01 -3.192409e-03
7.142490e-01 -1.473895e-02
-1.205604e-02 -1.412337e-03
-8.901577e-03 -1.398703e-03
4.245811e-04 -1.334802e-01
1.415519e-02 -1.097402e-01
5.698005e-01 -3.457795e-02
-6.719503e-02 -1.197966e-01
-1.979745e-02 -9.792514e-02
-5.551017e-02 -8.954218e-02
-5.129440e-02 -2.634124e-02
-4.131566e-02 -2.674889e-02
-1.593820e-01 2.280601e-02
-1.594929e-01 -7.184814e-03
1.083547e-01 -1.559381e-01
-9.875873e-03 -4.738563e-03
-1.222311e-02 -9.182860e-03
-1.898078e-02 -1.045726e-02
-7.681477e-02 4.122331e-03
-5.753762e-02 3.975726e-03
-1.538633e-01 1.068265e-01
-1.406536e-01 1.029346e-01
2.155383e-01 -1.038713e-01
-9.148585e-02 2.903320e-03
-8.652206e-02 9.588338e-03
-1.267156e-01 1.154024e-01
-1.270966e-01 9.738190e-02
-5.685331e-02 -3.176437e-01
-4.350644e-02 -3.160693e-01
-1.466797e-01 -9.809114e-02
-1.479432e-01 -1.168026e-01
-4.721179e-02 -1.778153e-02
-6.157842e-02 -2.472926e-02
-2.965334e-02 -1.817104e-02
1.876744e-01 7.100695e-02
1.123679e-01 9.341546e-02
1.136676e-01 -2.113855e-01
6.738335e-02 -2.442719e-01
-9.702653e-02 1.662465e-02
-1.116192e-01 1.730526e-02
-1.056296e-01 2.628175e-02
-1.128867e-01 3.742166e-02
-1.274639e-01 3.954384e-02
-1.183427e-01 5.006269e-02
-6.633799e-02 1.214104e-02
-5.366904e-02 6.299370e-03
-3.921886e-02 2.512480e-03
-1.065640e-01 -4.327579e-02
-1.109106e-01 -5.656120e-02
-1.214503e-01 -4.648250e-02
-7.634389e-02 -3.181773e-02
-8.032335e-02 -4.306595e-02
-9.155761e-02 -3.797965e-02
-3.132360e-02 -2.584481e-02
-3.884208e-02 -2.650687e-01
-3.687066e-02 -2.699899e-01
-4.050602e-02 -1.032287e-02
-9.662171e-02 1.124821e-01
-1.114856e-01 1.241006e-01
-9.407068e-02 1.285930e-01
-1.006362e-01 2.413128e-01
-1.111442e-01 2.534617e-01
-1.441723e-01 -8.048452e-02
-1.578746e-01 -8.000435e-02
-1.358120e-01 -4.834066e-02
-1.404149e-01 -6.323572e-02
-1.492767e-01 -4.769893e-02
-9.138956e-02 1.448998e-01
-1.061631e-01 1.594312e-01
-8.756143e-02 1.604199e-01
-1.171771e-01 -3.874530e-02
-8.819733e-02 -2.347048e-02
-1.616058e-01 -4.546620e-02
-1.661579e-01 -6.003152e-02
-1.724204e-01 -3.912291e-02
5.924646e-02 -2.392549e-01
1.627278e-01 -1.801357e-01
-1.813293e-01 -3.196695e-02
-1.844839e-01 -4.635528e-02
-1.878088e-01 -2.193141e-02
-1.344473e-01 2.824072e-02
-1.416102e-01 4.074772e-02
-1.915575e-01 -1.225585e-02
-1.914426e-01 -2.708069e-02
-1.921689e-01 -1.183855e-03
-1.882772e-01 -4.709475e-02
-1.821205e-01 -6.437953e-02
-1.830881e-01 -3.242682e-02
-1.186015e-01 -6.796668e-02
-1.410169e-01 -5.294317e-02
-1.114771e-01 2.082411e-01
-1.230338e-01 2.190348e-01
-1.061294e-01 2.251276e-01
-1.714298e-01 -7.929914e-02
-1.585214e-01 -9.641589e-02
-1.590663e-01 -6.609095e-02
-1.780859e-01 1.077370e-01
-1.836514e-01 8.598755e-02
-1.789971e-01 1.068453e-01
2.221337e-01 9.621923e-03
2.947654e-01 1.411706e-02
-1.887820e-02 2.226247e-01
4.490333e-02 1.868366e-01
2.160084e-02 2.141178e-01
-7.060490e-02 2.192182e-01
-4.697959e-02 2.233497e-01
3.570118e-01 3.544398e-02
4.572595e-01 2.172541e-02
-1.200628e-01 1.719289e-01
-1.326937e-01 1.811411e-01
-1.159015e-01 1.903019e-01
-1.420243e-01 -1.113872e-01
-1.225302e-01 -1.256905e-01
-1.203113e-01 -9.669395e-02
-9.136543e-02 -8.106825e-02
-5.066455e-02 -6.235605e-02
-9.935768e-02 -1.373493e-01
-7.421518e-02 -1.474853e-01
-9.694979e-02 8.083550e-02
-1.122062e-01 8.966694e-02
-9.723391e-02 9.636436e-02
2.101409e-01 3.895396e-02
2.889264e-01 2.600757e-02
2.790921e-01 3.874925e-02
-2.219953e-02 -2.329772e-02
-3.197087e-02 -3.408155e-02
3.738066e-01 1.588760e-02
4.623329e-01 1.516844e-02
8.593090e-02 3.059787e-02
1.503885e-01 1.844563e-02
1.447028e-01 3.684939e-02
4.718815e-02 1.177226e-01
-1.313629e-01 2.258913e-01
-1.359268e-01 2.273287e-01
-1.247587e-01 2.433878e-01
-1.111416e-01 2.029164e-01
-8.638410e-02 1.853499e-01
-9.238306e-02 2.126375e-01
-1.346474e-01 2.244851e-01
-1.269928e-01 2.158104e-01
-1.241459e-01 2.393564e-01
6.242380e-02 2.031653e-01
8.078198e-02 2.040385e-01
-6.732698e-02 -3.148393e-01
-4.456733e-02 -2.962427e-01
-8.168633e-02 1.478038e-02
1.403636e-01 -1.795327e-01
2.053305e-01 -1.548399e-01
2.502474e-01 -1.303650e-01
-9.771815e-02 3.326321e-02
-8.154387e-02 -2.610210e-01
-5.326423e-02 -2.405423e-01
-6.131057e-02 2.227448e-01
-5.552746e-02 2.299617e-01
-1.227708e-01 6.470981e-02
-1.075861e-01 5.872662e-02
-3.697085e-03 -2.655122e-01
2.286464e-02 -2.564809e-01
5.738110e-02 -2.252729e-01
-1.813659e-01 -9.570262e-02
-1.849632e-01 -7.646703e-02
-1.786209e-01 -9.300035e-02
-1.608002e-02 3.050137e-01
6.581466e-02 2.453704e-01
1.002875e-02 2.868892e-01
-1.006313e-01 -3.126599e-02
-1.019079e-02 7.943186e-02
-2.002006e-02 1.152623e-01
-1.294924e-01 -3.501842e-02
-7.065250e-02 -2.191155e-02
-1.730281e-01 1.090699e-01
3.811164e-01 -3.745301e-02
4.724791e-01 -2.288773e-02
2.250155e-01 -1.783592e-02
2.998121e-01 -2.009227e-02
-1.058020e-01 3.749531e-03
-6.498900e-02 -2.088982e-01
-4.056957e-02 -2.147459e-01
-2.665512e-02 -1.874853e-01
-7.673384e-02 1.281728e-01
-8.720640e-02 -3.021429e-01
-7.761514e-02 -3.098281e-01
3.308056e-01 5.733679e-02
4.187311e-01 4.607540e-02
-2.021195e-02 6.067462e-02
2.929585e-02 4.479816e-02
2.188171e-02 6.868825e-02
-8.293258e-03 -8.177635e-03
-1.577283e-02 -1.587328e-02
-8.138990e-02 9.905718e-02
-1.554142e-01 -3.114696e-02
-3.437887e-03 -1.168430e-03
-5.867525e-03 -1.274349e-03
5.836885e-02 2.402266e-01
1.580602e-01 1.828184e-01
1.115409e-01 2.127018e-01
-1.761436e-01 -1.869480e-02
-1.890286e-01 8.122521e-04
-9.812637e-02 1.933115e-01
-8.795573e-02 2.238426e-01
-1.892579e-01 1.084996e-02
-1.914278e-01 2.463955e-02
-1.380194e-03 2.333947e-02
-2.871790e-03 3.729401e-02
-5.870387e-02 2.497010e-01
1.318549e-02 9.223844e-02
-1.297525e-01 -7.710644e-02
-2.758396e-03 5.685503e-02
-3.044807e-03 6.338646e-02
-1.175711e-01 2.599255e-01
-1.188584e-01 2.589660e-01
-8.396570e-02 2.696611e-01
-9.931857e-02 2.627278e-01
-7.508784e-02 2.034964e-01
-6.171009e-02 1.804234e-01
-7.964975e-02 1.903361e-01
-1.800028e-01 -1.018073e-01
-1.571205e-01 -1.246909e-01
-1.790720e-01 -9.281369e-02
-9.686254e-02 2.384803e-01
-8.362537e-03 2.458066e-01
-1.696951e-01 -7.695437e-02
-1.244796e-01 -1.534985e-01
-1.149912e-01 8.917050e-03
-1.253204e-01 1.802325e-02
-6.480031e-02 -2.563567e-01
-5.895618e-02 -2.624367e-01
-7.898186e-02 -2.808459e-01
-1.685727e-01 -1.054083e-01
-1.723908e-01 -8.851897e-02
-1.886374e-01 -5.604243e-02
-8.102682e-02 -1.749113e-01
-4.495089e-02 -1.545721e-01
-6.163290e-03 -2.858410e-01
-7.625732e-02 -3.207020e-01
-8.451333e-02 1.763599e-01
-1.122450e-01 2.520614e-01
-1.594157e-01 -3.671719e-02
2.681544e-01 5.160136e-02
1.525887e-01 1.687120e-03
3.792534e-01 -2.034619e-02
4.720931e-01 -1.712536e-02
-1.230480e-01 1.530628e-01
-1.513777e-02 -1.321152e-03
-3.122684e-02 -4.678227e-03
1.252244e-01 1.883444e-01
5.687367e-02 2.263552e-01
2.955551e-01 -3.146961e-02
-6.363139e-02 1.116488e-01
-5.069073e-02 9.390942e-02
-6.550695e-02 9.824984e-02
-1.373769e-01 2.071135e-01
-8.025548e-02 1.584308e-01
-1.279053e-01 1.907017e-01
-1.442583e-01 2.077028e-01
-6.943975e-03 -5.443781e-02
-1.354892e-03 -8.148716e-04
2.857822e-01 -1.115406e-01
2.000619e-01 1.561509e-01
-6.753172e-02 8.541104e-02
-2.762492e-03 8.557511e-04
-1.009832e-03 5.802087e-04
9.131800e-02 -1.967740e-01
-8.905531e-03 1.481244e-01
-5.845243e-03 1.557047e-01
-3.677072e-03 3.724275e-03
-1.427385e-01 1.875099e-01
-1.498972e-01 1.898972e-01
-1.002747e-02 2.705774e-02
-1.591986e-02 3.728157e-02
-9.400048e-03 3.185818e-02
-1.524927e-01 1.897714e-01
-2.188292e-02 5.281371e-04
-7.848377e-02 -1.942374e-01
-6.420132e-02 -1.723061e-01
-5.853254e-02 -1.814347e-01
-1.243660e-03 7.023284e-03
-4.677876e-03 1.605817e-02
-1.203466e-03 9.127045e-03
-3.136723e-02 -4.268288e-02
-1.251541e-01 8.024832e-02
-5.640448e-02 1.360174e-01
-6.997484e-02 1.561743e-01
-5.263145e-02 1.469321e-01
3.328122e-03 1.168456e-01
-1.277179e-02 -1.599197e-01
4.136502e-01 5.268294e-02
-1.836993e-01 -4.027723e-03
-1.826659e-01 2.400879e-02
-4.397813e-03 -2.408629e-02
1.063411e-02 -2.864597e-01
-2.319157e-03 4.124412e-02
-2.532462e-03 4.702090e-02
-9.480638e-03 9.152481e-02
-2.523221e-03 5.052490e-02
-9.546442e-02 6.602895e-02
-8.221491e-02 7.049413e-02
-1.070486e-01 -2.575777e-01
-1.204188e-01 -2.499508e-01
-1.134383e-01 -2.421872e-01
-2.321419e-02 4.159937e-02
-2.334969e-02 5.013025e-02
-5.994641e-02 1.236372e-01
-4.443079e-02 1.150405e-01
-3.114179e-03 -5.186613e-02
-2.889045e-03 -4.549185e-02
-4.052252e-03 -8.173516e-02
-2.398877e-03 -3.093354e-02
-2.201323e-03 -2.590514e-02
-6.942966e-02 2.147899e-01
-4.876896e-02 1.944606e-01
-1.237965e-03 1.952683e-02
-3.640080e-03 7.693167e-02
-2.872555e-02 3.105089e-01
-4.614638e-02 3.280803e-01
-6.911565e-02 -3.201091e-01
-5.726114e-02 -3.053896e-01
-1.554484e-03 -1.860808e-02
-1.390934e-03 -1.483179e-02
2.292259e-02 2.571100e-01
-4.932198e-03 2.853483e-01
-1.956349e-03 1.815355e-02
-2.159274e-03 2.261271e-02
-8.906501e-03 -1.470701e-01
-7.735416e-03 -1.308854e-01
-7.012335e-03 -4.179524e-02
-7.815488e-03 1.318421e-01
-8.755490e-02 -2.021014e-01
-9.304215e-02 -2.281220e-01
-9.697997e-02 -2.528445e-01
-9.848221e-02 -2.748802e-01
-9.670692e-02 -2.925941e-01
-9.102220e-02 -3.037992e-01
-1.474471e-03 -8.066991e-03
-1.228520e-03 -5.130860e-03
2.883661e-01 -4.309828e-02
2.923888e-01 -5.375252e-02
-1.507446e-01 1.470458e-01
-1.469520e-01 1.674037e-01
-1.728037e-01 1.250183e-01
-1.643809e-01 1.435106e-01
2.545675e-01 6.586134e-02
-1.734010e-01 -2.025842e-02
1.549421e-01 -1.389131e-02
1.550771e-01 -2.943592e-02
4.426978e-01 -6.062130e-02
-1.145399e-01 -7.248112e-02
-6.988027e-02 -1.611523e-01
-5.130752e-02 -1.488081e-01
-2.853586e-02 2.120275e-01
-5.286615e-02 2.055495e-01
5.207497e-02 -2.081566e-01
-1.854802e-01 7.049727e-02
-1.869157e-01 6.767594e-02
-6.864947e-02 2.730103e-01
-4.268408e-02 4.695637e-02
-4.305219e-02 5.783517e-02
-3.253332e-02 4.453520e-02
3.229732e-01 -9.351358e-02
3.553569e-01 -7.846313e-02
-1.003064e-03 4.385142e-03
-7.373337e-02 1.312239e-01
-6.816583e-02 1.044587e-01
-3.422416e-02 1.121254e-01
-4.444851e-02 -1.184542e-01
-3.937247e-02 -1.251128e-01
-1.560141e-02 2.231390e-02
-9.144772e-03 2.019992e-02
-6.211940e-02 7.680032e-02
-1.388607e-01 1.416266e-01
-1.525865e-01 1.267420e-01
-1.254653e-01 1.342083e-01
-1.649939e-01 1.078283e-01
-3.348109e-02 -1.935844e-01
-7.323845e-02 -2.490843e-01
-5.237152e-02 -2.276086e-01
-5.635819e-03 1.219821e-03
-1.679935e-02 -3.055124e-01
-5.406917e-02 7.079276e-02
-4.160104e-02 6.777034e-02
-7.140962e-04 -2.324497e-03
-4.632969e-04 -8.423324e-04
-1.988546e-02 8.135992e-04
-3.730676e-03 -8.177223e-03
-1.040966e-01 -2.296258e-01
-1.197182e-01 -2.252547e-01
-1.160277e-01 -1.956249e-01
-1.257577e-01 -2.074408e-01
-1.313800e-01 -1.877553e-01
-1.726704e-01 3.721136e-02
-1.812411e-01 5.150723e-02
-2.548995e-02 1.912498e-01
-3.895416e-02 2.319463e-01
-2.902595e-02 -3.109653e-01
-2.389518e-03 2.654838e-01
-6.780951e-02 2.745417e-01
-1.661142e-01 3.403168e-02
-1.768684e-01 2.760779e-02
-7.514014e-02 -3.141758e-01
-1.882731e-01 2.920851e-02
-1.843292e-01 1.701216e-02
-9.291825e-02 5.230625e-02
-5.458056e-02 -3.688306e-02
-1.652737e-01 -1.349002e-01
-1.541488e-01 -1.513947e-01
-1.073291e-01 -1.921650e-01
-4.299189e-02 3.155143e-01
2.184351e-01 -4.482366e-02
-7.525608e-02 1.970000e-02
-4.723415e-02 -8.988630e-03
-1.082991e-01 -2.313910e-02
-9.377972e-02 -2.135591e-02
-1.592385e-01 -1.328617e-02
-1.480055e-01 -1.886231e-02
-3.358849e-03 7.071142e-02
-3.131599e-03 4.331535e-02
-4.407688e-02 -2.689110e-01
2.163975e-01 -1.309895e-01
-1.045516e-01 1.489148e-01
-1.504135e-01 1.845925e-01
-1.109546e-01 -2.423110e-01
-1.057518e-01 -2.811618e-01
-6.778484e-02 7.208262e-02
-6.798758e-02 5.963191e-02
-2.760632e-03 1.764167e-01
-4.107860e-03 -4.389806e-03
-5.553248e-03 -8.241051e-03
-1.338444e-01 -2.149390e-01
-4.198643e-02 -1.984581e-01
3.290849e-02 -8.170593e-02
-1.385230e-03 1.238196e-02
-4.935634e-02 1.576203e-01
-1.504751e-01 -1.763291e-01
-1.407801e-01 -1.663148e-01
-1.693206e-01 -6.223227e-03
-1.605067e-01 4.613555e-03
2.819841e-01 -9.266969e-02
-9.632922e-02 9.317259e-02
-4.996493e-04 8.639013e-04
-7.677846e-04 2.375037e-03
5.939884e-01 -4.461842e-02
5.136899e-01 -5.917308e-02
-1.867166e-01 4.813181e-02
-1.457913e-01 -1.756083e-01
7.083652e-01 -1.963810e-02
6.581063e-01 -2.520713e-02
-9.370245e-02 -2.848353e-01
-8.746563e-02 -2.965529e-01
-5.224720e-03 -1.493030e-01
6.664552e-01 2.390362e-02
7.154169e-01 1.863246e-02
7.788371e-01 -1.179523e-02
7.500648e-01 -1.488097e-02
-1.678123e-01 -1.190419e-01
-1.556044e-01 -1.399901e-01
7.502065e-01 1.478453e-02
7.788692e-01 1.172241e-02
8.003953e-01 -8.955352e-03
7.806109e-01 -1.105348e-02
-6.241348e-03 1.214321e-01
8.115902e-01 -7.654553e-03
7.715197e-01 1.194775e-02
-4.631693e-02 -3.282996e-01
-5.426336e-02 -3.282666e-01
8.717828e-01 2.861214e-03
8.776998e-01 2.398967e-03
8.867133e-01 -1.649812e-03
8.826055e-01 -1.995911e-03
8.826116e-01 1.994867e-03
8.867216e-01 1.646301e-03
8.957792e-01 -1.006862e-03
8.931287e-01 -1.270347e-03
-4.870226e-02 2.748404e-01
-7.394278e-02 2.957219e-01
8.900618e-01 1.327278e-03
8.927449e-01 1.043900e-03
8.963663e-01 -5.541070e-04
8.948353e-01 -7.932191e-04
8.851056e-01 9.399829e-04
8.867689e-01 6.628756e-04
8.893419e-01 -1.364529e-04
8.887912e-01 -3.918240e-04
-8.106248e-02 -3.061106e-01
1.259471e-01 -1.700887e-01
8.878584e-01 3.860473e-04
8.883920e-01 1.303772e-04
-1.356206e-01 -2.221345e-02
-1.223099e-01 -2.390846e-02
-1.135733e-01 -1.433399e-02
-7.879026e-02 -1.755229e-02
-6.348271e-02 -1.361219e-02
-6.322095e-03 -1.222378e-01
1.580090e-01 -1.463703e-01
-4.408659e-02 2.974437e-01
-2.689678e-02 2.720904e-01
-6.061808e-02 3.289861e-01
-5.851006e-02 3.277061e-01
-6.341631e-02 3.255824e-01
-1.250401e-01 -1.801107e-01
-1.386343e-01 1.587807e-02
-1.390282e-01 -8.751598e-03
-1.775422e-01 3.650970e-03
-1.261288e-02 1.356348e-01
-5.488206e-02 2.459689e-01
-5.590231e-02 3.048944e-01
-3.721308e-02 2.615642e-01
-4.051315e-02 2.618809e-01
-1.059412e-01 -2.798434e-01
-1.003326e-01 -2.720759e-01
-1.798135e-01 -6.406670e-02
-1.545086e-01 1.602949e-01
-1.565005e-01 1.348537e-01
-8.325467e-02 2.898270e-02
-6.790539e-02 2.354080e-02
-2.269469e-03 -4.753347e-02
-1.419994e-01 1.766807e-01
-9.138355e-02 -2.580303e-01
-7.976086e-02 -2.391762e-01
-6.202277e-02 -1.298086e-01
-4.945951e-02 -1.104832e-01
-6.282464e-03 2.942889e-02
-1.213810e-01 8.085729e-02
-1.418877e-01 6.631869e-02
-8.965319e-02 -1.663112e-01
-7.583627e-02 -1.486714e-01
-3.425016e-02 -2.354395e-01
-7.831406e-02 4.471117e-02
-8.866745e-02 3.992708e-02
-2.115908e-02 2.747786e-01
-5.472104e-02 4.840136e-02
-4.288834e-02 3.774903e-02
-5.538389e-02 3.173262e-01
-1.270392e-01 1.641117e-01
-1.257144e-01 1.371515e-01
-1.189896e-01 1.612082e-03
-8.563558e-02 -2.269293e-01
-9.188642e-02 -2.137659e-01
8.710637e-01 -2.678229e-03
-6.767284e-02 -2.968943e-01
-1.251733e-01 -2.057620e-01
-4.029355e-02 7.809124e-02
-3.053131e-02 6.232183e-02
-1.547446e-01 3.884777e-02
-9.712480e-02 -1.987736e-01
-1.030394e-01 -1.824708e-01
-3.202811e-02 2.746945e-02
-2.227730e-02 2.408595e-02
-1.434186e-01 1.234683e-01
-1.581050e-01 1.081085e-01
-1.146575e-01 -2.678188e-01
-6.913814e-04 -2.808137e-01
5.273619e-02 -2.384495e-01
-5.289427e-02 -9.911534e-02
-6.894399e-02 -1.031030e-01
-6.625847e-02 3.158194e-01
-1.237039e-01 1.094967e-01
-8.022776e-02 -1.349623e-01
-8.394129e-02 -1.198992e-01
-5.327773e-02 -1.901796e-01
-4.720022e-02 -1.950531e-01
-2.973694e-02 -1.640393e-01
-6.764741e-02 3.206530e-01
7.836315e-01 -5.590839e-03
-6.685656e-02 4.773336e-02
8.651661e-01 3.433090e-03
-6.695147e-02 -2.160289e-01
-3.700000e-02 2.711521e-01
-3.754582e-02 -8.950553e-02
-3.006947e-03 -6.805885e-02
-1.603538e-01 -1.112636e-01
-6.438105e-02 3.669218e-02
-8.012112e-04 -7.623712e-03
-5.265948e-02 2.564941e-01
-5.316789e-02 2.690435e-01
-4.146068e-02 2.861618e-02
-1.325705e-03 -2.553428e-02
-9.993269e-03 -9.173782e-02
-2.031985e-02 -1.332021e-01
7.439596e-01 1.179913e-02
-5.903450e-02 -2.760412e-01
-1.406749e-03 -1.696925e-01
-1.238035e-01 -2.293620e-01
-1.204709e-01 -2.504239e-01
1.875864e-01 -1.238596e-01
-1.230448e-01 -2.530501e-01
-1.310541e-01 -2.367779e-01
-1.864543e-01 -5.620814e-02
5.932470e-01 4.464699e-02
-2.145800e-02 2.212949e-01
9.227096e-05 -8.441699e-05
-1.141680e-04 1.285727e-04
-2.767652e-02 -2.056118e-01
-2.060937e-02 -2.702499e-01
-9.337502e-04 -1.028410e-02
-1.353396e-01 -2.148418e-01
5.903871e-01 3.306501e-02
-5.336400e-02 -1.998862e-01
-1.461324e-03 -2.969526e-02
-1.586825e-01 5.139379e-02
-2.139070e-02 -2.208514e-01
-1.730681e-01 -1.183813e-01
-1.592630e-01 2.154108e-02
-1.501919e-01 1.196670e-02
5.127085e-01 5.937406e-02
-1.908357e-01 3.241742e-02
-1.390643e-04 -1.683831e-04
9.034433e-05 7.264755e-05
-1.504476e-04 1.283403e-04
-5.428622e-02 3.290676e-01
-3.759027e-02 8.718737e-02
-7.688928e-02 3.129856e-01
-2.916703e-02 8.542773e-03
-2.148150e-02 8.152425e-03
-2.394724e-02 3.406242e-02
5.546325e-01 -1.478079e-02
4.501877e-01 7.545675e-02
3.063375e-02 -7.585729e-02
6.471459e-01 2.170568e-02
-4.445113e-02 1.645537e-01
-7.489734e-02 3.220050e-01
-4.980183e-02 -3.086307e-01
4.532005e-01 -7.579583e-02
5.576504e-01 1.370389e-02
3.214780e-02 7.440411e-02
-2.134370e-04 -1.723698e-04
1.648382e-01 -4.234394e-02
1.582283e-01 -5.823131e-02
-5.339094e-02 -2.787263e-01
-1.790330e-02 1.264778e-01
-3.335837e-02 1.694697e-01
9.301445e-02 -7.237062e-02
-2.597701e-02 -7.937652e-02
-1.402103e-02 -6.055194e-02
-6.083627e-02 2.721345e-02
-3.924726e-02 2.086426e-02
-5.157755e-02 2.891491e-02
-1.473613e-01 -1.301108e-01
-1.383603e-01 -2.194522e-01
-1.453477e-01 -2.004404e-01
-1.587865e-01 8.085408e-02
-1.458701e-01 -1.985310e-01
-1.395103e-01 -2.191177e-01
-1.547189e-01 -1.819120e-01
-1.557345e-02 -2.110694e-02
-8.027798e-03 -1.463050e-02
-1.545396e-01 -1.837277e-01
-1.508634e-01 -1.822363e-01
-4.132677e-02 1.711092e-01
-1.698686e-01 9.222674e-02
-3.420713e-02 2.688317e-01
6.915185e-01 -1.217451e-02
-1.677839e-01 -1.433117e-01
-4.956881e-02 2.739492e-01
-1.621574e-01 -1.640563e-01
-1.396595e-01 3.167825e-03
-2.256593e-03 -1.893864e-03
-3.866953e-02 1.617137e-02
-5.021875e-02 3.110686e-01
-1.697150e-03 1.393868e-03
-3.557118e-02 9.677713e-02
-1.284278e-01 -2.674864e-03
-1.309518e-03 1.616342e-03
-3.386806e-02 -2.667675e-01
-1.708275e-02 1.147693e-01
-3.071281e-02 1.583803e-02
-1.398359e-03 -1.759408e-03
8.195408e-04 2.330393e-01
-2.141233e-02 5.656876e-02
7.026147e-01 -9.838139e-03
1.981464e-01 -1.483141e-01
-1.895357e-01 4.585895e-02
-1.795425e-01 7.510740e-02
-1.859736e-01 6.085206e-02
-1.182696e-01 -6.931152e-03
6.307118e-01 2.551189e-02
-3.033827e-02 1.428093e-01
-1.160747e-02 4.287469e-02
-9.599155e-04 -2.323780e-01
1.999480e-01 1.474364e-01
-1.766415e-01 1.008532e-01
