1.000000e+00
0.000000e+00
0.000000e+00 0.000000e+00
taylor-hood
cavity
1.000000e+00 0.000000e+00
0.000000e+00 0.000000e+00
0.000000e+00 0.000000e+00
1.000000e+00 0.000000e+00
0.000000e+00 0.000000e+00
0.000000e+00 0.000000e+00
0.000000e+00 0.000000e+00
0.000000e+00 0.000000e+00
0.000000e+00 0.000000e+00
0.000000e+00 0.000000e+00
0.000000e+00 0.000000e+00
0.000000e+00 0.000000e+00
0.000000e+00 0.000000e+00
0.000000e+00 0.000000e+00
0.000000e+00 0.000000e+00
0.000000e+00 0.000000e+00
0.000000e+00 0.000000e+00
0.000000e+00 0.000000e+00
0.000000e+00 0.000000e+00
0.000000e+00 0.000000e+00
0.000000e+00 0.000000e+00
0.000000e+00 0.000000e+00
0.000000e+00 0.000000e+00
0.000000e+00 0.000000e+00
0.000000e+00 0.000000e+00
0.000000e+00 0.000000e+00
0.000000e+00 0.000000e+00
0.000000e+00 0.000000e+00
0.000000e+00 0.000000e+00
0.000000e+00 0.000000e+00
0.000000e+00 0.000000e+00
0.000000e+00 0.000000e+00
0.000000e+00 0.000000e+00
0.000000e+00 0.000000e+00
0.000000e+00 0.000000e+00
0.000000e+00 0.000000e+00
0.000000e+00 0.000000e+00
0.000000e+00 0.000000e+00
0.000000e+00 0.000000e+00
0.000000e+00 0.000000e+00
0.000000e+00 0.000000e+00
0.000000e+00 0.000000e+00
0.000000e+00 0.000000e+00
0.000000e+00 0.000000e+00
0.000000e+00 0.000000e+00
0.000000e+00 0.000000e+00
0.000000e+00 0.000000e+00
0.000000e+00 0.000000e+00
0.000000e+00 0.000000e+00
0.000000e+00 0.000000e+00
0.000000e+00 0.000000e+00
0.000000e+00 0.000000e+00
0.000000e+00 0.000000e+00
0.000000e+00 0.000000e+00
0.000000e+00 0.000000e+00
0.000000e+00 0.000000e+00
0.000000e+00 0.000000e+00
0.000000e+00 0.000000e+00
0.000000e+00 0.000000e+00
0.000000e+00 0.000000e+00
0.000000e+00 0.000000e+00
0.000000e+00 0.000000e+00
0.000000e+00 0.000000e+00
0.000000e+00 0.000000e+00
0.000000e+00 0.000000e+00
0.000000e+00 0.000000e+00
0.000000e+00 0.000000e+00
0.000000e+00 0.000000e+00
0.000000e+00 0.000000e+00
0.000000e+00 0.000000e+00
0.000000e+00 0.000000e+00
0.000000e+00 0.000000e+00
0.000000e+00 0.000000e+00
0.000000e+00 0.000000e+00
0.000000e+00 0.000000e+00
0.000000e+00 0.000000e+00
0.000000e+00 0.000000e+00
0.000000e+00 0.000000e+00
0.000000e+00 0.000000e+00
0.000000e+00 0.000000e+00
0.000000e+00 0.000000e+00
0.000000e+00 0.000000e+00
0.000000e+00 0.000000e+00
0.000000e+00 0.000000e+00
0.000000e+00 0.000000e+00
0.000000e+00 0.000000e+00
0.000000e+00 0.000000e+00
0.000000e+00 0.000000e+00
0.000000e+00 0.000000e+00
0.000000e+00 0.000000e+00
0.000000e+00 0.000000e+00
0.000000e+00 0.000000e+00
0.000000e+00 0.000000e+00
0.000000e+00 0.000000e+00
0.000000e+00 0.000000e+00
0.000000e+00 0.000000e+00
0.000000e+00 0.000000e+00
0.000000e+00 0.000000e+00
0.000000e+00 0.000000e+00
0.000000e+00 0.000000e+00
0.000000e+00 0.000000e+00
0.000000e+00 0.000000e+00
0.000000e+00 0.000000e+00
0.000000e+00 0.000000e+00
0.000000e+00 0.000000e+00
0.000000e+00 0.000000e+00
0.000000e+00 0.000000e+00
0.000000e+00 0.000000e+00
0.000000e+00 0.000000e+00
0.000000e+00 0.000000e+00
0.000000e+00 0.000000e+00
0.000000e+00 0.000000e+00
0.000000e+00 0.000000e+00
0.000000e+00 0.000000e+00
0.000000e+00 0.000000e+00
1.000000e+00 0.000000e+00
1.000000e+00 0.000000e+00
1.000000e+00 0.000000e+00
1.000000e+00 0.000000e+00
1.000000e+00 0.000000e+00
1.000000e+00 0.000000e+00
1.000000e+00 0.000000e+00
1.000000e+00 0.000000e+00
1.000000e+00 0.000000e+00
1.000000e+00 0.000000e+00
1.000000e+00 0.000000e+00
1.000000e+00 0.000000e+00
1.000000e+00 0.000000e+00
1.000000e+00 0.000000e+00
1.000000e+00 0.000000e+00
1.000000e+00 0.000000e+00
1.000000e+00 0.000000e+00
1.000000e+00 0.000000e+00
1.000000e+00 0.000000e+00
1.000000e+00 0.000000e+00
1.000000e+00 0.000000e+00
1.000000e+00 0.000000e+00
1.000000e+00 0.000000e+00
1.000000e+00 0.000000e+00
1.000000e+00 0.000000e+00
1.000000e+00 0.000000e+00
1.000000e+00 0.000000e+00
1.000000e+00 0.000000e+00
1.000000e+00 0.000000e+00
1.000000e+00 0.000000e+00
1.000000e+00 0.000000e+00
1.000000e+00 0.000000e+00
1.000000e+00 0.000000e+00
1.000000e+00 0.000000e+00
1.000000e+00 0.000000e+00
1.000000e+00 0.000000e+00
1.000000e+00 0.000000e+00
1.000000e+00 0.000000e+00
1.000000e+00 0.000000e+00
1.000000e+00 0.000000e+00
1.000000e+00 0.000000e+00
1.000000e+00 0.000000e+00
1.000000e+00 0.000000e+00
1.000000e+00 0.000000e+00
1.000000e+00 0.000000e+00
1.000000e+00 0.000000e+00
1.000000e+00 0.000000e+00
1.000000e+00 0.000000e+00
1.000000e+00 0.000000e+00
1.000000e+00 0.000000e+00
1.000000e+00 0.000000e+00
1.000000e+00 0.000000e+00
1.000000e+00 0.000000e+00
1.000000e+00 0.000000e+00
1.000000e+00 0.000000e+00
1.000000e+00 0.000000e+00
1.000000e+00 0.000000e+00
1.000000e+00 0.000000e+00
1.000000e+00 0.000000e+00
8.422749e-01 5.346549e-04
-7.007218e-03 -6.418422e-02
-5.620878e-03 6.841114e-02
8.183150e-01 4.592851e-03
8.306069e-01 -3.246695e-03
-9.045650e-03 -1.182591e-01
-3.509397e-02 -3.223769e-06
-9.981474e-03 1.355903e-01
7.679607e-01 -1.098001e-02
-4.640310e-03 3.766999e-02
-6.489765e-03 -3.521153e-02
7.604319e-01 1.250594e-02
-1.429384e-02 -1.774624e-01
-2.248013e-02 3.408029e-03
-2.225579e-02 -3.388875e-03
-1.688671e-02 1.989102e-01
6.501222e-01 -2.928755e-02
-3.281992e-03 1.176106e-02
5.698492e-01 4.541165e-02
-7.327818e-03 -8.737898e-02
-7.373004e-03 9.807951e-02
-3.362816e-03 -1.252273e-02
-2.097607e-02 -2.247764e-01
8.438792e-01 1.920560e-03
7.864581e-01 8.449167e-03
7.956197e-01 -6.830191e-03
8.357193e-01 -1.339092e-03
-7.605538e-03 -2.926453e-03
-7.554246e-03 2.923885e-03
4.663187e-01 -6.957201e-02
-2.082114e-02 2.545255e-01
-1.196170e-03 -1.867922e-03
-1.075104e-03 1.639782e-03
2.239379e-01 1.559443e-01
-2.458994e-02 -2.879738e-01
-1.457099e-02 -3.465474e-03
-3.460506e-02 -1.225654e-02
-4.686132e-02 -1.092074e-02
-5.749253e-02 -2.348316e-02
-7.178932e-02 -1.911638e-02
-8.171380e-02 -3.466189e-02
-9.635230e-02 -2.551809e-02
-1.064666e-01 -4.393298e-02
-1.200195e-01 -2.854598e-02
-1.307134e-01 -4.853731e-02
-1.418671e-01 -2.639559e-02
-1.530839e-01 -4.806326e-02
-1.613479e-01 -1.903487e-02
-1.722348e-01 -4.125293e-02
-1.771929e-01 -6.156362e-03
-1.866175e-01 -2.831163e-02
-1.881387e-01 1.196138e-02
-1.943583e-01 -9.815074e-03
-1.929531e-01 3.442951e-02
-1.940468e-01 1.264908e-02
-1.931201e-01 -3.453880e-02
-1.906695e-01 5.984461e-02
-1.854233e-01 -1.245933e-02
-1.835092e-01 -6.078690e-02
-1.760042e-01 2.870744e-02
-1.662540e-01 -3.837363e-02
-1.651754e-01 -8.714094e-02
-1.785840e-01 -1.066650e-01
-1.620029e-01 -1.336756e-01
-1.376440e-01 -1.118731e-01
-1.382534e-01 -1.583822e-01
-1.701805e-01 -1.483310e-01
-1.013543e-01 -1.324946e-01
-1.076364e-01 -1.778792e-01
-1.391380e-01 -7.409794e-02
-5.592109e-02 -1.465818e-01
-4.230746e-02 -1.037415e-01
-7.016009e-02 -1.909220e-01
-1.122114e-01 -2.211212e-01
-8.297838e-02 -2.346817e-01
-1.129427e-01 -2.595358e-01
-1.277953e-01 -1.039532e-02
-2.306242e-02 -1.946552e-01
-4.729111e-02 -2.401471e-01
-9.036396e-02 -5.626922e-02
-1.660264e-01 1.055884e-02
2.175111e-02 -1.117641e-01
3.800509e-02 -7.446021e-02
-1.863266e-01 7.683716e-02
-1.828577e-01 1.050919e-01
-1.745075e-01 1.157247e-01
-1.703196e-01 1.461576e-01
-1.573939e-01 1.489479e-01
-1.527159e-01 1.803685e-01
-1.612848e-01 1.769875e-01
-1.448275e-01 2.111539e-01
-1.477881e-01 2.064464e-01
-1.348844e-01 2.384163e-01
-1.306985e-01 2.318458e-01
-1.349581e-01 1.744567e-01
-1.381965e-01 1.428553e-01
-1.212836e-01 2.656551e-01
-1.103117e-01 2.525686e-01
-1.072792e-01 2.111667e-01
-7.405903e-02 2.237588e-01
-5.972721e-02 1.796221e-01
-8.528899e-02 2.655902e-01
-3.345605e-02 2.274996e-01
-5.542595e-02 2.706220e-01
-1.223323e-01 2.342246e-01
-1.121160e-01 1.590147e-01
-1.153206e-01 1.295138e-01
3.495005e-02 -1.886107e-01
-4.203552e-03 -2.366817e-01
-6.642614e-02 -2.822131e-01
-3.631662e-02 -2.815767e-01
1.224764e-01 -7.717789e-02
1.384643e-01 -4.767149e-02
4.969548e-02 -3.979754e-02
1.489969e-01 -1.960866e-02
5.612610e-02 -6.499723e-03
1.532303e-01 7.608611e-03
1.736422e-02 2.201806e-01
-1.480036e-02 2.624876e-01
5.289847e-02 1.778761e-01
-8.968807e-02 3.003235e-01
-1.014937e-01 1.673379e-01
-7.674792e-02 -3.158012e-01
5.658425e-02 2.633323e-02
1.500256e-01 3.476336e-02
5.023321e-02 -2.223733e-01
2.798742e-03 -2.697751e-01
2.431634e-01 -4.814550e-02
2.225229e-01 -7.172020e-02
-8.793470e-02 1.360457e-01
-9.094949e-02 1.107131e-01
-1.159934e-01 1.013513e-01
-9.160581e-02 8.605327e-02
-1.122371e-01 7.526142e-02
-8.912002e-02 6.295124e-02
-6.882517e-02 9.084718e-02
-1.065115e-01 5.200304e-02
2.679928e-01 -4.714962e-03
-8.249846e-02 1.612278e-01
1.317421e-01 1.593760e-01
1.772426e-01 1.252327e-01
-4.105022e-02 -2.537262e-02
-1.786865e-01 -6.738066e-02
-1.310201e-01 -2.384654e-01
-1.199062e-01 -2.679962e-01
-1.318232e-01 -2.423290e-01
-1.107092e-01 -2.594459e-01
-1.201758e-01 -2.327423e-01
-1.000490e-01 -2.851328e-01
-9.241497e-02 -2.359988e-01
-1.012448e-01 -2.116952e-01
-8.363600e-02 4.245161e-02
-6.337660e-02 4.701563e-02
-9.883896e-02 3.240154e-02
1.251897e-01 -1.932865e-01
5.812358e-02 -2.435334e-01
1.868540e-01 -1.517954e-01
-3.599195e-02 -3.142573e-01
-1.287871e-01 -2.034731e-01
-1.085609e-01 -1.848477e-01
-1.355942e-01 -1.726021e-01
-1.140411e-01 -1.566237e-01
-8.520765e-02 -1.591362e-01
-9.072319e-02 -1.345201e-01
-6.213913e-02 -1.285998e-01
-6.793381e-02 -1.087124e-01
4.984012e-02 6.044729e-02
1.400411e-01 6.293666e-02
2.599174e-01 3.675483e-02
-2.280130e-02 5.208132e-02
-2.357307e-02 -2.548847e-02
-7.063988e-02 -2.019719e-01
2.459212e-01 5.839118e-02
3.635128e-01 -4.152354e-02
3.388917e-01 -5.925205e-02
-3.665923e-03 -2.968139e-01
-1.396146e-01 -1.413803e-01
-6.036191e-02 1.302355e-01
-1.240401e-01 3.574229e-02
3.854002e-01 3.236786e-02
3.689346e-01 4.750879e-02
-5.425899e-02 1.486988e-01
-8.329287e-02 -1.249534e-02
2.859882e-01 1.001268e-01
2.355064e-01 1.288105e-01
1.246579e-01 9.181939e-02
-7.484437e-02 2.540365e-02
-8.593149e-02 1.721083e-02
-1.364647e-01 8.021259e-02
3.973949e-01 1.802967e-02
-1.803450e-01 8.730656e-02
3.810678e-01 -2.599341e-02
-7.530766e-02 1.838632e-01
-1.563652e-01 1.651608e-01
-9.470990e-02 -1.091870e-01
-7.175567e-02 -8.769318e-02
-4.693219e-02 -8.148560e-02
-5.087872e-02 -6.498731e-02
-5.470535e-02 -3.387881e-01
-6.112360e-02 -2.167664e-01
3.081516e-01 -1.121112e-01
-1.789528e-01 -1.199056e-01
-5.547244e-02 -1.463053e-01
-3.514669e-02 -1.083323e-01
-6.498503e-02 -3.381198e-01
-2.990811e-02 -5.583256e-02
1.957821e-01 -9.782286e-02
3.121005e-01 -7.795194e-02
-3.313593e-02 -4.347177e-02
3.594160e-01 -8.802717e-02
-1.741892e-01 8.676428e-02
-4.482627e-02 1.345412e-01
-9.283308e-02 1.237855e-01
5.183218e-01 -1.956445e-02
5.295169e-01 -1.109617e-02
-1.349787e-01 -1.460121e-02
-1.327278e-01 3.130100e-02
-6.200357e-02 1.242206e-02
-9.250494e-02 -3.046780e-01
-8.423276e-02 -3.181992e-01
-4.143840e-02 -1.722378e-01
4.716101e-01 -4.198766e-02
5.224154e-01 2.413284e-02
5.008393e-01 3.380056e-02
-6.885191e-02 7.198608e-03
-9.207016e-02 6.800337e-03
-4.516630e-02 1.599689e-01
-6.654763e-02 2.043938e-01
-2.578838e-02 1.117215e-01
1.413004e-01 -2.003084e-01
5.245033e-02 -2.593905e-01
4.132607e-01 7.114349e-02
4.510654e-01 5.596866e-02
-1.462370e-01 -2.129299e-01
3.600522e-01 9.304037e-02
1.783033e-01 1.641108e-01
3.051103e-01 1.178474e-01
1.162845e-01 2.056942e-01
2.245470e-01 1.566660e-01
4.687457e-02 2.572358e-01
-4.672361e-03 2.857877e-01
-4.313375e-02 3.283419e-01
-5.871675e-02 3.311326e-01
-1.434224e-02 3.095259e-01
-5.900276e-02 3.356208e-01
-6.651032e-02 3.315589e-01
-4.426168e-02 2.899926e-01
-5.193523e-02 2.929801e-01
-7.452371e-02 3.229164e-01
-5.911226e-02 2.883094e-01
4.589139e-01 -5.219721e-02
-8.325413e-02 3.096422e-01
-6.725577e-02 2.782269e-01
-9.253685e-02 2.920780e-01
-7.793780e-02 2.645153e-01
-4.758532e-02 2.303195e-01
8.996877e-02 1.405211e-01
2.388873e-01 -1.192652e-01
-3.760412e-02 1.698835e-01
-1.508737e-01 -1.823672e-01
-4.994214e-02 1.614161e-02
3.495382e-01 6.249395e-02
4.548765e-01 7.218294e-02
-5.116016e-02 -4.667922e-02
-9.585425e-02 -8.369201e-02
-6.903663e-02 1.384329e-03
-4.540588e-02 4.512636e-03
-8.572585e-02 1.016678e-03
-1.045077e-01 2.736859e-01
-5.722455e-02 2.208034e-01
-2.505835e-02 -6.579945e-02
2.947802e-01 -1.295187e-01
1.710581e-01 -1.280507e-01
7.213391e-02 -1.459885e-01
-2.432594e-02 2.159037e-01
-4.692894e-02 -3.048678e-01
-5.813889e-02 -3.137468e-01
-9.421171e-02 2.465998e-01
-9.938945e-02 2.170132e-01
-1.644609e-01 6.176331e-02
-1.305750e-01 7.510028e-02
-1.198381e-01 -9.728606e-02
-1.070490e-01 1.878329e-01
3.101463e-02 1.348906e-01
-2.656198e-02 -1.131911e-01
-1.407529e-02 -7.495589e-02
-1.449867e-02 -3.123338e-02
-1.867627e-02 -2.486877e-02
-3.281955e-02 9.307029e-02
3.936681e-01 -1.094805e-02
5.351481e-01 -2.156644e-03
-2.896522e-02 -2.693612e-03
-3.385138e-02 -1.571019e-03
2.678674e-01 1.613825e-02
4.052970e-01 4.385074e-03
5.451322e-01 6.579860e-03
-1.366347e-01 -6.330423e-02
-9.545631e-02 -8.671095e-02
-1.727438e-01 1.354591e-01
-1.578654e-01 1.143996e-01
4.994887e-01 -2.961648e-02
6.582534e-01 -1.580081e-02
2.276669e-01 -1.512221e-01
4.716911e-01 -6.528417e-02
-1.903835e-01 -5.325367e-02
-1.608554e-01 -7.398927e-02
-1.679290e-01 -9.974931e-02
-1.431814e-02 3.387659e-03
-2.143084e-02 1.150718e-02
-1.139196e-02 9.274681e-03
-2.410157e-02 2.198446e-02
-4.122029e-02 2.505944e-02
-1.073330e-02 1.640923e-02
-2.354317e-02 3.345200e-02
-4.087369e-02 3.937143e-02
-3.822015e-02 5.355582e-02
-1.959988e-02 4.243249e-02
-3.288007e-02 6.601143e-02
-1.479628e-02 4.818460e-02
-2.817795e-02 7.652504e-02
-5.167829e-03 2.272374e-02
-2.143157e-02 -1.137792e-02
-1.132544e-02 -8.180654e-03
-1.086839e-02 -1.395075e-01
-3.282902e-02 -2.186360e-01
-2.964048e-02 -1.909187e-01
-5.679547e-02 -2.572383e-01
-3.948891e-02 -2.565993e-01
-6.275037e-03 5.346572e-02
5.361046e-01 1.521982e-02
7.086461e-01 4.371128e-03
-1.152227e-01 -6.812255e-02
-3.899097e-02 -3.299509e-01
-1.857392e-02 -3.109125e-01
-8.987674e-02 -3.671160e-03
-1.177650e-02 -1.546257e-01
-6.230305e-03 6.248930e-02
-2.125641e-02 8.225559e-02
-6.082703e-03 8.032848e-02
-6.399925e-03 -7.230453e-02
5.285789e-01 -4.834289e-02
-8.110185e-03 1.127732e-01
-3.276973e-02 2.184422e-01
-4.245454e-03 -2.067916e-02
-2.142359e-03 -5.833653e-03
-1.760186e-02 -2.030537e-01
-2.278567e-02 2.335062e-01
-4.871429e-02 3.255157e-01
-6.974187e-02 3.073685e-01
-1.464596e-01 -1.695658e-03
-1.286617e-01 9.691621e-03
-1.459454e-01 2.484617e-02
-1.422861e-01 5.169077e-02
-1.091376e-01 1.753102e-02
-8.381866e-02 -2.565840e-01
-1.067344e-01 2.859156e-01
8.667454e-02 1.982538e-01
7.268636e-04 -1.513116e-01
-1.845262e-01 3.719809e-02
2.570909e-01 -2.631417e-02
1.321974e-01 2.083981e-01
4.157817e-02 2.673678e-01
9.716215e-02 -1.793819e-01
-6.219896e-02 -2.871083e-01
-1.292217e-01 2.054077e-01
-7.981770e-03 1.837707e-01
-1.346405e-01 1.913855e-01
-1.632126e-01 1.100770e-02
2.275313e-01 8.098678e-02
-5.718991e-02 -8.125447e-03
-1.570129e-01 -1.503339e-01
4.778740e-01 6.829193e-02
-2.943202e-02 -1.690515e-01
-1.387523e-01 1.120671e-01
-4.557841e-03 -3.828886e-02
7.731998e-01 1.045659e-02
7.890846e-01 -8.294129e-03
5.491420e-01 -4.019829e-02
8.080663e-01 6.039695e-03
8.340324e-01 3.062450e-03
8.346805e-01 -4.026368e-04
8.339055e-01 -2.255847e-03
-2.716370e-03 -1.861496e-03
-2.560379e-03 1.885271e-03
-4.193048e-02 -9.665567e-02
-6.644578e-02 1.119318e-01
-1.822769e-01 -9.182135e-02
-1.068644e-01 -2.889353e-01
-2.167869e-03 5.473689e-03
-2.693095e-02 1.664186e-01
-8.393718e-03 -1.036863e-01
3.872397e-02 9.690650e-02
-6.414460e-02 -4.007601e-03
-1.348814e-01 1.478954e-01
-1.413858e-02 1.762174e-01
-5.824128e-02 -3.191833e-01
-9.132565e-02 -2.739622e-01
9.928239e-02 -1.097872e-01
-1.839194e-01 5.073594e-02
-3.070046e-02 -6.395938e-02
-1.880675e-01 -7.899106e-02
-1.364893e-01 -2.005624e-01
-8.556689e-02 8.396924e-02
-8.989344e-02 -4.286657e-02
-7.955760e-02 -1.828923e-01
-1.421676e-01 -2.136596e-01
-1.187591e-01 -1.260117e-01
-6.327725e-02 3.124356e-02
-6.949320e-02 6.969324e-02
-7.120278e-02 -6.366894e-02
6.455583e-01 1.893860e-02
-8.188225e-02 -2.952015e-01
-3.994936e-02 3.258402e-01
-1.589420e-01 1.178450e-01
-2.343860e-02 -2.571679e-01
-1.455113e-01 -1.076292e-01
-2.087944e-02 1.480742e-02
4.135099e-02 2.402396e-01
-4.950498e-02 -1.624594e-01
-7.439170e-02 -3.319300e-01
6.698155e-01 8.481380e-04
-5.627750e-02 -2.344830e-01
6.780031e-01 -3.169807e-03
-2.025402e-02 -7.399690e-02
-1.557245e-01 -1.756035e-01
-1.693945e-01 6.117180e-02
-6.466832e-02 -3.985909e-02
-1.068365e-01 -1.375480e-02
6.750649e-01 -6.958739e-03
-1.602268e-01 4.099946e-02
3.049937e-01 -1.221047e-01
-3.539907e-02 2.777222e-01
7.472426e-01 -1.396506e-02
-2.342694e-02 -1.235826e-01
6.661152e-01 -1.119261e-02
-1.584149e-01 -1.843502e-01
-3.059697e-02 1.100729e-02
-4.526797e-02 -3.151857e-01
6.926309e-01 -2.179437e-02
-4.152536e-02 3.016021e-01
-3.263385e-02 -3.188397e-02
6.756119e-01 2.510812e-02
3.917663e-01 -9.169215e-02
8.541500e-01 -2.983156e-03
-1.569780e-01 8.847906e-02
5.984336e-01 -2.615807e-02
-6.671739e-02 -3.124408e-01
-1.110157e-01 1.069972e-03
-3.704100e-03 2.645715e-02
6.639159e-01 1.399060e-02
5.592216e-01 -4.778780e-02
1.123183e-01 -2.181271e-01
6.817667e-01 9.225834e-03
-7.290342e-02 3.293354e-01
-4.886833e-02 2.263375e-03
8.774234e-01 7.598306e-04
-1.459684e-02 -4.245978e-02
-3.484522e-02 2.404075e-01
-2.084861e-02 1.190647e-01
-4.144724e-02 6.867962e-03
6.220668e-01 2.493030e-02
-1.675070e-01 -1.530583e-01
6.035643e-01 3.094358e-02
3.635553e-01 1.031166e-01
5.627088e-01 4.100021e-02
5.208877e-01 5.270715e-02
-8.591449e-02 3.196577e-01
-6.717854e-04 2.915675e-01
-2.280290e-02 1.716200e-01
2.512782e-01 1.494387e-01
7.239593e-01 1.744399e-02
-3.374921e-02 -2.546935e-01
4.761588e-01 4.420604e-02
-1.544391e-01 6.517556e-02
3.210522e-01 7.989975e-02
-8.261779e-03 -1.627253e-02
-2.125180e-02 -1.847961e-02
-1.949392e-02 -1.287875e-01
-8.509706e-02 4.332356e-02
-2.257068e-02 1.556649e-03
-4.060777e-02 2.902559e-01
-7.569848e-03 -9.875253e-03
-4.330595e-02 1.038107e-01
-1.177563e-02 2.565278e-02
-9.781205e-02 3.041512e-01
-1.504159e-04 -1.596040e-04
-1.324743e-04 1.461295e-04
2.138690e-01 9.880240e-02
-2.743205e-03 -3.523353e-02
1.796055e-01 9.924802e-02
1.806638e-01 -9.384477e-02
-9.619091e-02 -3.041299e-01
1.738242e-01 -1.866937e-01
-2.395013e-02 7.112968e-04
-4.780698e-02 8.834816e-02
-5.127048e-03 6.502200e-03
-1.184981e-01 2.560247e-01
-1.711147e-01 -1.251234e-01
-7.822824e-02 -2.728295e-01
-1.260482e-01 1.129634e-01
6.321500e-01 -2.427009e-02
-1.088425e-01 2.852902e-01
3.765678e-01 -7.660621e-02
-1.302121e-02 5.503111e-02
-1.249099e-01 5.990012e-02
1.305043e-01 1.095816e-01
-4.997953e-02 7.165273e-02
-4.280085e-02 -3.185481e-01
3.014363e-01 -9.083211e-02
-5.219178e-02 5.409838e-02
-1.700600e-02 1.216979e-01
-1.577963e-01 -1.261287e-01
-4.084840e-02 1.190744e-01
1.513613e-01 1.961355e-01
-5.067588e-03 1.025628e-01
2.035576e-01 -1.246513e-01
1.345922e-01 -1.523590e-01
1.627852e-01 -1.492716e-01
-2.950537e-02 -1.799694e-01
-1.797090e-02 -1.419072e-01
-1.767590e-02 -1.492306e-01
6.209336e-01 8.793682e-03
6.960510e-01 6.606692e-03
6.069124e-01 1.251036e-02
9.677268e-02 -1.587509e-01
6.431626e-02 -1.854323e-01
-1.455294e-02 -5.172335e-02
-1.232936e-02 -5.341427e-02
-2.279224e-02 -7.039455e-02
-3.068790e-02 3.212976e-01
-4.570002e-02 3.345317e-01
-5.223445e-02 3.381493e-01
4.688589e-01 3.578581e-04
5.410829e-01 2.310160e-03
4.733868e-01 6.124375e-03
7.748863e-01 3.325278e-03
7.619696e-01 4.831717e-03
-1.154805e-02 6.035954e-02
-8.464406e-03 4.760551e-02
-1.679273e-02 6.791872e-02
-5.199824e-02 3.540077e-02
-5.182475e-02 4.379825e-02
-4.163042e-02 3.210305e-02
6.013105e-01 -1.788398e-04
6.067736e-01 3.077250e-03
7.752586e-01 1.828312e-03
6.897856e-01 2.875015e-03
7.544824e-01 8.643601e-04
-5.528083e-03 -3.732429e-02
-1.127735e-02 -5.788820e-02
-8.115393e-02 -6.072715e-02
-7.720414e-02 -4.818947e-02
-6.840961e-02 -5.117753e-02
7.237771e-01 -1.144644e-02
8.258773e-01 -4.614882e-03
7.535641e-01 -8.282622e-03
-1.293994e-01 -1.342646e-01
-1.431140e-01 -1.243332e-01
-1.328275e-01 -1.183567e-01
-2.483759e-02 8.011406e-02
-2.005668e-02 6.659899e-02
-1.276913e-01 2.266484e-02
-1.376506e-01 1.650117e-02
-1.354595e-01 3.142382e-02
6.294832e-01 -2.047474e-02
6.939826e-01 -1.530083e-02
-6.083658e-02 -5.514433e-02
-5.827838e-02 -4.375409e-02
-1.742984e-01 7.515101e-02
-1.612763e-01 8.819136e-02
-1.706953e-01 1.011119e-01
-5.175804e-02 1.900234e-01
-6.204556e-02 2.132802e-01
-4.702411e-02 1.954906e-01
-1.494507e-01 6.878276e-02
-1.463882e-01 9.526383e-02
-5.748014e-02 2.555516e-01
-5.015938e-02 2.554168e-01
-4.025821e-02 2.267689e-01
-5.197022e-02 2.858801e-02
-6.389207e-02 3.888846e-02
-4.645464e-02 2.082525e-02
-5.698875e-02 2.314770e-02
-5.295047e-02 3.929930e-04
-5.072946e-02 -1.184927e-03
-6.720694e-02 -1.509655e-03
3.288537e-01 -8.665035e-03
4.006077e-01 -3.133779e-03
3.343702e-01 7.637880e-04
1.182739e-01 -1.386571e-01
5.404401e-02 -1.666659e-01
-3.037938e-02 -2.522327e-01
-1.575789e-02 -1.898588e-01
-3.302389e-02 -2.671003e-01
5.757770e-01 -2.284666e-02
6.629407e-01 -1.345761e-02
5.816069e-01 -1.915625e-02
4.188994e-03 -1.929610e-01
2.002201e-02 -1.709287e-01
4.627491e-01 -5.760507e-03
-1.170673e-01 2.577768e-02
-1.192388e-01 1.446061e-02
-3.642982e-02 1.744256e-02
-3.992490e-02 1.373649e-02
-1.447810e-02 8.282268e-02
-1.307484e-02 7.075012e-02
-2.342726e-02 9.635933e-02
-9.359451e-02 -6.938231e-02
-1.061504e-01 -7.671047e-02
-1.026713e-01 -6.262202e-02
-5.691249e-02 3.392593e-01
-5.423521e-02 3.322895e-01
-2.097880e-03 -2.162377e-03
-3.552911e-03 -5.091015e-03
-5.221664e-03 -5.101502e-03
-1.315270e-01 5.323051e-02
-1.109984e-01 3.764513e-02
-1.100283e-01 5.921998e-02
-1.257132e-02 -2.986027e-01
3.997911e-02 -2.593483e-01
2.494512e-02 -2.797981e-01
-3.579205e-02 -3.093406e-01
-2.297232e-02 -2.765582e-01
7.538744e-02 1.127850e-01
3.578336e-02 1.156883e-01
7.936072e-02 9.529301e-02
7.445289e-01 -8.101521e-03
7.461659e-01 -6.889262e-03
-1.479747e-02 9.058201e-02
-6.272448e-03 5.797890e-02
-1.302694e-01 -8.653485e-02
-1.272639e-01 -7.177328e-02
-1.180129e-01 -8.213111e-02
-4.271142e-02 -2.168128e-01
-4.221176e-02 -2.033515e-01
-1.561323e-02 -9.141766e-02
-1.977633e-02 -9.344036e-02
-1.043839e-02 -7.126317e-02
-8.060545e-02 2.272632e-01
-7.607104e-02 2.384310e-01
-5.426456e-03 4.512843e-02
-6.269328e-03 -4.414210e-03
-9.669074e-03 -9.374617e-03
-4.646417e-02 -3.534306e-02
-5.239086e-02 -3.260059e-02
-9.558950e-03 1.361662e-01
-6.472580e-03 1.157586e-01
-1.683888e-02 -1.306301e-01
-7.840239e-03 -9.527665e-02
-1.088708e-01 2.429196e-01
-1.206397e-01 2.452823e-01
-1.074235e-01 2.539719e-01
-1.077614e-01 -9.097583e-02
-3.655408e-02 8.826565e-03
-2.751936e-02 6.770701e-03
-9.699147e-02 2.319905e-01
-1.115912e-01 2.274336e-01
5.728245e-01 -4.240521e-02
4.343975e-01 -7.710657e-02
5.382994e-01 -5.091586e-02
-3.491405e-02 -7.787335e-04
-4.951225e-02 -2.883700e-03
6.732787e-01 -2.525725e-02
5.065590e-01 -5.922728e-02
-1.099599e-01 8.003118e-02
-8.500191e-02 6.362642e-02
-6.791916e-03 1.498862e-02
-1.136383e-02 2.090155e-02
-6.873447e-03 1.848004e-02
-2.724655e-03 8.316576e-03
-5.595663e-03 1.054061e-02
6.248427e-01 5.867626e-03
-3.725019e-02 -2.899203e-02
-4.143092e-02 -3.920330e-02
-6.317251e-02 2.839535e-01
-4.586557e-02 2.566535e-01
7.509710e-01 -2.123380e-04
6.745064e-01 -1.205363e-03
7.553030e-01 -1.357902e-03
-3.088292e-02 3.237614e-01
-4.577013e-02 3.277732e-01
-3.168926e-02 5.182953e-03
-4.653262e-02 1.102615e-02
-7.944744e-03 -2.143575e-02
-3.810157e-03 -1.636664e-02
-8.917302e-03 -2.723303e-02
-4.927392e-02 -2.877859e-01
-3.654352e-02 -2.565802e-01
-4.662282e-02 -2.901680e-01
-1.197130e-01 -1.113650e-01
-1.328746e-01 -1.033004e-01
-1.491111e-01 -1.345716e-01
-1.520253e-01 -1.169533e-01
-8.321673e-02 -7.383061e-02
-4.151041e-02 1.976117e-01
-3.231076e-02 1.696621e-01
-5.665538e-02 -1.287021e-02
-8.745755e-02 -2.086651e-02
-5.938817e-02 -3.406179e-02
-7.518509e-02 -3.080482e-01
-8.380843e-02 -3.079336e-01
-7.232147e-02 -2.934676e-01
-9.200739e-02 2.723020e-01
-8.621329e-02 2.567413e-01
-1.000023e-01 2.610938e-01
3.435392e-02 -1.499190e-01
-1.089321e-02 -1.726416e-01
-1.149285e-01 2.136210e-01
-1.260207e-01 2.199443e-01
-3.231586e-02 -2.698871e-01
-4.637958e-02 -3.108783e-01
-7.441706e-03 -5.651137e-02
-4.552597e-03 -4.878074e-02
-6.768778e-02 2.437977e-01
-6.595446e-02 -7.546897e-02
-6.216006e-02 -5.415669e-02
-9.240593e-02 -6.471594e-02
-6.249201e-02 -3.137860e-01
-5.402008e-02 -2.904244e-01
-1.009782e-01 1.149826e-02
-1.018458e-01 4.603447e-03
-1.110065e-01 9.265774e-03
8.598614e-01 6.840650e-04
7.916955e-01 2.210799e-03
-2.158941e-02 -5.287067e-03
-5.566968e-02 8.272327e-03
-1.116150e-01 2.654312e-01
5.165697e-01 -5.774926e-02
3.476665e-01 -1.099152e-01
2.888547e-01 -1.313083e-01
-1.034847e-01 2.026147e-01
-1.186404e-01 1.978575e-01
2.705895e-01 -1.042925e-01
2.322621e-01 -1.098274e-01
-2.662409e-02 -4.459137e-02
-1.238831e-01 1.677181e-01
-1.215568e-01 1.829929e-01
-1.098704e-01 1.734340e-01
-9.760661e-02 1.620580e-01
-9.478806e-02 1.753321e-01
-8.723438e-02 -8.300522e-03
-7.733607e-02 -4.295411e-03
-7.431690e-02 -7.564846e-03
-1.734314e-02 4.582220e-02
-9.281806e-03 3.447836e-02
-1.145250e-02 3.335408e-02
-1.828187e-01 6.242742e-02
-1.759218e-01 4.948961e-02
-1.200656e-01 4.810584e-03
-3.531485e-02 8.992456e-02
-3.178226e-02 9.487623e-02
4.634770e-01 -7.157248e-02
3.462422e-01 -1.085437e-01
4.083927e-01 -8.853353e-02
2.371250e-01 -1.549766e-01
5.953782e-02 1.387790e-01
3.664521e-02 1.628188e-01
1.155990e-02 1.587688e-01
1.156208e-02 5.698104e-02
5.722404e-03 7.642462e-02
-2.727423e-02 7.239437e-02
-1.449562e-01 3.812066e-02
-1.333538e-01 4.334222e-02
-2.738115e-02 1.945145e-01
-3.467166e-02 2.044197e-01
-3.066078e-02 -1.784168e-02
-2.176356e-02 -1.492955e-02
-3.061051e-02 -2.236610e-02
8.387633e-01 7.807379e-05
2.635555e-01 -1.535170e-02
3.231317e-01 -1.778645e-02
-3.459041e-03 -8.736851e-02
-3.082282e-03 -8.002684e-02
-8.647713e-03 -3.129623e-02
-1.462428e-02 -3.680643e-02
-7.992877e-02 -4.743879e-04
-8.407171e-03 2.519889e-02
-1.537297e-02 3.348528e-02
-5.930011e-02 2.190058e-03
-4.250159e-02 8.215797e-04
5.018832e-01 -4.680879e-02
5.918077e-01 -3.139717e-02
5.419995e-01 -3.747099e-02
-1.856645e-02 -9.918110e-05
-1.840180e-02 -3.137832e-04
-1.938936e-02 -5.354269e-02
-1.037887e-02 -4.003685e-02
4.378884e-01 -6.832414e-02
5.399611e-01 -4.403516e-02
4.523541e-01 -6.178863e-02
-1.770302e-01 1.118093e-01
-1.679701e-01 1.261394e-01
1.280513e-01 1.007566e-01
7.728886e-02 1.229617e-01
-3.841281e-02 1.135965e-01
8.495598e-04 9.590898e-02
2.689372e-01 5.705568e-03
3.343076e-01 9.455834e-03
6.468830e-01 -2.626952e-02
6.514820e-01 -2.443726e-02
4.332724e-01 6.308710e-02
5.228612e-01 4.361481e-02
5.054676e-01 4.930735e-02
5.301229e-01 1.953950e-02
6.008708e-01 1.568922e-02
-1.865745e-01 7.345255e-02
-1.890539e-01 4.913361e-02
4.183361e-01 -6.356659e-02
4.582163e-01 -5.801914e-02
-1.429200e-01 -9.016753e-02
-3.811405e-03 -9.325276e-02
-1.284660e-02 -1.655723e-01
-1.607231e-02 -6.382339e-04
-3.169789e-02 -2.170778e-03
-1.751720e-02 -4.904348e-04
3.264458e-01 2.652886e-02
2.648427e-01 2.632336e-02
3.303827e-01 1.787195e-02
-1.606876e-01 1.722861e-01
-1.675901e-01 1.569308e-01
-1.653595e-01 1.505241e-01
-4.797019e-02 -1.939107e-01
-3.852028e-02 -1.719061e-01
-4.324739e-02 -5.299860e-03
-4.660560e-02 -4.099759e-03
-1.941962e-02 1.580901e-01
-3.531944e-02 1.829046e-01
6.345882e-01 2.176322e-02
5.456924e-01 3.469247e-02
5.591132e-01 3.030521e-02
-7.479724e-02 -1.185239e-01
-7.049260e-02 -9.603577e-02
-9.822645e-02 -1.095544e-01
5.348095e-01 3.896947e-02
6.136918e-01 2.778196e-02
-5.249803e-02 2.264848e-01
-3.665929e-02 1.986787e-01
4.866510e-01 -3.548279e-02
5.631831e-01 -2.726675e-02
6.051380e-01 -3.157267e-03
-1.371236e-01 -8.765007e-02
-1.190190e-01 -9.969193e-02
-1.175496e-01 -7.552509e-02
6.087993e-01 -3.735889e-02
-2.670624e-02 -2.477030e-02
-1.663934e-01 1.616100e-01
-1.730241e-01 1.418862e-01
-4.014643e-02 -2.807765e-01
-2.384400e-02 -2.218095e-01
2.060537e-01 -1.137054e-02
2.009363e-01 -2.383650e-02
-1.812834e-01 -1.056717e-01
-1.840345e-01 -9.986017e-02
-1.862505e-01 -8.619709e-02
-1.526342e-01 -9.984435e-02
-1.530017e-01 -7.563265e-02
-3.851106e-02 -1.838114e-02
-2.793471e-02 -1.210385e-02
2.026799e-01 3.661921e-02
2.065925e-01 2.469172e-02
-4.684281e-04 -3.526770e-04
-1.463497e-03 -5.553657e-04
4.023021e-01 -5.113905e-02
4.171270e-01 -4.313160e-02
-1.207297e-01 -1.227833e-01
-1.449803e-02 -7.680005e-04
4.022485e-01 1.111313e-02
-3.118752e-03 -7.851160e-02
-1.129071e-02 -1.468572e-01
-1.869037e-01 -7.282657e-02
-1.900996e-01 -6.583555e-02
-1.947427e-01 -2.172875e-02
-1.930489e-01 -3.173601e-02
-1.929536e-01 -4.461271e-02
9.442953e-02 -2.246042e-01
1.861050e-01 -1.737465e-01
1.330477e-01 -1.983473e-01
-1.760488e-01 -5.373700e-02
-1.673842e-01 -5.812209e-02
-1.703708e-01 -7.157246e-02
-1.578138e-01 1.403581e-01
-1.550161e-01 1.880974e-02
-1.625293e-01 2.597429e-02
-1.534003e-01 3.239882e-02
-1.843940e-02 -3.495817e-03
-2.405839e-02 -7.334322e-03
-2.932618e-02 -7.219274e-03
-1.082152e-02 3.236525e-03
-1.859236e-02 7.019767e-03
-1.382538e-02 6.535734e-03
-2.483450e-02 1.696575e-01
-9.897748e-02 -5.067005e-02
-1.112908e-01 -5.535829e-02
-1.870189e-02 -7.015852e-03
-6.113713e-02 -6.218915e-03
4.645787e-01 4.980046e-02
-7.913422e-02 1.728098e-01
-9.145002e-02 1.883198e-01
-1.324069e-01 1.899375e-01
1.171964e-02 -1.311769e-01
4.631512e-02 -1.306016e-01
5.849694e-02 -1.118391e-01
4.695099e-01 1.148640e-02
5.415066e-01 1.081374e-02
4.646652e-01 1.725471e-02
-1.648933e-01 -8.645948e-02
-1.738982e-01 -8.391380e-02
-1.633268e-02 1.754124e-01
-1.337154e-02 1.643754e-01
-7.307829e-03 1.211624e-01
-1.913778e-01 -1.975976e-02
-1.892434e-01 -4.027930e-02
-1.630910e-01 -4.546221e-02
-1.574580e-01 -6.040709e-02
-1.281910e-01 9.410193e-02
-1.439650e-01 1.142596e-01
-2.026647e-02 -2.183662e-02
-1.361207e-02 -1.430831e-02
-1.244502e-02 -1.652224e-02
8.649498e-02 -1.273753e-01
-4.424002e-03 8.163129e-04
-6.237396e-03 8.732549e-04
-6.079691e-02 8.914841e-02
-5.660345e-02 6.783507e-02
-1.058214e-02 -9.198293e-04
-8.408957e-03 -9.214150e-04
5.098080e-01 -2.439966e-02
5.900196e-01 -1.554033e-02
-7.112883e-02 1.946258e-01
-8.742442e-02 2.013757e-01
-8.322214e-02 2.138012e-01
-2.829913e-03 -7.204420e-02
-1.401428e-01 6.579493e-02
-1.308815e-01 6.968133e-02
-1.338692e-01 5.645681e-02
-9.921307e-03 5.842499e-03
-6.161245e-03 4.803755e-03
-4.830591e-03 2.532737e-03
-1.619118e-02 1.065055e-02
-2.329580e-02 1.654802e-02
-1.719928e-02 1.496498e-02
-1.145266e-01 2.725616e-01
-1.211108e-01 2.621576e-01
-1.402547e-02 -9.354694e-02
-2.506007e-02 -1.187423e-01
-1.471410e-01 1.145234e-02
-1.551813e-01 3.984722e-03
-1.156563e-01 -5.320578e-02
-4.091732e-02 -1.183049e-02
-4.571468e-02 -1.769808e-02
-5.284645e-02 -1.665058e-02
-9.019304e-02 -3.117585e-01
-9.018082e-02 -3.020884e-01
-1.705070e-02 1.980110e-02
-2.423012e-02 2.771293e-02
-1.644597e-02 2.428038e-02
-6.501163e-02 -2.169112e-02
-6.939566e-02 -2.920264e-02
-7.728130e-02 -2.630613e-02
4.508017e-02 7.844528e-02
-2.849998e-02 4.891729e-02
-3.585748e-02 6.009612e-02
-2.575338e-02 5.368927e-02
-8.958200e-02 -3.058049e-02
-9.398708e-02 -3.966438e-02
-1.018772e-01 -3.407040e-02
-1.139504e-01 -3.675510e-02
-1.186315e-01 -4.684171e-02
-1.257807e-01 -3.786648e-02
-2.325797e-02 5.815839e-02
-3.070250e-02 7.159921e-02
-2.089281e-02 6.179879e-02
-1.371007e-01 -3.792220e-02
-1.421130e-01 -4.902377e-02
-1.479265e-01 -3.650679e-02
-3.195383e-02 3.710938e-02
-3.995108e-02 4.652681e-02
-3.040633e-02 4.303409e-02
-4.035971e-02 -1.324288e-01
-3.724827e-02 -1.379556e-01
-5.263631e-02 -1.547621e-01
-6.002395e-02 1.745266e-01
-5.550461e-02 1.824435e-01
-1.469167e-01 -6.164702e-02
-1.503191e-01 -7.485421e-02
-1.658919e-01 -6.287258e-02
-1.528838e-01 -5.103985e-02
-1.834617e-01 -4.822473e-02
-1.854707e-01 -6.121982e-02
-3.246468e-02 2.408914e-02
-3.198104e-02 3.018551e-02
-3.435018e-02 -6.843157e-03
-1.580851e-01 -3.390993e-02
-1.673124e-01 -2.942871e-02
-1.755672e-01 -2.394239e-02
-1.800962e-01 -3.558256e-02
-1.825606e-01 -1.654322e-02
-1.881625e-01 -8.267280e-03
-1.920992e-01 1.725805e-03
-1.337231e-01 8.356904e-03
-1.126850e-01 -6.665492e-03
-1.112983e-01 1.593074e-02
-1.943276e-01 1.234083e-02
-1.952864e-01 9.050562e-04
-1.946142e-01 2.416274e-02
-1.941097e-01 -1.100431e-02
-1.906784e-01 -2.396926e-02
-1.910490e-01 4.836887e-04
-1.662539e-01 -1.393173e-02
-1.525412e-01 -2.660880e-02
-1.522211e-01 -2.045830e-03
-1.848157e-01 -3.673708e-02
-1.766343e-01 -5.001664e-02
-1.772592e-01 -2.532144e-02
-8.017284e-02 2.450900e-01
-5.490284e-02 2.268044e-01
-6.370001e-02 2.486435e-01
-1.420225e-01 2.235645e-01
-1.397517e-01 2.195866e-01
-1.349185e-01 2.369194e-01
-1.271192e-01 2.503918e-01
-1.209629e-01 2.428202e-01
-1.189990e-01 2.617790e-01
3.522208e-01 -5.005528e-02
4.289201e-01 -3.602592e-02
-1.045306e-01 -1.552420e-01
-8.492176e-02 -1.630550e-01
-7.995251e-02 -1.403800e-01
-1.537337e-01 1.951965e-01
-1.550803e-01 1.919554e-01
-1.480046e-01 2.103181e-01
-4.485724e-02 2.492199e-01
-9.701257e-03 2.252740e-01
-2.438685e-02 2.475699e-01
-1.381095e-01 -1.353086e-01
-1.224849e-01 -1.462418e-01
9.195652e-02 -2.173184e-01
1.711423e-01 -1.742524e-01
2.337899e-01 -5.960792e-02
2.904262e-01 -5.571598e-02
3.009372e-01 -4.561900e-02
3.781093e-01 3.972555e-02
4.514953e-01 2.883778e-02
4.437068e-01 3.484581e-02
-4.881312e-02 -1.249584e-01
-2.048133e-02 -1.294853e-01
-1.199144e-02 -1.087287e-01
1.313237e-01 -6.214308e-02
1.800379e-01 -6.202628e-02
1.886041e-01 -4.882344e-02
3.053174e-02 -9.280595e-02
6.895634e-02 -9.419180e-02
7.818445e-02 -7.678972e-02
3.732200e-01 -3.353858e-02
4.390746e-01 -2.942193e-02
4.474472e-01 -2.324657e-02
2.538820e-01 4.735363e-02
3.202722e-01 3.531759e-02
3.133525e-01 4.445417e-02
2.619406e-01 1.136458e-01
3.455069e-01 8.649083e-02
3.199729e-01 9.868093e-02
3.923260e-01 2.504584e-02
4.589158e-01 2.291534e-02
-1.154858e-02 1.295434e-02
-1.095967e-02 -3.275696e-03
-1.384973e-02 -6.493953e-03
-1.935569e-02 2.152520e-01
-3.477859e-02 2.795705e-01
-3.762807e-02 2.947033e-01
-3.532980e-02 -2.172845e-01
-1.123313e-02 -2.158281e-01
-1.093666e-01 2.324705e-01
-9.155583e-02 2.183829e-01
-9.579528e-02 2.401166e-01
-1.540760e-01 -9.134021e-02
2.619764e-02 -2.457031e-01
5.565560e-02 -2.338211e-01
8.433469e-02 -2.097800e-01
1.552007e-01 1.415728e-01
2.282577e-01 1.137752e-01
2.038557e-01 1.292303e-01
3.545199e-02 1.985038e-01
8.967697e-02 1.701008e-01
6.908820e-02 1.905189e-01
2.697597e-01 -1.300163e-01
3.427205e-01 -1.050519e-01
3.827300e-01 -8.928580e-02
1.570328e-01 -1.713682e-01
2.092606e-01 -1.520503e-01
2.422261e-01 -1.334397e-01
9.663303e-02 -2.283415e-01
1.557254e-01 -1.954280e-01
2.071543e-01 -1.675655e-01
-6.832195e-02 1.569614e-01
-6.450735e-02 1.665349e-01
-1.054927e-01 -2.727185e-01
-9.794714e-02 -2.608612e-01
-9.287350e-02 -2.727855e-01
8.609573e-01 1.275674e-03
-1.114881e-01 3.472165e-02
-1.048283e-01 2.529246e-02
-1.772132e-01 1.262701e-01
-1.786205e-01 1.202503e-01
-1.873310e-01 8.282211e-02
-1.831551e-01 9.705834e-02
-1.468915e-01 1.314278e-01
-1.478620e-01 1.574812e-01
-1.621874e-01 1.642768e-01
-1.583586e-01 1.799890e-01
-1.638672e-01 -1.106590e-01
-1.520844e-01 -1.235337e-01
-7.681135e-02 -2.129317e-01
-5.716462e-02 -2.161667e-01
-4.946764e-02 -2.494154e-02
-2.085851e-02 -2.592560e-01
4.606295e-04 -2.545796e-01
2.106129e-02 -2.311482e-01
-2.184871e-02 3.824018e-02
1.459441e-01 4.866752e-02
1.974885e-01 4.909187e-02
1.520116e-01 -5.932412e-03
2.083633e-01 6.246551e-04
3.264767e-01 -6.823702e-02
3.894471e-01 -5.873028e-02
1.525299e-01 2.112408e-02
2.082418e-01 1.272157e-02
-5.203175e-02 1.568855e-01
-1.519966e-03 3.760603e-02
-5.833063e-03 7.425242e-02
-1.538164e-03 4.013742e-02
2.586634e-02 -2.702957e-01
5.514278e-02 -2.532716e-01
-5.923814e-02 -1.507612e-02
3.353270e-01 -9.920166e-02
4.143858e-01 -7.735173e-02
-1.082394e-01 -2.754657e-02
-1.311121e-01 -2.813386e-02
-8.405031e-02 -2.264669e-02
-1.691496e-03 2.952272e-02
-1.557379e-03 3.070619e-02
-4.149256e-02 1.656455e-01
-4.163711e-03 1.674763e-02
-2.034562e-03 5.418750e-02
-7.711055e-03 1.052329e-01
-2.082350e-03 5.718071e-02
2.668412e-01 1.355750e-01
3.724715e-01 9.601212e-02
3.322864e-01 1.119973e-01
-8.651803e-02 -4.483542e-02
-1.519162e-01 -2.344295e-02
-4.987477e-02 1.550308e-01
-7.119293e-02 2.692295e-01
-1.697460e-01 -1.332694e-02
-1.833182e-01 2.233052e-03
-3.072164e-02 1.780030e-02
-1.282528e-01 2.523781e-01
-9.757035e-03 -5.346199e-03
-1.605621e-02 -9.903698e-03
-1.913587e-01 2.265709e-02
-1.928928e-01 3.637840e-02
-1.927486e-01 4.678923e-02
-1.401949e-01 2.250059e-01
1.208279e-03 2.411028e-01
-3.671176e-02 2.681420e-01
-9.845706e-02 2.599733e-01
-1.512426e-01 2.104507e-02
-1.353792e-01 -6.065157e-02
-8.993850e-02 -1.852622e-01
-6.295577e-02 -1.686320e-01
-1.239256e-01 -1.687785e-01
-1.894358e-01 -4.745820e-02
-1.755128e-01 -7.402225e-02
-1.491782e-01 1.958425e-01
-1.357027e-01 -3.896700e-02
-1.773176e-01 -1.137411e-03
-1.830611e-02 -2.773171e-01
-1.485261e-01 5.824989e-02
-1.459093e-01 7.349870e-02
-8.836242e-02 2.840784e-01
-9.864051e-02 2.939368e-01
-9.950282e-02 2.784559e-01
3.882772e-01 8.127248e-02
2.927947e-01 1.121676e-01
3.047824e-01 5.370002e-02
-2.703650e-02 -2.397453e-01
1.540696e-02 -2.121939e-01
1.797058e-01 1.455869e-01
5.124459e-01 2.875847e-02
4.322634e-01 4.113981e-02
1.701721e-01 -7.542590e-02
2.757893e-02 -2.588412e-01
-1.905308e-01 2.465433e-02
-6.610855e-02 -2.385096e-01
2.780666e-01 -6.632976e-02
-1.510832e-01 -1.464366e-01
-4.436508e-03 -8.164556e-04
-6.334707e-03 -8.929390e-04
5.021201e-01 -5.603466e-02
6.076257e-01 -3.477424e-02
6.303952e-01 -2.979191e-02
4.922352e-02 2.109771e-01
2.951540e-02 2.322088e-01
5.246692e-01 -1.523227e-02
4.535230e-01 -1.764351e-02
8.545863e-02 -6.062395e-02
3.097601e-01 -3.623207e-02
-2.919061e-02 -1.500037e-01
-5.107047e-03 -8.905593e-02
1.996979e-02 -2.813991e-01
-5.377979e-03 1.167601e-01
-7.184561e-03 1.285537e-01
-1.065909e-02 9.243009e-04
-1.839816e-02 3.468298e-03
-8.292697e-03 9.017728e-04
1.905865e-01 6.155375e-02
-1.093565e-01 2.704812e-01
-3.382344e-04 9.103967e-04
-1.625110e-03 3.283139e-03
-4.958022e-04 1.912279e-03
3.812738e-01 -6.578610e-02
4.662362e-01 -4.695068e-02
-2.538706e-03 -6.590924e-02
-9.887309e-03 -1.284942e-01
-1.106639e-01 -2.754829e-01
-1.020400e-01 -2.839288e-01
-1.026586e-01 -2.675375e-01
2.081984e-01 1.453995e-01
1.283790e-01 1.830542e-01
1.551254e-01 1.634570e-01
-6.555296e-02 1.086367e-01
-8.904267e-02 1.038088e-01
-1.218224e-01 2.231531e-01
-8.687115e-02 1.966312e-01
-6.698369e-02 2.017006e-01
3.651636e-01 7.697287e-02
-1.142264e-01 -2.914760e-02
-1.526229e-01 1.865193e-01
-1.653630e-01 3.620582e-02
-1.769517e-01 2.420031e-02
1.101793e-01 1.518240e-01
5.020837e-03 2.038391e-01
1.099630e-01 1.780205e-01
2.681275e-01 -1.188515e-01
-1.853163e-01 1.239388e-02
-2.116311e-02 -1.852185e-01
-2.372945e-02 -2.029159e-01
-3.592640e-02 -2.372864e-01
1.119805e-01 -1.877492e-01
-4.815622e-02 2.885218e-01
-6.346394e-02 2.898873e-01
8.422721e-01 -3.111572e-03
-4.514474e-02 2.050818e-01
-1.259118e-02 -8.595372e-04
-2.579172e-02 -3.095968e-03
3.168748e-01 -2.696121e-02
2.510758e-01 -3.701552e-02
3.883546e-01 -1.831067e-02
-6.694221e-03 -6.843205e-02
-1.393550e-02 -1.011245e-01
-1.462303e-01 1.787082e-01
-1.434749e-01 2.003044e-01
-1.208583e-01 1.804925e-01
-1.350434e-01 1.699348e-01
-1.192551e-01 1.582879e-01
1.385426e-01 -1.672317e-01
7.412110e-02 -2.001280e-01
-8.032961e-03 8.101369e-03
-3.953197e-03 3.886658e-03
-2.713190e-03 -6.892771e-04
-2.707246e-03 6.856032e-04
-7.027862e-02 -1.548418e-01
-6.719749e-02 -1.650529e-01
-8.259908e-02 -1.711736e-01
-1.543472e-01 -9.553874e-03
-1.450379e-01 -1.425160e-02
2.139530e-01 -1.346273e-01
-2.494359e-02 -2.148110e-01
-1.331826e-01 2.122730e-01
-1.217570e-01 2.019681e-01
-2.070712e-02 2.054020e-01
2.070692e-02 1.821214e-01
-1.267372e-02 8.680842e-04
-2.181484e-02 -2.079146e-01
-1.857785e-02 7.129469e-05
-1.045773e-01 1.894366e-01
7.179425e-02 1.586400e-01
-9.992632e-02 -2.974358e-01
-9.288109e-02 -2.906540e-01
-9.718258e-02 1.455519e-01
-1.166717e-01 1.365847e-01
-5.112239e-02 -2.760699e-01
-4.751301e-02 -2.574267e-01
-9.030068e-02 -1.836885e-02
-1.022507e-01 -2.001728e-02
-9.519433e-02 -1.358450e-02
-1.573386e-01 -1.049447e-01
-1.632303e-01 -1.131457e-01
-3.812791e-02 3.000384e-01
-1.516206e-01 4.715463e-02
5.908367e-01 1.924478e-02
5.809435e-01 2.279013e-02
4.104336e-02 -2.092819e-01
-1.410482e-03 3.385786e-02
-1.877296e-03 4.946719e-02
1.104176e-01 1.245483e-01
-1.925887e-03 -3.631036e-02
-1.790187e-03 -3.232399e-02
-1.569547e-03 2.592223e-02
-2.011453e-03 -4.848808e-02
-1.866518e-03 -4.402079e-02
-2.328120e-03 -6.038369e-02
4.211247e-02 2.658084e-01
8.672353e-02 2.367534e-01
8.412872e-03 2.923790e-01
-2.533801e-03 6.879322e-02
-2.753522e-03 7.499096e-02
-1.269701e-01 1.369444e-01
-1.275932e-01 1.219614e-01
-1.388857e-01 1.271727e-01
1.388711e-02 2.844006e-01
8.313817e-02 2.360244e-01
-1.153714e-03 1.796117e-02
-1.253658e-03 2.092060e-02
-1.756388e-03 -1.975332e-02
-1.619989e-03 -1.646577e-02
-7.906084e-03 -3.048653e-01
-3.054459e-02 -3.228365e-01
1.225654e-02 -2.889539e-01
-1.077655e-01 -1.045162e-01
-1.066779e-01 -1.181500e-01
-4.283380e-03 -1.022411e-01
-1.404386e-01 -1.943131e-01
-1.363699e-01 -2.097280e-01
-1.468665e-01 -1.980911e-01
-1.286385e-03 1.034451e-02
-1.419685e-03 1.308041e-02
-4.536282e-03 1.056874e-01
-3.555399e-02 -7.487278e-02
-3.291030e-02 -8.078581e-02
-4.466393e-02 -8.931393e-02
-9.388671e-04 -7.213913e-03
-8.107298e-04 -5.201926e-03
-7.313051e-03 -1.380025e-01
-6.674694e-03 -1.229187e-01
1.446116e-01 -3.345947e-02
1.952636e-01 -3.630645e-02
-8.029628e-04 5.022692e-03
-9.336986e-04 7.017344e-03
1.230651e-03 -2.839669e-01
-2.161807e-02 -3.075499e-01
-1.896623e-01 6.913913e-02
-1.853611e-01 9.073139e-02
-7.113881e-02 1.459717e-01
-5.751432e-02 1.397646e-01
-4.472083e-03 1.451047e-01
-7.338581e-04 1.644160e-01
1.238424e-01 2.086366e-01
1.799196e-01 1.804698e-01
-1.622301e-03 -3.607152e-02
-1.022829e-01 -2.492699e-01
-8.822592e-02 -2.466748e-01
-4.046989e-02 -2.619596e-01
-5.225879e-02 -2.831347e-01
-1.507224e-01 4.676281e-02
-9.447917e-02 -2.073946e-01
-9.834524e-02 -2.287407e-01
-4.476719e-02 -1.272141e-01
-3.096959e-02 -1.116742e-01
2.633245e-01 1.274874e-01
3.342364e-01 1.044981e-01
2.354001e-01 1.426874e-01
-6.817947e-03 -7.962132e-02
-1.744121e-03 -4.007083e-02
-1.798272e-01 1.113786e-01
-1.730092e-01 1.307892e-01
-1.648882e-01 1.486693e-01
-1.554962e-01 1.645736e-01
-1.151916e-01 2.761963e-01
-1.074240e-01 2.804489e-01
2.022876e-01 1.612879e-01
1.639977e-01 1.835266e-01
-3.648990e-04 -9.907778e-04
-2.154207e-04 -2.595882e-04
-1.955302e-04 2.186037e-04
-9.284428e-02 2.414639e-02
-9.766953e-02 1.798376e-02
-4.967263e-02 -2.213600e-01
-2.776634e-02 -2.311171e-01
-1.737186e-01 -9.761166e-02
-1.712316e-01 -1.203272e-01
2.643602e-01 -7.764493e-02
2.507958e-01 -8.881615e-02
-4.802539e-03 -1.089528e-01
-5.284859e-03 -2.737411e-02
-1.176294e-03 -1.185786e-02
4.122585e-01 8.580872e-02
2.855672e-01 1.316748e-01
4.597217e-01 -1.166066e-02
5.332478e-01 -6.571908e-03
-1.759404e-01 -9.673370e-02
-1.811697e-01 -7.927661e-02
-1.052710e-03 -9.363681e-03
4.828510e-01 5.640664e-02
4.579432e-01 6.481640e-02
9.203842e-02 -4.460447e-02
9.683854e-02 -2.911907e-02
-4.937184e-03 -2.487140e-03
-2.884755e-02 2.824649e-01
-5.698273e-02 3.060913e-01
9.740939e-02 4.699455e-02
9.271918e-02 6.258801e-02
1.026457e-01 1.628524e-02
1.011051e-01 3.134644e-02
1.004535e-01 -1.383194e-02
1.023514e-01 1.255556e-03
-1.888305e-02 -2.127960e-01
-5.794886e-03 -1.201328e-01
-1.237060e-01 -5.891456e-02
-8.097896e-02 3.539038e-03
-9.172623e-02 1.399528e-03
-1.017656e-02 3.002263e-01
5.326256e-01 -3.420376e-02
6.440498e-02 2.185738e-01
1.059967e-02 2.533672e-01
-1.378986e-01 4.794533e-03
-8.180306e-02 1.744124e-01
-7.637661e-02 1.516241e-01
-1.952350e-02 -1.715405e-01
-2.733951e-03 -8.861094e-03
-6.066814e-04 -3.337494e-03
-3.789989e-02 -6.828987e-02
-2.767978e-02 -6.117143e-02
-9.998526e-02 1.481311e-01
-8.550065e-02 1.487289e-01
-7.023918e-02 1.299576e-01
-4.779711e-04 -1.968094e-03
-7.699040e-02 -2.295658e-01
-7.260665e-02 -2.380288e-01
-7.338501e-02 -1.441662e-01
-5.901751e-02 -1.377923e-01
-8.163083e-02 -2.199373e-01
-6.601723e-02 -2.099875e-01
-1.701835e-03 -3.592216e-03
-3.609849e-02 -8.365454e-02
-1.168528e-01 -2.657577e-01
-1.109201e-01 -2.790145e-01
-6.156099e-02 -3.121077e-02
-1.911122e-01 -5.700233e-02
-1.145416e-01 2.765148e-01
-9.878974e-02 -7.990549e-03
-7.680120e-02 2.884720e-01
-8.026899e-02 3.048673e-01
-1.031272e-01 4.161794e-02
-1.160464e-01 4.465661e-02
-7.790328e-02 1.157837e-02
-8.071010e-02 7.529125e-03
-8.974376e-02 1.214839e-02
-1.144735e-01 8.788635e-02
-1.244395e-01 7.849082e-02
-1.269422e-01 9.170519e-02
-1.160292e-01 1.151670e-01
-1.274837e-01 1.073298e-01
-1.325045e-01 -1.880620e-01
-1.439205e-01 -1.784009e-01
-9.568012e-02 -9.620481e-02
3.005256e-01 -1.228287e-01
-1.106216e-03 -1.795093e-02
7.221178e-01 -1.745586e-02
-1.057721e-01 -2.900973e-01
-1.136828e-01 -2.790092e-01
-2.156434e-03 -5.281569e-02
-1.543456e-01 -1.662755e-01
-1.468829e-01 -1.626412e-01
-1.352089e-01 -1.766751e-02
-1.373863e-01 -6.731025e-03
-2.448154e-02 -3.168896e-01
-3.481577e-02 1.355145e-01
-3.927858e-02 1.325531e-01
-4.477865e-02 -2.419329e-01
-5.949479e-02 -2.723049e-01
1.117011e-01 -9.306716e-02
-8.696013e-03 -1.108149e-01
-2.333082e-03 -5.784453e-02
-1.814555e-02 -2.929733e-01
-2.129355e-02 1.929423e-01
-2.970664e-02 2.299533e-01
-1.300899e-01 2.382560e-01
-1.343384e-01 2.244723e-01
-3.876364e-02 -3.261890e-01
-4.794386e-02 -3.358825e-01
2.557549e-01 -1.435383e-01
-1.446815e-03 5.840926e-04
-4.456118e-04 3.633929e-04
-1.902956e-01 5.589681e-02
-1.827152e-01 2.108328e-02
-1.774017e-01 1.126206e-02
-7.352054e-02 -3.782802e-02
-5.097222e-02 -1.948531e-01
-3.549349e-02 -1.722472e-01
-4.481433e-02 -1.972941e-01
-5.752241e-02 -2.616161e-01
-1.102320e-01 -1.997952e-01
-1.631328e-01 -4.141738e-03
-3.893600e-02 -6.105990e-03
4.231264e-01 4.715504e-02
3.600604e-01 5.476509e-02
1.825232e-01 7.442751e-02
1.331963e-01 7.711119e-02
2.101118e-01 -8.433638e-02
-1.246945e-01 -1.978561e-02
5.955474e-01 -1.230378e-02
6.004834e-01 -9.264970e-03
-1.814477e-01 -8.399610e-02
-3.406081e-02 2.551116e-01
-2.897672e-02 2.436234e-01
-1.930120e-02 1.989859e-01
-7.806223e-02 -1.613923e-02
-4.831765e-02 -3.304418e-01
4.454826e-02 -5.691511e-02
-1.658265e-03 4.422124e-02
-1.678515e-03 3.446223e-02
-2.264432e-03 6.244410e-02
8.168082e-02 2.304305e-01
1.483049e-01 1.837174e-01
2.949646e-01 -1.046653e-01
-8.304489e-03 1.438651e-01
1.310983e-01 1.341175e-01
-7.280381e-02 -3.003974e-01
-6.160783e-02 -3.023926e-01
-2.379812e-02 -9.349680e-02
-1.810779e-01 9.681067e-02
-1.381468e-01 9.561902e-02
-1.666179e-01 1.331942e-01
-1.446492e-01 1.786316e-01
-1.468213e-01 1.629639e-01
-1.132103e-01 -2.410620e-01
-1.012995e-01 -2.491316e-01
-7.417671e-02 1.348546e-01
-4.217473e-02 1.115636e-01
-3.032152e-02 1.007784e-01
-2.214607e-02 6.749935e-03
-4.825828e-02 -1.203769e-01
1.847875e-01 -1.124228e-01
2.389460e-01 -1.017066e-01
-1.748169e-01 -1.279275e-01
-1.678385e-01 -1.419371e-01
-5.579914e-02 -1.898975e-01
-6.341878e-04 3.287522e-03
5.398662e-02 4.325780e-02
5.710897e-02 9.921075e-03
5.364636e-02 -2.303543e-02
-8.517309e-03 3.843292e-02
-4.448192e-03 2.502332e-02
-1.416664e-01 1.944536e-01
-4.939616e-03 -1.490033e-01
-2.299321e-02 -2.436690e-01
-3.797424e-03 9.289952e-02
-4.281319e-03 1.018918e-01
-1.851118e-02 -1.601360e-01
-8.982893e-03 1.236788e-01
-1.883620e-02 1.692845e-01
-2.065608e-02 1.842881e-01
-3.111703e-02 -2.045051e-01
-4.277146e-02 -2.268070e-01
-1.200916e-03 -2.085073e-02
-6.950709e-02 4.215053e-03
-1.381519e-01 2.098411e-01
4.775922e-01 6.594730e-02
5.620337e-01 4.971741e-02
-1.700970e-01 -1.122330e-01
-1.771727e-01 -1.088511e-01
-8.431460e-02 -3.215016e-01
-7.955090e-02 -3.258738e-01
-7.713498e-02 -3.266564e-01
-1.892952e-03 1.997290e-03
-2.645976e-03 3.698154e-03
-6.793880e-02 -3.185239e-01
-4.862582e-02 -3.016174e-01
6.874673e-01 2.154263e-02
7.333229e-01 1.648278e-02
7.303735e-01 -1.653787e-02
6.836381e-01 -2.146261e-02
-6.472530e-02 -3.002667e-01
-7.622165e-02 -3.183146e-01
7.549072e-01 1.427916e-02
7.836254e-01 1.157543e-02
-1.707139e-01 3.199271e-03
2.957232e-01 6.328407e-02
2.376725e-01 6.939695e-02
1.734875e-01 8.738855e-02
-2.012464e-03 -1.665707e-01
8.276191e-01 -7.003959e-03
8.094777e-01 -8.595734e-03
-8.776324e-02 -2.549176e-01
8.729098e-01 3.544554e-03
8.811136e-01 3.023486e-03
8.807320e-01 2.924843e-03
8.871471e-01 2.533444e-03
-1.700815e-01 1.922319e-02
8.846577e-01 -2.645558e-03
8.780915e-01 -3.069349e-03
8.885561e-01 2.352914e-03
8.935421e-01 2.049821e-03
8.950549e-01 -1.993638e-03
8.901183e-01 -2.294601e-03
9.005899e-01 1.677444e-03
9.042415e-01 1.454685e-03
8.978140e-01 -1.663637e-03
8.939342e-01 -1.899341e-03
2.855638e-01 7.240994e-02
9.201974e-01 1.696566e-04
9.204781e-01 6.581270e-05
9.203654e-01 5.595078e-04
9.216123e-01 4.498492e-04
9.149990e-01 8.598352e-04
9.169068e-01 7.238573e-04
9.064443e-01 1.276013e-03
9.091901e-01 1.099014e-03
9.165176e-01 -5.467121e-05
9.162676e-01 -1.690199e-04
9.173120e-01 -2.846787e-04
9.165260e-01 -4.023309e-04
9.166433e-01 -5.142910e-04
9.152995e-01 -6.397243e-04
9.153159e-01 -7.526198e-04
9.133677e-01 -8.909820e-04
-1.290938e-01 -4.159166e-04
6.735601e-01 1.148165e-02
5.843737e-01 3.557863e-02
-6.514164e-02 -1.299073e-02
-5.237000e-02 -9.723244e-03
8.660314e-02 7.938747e-02
-3.581093e-02 -1.457018e-01
-5.920960e-03 6.561885e-02
-6.702117e-03 8.885389e-02
-1.379765e-01 -1.568639e-01
-1.488557e-01 -1.466366e-01
-7.037914e-02 -1.057720e-02
-3.454713e-02 -2.988308e-01
-4.790486e-02 -3.180371e-01
1.810888e-02 2.738467e-01
-2.656224e-02 3.093229e-01
-1.867552e-01 3.147753e-02
-1.805458e-01 3.918448e-02
-5.993373e-02 -3.393501e-01
-5.949973e-02 -3.317250e-01
-5.613083e-02 -3.322468e-01
-5.127465e-02 3.308666e-01
-6.183003e-02 3.388822e-01
-7.339447e-02 -2.593209e-01
-7.944795e-02 -2.790529e-01
-6.276564e-02 3.341708e-01
-5.367709e-02 3.181403e-01
-5.717962e-02 3.178719e-01
-4.820119e-02 2.924561e-01
-3.827907e-02 2.611340e-01
-2.374068e-02 2.467831e-01
-8.479950e-02 -3.109972e-01
-9.023888e-02 -3.147198e-01
-6.438711e-02 -1.751425e-01
-1.858135e-01 6.337154e-02
-1.892962e-01 4.333300e-02
-1.223752e-01 -2.495513e-01
-1.263063e-01 -2.546477e-01
-1.189018e-01 -2.659844e-01
1.576552e-01 -9.018198e-02
1.449389e-01 -1.048841e-01
-7.265197e-02 2.721606e-01
-6.294886e-02 2.514977e-01
-1.369513e-01 1.585102e-01
-1.257048e-01 1.524265e-01
-3.180919e-02 -4.980746e-02
-2.322344e-02 -3.824582e-02
-2.143838e-02 -4.288513e-02
-1.260736e-01 -2.555051e-01
-1.220839e-01 -2.529231e-01
-4.921412e-02 -7.333970e-02
-4.011455e-02 -6.141631e-02
-9.700659e-02 -2.241658e-01
-8.617634e-02 -2.094021e-01
-8.824732e-02 -1.469130e-01
-7.646692e-02 -1.333170e-01
-1.156054e-01 -2.463599e-01
-1.068826e-01 -2.368016e-01
-1.140666e-01 1.441341e-01
-1.019721e-01 1.343243e-01
-1.872687e-01 -7.057118e-02
-1.842363e-01 -9.274673e-02
-7.016372e-02 -9.821475e-02
-5.925155e-02 -8.586892e-02
-5.697757e-02 -9.502908e-02
-1.115900e-01 -1.707555e-01
-9.991964e-02 -1.596773e-01
-9.691020e-02 -1.726851e-01
6.930015e-03 -5.157176e-02
1.866581e-03 -7.002727e-02
-9.161744e-02 9.816366e-02
-7.962570e-02 1.010414e-01
-8.047590e-02 8.954656e-02
-8.677307e-02 5.225158e-02
-7.590059e-02 5.525480e-02
-7.382264e-02 4.551700e-02
-1.923638e-02 2.650930e-01
-2.657422e-02 2.015338e-01
-1.487596e-02 1.250618e-01
-1.616372e-02 1.371480e-01
-1.333240e-01 -2.421376e-01
-1.390256e-01 -2.260698e-01
-1.397471e-01 -2.288855e-01
4.647636e-02 2.488207e-01
-6.898712e-02 1.831034e-02
-6.219828e-02 2.093353e-02
-5.637958e-02 1.456946e-02
-1.112705e-01 -2.234148e-01
-1.247225e-01 -2.182702e-01
-1.155456e-01 -2.096010e-01
-6.073075e-02 3.161959e-01
-6.448127e-02 3.132381e-01
-7.049582e-02 3.278371e-01
-1.112232e-02 -2.308524e-02
-5.690549e-03 -1.489351e-02
-2.608121e-02 1.146412e-02
3.636110e-01 1.013105e-01
-5.680389e-02 -3.324973e-01
-7.905235e-02 -1.218412e-01
-9.306019e-02 -1.217963e-01
-8.145621e-02 -1.103843e-01
-6.799250e-02 3.086913e-01
-7.213472e-02 3.033589e-01
-7.886086e-02 3.168141e-01
-8.594327e-02 2.798715e-01
-9.853990e-02 2.834159e-01
-1.377012e-01 -1.798521e-01
-1.247586e-01 -1.904482e-01
-1.191116e-01 -1.951512e-01
-1.225961e-01 -1.804437e-01
-7.621749e-02 2.963428e-01
-8.064577e-02 2.887235e-01
-8.789434e-02 3.013365e-01
-1.251460e-01 -1.654645e-01
-1.273555e-01 -1.504318e-01
-6.363947e-02 1.213020e-01
-7.693457e-02 1.242228e-01
-1.030472e-01 1.206402e-01
-1.038723e-01 1.072859e-01
-8.296102e-02 -9.864997e-02
-8.405294e-02 -8.683060e-02
-5.875209e-02 -2.259670e-01
-1.036815e-01 9.417112e-02
-1.023491e-01 8.152588e-02
-8.318697e-02 -2.964046e-01
1.301415e-01 -1.214421e-01
-1.005516e-01 6.946843e-02
-9.828654e-02 5.811716e-02
-1.097676e-01 6.313005e-02
-9.496033e-02 4.755829e-02
-9.178095e-02 3.793647e-02
-8.677351e-02 2.926879e-02
-8.094843e-02 2.159797e-02
-4.152355e-02 -5.390063e-02
-5.141433e-02 -5.568345e-02
-4.207282e-02 -4.582235e-02
5.275578e-01 5.495990e-02
-7.400517e-02 1.511477e-02
-6.592637e-02 9.930268e-03
-1.242464e-01 -2.314822e-01
1.394916e-02 -1.550369e-02
1.114245e-02 -3.334692e-02
1.460331e-02 3.870299e-02
-1.749079e-01 1.009240e-01
-1.810745e-01 8.263546e-02
-5.156092e-02 -1.125153e-01
-3.871481e-02 -1.030016e-01
-1.801874e-01 -1.141496e-01
-1.752944e-01 -1.341256e-01
-1.483689e-01 1.468584e-01
-6.398785e-02 -3.321953e-01
-3.910185e-02 3.139782e-01
-1.525215e-02 1.872360e-01
-1.490915e-01 -1.680181e-01
-1.467432e-01 -1.884812e-01
-1.636884e-01 -1.621894e-01
-1.592092e-01 -1.550457e-01
7.673994e-01 1.144691e-02
-6.701586e-02 3.371961e-01
-6.452221e-02 -3.313930e-01
-5.265809e-02 -3.108548e-01
7.803628e-01 9.410757e-03
7.792503e-01 -9.577861e-03
7.979093e-01 7.171168e-03
7.927469e-01 -7.528974e-03
8.135904e-01 5.292334e-03
8.393146e-01 2.479338e-03
8.266083e-01 3.785768e-03
8.354767e-01 -8.746845e-04
8.350746e-01 -1.795356e-03
8.325599e-01 -2.742028e-03
-1.271895e-01 -2.390974e-01
-5.553317e-02 2.912588e-01
-6.530640e-02 -1.188468e-01
-1.023583e-01 -1.461201e-01
-1.104331e-01 1.188069e-01
-1.077643e-01 9.868252e-02
-1.797430e-01 6.912446e-02
-8.504727e-02 2.217427e-02
-8.975050e-02 1.232961e-01
-6.090361e-02 -7.626661e-02
-1.051379e-01 -1.984321e-01
-3.625484e-02 3.070072e-01
-7.001000e-02 -2.795940e-01
-2.535468e-02 -3.361743e-02
-1.686335e-02 -2.842614e-02
1.025827e-01 2.031772e-01
-1.007039e-01 -1.889284e-03
-9.072189e-02 7.414765e-02
-7.969508e-02 3.338848e-02
-5.435819e-02 7.923061e-03
-5.729726e-02 6.057966e-03
-5.470983e-02 -1.042270e-01
-1.685608e-01 3.561619e-02
-9.102788e-04 1.231351e-02
-3.427887e-02 -2.820562e-01
-7.885861e-02 1.126288e-01
-6.789241e-02 1.013452e-01
6.667898e-01 -2.129695e-02
-3.050981e-02 -8.683405e-02
-1.138259e-01 -2.047089e-02
8.387233e-01 6.137144e-03
7.018346e-01 2.082956e-02
8.513927e-01 5.027071e-03
-6.213792e-02 3.197751e-01
-7.220175e-02 3.198122e-01
-1.250136e-01 -2.114656e-01
-1.586278e-01 1.331527e-01
-1.674563e-01 1.176895e-01
7.489682e-02 2.251720e-01
4.337299e-01 7.334137e-02
4.082566e-01 8.279825e-02
-4.717766e-02 2.686430e-01
-3.373271e-02 2.292832e-01
-1.251712e-01 4.735096e-02
-8.721860e-03 1.380872e-01
-1.413660e-02 1.356661e-01
-1.685238e-02 3.116450e-01
-5.314491e-02 -3.350674e-01
6.026052e-01 -6.386005e-03
-1.492413e-01 1.157240e-01
-1.492018e-01 1.313815e-01
-1.434106e-01 -2.081193e-01
-1.515130e-01 -1.950063e-01
-9.431143e-02 -1.858881e-01
-7.963425e-02 6.712500e-02
-6.675211e-02 5.788135e-02
-3.327848e-02 1.169880e-01
-1.343269e-01 -2.202797e-01
1.566667e-02 2.113549e-02
1.557269e-02 3.497769e-03
-9.861844e-02 -2.952477e-01
-1.021308e-01 -2.979253e-01
-6.940059e-02 2.859501e-02
7.584461e-01 -1.238980e-02
-9.047379e-02 -1.980359e-01
-7.528246e-02 -1.928781e-01
-1.318508e-01 -2.248713e-01
-2.713962e-02 -9.066753e-02
-1.720393e-02 -7.536454e-02
-1.051498e-01 -1.318824e-01
5.540015e-01 4.778987e-02
5.135236e-01 5.806571e-02
7.236360e-01 1.202928e-02
7.311902e-01 1.047749e-02
-5.978770e-02 -1.825824e-01
-4.557956e-02 -1.680284e-01
-9.997845e-04 1.479854e-02
-4.144241e-03 3.179154e-02
-7.328363e-02 3.690736e-02
-6.947697e-02 8.010590e-02
-8.028994e-02 7.811299e-02
-1.734188e-02 3.005917e-02
-2.859959e-02 1.441594e-01
-3.233028e-02 1.420129e-01
1.479461e-01 1.196828e-01
1.962020e-01 1.115089e-01
6.712249e-01 -9.024728e-03
-8.602719e-03 -5.581323e-02
-1.456977e-01 -2.146892e-01
-1.372767e-01 -2.282090e-01
-6.118228e-02 -6.525290e-02
-1.168072e-01 -1.412140e-01
2.454638e-01 1.020037e-01
3.044035e-01 8.954583e-02
4.875359e-02 -2.628443e-01
1.024701e-01 -2.272032e-01
-7.025232e-02 -2.485740e-01
-7.650943e-02 3.299938e-01
-8.141992e-02 3.241498e-01
-7.960266e-02 3.253114e-01
3.973324e-01 -8.841280e-02
6.252266e-01 -3.886309e-02
-1.672237e-01 1.029815e-01
-1.266338e-03 5.138907e-02
-7.188961e-02 -7.539654e-02
-2.982457e-02 5.143965e-04
-1.274531e-02 1.327434e-04
-2.129298e-02 3.340524e-02
8.219659e-01 7.596925e-03
-5.650787e-02 -2.458927e-01
-2.155238e-02 1.433000e-01
-2.662092e-02 1.478447e-01
-1.308141e-01 1.305350e-01
-1.454909e-03 5.616701e-02
4.433466e-02 2.477475e-01
-1.096628e-02 2.849530e-01
6.658924e-02 2.411511e-01
1.778521e-02 2.629010e-01
-7.059640e-02 -3.302246e-01
-1.649777e-01 -1.262916e-01
8.745324e-01 -3.388620e-03
-1.597628e-02 -1.280753e-02
-7.460961e-03 2.744491e-01
-1.156982e-01 5.617814e-02
-1.509115e-01 -2.000856e-01
-1.557496e-01 -1.843931e-01
1.639130e-02 2.828159e-01
-2.804197e-02 3.160768e-01
7.553602e-01 -2.399516e-03
-5.474506e-02 1.982478e-01
-2.620508e-02 2.983991e-01
-1.273846e-01 2.486528e-01
8.352414e-01 -6.230128e-03
-3.598676e-03 -3.734167e-02
5.433079e-01 4.636267e-02
5.485464e-01 -5.392873e-02
-6.974587e-02 -3.357396e-01
-6.833731e-02 -3.284686e-01
9.250585e-01 -8.327053e-04
9.272843e-01 -7.090488e-04
-2.181615e-02 -4.994730e-02
-3.728180e-05 1.605226e-05
7.416904e-05 6.548023e-05
7.182901e-05 -6.360050e-05
-3.382969e-05 -2.038649e-05
4.177401e-08 -5.011183e-05
-1.009529e-03 -8.794700e-04
-6.747773e-04 -1.695028e-02
-1.174871e-01 -1.266746e-02
-9.114111e-02 -2.916888e-01
-7.390548e-04 -1.933692e-02
-1.772362e-01 5.671298e-02
-1.734069e-01 4.512493e-02
-4.600317e-03 -8.233243e-03
-1.111884e-02 4.487855e-04
-2.308299e-02 2.409802e-03
-3.312296e-02 -3.758463e-02
7.517293e-01 -1.472134e-02
8.658213e-01 -3.975537e-03
-4.516651e-02 3.101540e-01
-5.176947e-02 3.201867e-01
7.808177e-01 -1.177391e-02
7.545435e-01 -3.486072e-03
7.526819e-01 -4.522631e-03
6.976022e-02 -2.278586e-01
1.885379e-01 -1.734764e-01
-1.647638e-01 -1.669659e-01
-1.587081e-01 -1.811275e-01
-2.337115e-02 1.161141e-01
-1.247662e-02 9.056872e-02
-5.936066e-02 4.315333e-03
1.703392e-01 1.050301e-01
-7.162600e-02 3.343461e-01
-1.190163e-01 6.794570e-02
3.053020e-02 7.312141e-02
4.528931e-01 -7.736294e-02
-1.722860e-01 7.353107e-02
5.584890e-01 1.213857e-02
9.385151e-01 1.566868e-04
9.379222e-01 2.275595e-04
6.770834e-01 -5.041113e-03
1.989455e-06 5.086240e-05
-1.489019e-02 1.458635e-01
-4.728299e-02 1.336412e-01
4.573472e-01 7.509564e-02
3.641792e-02 -7.073418e-02
5.611004e-01 -1.378482e-02
6.387518e-01 2.917005e-02
7.435888e-01 1.476208e-02
6.141361e-01 3.415790e-02
-8.081517e-02 3.164418e-01
-4.876762e-02 -3.329029e-01
8.629275e-01 4.245608e-03
-2.496596e-02 2.955903e-01
-1.469770e-01 8.483665e-02
-1.484812e-01 1.010796e-01
7.494567e-01 -5.730140e-03
8.481119e-01 -5.252473e-03
-3.405052e-02 3.003365e-03
-2.358018e-02 1.121660e-03
-3.555519e-02 2.135662e-03
-3.183057e-02 -1.478506e-01
-1.699689e-01 -1.515143e-01
-1.634484e-01 -1.687349e-01
5.282626e-01 -3.790051e-02
-3.447249e-02 -2.841929e-01
-4.403139e-02 -3.172877e-01
5.866127e-01 4.026829e-02
-5.173452e-02 9.621591e-03
-3.680158e-02 1.496980e-03
-1.302979e-02 -2.077970e-02
-8.060705e-03 -1.299767e-02
-7.244729e-02 -3.255750e-01
-5.614311e-02 4.821691e-02
-5.528774e-02 2.865501e-02
-1.584217e-01 1.027724e-01
-1.660918e-01 8.836253e-02
-1.597603e-01 -1.686232e-01
2.647440e-01 9.018993e-02
3.073916e-01 -8.425360e-02
-4.340024e-02 2.682031e-01
-1.106184e-02 1.032609e-01
-1.891933e-02 1.209306e-01
-1.208340e-02 -1.006342e-01
-2.147197e-02 -1.267348e-01
1.424569e-01 -2.028496e-01
-1.232043e-02 9.650929e-02
6.553956e-01 1.634145e-02
7.386434e-01 8.994510e-03
-1.651946e-01 5.062151e-02
-5.989736e-02 7.160363e-02
-5.145581e-02 6.282598e-02
-6.057531e-02 6.187603e-02
5.529375e-02 2.521709e-01
1.847291e-01 1.786799e-01
-1.527818e-01 -1.988515e-01
6.275765e-01 3.362990e-02
-2.533228e-02 -2.871279e-02
-5.166999e-02 3.181282e-01
-1.197853e-01 -3.880960e-03
-1.097514e-01 -6.526622e-03
7.141222e-01 1.383246e-02
-5.807434e-02 5.093309e-02
-4.640444e-02 4.650655e-02
-2.671991e-02 2.389199e-01
-2.903165e-02 2.533050e-01
-6.770265e-02 -2.673146e-01
-6.743087e-02 -2.553880e-01
-8.105061e-02 -2.649424e-01
3.686827e-01 -8.214067e-02
-1.630826e-01 -1.524861e-01
7.141128e-01 -1.403268e-02
7.074451e-01 -1.564729e-02
5.703642e-01 2.646559e-02
-2.986206e-02 -1.529950e-01
-5.907124e-02 8.131420e-02
2.369256e-01 1.543922e-01
-6.623238e-02 3.311965e-01
-4.241471e-02 2.905756e-01
-1.233835e-02 3.705976e-04
-1.215841e-02 2.228710e-04
-3.652939e-03 6.327793e-03
-9.618501e-02 -3.064890e-01
2.643891e-01 -1.395241e-01
7.482122e-01 7.457455e-03
-1.637912e-01 7.531342e-02
-3.266090e-02 3.740661e-03
-9.400345e-04 8.459709e-04
-5.677909e-02 1.001631e-01
-5.833982e-02 9.069523e-02
-4.743533e-02 3.435136e-03
-6.586540e-04 -7.519744e-04
-4.377829e-02 -3.311056e-01
7.557972e-01 6.042785e-03
-5.890360e-04 6.659197e-04
-8.640097e-02 3.172376e-01
4.902510e-01 6.140138e-02
-3.711699e-02 -2.964664e-01
1.828548e-01 1.816938e-01
1.301383e-01 2.108633e-01
-8.989132e-02 -2.815981e-01
-3.998037e-02 7.698176e-02
-3.774077e-02 8.363451e-02
-9.642239e-02 2.999001e-01
-1.013730e-01 2.905486e-01
-1.033686e-01 2.951291e-01
6.150043e-01 -2.536205e-02
-1.056046e-02 9.501989e-02
-9.131942e-02 3.090670e-01
4.892902e-01 3.876437e-02
4.100420e-01 5.380688e-02
-7.629018e-03 4.022680e-02
-4.372104e-02 5.699784e-03
-4.643511e-03 -1.050862e-02
-4.911379e-02 8.000490e-02
7.004236e-01 1.617795e-02
-1.736313e-01 -1.369220e-01
-1.291605e-02 -1.104643e-01
-8.850431e-02 3.113523e-01
6.838692e-01 2.001614e-02
6.944546e-01 1.784549e-02
3.825101e-01 6.855955e-02
6.547477e-01 2.578150e-02
6.667465e-01 2.319058e-02
-9.586081e-02 3.044250e-01
-1.027627e-01 2.961831e-01
2.192061e-03 -2.357968e-01
-1.090142e-01 2.869088e-01
-1.395314e-02 5.180804e-02
-2.411094e-02 -1.484214e-01
-4.389217e-02 6.233883e-02
-4.524076e-02 5.435912e-02
-9.197459e-02 3.125135e-01
-4.133396e-02 6.965788e-02
-3.863556e-02 -3.233011e-01
3.443001e-01 1.115443e-01
3.998645e-01 9.182705e-02
-7.680369e-03 1.082910e-02
4.538048e-01 7.446644e-02
3.109158e-01 1.233422e-01
-1.560452e-01 7.648555e-02
-5.151360e-02 1.170193e-01
-5.478580e-02 1.092956e-01
2.789937e-01 7.995817e-02
2.212863e-01 8.970411e-02
-1.758574e-01 -1.232230e-01
-8.018207e-02 -2.843104e-01
3.770406e-01 -7.072201e-02
3.046479e-01 -9.739546e-02
2.938070e-01 1.305922e-01
1.815565e-01 1.581006e-01
-5.047607e-02 1.258045e-01
-1.621745e-01 6.366471e-02
-1.578390e-01 5.314197e-02
1.770144e-01 9.508253e-02
3.361496e-01 7.083361e-02
-1.698169e-01 -1.389851e-01
-1.644821e-01 -1.383125e-01
-1.576899e-01 -1.380929e-01
-4.079982e-03 2.332189e-01
2.267861e-01 -1.347340e-01
3.962382e-01 6.094561e-02
-4.576006e-02 9.629008e-02
2.031392e-01 1.717178e-01
8.489844e-02 2.363874e-01
3.375318e-01 -8.420186e-02
