1.000000e+00
0.000000e+00
0.000000e+00 0.000000e+00
taylor-hood
cavity_normal
1.471117e-16 2.355373e-17
-7.070579e-17 -3.019391e-17
-3.352590e-17 1.112243e-17
-9.503547e-17 7.782706e-18
1.198210e-16 7.166677e-17
1.514666e-16 -9.551211e-17
-3.240626e-17 6.889675e-17
7.120270e-17 3.778049e-17
-8.023799e-17 1.780642e-17
-4.602270e-17 2.317885e-17
-1.979057e-17 9.879119e-17
1.739679e-16 6.661047e-17
2.978252e-17 -5.029969e-17
1.287942e-17 2.337210e-17
-1.978216e-16 7.896195e-18
-8.489636e-17 4.611348e-17
-1.510896e-16 2.440244e-18
-1.236183e-17 3.514633e-17
4.759472e-17 1.215227e-16
-1.409661e-16 -2.174076e-16
1.368396e-17 -1.161845e-16
5.436634e-18 -2.516523e-17
4.415485e-17 7.866636e-17
-1.325305e-16 8.502564e-18
-2.496430e-17 -3.945411e-17
1.184893e-16 -9.016357e-19
1.238923e-17 -2.423452e-17
1.011253e-17 -7.408722e-18
1.365240e-17 2.629569e-18
-2.353025e-17 1.498836e-17
6.767788e-20 -9.088583e-17
-2.305923e-18 5.888039e-17
-7.103827e-17 -2.180329e-17
-2.056946e-16 -2.926019e-18
8.759798e-17 9.539802e-17
-5.635477e-17 6.707420e-17
6.241794e-17 2.120200e-18
-2.955937e-17 -3.433339e-17
-3.286841e-17 5.044617e-17
8.074021e-17 2.804969e-17
6.075458e-17 -9.766080e-18
6.294669e-17 4.520512e-17
-3.518237e-17 5.601290e-17
8.075981e-17 4.204186e-20
-4.111961e-17 1.086568e-16
4.945766e-18 -1.255272e-16
1.786942e-17 -4.757031e-17
-7.947925e-17 -2.588807e-19
7.151507e-18 9.014067e-17
-9.594108e-17 -3.479831e-17
-1.066825e-16 -8.250314e-17
-2.556389e-17 -1.389677e-16
-4.384415e-17 -5.502300e-17
2.096416e-17 -7.489841e-17
-2.275391e-16 -1.785185e-17
-1.195384e-17 -1.090705e-16
-3.522347e-18 9.171935e-17
-2.247031e-17 -1.261903e-16
1.073992e-16 5.616129e-17
-1.430623e-17 2.441644e-17
7.722735e-19 1.209230e-16
-1.562714e-17 4.434704e-17
-1.887039e-17 -6.352374e-18
6.428433e-18 -1.337462e-16
3.178129e-17 4.949342e-18
-3.192442e-17 -7.277743e-17
1.973494e-16 7.762078e-17
-2.355434e-17 -3.889117e-17
-3.978882e-17 -3.900114e-17
-8.900748e-17 1.993965e-17
6.817335e-17 1.363946e-17
9.596285e-17 1.382975e-17
-7.344731e-17 -2.246769e-17
6.698730e-02 1.809409e-17
2.500000e-01 -1.079802e-16
5.000000e-01 8.758707e-17
7.500000e-01 -3.700920e-17
9.330127e-01 7.235499e-18
1.000000e+00 -2.529047e-17
9.330127e-01 2.597591e-17
7.500000e-01 -4.353787e-17
5.000000e-01 -6.783197e-17
2.500000e-01 1.394262e-16
6.698730e-02 4.855501e-18
1.703709e-02 9.315181e-17
1.464466e-01 9.492679e-17
3.705905e-01 1.962999e-16
6.294095e-01 -9.702004e-17
8.535534e-01 -1.670797e-16
9.829629e-01 1.377070e-16
9.829629e-01 3.398253e-16
8.535534e-01 -9.685926e-17
6.294095e-01 1.647316e-16
3.705905e-01 -1.176164e-16
1.464466e-01 4.756692e-17
1.703709e-02 1.219128e-16
-1.086945e-02 -8.965636e-02
4.803988e-01 3.414498e-02
-1.057092e-02 6.449354e-02
-3.488705e-02 -1.095391e-03
3.211073e-01 -1.559226e-01
-8.048989e-03 -2.678561e-02
-9.002452e-03 1.468034e-01
-2.251643e-02 5.668921e-03
-8.397390e-03 -1.375970e-01
3.317285e-01 1.512022e-01
-1.904690e-02 -3.948194e-03
-6.862631e-03 2.525354e-02
-4.283763e-03 -5.820931e-03
1.050194e-01 -1.351330e-01
1.040474e-01 1.245622e-01
-2.620529e-03 3.823951e-03
-1.354974e-02 -6.685468e-02
-4.262963e-02 -1.278436e-01
-3.931607e-02 -1.644040e-01
-7.462182e-02 -1.601682e-01
-7.328393e-02 -1.224774e-01
-1.094079e-01 -1.318428e-01
-1.066964e-01 -1.662584e-01
-1.372347e-01 -1.104859e-01
-1.334704e-01 -8.643491e-02
-1.513390e-01 -4.984273e-02
-1.420317e-01 -3.876610e-02
-1.512711e-01 5.851302e-03
-1.617838e-01 4.680836e-03
-1.366610e-01 1.899382e-03
-1.347680e-01 4.605594e-02
-1.290836e-01 -1.400196e-01
-1.136509e-01 -5.824374e-02
-1.188675e-01 3.098852e-02
-1.102041e-01 6.721959e-02
-1.244852e-01 9.178950e-02
-8.939650e-02 -2.005777e-01
-8.660019e-02 -1.619611e-01
-8.778437e-02 4.229903e-02
-1.083934e-01 -2.744534e-05
-9.357393e-02 9.813312e-02
-1.019319e-01 1.346739e-01
-3.295520e-02 -2.241608e-01
1.724505e-02 -1.711432e-01
-5.205407e-02 -8.720129e-02
-1.348989e-01 1.199395e-01
-1.061682e-01 1.724047e-01
-1.257998e-01 1.480577e-01
-8.644400e-02 2.071364e-01
-8.457890e-02 1.695502e-01
-3.797161e-02 2.270281e-01
-1.267243e-01 8.924314e-02
-4.914489e-02 1.021291e-01
-6.750301e-02 2.027421e-01
1.068467e-01 -8.927181e-02
-4.623903e-02 -2.363656e-01
1.274500e-02 -2.453891e-01
-6.457240e-02 1.223977e-01
-5.657805e-02 8.418792e-02
2.107359e-01 -1.543716e-01
4.300041e-01 -5.891532e-02
4.280890e-01 1.064571e-01
1.568226e-01 1.864707e-01
1.198808e-01 2.214392e-01
1.386834e-01 1.015022e-01
2.173210e-01 1.539393e-01
6.543726e-02 2.123072e-01
2.036042e-02 1.363479e-01
3.529655e-03 2.048587e-01
-1.345181e-02 -1.176363e-01
-2.855740e-02 -2.607671e-03
-4.780438e-02 -1.436616e-02
-2.966148e-02 -1.456904e-02
-5.511476e-02 -3.137866e-02
-3.175194e-02 -3.129537e-02
-5.767642e-02 -5.320765e-02
-7.132879e-02 -2.214638e-02
-1.594110e-02 -1.373007e-02
-3.110306e-02 -4.580607e-02
-6.002417e-02 -8.291769e-02
-2.555409e-02 -5.920962e-02
-1.247439e-02 -2.133131e-02
-5.690652e-02 -7.989211e-03
-6.364180e-02 -6.854039e-04
-8.291561e-02 -8.861020e-03
-1.008415e-01 -2.601641e-02
-8.058963e-02 8.952005e-03
-5.715920e-02 9.243225e-03
-3.639584e-02 1.070205e-03
-7.483394e-03 4.325500e-02
-1.109106e-02 9.006735e-02
-8.322464e-02 -4.460672e-02
6.145146e-04 -1.475790e-01
-4.545478e-03 1.275181e-02
-1.531932e-02 1.479013e-02
-5.064409e-03 2.846458e-03
-2.091324e-02 1.175806e-02
-3.467497e-02 2.862105e-02
-4.402096e-02 2.103469e-02
-2.092956e-02 3.435006e-02
-4.668324e-02 5.320549e-02
-1.296526e-01 -7.805612e-02
-1.165892e-02 -4.500954e-03
1.535060e-02 6.887663e-03
-1.530401e-01 7.476725e-02
-1.165305e-02 1.161398e-01
8.649507e-02 -2.212640e-01
1.222596e-01 -2.128935e-01
-1.022096e-01 6.190254e-03
-1.555260e-01 -6.446276e-02
-1.512622e-01 5.970008e-02
-1.518482e-01 5.852563e-03
-7.152895e-02 1.614802e-01
-9.863567e-02 -9.680641e-02
-7.015202e-02 -2.025711e-01
-4.860254e-02 2.338315e-01
3.357171e-02 -2.098546e-01
-3.414682e-02 -1.974593e-01
-1.367882e-02 -2.196336e-01
-3.040709e-02 4.622136e-03
-7.119557e-02 2.259722e-02
7.947261e-03 2.444076e-01
1.885673e-02 -1.212575e-01
-3.106672e-03 -3.360548e-03
-6.175385e-02 4.009174e-02
-7.780166e-02 6.577313e-02
-2.766825e-02 5.813645e-02
-3.168011e-02 8.766018e-02
-3.720823e-02 1.228479e-01
-3.911535e-02 1.604769e-01
-3.488651e-02 1.962377e-01
4.873971e-03 1.810613e-01
2.073241e-01 -7.290287e-04
-3.911878e-02 -9.596138e-02
-8.539557e-02 -7.001895e-02
-5.844456e-03 -3.514732e-02
2.536999e-01 -1.275442e-01
-8.839149e-03 3.056572e-03
5.560279e-04 1.210531e-01
4.928473e-01 -9.611921e-02
-4.664339e-02 1.185911e-02
-1.236678e-01 -2.533828e-02
-3.317302e-03 -1.044475e-02
-9.586149e-02 2.181735e-02
-5.756446e-04 -1.261675e-04
3.172575e-02 -6.639075e-02
3.219126e-02 6.653319e-02
-1.678207e-04 5.838785e-04
4.371645e-02 2.239142e-01
-2.191205e-02 2.221320e-01
7.099784e-01 1.101175e-02
4.648682e-01 -1.031027e-02
6.764983e-01 -1.814173e-02
2.800764e-02 1.044381e-01
-2.023019e-02 5.609745e-02
7.176672e-02 5.767021e-02
-8.800156e-03 -9.448403e-03
-8.048321e-03 -1.192762e-02
-1.486439e-02 -1.732230e-02
1.227561e-01 -1.811317e-01
6.858347e-02 -2.190744e-01
6.702773e-02 -1.808986e-01
-2.371801e-02 -8.578008e-02
-2.065150e-02 -6.652654e-02
-9.941678e-03 -4.919716e-02
-3.236290e-02 -7.656317e-02
-1.450456e-02 -5.053896e-02
3.306326e-01 2.062411e-02
3.109098e-01 -3.416092e-02
6.138419e-02 1.452071e-01
-2.195799e-02 1.444172e-01
6.518477e-01 -4.458606e-02
-6.731991e-02 -1.026915e-01
-8.698782e-02 -1.096617e-01
-7.850604e-02 -9.339566e-02
-1.088240e-01 -4.006117e-02
-9.389500e-02 -3.682231e-02
-1.004151e-01 -5.222928e-02
-5.776148e-02 2.220783e-02
-6.778737e-02 3.115947e-02
-5.317711e-02 2.914360e-02
4.969916e-03 8.378621e-02
7.256680e-03 7.207696e-02
-1.126655e-03 1.738634e-03
-1.612034e-03 9.400769e-05
1.710990e-01 -1.375600e-01
1.838778e-01 -1.785696e-01
1.867584e-01 -1.985159e-01
1.094029e-01 -2.262892e-01
2.057367e-01 -1.912970e-01
-2.304466e-02 9.151628e-03
-3.304112e-02 1.314222e-02
-3.255308e-02 1.615685e-02
-3.641869e-03 -8.304819e-03
-7.575592e-03 -1.762977e-02
2.734047e-02 1.043947e-01
8.454409e-03 4.246387e-02
-1.871189e-03 1.910221e-03
3.574362e-04 1.398336e-05
-1.202580e-01 -4.074387e-02
-1.121374e-01 -2.657144e-02
-1.717844e-02 -3.731741e-02
-2.084537e-02 -3.087703e-02
-1.055150e-02 -2.505618e-02
9.856264e-02 2.831405e-03
1.730816e-01 5.089162e-02
2.719299e-01 -1.648497e-01
1.404565e-01 -1.923778e-01
-1.486186e-02 -4.001096e-02
-2.928266e-02 -5.359096e-02
-4.628967e-02 1.610566e-02
-5.863755e-02 1.761187e-02
-5.063550e-02 -9.043313e-02
-5.643711e-02 -1.117359e-01
-2.319309e-02 -1.956863e-02
-2.159862e-02 -2.684297e-02
2.951373e-02 -1.719621e-01
5.103212e-02 -1.379577e-01
-1.026591e-02 -8.250833e-03
-5.160367e-03 -3.258891e-03
-3.235331e-02 -3.740936e-02
-9.595798e-02 -6.484407e-03
-9.200633e-02 -1.726358e-02
-1.083782e-01 -1.471733e-02
-9.271221e-02 -8.273658e-02
-7.410248e-02 -7.708566e-02
-8.122923e-02 3.081021e-02
-7.499503e-02 4.226164e-02
1.518285e-01 1.504492e-01
7.310686e-02 1.880803e-01
-8.407452e-02 5.473255e-02
-7.007761e-02 5.155663e-02
-5.582484e-02 4.746480e-02
-6.156295e-02 6.042392e-02
-9.597865e-02 5.192423e-03
-8.255561e-02 -4.309807e-04
-3.476808e-02 8.893613e-03
-1.764989e-02 5.405052e-02
-2.970122e-02 7.164279e-02
-1.848912e-02 6.551946e-02
2.952211e-01 -1.483781e-01
-1.527011e-02 7.095696e-03
-1.451340e-02 4.949604e-03
-7.760823e-03 1.819988e-01
1.822312e-03 1.703430e-01
-3.526154e-03 1.373932e-01
-7.428769e-02 -4.985289e-03
-7.266999e-02 1.885467e-03
-6.961302e-02 9.272688e-03
-5.963815e-02 3.370621e-03
-4.802141e-02 3.556605e-03
-5.082505e-02 7.329018e-04
-1.870127e-02 -1.748002e-03
-3.557788e-02 -4.603756e-04
-1.941870e-02 3.697021e-04
-5.014583e-02 -2.817777e-03
-1.954488e-02 -3.835619e-04
-2.344376e-03 -7.759356e-02
-1.187721e-02 -1.293812e-01
-3.785200e-03 -6.861799e-02
-2.027603e-02 -1.757120e-01
-2.321615e-02 -1.627023e-01
-4.756069e-03 -1.469420e-01
-3.359555e-03 -1.918363e-01
-1.365968e-02 -1.860617e-01
1.110374e-02 -1.874302e-01
5.630761e-03 -2.198784e-01
4.624207e-01 7.449186e-02
2.677489e-01 1.160059e-01
2.830205e-01 6.917801e-02
1.694029e-01 7.750919e-02
1.593945e-01 1.430197e-01
2.482946e-01 8.756969e-02
6.885326e-01 3.430932e-02
6.450686e-01 5.714110e-02
2.735005e-01 1.517830e-01
9.025662e-02 1.753600e-01
1.288046e-01 1.936155e-01
-2.866624e-03 -5.376761e-02
-2.633556e-03 -4.797871e-02
1.729768e-01 1.968047e-01
9.390599e-02 2.236689e-01
-1.288199e-02 -7.792060e-02
-3.278999e-03 -3.938297e-02
-6.062853e-02 -2.079728e-02
-6.631204e-02 -1.450028e-02
-5.392649e-02 -1.200270e-02
-3.347959e-02 -3.509250e-03
-4.318302e-02 -6.659270e-03
-4.713310e-02 -5.059793e-03
-7.842540e-02 -1.552553e-02
-6.998368e-02 -9.492922e-03
-1.766601e-02 6.098591e-04
-1.606163e-02 -1.194111e-03
-5.840711e-02 -4.375976e-02
-7.154185e-02 -4.966526e-02
-6.846963e-02 -3.887030e-02
-3.646369e-03 -6.166182e-02
5.093006e-01 8.700910e-02
3.849247e-01 1.335818e-01
5.840573e-01 7.328729e-02
-4.017171e-02 -9.136661e-03
3.377316e-01 9.304282e-02
-1.870116e-03 3.223040e-02
-2.937341e-03 2.615639e-02
-9.150991e-03 5.449755e-02
-8.572170e-02 -2.409751e-02
2.423789e-01 1.781779e-01
-2.576673e-02 -1.141049e-01
-2.406637e-02 -9.917206e-02
-2.624785e-02 -2.125993e-01
-4.646612e-03 3.918197e-02
-1.122675e-02 7.767153e-02
-2.522976e-03 4.591345e-02
-9.582484e-02 9.738716e-02
-1.171834e-01 5.137327e-02
-7.893624e-02 5.478106e-02
-2.191191e-02 -1.415591e-02
-2.174400e-02 -8.499334e-03
-1.635026e-02 -7.652479e-03
-7.242080e-03 1.949319e-02
-1.177074e-02 2.293244e-02
-1.511730e-02 3.183975e-02
-8.100208e-04 1.149435e-02
-2.210748e-03 7.928244e-03
5.171020e-02 1.411411e-01
4.337924e-02 1.829772e-01
-5.464128e-02 7.807456e-03
-1.275990e-02 -1.997247e-03
-2.412191e-02 -2.402648e-03
-1.375048e-02 -8.346093e-04
-2.035880e-03 -8.022863e-02
-2.644097e-02 -7.974757e-03
-1.618661e-02 -5.211440e-03
-6.554697e-02 -2.802294e-02
-7.796144e-02 -3.293857e-02
-2.552055e-02 2.184086e-02
-2.810455e-02 3.314533e-02
-1.795611e-02 2.399093e-02
-1.131219e-02 1.607406e-02
-2.877276e-03 1.661113e-02
-6.230379e-03 3.518803e-02
-2.716751e-03 2.078237e-02
-1.065147e-04 -8.412502e-02
4.240395e-01 9.291465e-02
-3.161793e-02 -8.025939e-03
-1.594024e-01 3.910932e-02
-1.557222e-01 6.787602e-02
-1.588468e-01 3.542437e-02
1.517518e-02 1.760098e-01
2.716505e-02 2.163054e-01
-3.990478e-02 4.114439e-02
-3.478395e-02 4.314694e-02
-1.462011e-01 1.012100e-01
-1.459053e-01 8.959982e-02
-1.425452e-01 4.702042e-02
-1.340471e-01 6.280390e-03
-8.815816e-03 2.291235e-04
-1.452024e-01 8.330170e-02
-1.553930e-01 4.318417e-02
-6.003062e-02 -4.283013e-03
-2.823256e-03 8.014508e-03
-6.487247e-03 8.659338e-03
-1.649088e-03 -1.505770e-03
4.107410e-05 -1.744483e-03
2.769134e-01 1.583041e-01
-5.004076e-03 3.073763e-03
-1.031256e-02 8.022563e-03
1.702118e-01 -8.337908e-02
9.931128e-02 -6.582083e-02
-1.070497e-02 7.006929e-03
-2.000489e-02 1.425516e-02
-1.974050e-03 2.404764e-03
-8.983446e-04 4.432440e-03
-4.390458e-02 -4.108140e-02
-4.601109e-02 -5.133394e-02
9.662214e-02 6.076173e-02
-4.013843e-02 -2.121820e-02
-3.065835e-02 -2.222006e-02
-4.535582e-02 -3.340718e-02
-3.993883e-02 -1.529739e-02
-5.272896e-02 -2.268523e-02
-6.529476e-03 -2.544687e-03
4.644454e-04 5.919687e-04
-4.423010e-02 -6.434814e-02
-4.306585e-02 -7.287993e-02
-1.604559e-01 4.798656e-03
-6.133600e-02 -6.809224e-02
-2.809751e-02 1.992857e-02
-4.218671e-02 2.567849e-02
5.319264e-04 -8.309200e-02
-1.309072e-01 1.062022e-01
-1.396824e-01 7.795305e-02
-6.164876e-02 -1.972392e-01
-1.474071e-02 -2.028334e-01
-4.501403e-02 -1.697077e-01
-2.578706e-03 8.076836e-02
-4.003948e-03 6.885206e-02
-1.170119e-02 1.334109e-01
-1.105476e-01 1.602726e-01
-1.286307e-01 1.230246e-01
-1.086135e-01 1.311689e-01
-7.246414e-02 1.388320e-01
-7.273303e-02 -1.296867e-01
-9.881587e-02 -8.381881e-02
-1.093785e-01 -1.211882e-01
-1.221541e-01 1.482429e-01
-1.334261e-01 1.353414e-01
-1.188727e-01 1.637639e-01
-3.714838e-03 -9.424830e-05
-1.150337e-01 1.147761e-01
-1.205482e-01 1.301185e-01
-8.012501e-02 -4.041906e-02
-1.184697e-01 -3.950835e-02
-1.080102e-01 1.798280e-01
-9.036334e-02 1.922758e-01
5.648096e-02 -1.324719e-01
9.962106e-02 -1.667430e-01
1.579092e-01 -1.273142e-01
-1.876721e-02 -1.322360e-01
-2.492604e-02 -1.301135e-01
-4.246242e-02 -1.482462e-01
-3.164226e-03 8.729303e-02
-3.753220e-03 5.412718e-02
-1.158080e-02 1.038323e-01
-3.624697e-03 6.110817e-02
2.097242e-01 1.930979e-01
1.418618e-01 2.096878e-01
-1.131325e-01 -1.536683e-01
-1.319292e-01 -1.137546e-01
3.099446e-01 -1.056160e-01
2.419500e-01 -7.882575e-02
-1.427029e-01 1.121148e-01
-1.055072e-01 1.515728e-01
1.492904e-02 -9.117781e-02
-9.184512e-02 -1.860613e-01
-6.746960e-02 -2.138204e-01
-1.002650e-01 1.892580e-01
-8.898197e-02 1.708365e-01
-8.742468e-02 1.508666e-01
-8.739939e-02 1.899313e-01
-7.182930e-02 1.814452e-01
-1.112632e-01 -1.730539e-01
-1.284016e-02 2.039311e-03
-1.151948e-02 4.957952e-04
-1.233920e-01 -1.405076e-01
-1.198007e-01 -1.562696e-01
-1.358929e-01 -1.281217e-01
-1.095912e-01 9.826527e-02
-9.819893e-02 1.145577e-01
-1.586749e-01 -2.474504e-02
-1.552515e-01 -5.800546e-02
-1.618642e-01 -2.908612e-02
5.013384e-01 -8.958721e-02
4.181812e-01 -9.663903e-02
-9.297024e-02 -1.480437e-01
-9.245166e-02 -1.681174e-01
-1.100370e-01 -1.501623e-01
-1.543197e-01 -2.126223e-02
-1.593289e-01 3.527653e-03
-1.558052e-01 -3.167949e-02
-3.259665e-03 -3.371065e-02
4.244075e-02 -2.384943e-01
6.051807e-02 -2.357982e-01
-5.790848e-02 -1.665380e-01
-5.878365e-02 -1.490947e-01
-1.469231e-01 -7.236683e-02
-1.433286e-01 -3.418653e-02
-8.432629e-02 1.314916e-01
-7.887657e-02 1.113072e-01
-7.565097e-02 -1.416474e-01
-5.730967e-02 -1.277007e-01
5.827395e-02 -4.348889e-02
-2.143653e-02 -4.335846e-02
-1.276611e-01 1.871192e-02
-1.138576e-01 1.423051e-02
-1.226672e-01 2.251880e-03
-1.529842e-01 3.078777e-02
-7.944544e-02 2.096984e-01
-1.436593e-01 -1.026949e-01
-1.484676e-01 -9.156788e-02
-6.887172e-02 1.400684e-01
-1.235536e-01 -1.260301e-01
-8.888749e-03 -2.416781e-01
1.676837e-02 -2.276442e-01
-2.768933e-03 -1.549061e-02
-1.064771e-03 -1.281704e-02
-1.232739e-01 5.894207e-02
-1.325775e-01 6.896058e-02
-1.187745e-01 7.753592e-02
-1.436033e-01 5.197390e-02
-1.476554e-01 -8.002312e-02
-1.369267e-01 2.203711e-02
-1.272484e-01 3.785969e-02
-1.022181e-01 8.242058e-02
-1.434261e-01 4.462863e-03
-1.453679e-01 2.715940e-02
-1.360095e-01 -9.782090e-02
-1.432521e-01 -7.166488e-02
-1.472402e-01 -4.412533e-02
-1.467488e-01 -1.962269e-02
-1.210258e-01 -1.098932e-01
5.269082e-02 -2.029087e-01
-1.015605e-01 -1.832346e-01
-1.395469e-01 -1.721164e-02
-9.039571e-02 -1.305158e-01
-7.425621e-02 -1.826264e-01
-9.062014e-02 -1.889843e-01
-1.385023e-01 -6.165854e-02
-5.567070e-02 -1.862389e-01
-1.146239e-01 4.796698e-02
-1.003922e-01 5.398510e-02
-1.033997e-01 3.848709e-02
-1.281838e-01 -5.077744e-02
-1.235471e-01 -7.072139e-02
-4.490042e-02 -2.347827e-01
-2.208662e-02 -2.441532e-01
-1.171963e-01 -9.377939e-02
-1.052557e-01 -1.136810e-01
-6.243530e-02 2.025231e-01
-6.796578e-02 2.173991e-01
-6.129433e-02 1.021769e-01
-7.424564e-02 9.326214e-02
-1.169158e-02 -1.054704e-01
-6.756907e-02 -2.223887e-01
-1.068649e-01 -7.647243e-02
-8.320565e-02 -2.074224e-01
-6.690153e-02 2.244941e-01
-6.122086e-02 2.181226e-01
-6.222594e-02 -2.209396e-01
-4.752635e-02 2.359235e-01
2.757343e-02 -2.340621e-01
-2.537666e-02 -1.497502e-01
-3.733760e-02 -1.829222e-01
-5.083941e-02 -2.056331e-01
-6.415523e-03 -2.387384e-01
-4.398349e-02 -2.216754e-01
-2.790313e-02 -2.330552e-01
-1.480049e-02 9.753509e-04
-2.840706e-02 4.929482e-03
-4.395008e-02 6.314073e-03
-3.251661e-02 2.563589e-03
-1.859425e-02 1.315746e-03
-5.218364e-02 6.796046e-02
-4.146555e-02 7.221217e-02
-3.784654e-02 5.680365e-02
-6.882606e-02 7.586939e-02
-4.385830e-02 8.851262e-02
6.843169e-03 2.330649e-01
3.829514e-02 2.355460e-01
9.207632e-03 -1.395997e-01
-7.629968e-03 -3.600611e-03
5.886438e-03 -6.292712e-02
4.004962e-03 -7.480047e-02
8.711547e-04 2.552963e-04
-1.860011e-03 -1.936296e-03
-1.589788e-02 4.131823e-02
-4.858942e-02 3.483696e-02
-2.510882e-02 4.454181e-02
-9.395456e-02 6.829977e-02
-8.556616e-02 8.121225e-02
-7.663756e-02 1.728996e-02
-6.499416e-02 1.375529e-02
-1.171254e-01 -1.117599e-02
-6.890198e-03 -3.190446e-02
-4.766167e-02 1.770217e-01
-2.215160e-02 2.079691e-01
1.541043e-01 -4.550834e-02
5.272051e-02 2.400190e-01
-1.367982e-02 2.430922e-01
-2.601789e-02 2.417184e-01
-5.378744e-03 -1.660122e-02
-8.507203e-02 -5.714011e-02
-1.007638e-01 -6.569510e-02
-2.227858e-02 9.471812e-02
-2.489867e-02 1.115431e-01
-4.791145e-02 1.064194e-01
-3.886962e-02 1.404019e-01
-2.446848e-02 1.275936e-01
-2.513589e-02 1.449619e-01
-3.774793e-02 1.784460e-01
-2.365493e-02 1.607155e-01
-2.108440e-02 1.788825e-01
-2.130709e-02 8.038315e-02
-5.415017e-02 1.449328e-01
-5.080184e-02 1.256767e-01
-5.503900e-02 1.649161e-01
-5.405334e-02 1.850129e-01
-5.022649e-02 2.037228e-01
-4.407858e-02 2.197827e-01
-3.401095e-02 1.037540e-01
-4.098459e-02 -1.108898e-01
-1.639949e-02 1.919490e-01
-8.778939e-03 2.169972e-01
-7.068699e-02 -6.236826e-02
-1.204668e-03 -2.065737e-02
-6.955511e-04 -1.634629e-02
2.639122e-01 -6.959952e-02
3.605280e-01 -7.462486e-02
-5.289960e-03 1.056561e-03
-1.100771e-04 6.690274e-02
-3.884417e-02 7.152894e-03
-1.312544e-01 -1.365954e-02
-1.334154e-01 -3.165273e-02
-4.336545e-04 -3.964420e-03
-1.232260e-03 -5.847080e-03
1.042464e-02 1.944130e-02
4.957975e-02 4.079089e-02
2.442351e-05 -3.949562e-04
-2.933128e-04 2.509625e-04
6.562344e-02 9.689456e-02
-3.330146e-04 5.349496e-04
9.276965e-04 2.761080e-04
-1.926304e-03 2.065567e-03
4.884898e-02 -4.040717e-02
1.016286e-02 -1.918790e-02
-1.981261e-04 9.594663e-05
8.560939e-03 -4.190110e-02
4.047923e-01 -1.271527e-01
3.353229e-01 -1.318469e-01
-5.229300e-02 1.037599e-02
-1.283867e-02 2.389570e-01
-1.035664e-01 1.277450e-02
-8.806859e-02 1.485448e-02
-1.080686e-01 2.686060e-02
6.200867e-01 -6.168099e-02
2.287871e-02 2.407368e-01
8.232640e-02 2.276230e-01
-3.210015e-03 2.275793e-01
-3.381421e-02 2.319011e-01
1.430997e-04 6.640610e-02
6.813530e-03 1.340529e-01
-3.674706e-03 3.955157e-04
-7.135457e-03 3.149554e-03
4.686781e-01 -8.383055e-02
6.877899e-01 -4.784369e-02
-9.307316e-02 3.092762e-02
2.568564e-02 -9.737084e-02
-1.702912e-03 -1.284965e-03
2.616486e-02 2.066928e-01
-3.055480e-02 2.103578e-01
-8.379836e-02 2.249001e-02
-2.816372e-03 -2.162682e-03
6.612762e-02 -1.023550e-01
9.293838e-02 2.080304e-01
