1.000000e+00
5.000000e+00
0.000000e+00 0.000000e+00
taylor-hood
cavity
1.000000e+00 0.000000e+00
0.000000e+00 0.000000e+00
0.000000e+00 0.000000e+00
1.000000e+00 0.000000e+00
0.000000e+00 0.000000e+00
0.000000e+00 0.000000e+00
0.000000e+00 0.000000e+00
0.000000e+00 0.000000e+00
0.000000e+00 0.000000e+00
0.000000e+00 0.000000e+00
0.000000e+00 0.000000e+00
0.000000e+00 0.000000e+00
0.000000e+00 0.000000e+00
0.000000e+00 0.000000e+00
0.000000e+00 0.000000e+00
0.000000e+00 0.000000e+00
0.000000e+00 0.000000e+00
0.000000e+00 0.000000e+00
0.000000e+00 0.000000e+00
0.000000e+00 0.000000e+00
0.000000e+00 0.000000e+00
0.000000e+00 0.000000e+00
0.000000e+00 0.000000e+00
0.000000e+00 0.000000e+00
0.000000e+00 0.000000e+00
0.000000e+00 0.000000e+00
0.000000e+00 0.000000e+00
0.000000e+00 0.000000e+00
0.000000e+00 0.000000e+00
0.000000e+00 0.000000e+00
0.000000e+00 0.000000e+00
0.000000e+00 0.000000e+00
0.000000e+00 0.000000e+00
0.000000e+00 0.000000e+00
0.000000e+00 0.000000e+00
0.000000e+00 0.000000e+00
0.000000e+00 0.000000e+00
0.000000e+00 0.000000e+00
0.000000e+00 0.000000e+00
0.000000e+00 0.000000e+00
0.000000e+00 0.000000e+00
0.000000e+00 0.000000e+00
0.000000e+00 0.000000e+00
0.000000e+00 0.000000e+00
0.000000e+00 0.000000e+00
0.000000e+00 0.000000e+00
0.000000e+00 0.000000e+00
0.000000e+00 0.000000e+00
0.000000e+00 0.000000e+00
0.000000e+00 0.000000e+00
0.000000e+00 0.000000e+00
0.000000e+00 0.000000e+00
0.000000e+00 0.000000e+00
0.000000e+00 0.000000e+00
0.000000e+00 0.000000e+00
0.000000e+00 0.000000e+00
0.000000e+00 0.000000e+00
0.000000e+00 0.000000e+00
0.000000e+00 0.000000e+00
0.000000e+00 0.000000e+00
0.000000e+00 0.000000e+00
0.000000e+00 0.000000e+00
0.000000e+00 0.000000e+00
0.000000e+00 0.000000e+00
0.000000e+00 0.000000e+00
0.000000e+00 0.000000e+00
0.000000e+00 0.000000e+00
0.000000e+00 0.000000e+00
0.000000e+00 0.000000e+00
0.000000e+00 0.000000e+00
0.000000e+00 0.000000e+00
0.000000e+00 0.000000e+00
0.000000e+00 0.000000e+00
0.000000e+00 0.000000e+00
0.000000e+00 0.000000e+00
0.000000e+00 0.000000e+00
0.000000e+00 0.000000e+00
0.000000e+00 0.000000e+00
0.000000e+00 0.000000e+00
0.000000e+00 0.000000e+00
0.000000e+00 0.000000e+00
0.000000e+00 0.000000e+00
0.000000e+00 0.000000e+00
0.000000e+00 0.000000e+00
0.000000e+00 0.000000e+00
0.000000e+00 0.000000e+00
0.000000e+00 0.000000e+00
0.000000e+00 0.000000e+00
0.000000e+00 0.000000e+00
0.000000e+00 0.000000e+00
0.000000e+00 0.000000e+00
0.000000e+00 0.000000e+00
0.000000e+00 0.000000e+00
0.000000e+00 0.000000e+00
0.000000e+00 0.000000e+00
0.000000e+00 0.000000e+00
0.000000e+00 0.000000e+00
0.000000e+00 0.000000e+00
0.000000e+00 0.000000e+00
0.000000e+00 0.000000e+00
0.000000e+00 0.000000e+00
0.000000e+00 0.000000e+00
0.000000e+00 0.000000e+00
0.000000e+00 0.000000e+00
0.000000e+00 0.000000e+00
0.000000e+00 0.000000e+00
0.000000e+00 0.000000e+00
0.000000e+00 0.000000e+00
0.000000e+00 0.000000e+00
0.000000e+00 0.000000e+00
0.000000e+00 0.000000e+00
0.000000e+00 0.000000e+00
0.000000e+00 0.000000e+00
0.000000e+00 0.000000e+00
0.000000e+00 0.000000e+00
1.000000e+00 0.000000e+00
1.000000e+00 0.000000e+00
1.000000e+00 0.000000e+00
1.000000e+00 0.000000e+00
1.000000e+00 0.000000e+00
1.000000e+00 0.000000e+00
1.000000e+00 0.000000e+00
1.000000e+00 0.000000e+00
1.000000e+00 0.000000e+00
1.000000e+00 0.000000e+00
1.000000e+00 0.000000e+00
1.000000e+00 0.000000e+00
1.000000e+00 0.000000e+00
1.000000e+00 0.000000e+00
1.000000e+00 0.000000e+00
1.000000e+00 0.000000e+00
1.000000e+00 0.000000e+00
1.000000e+00 0.000000e+00
1.000000e+00 0.000000e+00
1.000000e+00 0.000000e+00
1.000000e+00 0.000000e+00
1.000000e+00 0.000000e+00
1.000000e+00 0.000000e+00
1.000000e+00 0.000000e+00
1.000000e+00 0.000000e+00
1.000000e+00 0.000000e+00
1.000000e+00 0.000000e+00
1.000000e+00 0.000000e+00
1.000000e+00 0.000000e+00
1.000000e+00 0.000000e+00
1.000000e+00 0.000000e+00
1.000000e+00 0.000000e+00
1.000000e+00 0.000000e+00
1.000000e+00 0.000000e+00
1.000000e+00 0.000000e+00
1.000000e+00 0.000000e+00
1.000000e+00 0.000000e+00
1.000000e+00 0.000000e+00
1.000000e+00 0.000000e+00
1.000000e+00 0.000000e+00
1.000000e+00 0.000000e+00
1.000000e+00 0.000000e+00
1.000000e+00 0.000000e+00
1.000000e+00 0.000000e+00
1.000000e+00 0.000000e+00
1.000000e+00 0.000000e+00
1.000000e+00 0.000000e+00
1.000000e+00 0.000000e+00
1.000000e+00 0.000000e+00
1.000000e+00 0.000000e+00
1.000000e+00 0.000000e+00
1.000000e+00 0.000000e+00
1.000000e+00 0.000000e+00
1.000000e+00 0.000000e+00
1.000000e+00 0.000000e+00
1.000000e+00 0.000000e+00
1.000000e+00 0.000000e+00
1.000000e+00 0.000000e+00
1.000000e+00 0.000000e+00
7.417905e-01 5.931547e-04
-9.528541e-05 -1.806215e-04
-1.220569e-03 2.847035e-03
7.146809e-01 5.014223e-03
7.295448e-01 -3.565439e-03
-1.207005e-02 -5.059226e-02
-2.551928e-08 -1.104123e-09
-1.473845e-02 7.869829e-02
6.624181e-01 -1.151149e-02
-4.108211e-08 8.851211e-08
-1.714854e-08 -2.937549e-08
6.616880e-01 1.302187e-02
-2.016148e-02 -1.385575e-01
-1.403078e-08 2.901590e-09
-1.427782e-08 -2.640164e-09
-2.066159e-02 1.707236e-01
5.497044e-01 -2.858870e-02
-2.315698e-09 7.382340e-09
4.719344e-01 4.273422e-02
-4.948709e-03 -1.332651e-02
-8.082431e-03 2.799043e-02
-2.045891e-09 -8.045784e-09
-1.850635e-02 -1.936896e-01
7.469483e-01 2.134172e-03
6.798528e-01 9.009722e-03
6.860887e-01 -7.357704e-03
7.323057e-01 -1.495808e-03
-4.130266e-09 -1.291039e-09
-4.122018e-09 1.662511e-09
3.858533e-01 -6.027383e-02
-8.637396e-03 2.067977e-01
-8.340319e-10 -1.132143e-09
-5.940916e-10 9.623060e-10
1.697504e-01 1.321871e-01
-1.431489e-02 -2.100281e-01
-8.453273e-09 -2.408358e-09
-2.635265e-08 -9.373040e-09
-3.806866e-08 -8.829146e-09
-6.856403e-08 -3.078320e-08
-9.167019e-08 -2.414838e-08
-3.459865e-06 -9.649428e-07
-1.558156e-05 -2.796739e-06
-1.608320e-03 -4.069924e-04
-3.842996e-03 -5.685225e-04
-1.751929e-02 -4.009818e-03
-2.263396e-02 -2.659344e-03
-4.684814e-02 -8.684189e-03
-5.240887e-02 -3.687042e-03
-8.252132e-02 -1.130616e-02
-8.694048e-02 -1.723505e-03
-1.181232e-01 -9.989152e-03
-1.200084e-01 4.294826e-03
-1.462180e-01 -4.010786e-03
-1.455664e-01 1.422647e-02
-1.603534e-01 5.667132e-03
-1.595890e-01 -1.531171e-02
-1.582421e-01 2.662247e-02
-1.547172e-01 -5.525599e-03
-1.545670e-01 -2.723060e-02
-8.768585e-02 8.217342e-03
-1.368105e-01 -1.662501e-02
-1.370332e-01 -3.803339e-02
-1.533995e-01 -4.820779e-02
-1.369745e-01 -5.906680e-02
-1.188772e-01 -4.871424e-02
-1.188102e-01 -6.944121e-02
-1.497089e-01 -6.750466e-02
-1.013280e-01 -5.921577e-02
-1.012042e-01 -7.934677e-02
-3.942758e-02 -1.203296e-02
-8.423967e-02 -6.931568e-02
-8.393983e-02 -4.985949e-02
-8.421637e-02 -8.897126e-02
-1.009691e-01 -9.912969e-02
-8.395946e-02 -1.084512e-01
-1.007442e-01 -1.185236e-01
-5.993014e-03 -2.809777e-04
-6.737845e-02 -9.793620e-02
-6.722586e-02 -1.174936e-01
-5.624253e-04 -2.036911e-04
-1.364575e-01 4.622530e-03
-6.727083e-02 -5.977091e-02
-6.718024e-02 -4.076587e-02
-1.406509e-01 3.138025e-02
-1.528214e-01 4.645114e-02
-1.312220e-01 4.615606e-02
-1.433453e-01 6.375530e-02
-1.170542e-01 5.703121e-02
-1.291023e-01 7.662838e-02
-1.447960e-01 8.097218e-02
-1.331019e-01 9.598923e-02
-1.334940e-01 9.467498e-02
-1.289724e-01 1.122014e-01
-1.160137e-01 1.050303e-01
-9.860598e-02 6.282401e-02
-8.229650e-02 4.340102e-02
-1.162766e-01 1.261765e-01
-9.844390e-02 1.148425e-01
-9.873431e-02 9.481664e-02
-8.141520e-02 1.044378e-01
-8.181869e-02 8.490042e-02
-8.078814e-02 1.237351e-01
-6.449582e-02 1.137030e-01
-6.380903e-02 1.324579e-01
-1.146644e-01 1.040473e-01
-6.252282e-02 4.258913e-02
-4.676273e-02 2.651215e-02
-5.102132e-02 -1.066559e-01
-5.103038e-02 -1.265419e-01
-6.680626e-02 -1.362368e-01
-5.059686e-02 -1.449602e-01
-5.102116e-02 -5.006294e-02
-5.096718e-02 -3.174382e-02
-6.686230e-02 -2.216205e-02
-5.069353e-02 -1.327603e-02
-6.644371e-02 -3.619821e-03
-5.029351e-02 5.255723e-03
-4.806517e-02 1.224225e-01
-4.689100e-02 1.400770e-01
-4.856353e-02 1.041624e-01
-7.956315e-02 1.426386e-01
-9.913301e-02 7.505487e-02
-6.603172e-02 -1.545199e-01
-6.602079e-02 1.491286e-02
-4.992471e-02 2.375646e-02
-3.512739e-02 -1.356988e-01
-3.466937e-02 -1.534972e-01
-2.327035e-04 -3.806706e-02
-8.524054e-03 -5.557108e-02
-2.952249e-02 2.129156e-02
-1.760432e-02 1.066939e-02
-3.014364e-02 1.411832e-02
-7.233466e-03 3.671638e-03
-1.377169e-02 5.297921e-03
-9.425600e-04 3.804881e-04
-2.549801e-03 1.655095e-03
-3.028154e-03 8.896303e-04
1.223667e-02 -3.907259e-03
-4.074379e-02 3.501178e-02
-2.947066e-02 1.117968e-01
-1.904559e-02 9.352076e-02
-4.405031e-08 -2.514705e-08
-1.109948e-01 -2.310004e-02
-1.180383e-01 -1.090097e-01
-1.163806e-01 -1.280101e-01
-1.271013e-01 -1.139692e-01
-1.109317e-01 -1.215905e-01
-1.118803e-01 -1.020889e-01
-1.049524e-01 -1.413364e-01
-8.671612e-02 -9.784997e-02
-8.320160e-02 -7.845969e-02
-1.886408e-05 6.578854e-06
-4.912272e-07 1.292274e-07
-5.149339e-05 1.132999e-05
-1.257428e-02 -1.413678e-01
-1.900741e-02 -1.618989e-01
8.143843e-03 -1.181131e-01
-3.418659e-02 -1.714124e-01
-1.078660e-01 -8.183949e-02
-7.509121e-02 -5.943838e-02
-9.837314e-02 -6.183298e-02
-6.294416e-02 -4.180749e-02
-4.124396e-02 -3.430318e-02
-3.039140e-02 -2.127124e-02
-1.433879e-02 -1.255676e-02
-7.549855e-03 -5.590633e-03
-6.577245e-02 3.384419e-02
-4.947401e-02 4.231874e-02
9.624903e-03 2.963923e-02
-8.185818e-02 2.577846e-02
-8.281904e-02 -1.252557e-02
-5.591534e-02 -6.554708e-02
4.302695e-03 4.640576e-02
1.063448e-01 -3.677814e-02
9.032986e-02 -5.154191e-02
-1.924341e-02 -1.791754e-01
-8.335580e-02 -4.316983e-02
-1.457858e-02 1.303872e-02
-7.684557e-03 1.384823e-03
1.256991e-01 2.917301e-02
1.157549e-01 4.230824e-02
-2.189220e-02 2.328420e-02
-1.279645e-07 -1.875411e-08
6.627927e-02 8.451806e-02
3.834070e-02 1.050681e-01
-4.884640e-02 6.028540e-02
-1.122361e-07 3.079211e-08
-1.445690e-07 2.588011e-08
-3.947403e-02 1.315802e-02
1.336839e-01 1.638611e-02
-1.530415e-01 3.926923e-02
1.184810e-01 -2.334366e-02
-4.919315e-02 5.034959e-02
-1.346705e-01 7.376234e-02
-1.895762e-02 -1.106470e-02
-2.379504e-03 -1.460909e-03
-1.848561e-04 -1.520696e-04
-1.890868e-05 -1.209171e-05
-3.286039e-02 -1.899384e-01
-5.717173e-02 -8.102178e-02
1.186732e-01 -9.788042e-02
-1.492912e-01 -5.253908e-02
-2.104322e-02 -2.176575e-02
-3.215784e-03 -3.587858e-03
-4.863383e-02 -1.809806e-01
-3.372907e-07 -3.350273e-07
-1.755267e-02 -7.382398e-02
7.507215e-02 -6.669725e-02
-6.634578e-08 -6.231596e-08
1.518491e-01 -7.883193e-02
-1.108125e-01 3.010554e-02
-8.204244e-02 6.467291e-02
-9.856894e-02 5.587066e-02
2.802937e-01 -1.911800e-02
2.899924e-01 -1.095960e-02
-1.186452e-01 -6.305639e-03
-1.175154e-01 1.366734e-02
-6.159597e-08 1.475491e-08
-8.250953e-02 -1.455854e-01
-8.366798e-02 -1.643514e-01
-3.056502e-02 -4.506367e-02
2.406448e-01 -3.995940e-02
2.897913e-01 2.361789e-02
2.709748e-01 3.272496e-02
-6.993988e-08 8.002362e-09
-1.668386e-07 9.856403e-09
-2.542002e-02 3.261779e-02
-5.465112e-02 6.790182e-02
-4.769744e-03 6.210043e-03
2.049537e-02 -1.565511e-01
-4.885831e-03 -1.853388e-01
2.044902e-01 6.581312e-02
2.334072e-01 5.279557e-02
-1.341460e-01 -9.834482e-02
1.651675e-01 8.384631e-02
1.244191e-02 1.284614e-01
1.291756e-01 1.033515e-01
-8.321294e-03 1.512146e-01
7.723840e-02 1.314209e-01
-1.465968e-02 1.720142e-01
-2.966134e-02 1.641005e-01
-2.957109e-02 1.829909e-01
-4.423855e-02 1.737901e-01
-1.537679e-02 1.894626e-01
-4.334901e-02 1.913421e-01
-5.891184e-02 1.832773e-01
-5.042728e-02 1.889875e-01
-6.144658e-02 1.762394e-01
-7.497680e-02 1.740793e-01
-7.021013e-02 1.609204e-01
2.384226e-01 -4.934762e-02
-8.876452e-02 1.624763e-01
-7.731327e-02 1.431716e-01
-9.881422e-02 1.471848e-01
-8.390094e-02 1.250679e-01
-5.394335e-02 1.043248e-01
-4.767858e-02 8.746691e-02
3.184984e-02 -9.647741e-02
-2.883647e-02 4.513041e-02
-1.272748e-01 -7.702989e-02
-4.750499e-08 1.282722e-08
1.046643e-01 5.505537e-02
3.028981e-01 6.799214e-02
-2.312109e-07 -1.336175e-07
-8.042225e-03 -3.832371e-03
-6.669473e-08 -1.190453e-09
-3.592105e-08 4.403391e-09
-9.997656e-02 5.046756e-04
-1.077164e-01 1.322563e-01
-5.650566e-02 8.659898e-02
-4.666646e-06 -4.364795e-06
1.634301e-01 -1.132457e-01
-2.191526e-02 -9.480378e-02
-5.070040e-02 -8.744912e-02
-3.359346e-02 1.428359e-01
-4.585598e-02 -1.996705e-01
-6.239722e-02 -1.871498e-01
-9.205995e-02 1.075745e-01
-8.411048e-02 8.240315e-02
-1.357961e-01 2.689843e-02
-1.159577e-01 3.280926e-02
-3.132028e-02 -1.380520e-02
-7.533454e-02 6.111643e-02
-6.221431e-02 7.390016e-02
-5.221257e-03 -7.016920e-03
-5.534832e-05 -7.719768e-05
-1.735156e-08 -2.780083e-08
-1.690336e-08 -2.047654e-08
-8.215089e-02 4.542306e-02
1.282148e-01 -9.973883e-03
2.949739e-01 -2.174967e-03
-1.982613e-08 -2.306857e-09
-2.412024e-08 -1.192602e-09
1.275860e-02 1.308573e-02
1.400302e-01 3.978594e-03
3.087961e-01 6.525177e-03
-1.190443e-01 -2.747990e-02
-1.013874e-01 -3.891165e-02
-1.509040e-01 6.164365e-02
-1.320628e-01 5.004511e-02
2.641259e-01 -2.860449e-02
4.795153e-01 -1.632539e-02
6.672917e-02 -1.260635e-01
3.054070e-01 -6.200627e-02
-1.424261e-01 -2.168501e-02
-7.417037e-02 -1.914399e-02
-1.046827e-01 -3.359236e-02
-8.383714e-09 1.760699e-09
-1.442918e-08 8.615742e-09
-7.179631e-09 5.456478e-09
-1.928639e-08 1.642695e-08
-4.010813e-08 2.482397e-08
-7.707909e-09 1.033834e-08
-2.876943e-08 3.157085e-08
-6.793855e-08 5.682279e-08
-1.874585e-07 1.384700e-07
-4.240013e-08 5.112681e-08
-1.571164e-06 1.400618e-06
-3.574751e-08 5.024981e-08
-1.129547e-05 1.132309e-05
-4.556058e-09 1.906449e-08
-1.499914e-08 -7.557543e-09
-6.499789e-09 -4.880622e-09
-1.574723e-02 -7.821173e-02
-4.205040e-02 -1.138437e-01
-3.457531e-02 -8.077468e-02
-6.617827e-02 -1.279119e-01
-5.094337e-02 -1.545673e-01
-7.031316e-06 1.190167e-05
3.009099e-01 1.503931e-02
5.383172e-01 4.652456e-03
-1.272237e-02 -4.389718e-03
-1.986572e-02 -1.965436e-01
-8.018822e-03 -2.038673e-01
-1.524502e-07 -6.878161e-09
-1.760768e-02 -1.062593e-01
-1.948744e-04 3.631843e-04
-2.762823e-05 3.121066e-05
-3.979996e-03 1.135430e-02
-1.497498e-03 -3.258332e-03
3.538859e-01 -4.700841e-02
-1.091377e-02 4.825615e-02
-4.196533e-02 1.135397e-01
-1.464201e-09 -1.596724e-08
-1.221519e-09 -3.280834e-09
-2.115018e-02 -1.707858e-01
-1.789403e-02 1.994474e-01
-2.938395e-02 2.022177e-01
-6.249035e-02 1.505551e-01
-2.529462e-02 -1.862188e-04
-6.599351e-03 3.565768e-04
-2.772476e-02 2.976071e-03
-3.221997e-02 7.053273e-03
-8.499165e-05 9.657083e-06
-8.677199e-02 -1.167327e-01
-9.744927e-02 1.344639e-01
-3.159440e-02 1.301442e-01
-6.744132e-02 -7.855281e-02
-1.543487e-01 1.665631e-02
5.908710e-03 -2.117012e-02
2.486974e-02 1.634758e-01
-2.471730e-03 1.950347e-01
-3.526814e-02 -1.178707e-01
-7.342288e-02 -1.568565e-01
-1.093173e-01 8.351602e-02
-6.465971e-02 9.484751e-02
-1.165992e-01 8.477168e-02
-5.488934e-02 2.237448e-03
-1.771501e-03 6.351678e-02
-4.869856e-08 -7.467561e-09
-1.173695e-01 -5.772420e-02
3.966128e-01 6.037982e-02
-2.760037e-02 -5.296109e-02
-6.237409e-02 2.685294e-02
-1.252213e-08 -3.363204e-08
6.693972e-01 1.102033e-02
6.840058e-01 -8.823719e-03
3.623870e-01 -3.948312e-02
7.046777e-01 6.532671e-03
7.346307e-01 3.374741e-03
7.296521e-01 -4.596411e-04
7.314722e-01 -2.494757e-03
-1.502713e-09 -1.055645e-09
-1.523549e-09 8.156092e-10
-1.084789e-03 -1.029608e-03
-8.462590e-03 6.413844e-03
-1.368253e-01 -3.700934e-02
-9.934904e-02 -1.371989e-01
-1.294552e-09 3.445412e-09
-2.637795e-02 5.380170e-02
-9.046231e-03 -2.967590e-02
-6.508359e-02 5.340741e-02
-5.720089e-08 -3.648549e-09
-1.167782e-01 6.481909e-02
-2.040659e-02 1.369980e-01
-4.966872e-02 -1.629188e-01
-8.344004e-02 -1.272487e-01
-5.111399e-02 -6.857332e-02
-1.177204e-01 1.803878e-02
-8.328809e-02 -3.119526e-02
-1.559412e-01 -3.489543e-02
-1.184811e-01 -8.919610e-02
-9.810293e-02 3.817680e-02
-1.008601e-01 -1.931888e-02
-5.126248e-02 -5.027397e-02
-1.305198e-01 -9.641623e-02
-4.794875e-02 -2.596987e-02
-1.276056e-07 7.321313e-08
-2.782782e-04 1.503833e-04
-1.638592e-04 -7.838850e-05
4.666390e-01 1.949213e-02
-9.036337e-02 -1.527759e-01
-1.442248e-02 2.054037e-01
-9.865433e-02 3.884983e-02
-8.696988e-03 -2.103228e-01
-6.918301e-02 -2.749147e-02
-8.234388e-02 7.378233e-03
-3.055264e-02 1.473155e-01
-2.766367e-02 -3.372745e-02
-6.430509e-02 -1.723973e-01
4.796064e-01 8.686856e-04
-6.053133e-02 -1.021765e-01
4.921287e-01 -3.362688e-03
-1.626738e-05 -1.883113e-05
-1.359658e-01 -7.903199e-02
-8.491076e-02 1.731751e-02
-4.098881e-07 -1.512370e-07
-4.387183e-05 -3.827802e-06
4.905916e-01 -7.312306e-03
-5.671911e-02 8.554752e-03
2.549190e-01 -1.066979e-01
-1.995793e-02 2.036814e-01
6.442206e-01 -1.444439e-02
-9.693296e-03 -1.502847e-02
4.827085e-01 -1.165722e-02
-1.427021e-01 -8.406289e-02
-2.287765e-08 8.225568e-09
-2.942256e-02 -2.045716e-01
5.862857e-01 -2.196683e-02
-4.549388e-02 1.569604e-01
-4.047367e-08 -3.056619e-08
5.785667e-01 2.481057e-02
2.383005e-01 -8.421332e-02
7.693437e-01 -3.292837e-03
-7.568724e-02 2.356143e-02
4.070537e-01 -2.634699e-02
-7.371687e-02 -1.762788e-01
-7.166088e-05 2.422767e-07
-5.140505e-09 2.595275e-08
4.845330e-01 1.454511e-02
4.628974e-01 -4.506825e-02
4.769301e-02 -1.729683e-01
5.035866e-01 9.688913e-03
-5.979606e-02 1.663941e-01
-3.935045e-08 1.521362e-09
7.987039e-01 8.581805e-04
-2.967165e-08 -4.775134e-08
-4.581371e-02 1.421898e-01
-8.524300e-03 1.398617e-02
-3.190460e-08 7.513804e-09
4.442504e-01 2.533356e-02
-1.412728e-01 -6.649376e-02
4.323594e-01 3.109054e-02
2.266084e-01 9.318314e-02
3.938660e-01 4.047626e-02
3.594792e-01 5.107648e-02
-7.717603e-02 1.581843e-01
-6.636865e-03 2.066751e-01
-2.720083e-02 7.078675e-02
1.411023e-01 1.269985e-01
6.249431e-01 1.778779e-02
-4.337188e-02 -1.718709e-01
2.505336e-01 4.223341e-02
-5.752334e-02 1.395509e-02
8.707778e-02 6.906805e-02
-5.818611e-09 -1.099822e-08
-1.676926e-08 -1.300910e-08
-1.296532e-02 -2.444571e-02
-9.929245e-02 1.971913e-02
-1.504922e-08 1.553960e-09
-4.084894e-02 1.988165e-01
-4.819610e-09 -5.384011e-09
-2.577822e-03 2.466972e-03
-1.017852e-08 1.936862e-08
-9.443470e-02 1.496106e-01
-7.572737e-11 -9.227983e-11
-1.092474e-10 1.244144e-10
-5.082323e-03 7.678086e-02
-1.953011e-08 -5.512149e-08
1.636311e-01 7.286736e-02
1.618998e-01 -6.555946e-02
-9.639136e-02 -1.521410e-01
7.503828e-02 -1.536060e-01
-1.717543e-08 7.314635e-10
-4.901220e-04 4.076875e-04
-3.190548e-09 3.714346e-09
-1.171592e-01 1.205456e-01
-1.294662e-01 -4.979932e-02
-8.589466e-02 -1.334342e-01
-1.129175e-01 4.953985e-02
4.601579e-01 -2.470074e-02
-1.086225e-01 1.393852e-01
1.568735e-01 -6.915953e-02
-9.453494e-08 1.487004e-07
-1.684465e-02 4.873079e-03
-4.501189e-02 7.357769e-02
-3.410521e-05 2.379600e-05
-1.809843e-02 -2.074956e-01
7.480669e-02 -7.744289e-02
-2.517488e-07 1.830845e-07
-1.104898e-02 2.171057e-02
-1.022508e-01 -4.297350e-02
-6.759490e-03 7.109563e-03
7.293900e-02 1.564153e-01
-8.120496e-03 7.289330e-02
1.722398e-03 -9.648638e-02
-2.998928e-02 -1.064195e-01
-1.418022e-02 -1.098988e-01
-3.134960e-02 -6.629260e-02
-1.806303e-02 -4.307046e-02
-2.026656e-02 -5.449035e-02
4.134546e-01 9.039484e-03
5.217097e-01 6.991887e-03
3.966887e-01 1.276167e-02
-4.050236e-02 -1.015556e-01
-4.327023e-02 -1.123007e-01
-6.245591e-07 -5.992319e-07
-2.452457e-06 -2.485030e-06
-8.230522e-06 -9.062986e-06
-2.239580e-02 1.862869e-01
-2.255068e-02 1.965090e-01
-2.943045e-02 1.927311e-01
2.124091e-01 3.001677e-04
3.026814e-01 2.261729e-03
2.183036e-01 5.827196e-03
6.389223e-01 3.620276e-03
6.212236e-01 5.224994e-03
-4.896153e-06 5.604062e-06
-6.761454e-08 1.113700e-07
-7.172110e-06 8.259598e-06
-1.331579e-07 4.044459e-08
-1.816998e-07 1.027248e-07
-4.973404e-08 3.088466e-08
3.830463e-01 -2.121827e-04
3.909105e-01 3.128752e-03
6.376878e-01 1.993843e-03
5.092769e-01 3.036145e-03
6.052727e-01 9.284988e-04
-5.944096e-09 -2.483665e-08
-4.750041e-06 -5.686767e-06
-3.300587e-04 -1.365055e-04
-7.684200e-05 -2.856733e-05
-2.074787e-05 -9.938725e-06
5.771129e-01 -1.209036e-02
7.284645e-01 -5.021325e-03
6.172603e-01 -8.842882e-03
-6.517389e-02 -3.454065e-02
-7.681676e-02 -3.499925e-02
-5.880654e-02 -2.755003e-02
-1.779491e-05 1.994523e-05
-3.961870e-06 4.028725e-06
-7.465097e-03 8.882330e-04
-1.555548e-02 1.233494e-03
-1.654151e-02 2.445041e-03
4.439821e-01 -2.091415e-02
5.387526e-01 -1.596634e-02
-2.088118e-05 -1.000504e-05
-3.113250e-07 -1.705650e-07
-1.448802e-01 3.317203e-02
-1.339295e-01 3.847174e-02
-1.430138e-01 4.474539e-02
-4.138291e-02 5.744992e-02
-5.620528e-02 7.722109e-02
-4.205473e-02 6.514715e-02
-1.258769e-01 2.985384e-02
-1.240104e-01 4.142719e-02
-6.632000e-02 1.251596e-01
-6.064446e-02 1.325705e-01
-4.855115e-02 1.096880e-01
-6.609407e-08 3.520660e-08
-2.635882e-07 1.968671e-07
-4.530199e-08 1.787734e-08
-6.479252e-08 2.281025e-08
-4.325829e-08 -1.524920e-09
-4.008484e-08 -1.390887e-09
-6.239873e-08 -2.019919e-09
6.339189e-02 -7.513928e-03
1.348833e-01 -2.903479e-03
6.817264e-02 6.116360e-04
-4.019360e-02 -9.195049e-02
-5.086120e-02 -9.705261e-02
-3.678834e-02 -1.831350e-01
-2.072074e-02 -1.551226e-01
-3.592932e-02 -1.959726e-01
3.644736e-01 -2.286596e-02
4.818298e-01 -1.397049e-02
3.677637e-01 -1.925439e-02
-5.920025e-02 -1.022961e-01
-5.903944e-02 -9.269267e-02
2.055053e-01 -5.522839e-03
-2.650840e-03 3.912052e-04
-2.324972e-03 1.982329e-04
-3.078340e-08 1.560124e-08
-3.310331e-08 1.111954e-08
-8.272747e-04 1.094680e-03
-1.384841e-05 1.794637e-05
-1.585801e-03 1.960347e-03
-3.222006e-03 -1.374702e-03
-1.051403e-02 -4.326365e-03
-4.423986e-03 -1.575818e-03
-3.640054e-02 1.871996e-01
-3.630940e-02 1.968759e-01
-1.192966e-09 -1.284823e-09
-2.204448e-09 -2.684886e-09
-2.853226e-09 -2.777410e-09
-1.167366e-01 2.323830e-02
-1.084039e-01 1.669323e-02
-1.076251e-01 2.626419e-02
-8.117439e-03 -2.095424e-01
8.250460e-03 -1.995077e-01
-1.415489e-04 -2.018988e-01
-9.126881e-03 -2.094138e-01
-9.781183e-03 -2.102099e-01
-5.553049e-02 6.709279e-02
-6.364895e-02 6.365378e-02
-5.696514e-02 5.684642e-02
6.012135e-01 -8.646411e-03
6.004828e-01 -7.380405e-03
-1.741939e-03 2.696431e-03
-5.223857e-05 8.586321e-05
-3.580537e-02 -1.331073e-02
-2.456600e-02 -8.030914e-03
-2.139211e-02 -8.412985e-03
-4.762099e-02 -9.335566e-02
-4.326377e-02 -7.769031e-02
-1.779789e-03 -2.624353e-03
-1.356650e-03 -1.907458e-03
-8.749697e-05 -1.327703e-04
-7.378681e-02 8.880745e-02
-7.483178e-02 9.960659e-02
-1.484896e-06 2.429005e-06
-3.407112e-09 -2.492935e-09
-5.813254e-09 -5.370807e-09
-7.599199e-08 -4.794837e-08
-1.075848e-07 -4.872111e-08
-7.212839e-02 6.928654e-02
-7.356302e-02 5.904016e-02
-1.444701e-02 -3.189365e-02
-7.036518e-03 -2.077251e-02
-1.041270e-01 1.071241e-01
-1.166780e-01 1.125276e-01
-1.063899e-01 1.163027e-01
-1.804657e-02 -8.312273e-03
-2.757304e-08 7.289675e-09
-1.872402e-08 4.854722e-09
-8.881984e-02 9.489192e-02
-1.005090e-01 9.469484e-02
4.313697e-01 -4.158495e-02
2.735816e-01 -7.210782e-02
3.996391e-01 -4.918210e-02
-2.510436e-08 -7.014489e-10
-3.861508e-08 -2.344453e-09
5.696407e-01 -2.512763e-02
3.730054e-01 -5.624983e-02
-1.070303e-01 3.549303e-02
-9.869769e-02 2.894796e-02
-4.986068e-09 9.317741e-09
-8.697409e-09 1.383093e-08
-5.430216e-09 1.217968e-08
-1.921634e-09 5.337983e-09
-3.686647e-09 6.565128e-09
4.171340e-01 6.038211e-03
-4.144390e-08 -2.865305e-08
-7.735932e-08 -5.130899e-08
-7.409518e-02 1.521842e-01
-5.715329e-02 1.405656e-01
5.998052e-01 -2.475651e-04
4.864445e-01 -1.292823e-03
6.066883e-01 -1.490476e-03
-1.530535e-02 1.986569e-01
-2.141450e-02 2.038890e-01
-2.201421e-08 5.089733e-09
-3.972514e-08 1.036281e-08
-6.313351e-09 -1.543286e-08
-2.971060e-09 -1.078718e-08
-7.994973e-09 -2.158390e-08
-5.955375e-02 -1.756275e-01
-4.742832e-02 -1.636172e-01
-5.488493e-02 -1.840998e-01
-3.966093e-02 -1.941733e-02
-4.910939e-02 -2.060054e-02
-9.306299e-02 -4.361560e-02
-8.582970e-02 -3.505556e-02
-1.980323e-03 -9.546718e-04
-4.094055e-02 7.163021e-02
-2.810507e-02 4.982902e-02
-9.139781e-02 -6.010446e-03
-1.004183e-01 -9.407103e-03
-9.183958e-02 -1.592222e-02
-8.284833e-02 -1.659997e-01
-8.948799e-02 -1.609170e-01
-8.240295e-02 -1.556443e-01
-9.705230e-02 1.307915e-01
-8.857628e-02 1.165958e-01
-1.015519e-01 1.212755e-01
-5.907088e-02 -8.300097e-02
-6.740988e-02 -8.824450e-02
-9.735585e-02 8.433605e-02
-1.127369e-01 9.380792e-02
-3.047978e-02 -2.023194e-01
-3.736602e-02 -2.025768e-01
-1.818266e-05 -2.468603e-05
-2.064514e-05 -3.738460e-05
-7.073062e-02 1.067551e-01
-9.233775e-02 -3.505345e-02
-9.207411e-02 -2.525707e-02
-1.011238e-01 -2.911526e-02
-6.823104e-02 -1.816802e-01
-6.491579e-02 -1.705453e-01
-1.935028e-05 1.770276e-06
-1.715885e-05 2.403985e-07
-8.404118e-05 5.361178e-06
7.701265e-01 7.622731e-04
6.637317e-01 2.421698e-03
-8.258146e-02 -2.573668e-03
-9.116022e-02 3.941455e-03
-1.126515e-01 1.265389e-01
4.268413e-01 -5.299460e-02
2.370028e-01 -9.805867e-02
1.903767e-01 -1.129932e-01
-8.036298e-02 7.156520e-02
-9.288760e-02 7.312163e-02
5.263783e-02 -8.676001e-02
1.740652e-02 -8.761559e-02
-8.305357e-02 -2.186041e-02
-8.057374e-02 5.311345e-02
-8.742104e-02 6.302903e-02
-6.937214e-02 5.155438e-02
-5.169760e-02 3.962692e-02
-5.746214e-02 4.799318e-02
-1.395564e-07 -1.520802e-08
-8.926170e-08 -4.972077e-09
-8.197172e-08 -8.997717e-09
-3.198207e-08 4.772868e-08
-1.214321e-08 3.258568e-08
-1.260439e-08 3.167123e-08
-1.537718e-01 2.798679e-02
-1.453389e-01 2.179924e-02
-2.156761e-03 8.365663e-05
-4.901494e-04 5.039400e-04
-9.756501e-04 1.005807e-03
3.357319e-01 -6.655060e-02
2.022633e-01 -9.744215e-02
2.879239e-01 -8.071996e-02
1.209820e-01 -1.320819e-01
-5.494646e-02 8.068353e-02
-5.616916e-02 9.115721e-02
-6.343700e-02 8.437382e-02
-7.381532e-02 2.981132e-02
-7.396168e-02 3.963362e-02
-8.200454e-02 3.560075e-02
-3.037755e-02 4.904969e-03
-1.824301e-02 3.699093e-03
-3.421531e-02 9.137322e-02
-4.017593e-02 8.899340e-02
-2.440285e-08 -1.357996e-08
-1.588067e-08 -1.051045e-08
-2.708930e-08 -1.812877e-08
7.360269e-01 7.866609e-05
9.470881e-03 -1.248247e-02
5.914539e-02 -1.528351e-02
-5.506765e-03 -6.610643e-02
-5.041384e-03 -5.475093e-02
-6.510233e-09 -2.853291e-08
-1.823187e-08 -3.051253e-08
-9.716070e-08 -2.406125e-09
-6.786764e-09 2.009015e-08
-1.858276e-08 3.198679e-08
-5.199923e-08 8.505773e-10
-3.250349e-08 -2.225793e-11
2.966288e-01 -4.512895e-02
4.116212e-01 -3.138059e-02
3.411855e-01 -3.681946e-02
-1.295780e-08 -3.841079e-10
-1.268176e-08 -1.025309e-10
-6.366488e-07 -6.037929e-07
-2.090879e-08 -4.033026e-08
2.419448e-01 -6.391684e-02
3.590529e-01 -4.302785e-02
2.494351e-01 -5.815917e-02
-1.521451e-01 5.053965e-02
-1.424871e-01 5.615044e-02
-4.692914e-02 6.693151e-02
-5.361329e-02 7.373895e-02
-8.209666e-02 5.504798e-02
-7.361725e-02 4.941523e-02
1.294257e-02 4.585373e-03
6.850277e-02 8.156852e-03
5.008017e-01 -2.660293e-02
4.996404e-01 -2.485496e-02
2.196879e-01 5.894213e-02
3.246518e-01 4.250664e-02
3.101713e-01 4.765826e-02
2.960739e-01 1.921865e-02
3.914667e-01 1.593405e-02
-1.581677e-01 3.314453e-02
-1.593777e-01 2.213844e-02
1.969449e-01 -5.878054e-02
2.497987e-01 -5.478546e-02
-5.409751e-02 -1.891064e-02
-5.954544e-03 -7.674405e-02
-1.861531e-02 -1.221462e-01
-1.065765e-08 -6.477589e-10
-2.219163e-08 -2.063945e-09
-1.188532e-08 -3.704139e-10
6.382314e-02 2.280829e-02
1.159135e-02 2.132324e-02
6.584643e-02 1.540141e-02
-1.421344e-01 7.839565e-02
-1.482790e-01 7.163745e-02
-1.434333e-01 6.790739e-02
-7.579742e-02 -9.345372e-02
-7.582885e-02 -8.376203e-02
-3.284153e-08 -4.719814e-09
-3.575884e-08 -3.905777e-09
-7.201651e-02 7.940029e-02
-7.323921e-02 8.987396e-02
4.561382e-01 2.225831e-02
3.404344e-01 3.422680e-02
3.524209e-01 3.010981e-02
-9.263391e-02 -5.453762e-02
-9.266362e-02 -4.438556e-02
-1.013577e-01 -4.906370e-02
3.326905e-01 3.823040e-02
4.390891e-01 2.807443e-02
-5.582042e-02 9.553964e-02
-3.947342e-02 7.845559e-02
2.532108e-01 -3.401793e-02
3.528777e-01 -2.711202e-02
3.886513e-01 -3.259928e-03
-1.189608e-01 -3.809707e-02
-1.101323e-01 -4.381295e-02
-1.102159e-01 -3.319578e-02
5.095143e-01 -3.579151e-02
-2.576017e-08 -1.938715e-08
-1.454704e-01 7.255891e-02
-1.501260e-01 6.394709e-02
-4.661440e-02 -1.890776e-01
-3.195699e-02 -1.599987e-01
-2.751873e-02 -8.583857e-03
-2.945735e-02 -1.776353e-02
-1.444037e-01 -4.469817e-02
-1.530550e-01 -4.401068e-02
-1.483020e-01 -3.672449e-02
-1.279559e-01 -4.337397e-02
-1.280395e-01 -3.275682e-02
-3.348246e-08 -1.576076e-08
-1.967049e-08 -9.018875e-09
-2.745949e-02 2.738814e-02
-2.653026e-02 1.856537e-02
-3.209992e-10 -2.144637e-10
-8.791224e-10 -3.446026e-10
1.583705e-01 -4.667060e-02
1.695178e-01 -3.970451e-02
-1.101026e-01 -5.396501e-02
-9.242100e-09 -5.957618e-10
1.374922e-01 1.012118e-02
-4.972152e-03 -4.720965e-02
-1.665083e-02 -9.185975e-02
-1.401236e-01 -2.955068e-02
-1.509188e-01 -2.814698e-02
-1.548291e-01 -9.345577e-03
-1.448980e-01 -1.300538e-02
-1.532293e-01 -1.915318e-02
-6.034735e-03 -1.629410e-01
4.369892e-02 -1.410735e-01
4.651517e-03 -1.501323e-01
-9.717922e-02 -1.665805e-02
-7.895351e-02 -1.556786e-02
-9.274323e-02 -2.167752e-02
-1.334065e-01 6.192042e-02
-4.063954e-02 3.027199e-03
-5.633606e-02 5.362092e-03
-4.139448e-02 5.301582e-03
-1.139498e-08 -2.613678e-09
-1.590508e-08 -5.531519e-09
-2.058268e-08 -5.737676e-09
-6.152982e-09 1.934386e-09
-1.158662e-08 4.671471e-09
-8.270596e-09 4.118923e-09
-2.709230e-02 6.222792e-02
-1.080080e-03 -3.198708e-04
-6.024633e-03 -1.837257e-03
-1.168891e-08 -4.909430e-09
-5.315774e-08 -5.908148e-09
2.427070e-01 4.729397e-02
-4.534962e-02 4.244964e-02
-6.239834e-02 5.687426e-02
-1.046715e-01 7.301911e-02
-6.735608e-02 -6.916186e-02
-5.927767e-02 -7.356307e-02
-5.919243e-02 -6.417212e-02
2.147893e-01 1.094344e-02
3.056188e-01 1.071707e-02
2.109256e-01 1.639768e-02
-8.974503e-02 -2.588157e-02
-1.083442e-01 -2.858087e-02
-2.360042e-02 1.105923e-01
-1.983813e-02 1.124444e-01
-1.116324e-02 7.770846e-02
-1.333755e-01 -7.586694e-03
-1.313249e-01 -1.539279e-02
-6.416163e-02 -1.038684e-02
-6.038117e-02 -1.332678e-02
-1.144376e-01 4.117456e-02
-1.224903e-01 4.979249e-02
-1.729364e-08 -1.627889e-08
-9.646797e-09 -9.309732e-09
-9.340437e-09 -1.109961e-08
-5.090721e-02 -7.801123e-02
-2.421131e-09 5.279092e-10
-3.491832e-09 4.669364e-10
-9.012692e-02 4.179993e-02
-8.998056e-02 3.197763e-02
-6.235805e-09 -5.894019e-10
-4.689043e-09 -6.202644e-10
2.729320e-01 -2.370563e-02
3.755955e-01 -1.570093e-02
-5.245959e-02 5.899829e-02
-6.649167e-02 6.657366e-02
-6.964986e-02 7.669861e-02
-4.437281e-03 -3.743513e-02
-3.624093e-02 9.929129e-03
-2.723527e-02 8.467315e-03
-2.413911e-02 6.138439e-03
-5.722277e-09 3.371229e-09
-3.649925e-09 2.474327e-09
-2.601045e-09 1.320270e-09
-1.053170e-08 6.839812e-09
-1.729325e-08 1.201315e-08
-1.174327e-08 9.836463e-09
-1.147344e-01 1.317845e-01
-1.195026e-01 1.254297e-01
-2.798683e-03 -4.498611e-03
-7.534735e-03 -1.065188e-02
-2.695333e-02 1.333605e-03
-3.914977e-02 6.342406e-04
-1.099522e-01 -2.339940e-02
-3.247988e-08 -8.896035e-09
-4.140752e-08 -1.531033e-08
-4.878465e-08 -1.446627e-08
-9.008468e-02 -1.582231e-01
-9.533454e-02 -1.546267e-01
-1.226563e-08 1.326546e-08
-2.182158e-08 2.270672e-08
-1.389555e-08 1.703007e-08
-7.215778e-08 -2.478773e-08
-5.116764e-07 -1.646630e-07
-6.636575e-07 -2.028473e-07
-6.542802e-02 4.362580e-02
-9.648513e-08 8.240496e-08
-4.493154e-07 3.619631e-07
-2.613401e-07 2.516804e-07
-7.932438e-06 -1.724991e-06
-2.573465e-04 -6.310395e-05
-4.049168e-04 -8.507397e-05
-2.730349e-03 -5.518610e-04
-7.488865e-03 -1.862189e-03
-9.713294e-03 -1.881632e-03
-5.542883e-07 3.949259e-07
-4.607870e-06 4.184493e-06
-1.902556e-06 1.636754e-06
-2.036173e-02 -3.531515e-03
-3.080959e-02 -6.402160e-03
-3.407703e-02 -5.124428e-03
-4.439455e-08 4.307267e-08
-1.203532e-07 1.003534e-07
-6.965173e-08 6.351745e-08
-1.214715e-02 -1.416946e-02
-1.441130e-02 -1.830570e-02
-2.456264e-02 -2.754499e-02
-3.694432e-02 4.221279e-02
-3.917970e-02 4.946792e-02
-4.358913e-02 -1.066883e-02
-5.608985e-02 -1.582981e-02
-1.369220e-01 -2.732933e-02
-1.279275e-01 -2.205244e-02
-1.152322e-01 -1.683177e-02
-1.278862e-01 -2.313103e-02
-2.886130e-08 1.910298e-08
-3.232945e-08 2.796180e-08
-2.486748e-08 -5.734757e-09
-5.014885e-02 -6.404576e-03
-6.731905e-02 -6.921670e-03
-8.537369e-02 -6.688369e-03
-1.006673e-01 -1.122565e-02
-1.029847e-01 -5.275053e-03
-1.197252e-01 -2.919091e-03
-1.342743e-01 6.976080e-04
-1.180803e-01 3.680851e-03
-1.093109e-01 -2.900482e-03
-1.087460e-01 7.086008e-03
-1.464546e-01 5.130795e-03
-1.553592e-01 4.318731e-04
-1.550351e-01 1.048028e-02
-1.603300e-01 -4.857318e-03
-1.601751e-01 -1.073890e-02
-1.603293e-01 2.468362e-04
-1.366340e-01 -6.001231e-03
-1.277279e-01 -1.146532e-02
-1.275514e-01 -8.415532e-04
-1.547003e-01 -1.639780e-02
-1.460534e-01 -2.196840e-02
-1.460036e-01 -1.107852e-02
-8.110166e-02 1.140864e-01
-7.295553e-02 1.090704e-01
-7.264202e-02 1.187190e-01
-1.318126e-01 1.038431e-01
-1.249766e-01 9.995605e-02
-1.241426e-01 1.096100e-01
-1.163886e-01 1.157650e-01
-1.072383e-01 1.099414e-01
-1.076891e-01 1.207277e-01
9.891812e-02 -4.398973e-02
1.783758e-01 -3.341092e-02
-1.012661e-01 -6.928126e-02
-9.272195e-02 -7.433122e-02
-9.278383e-02 -6.426572e-02
-1.396920e-01 8.916732e-02
-1.403112e-01 8.823365e-02
-1.368084e-01 9.731269e-02
-6.415243e-02 1.230803e-01
-5.628056e-02 1.180627e-01
-5.593717e-02 1.274402e-01
-1.188437e-01 -5.907774e-02
-1.100691e-01 -6.432850e-02
-1.670307e-02 -1.517426e-01
1.844648e-02 -1.366145e-01
-4.105550e-03 -4.661942e-02
4.016368e-02 -4.640709e-02
4.589723e-02 -3.829763e-02
1.213303e-01 3.560898e-02
2.010943e-01 2.715092e-02
1.958215e-01 3.263517e-02
-8.408975e-02 -5.958758e-02
-7.575525e-02 -6.454329e-02
-7.560534e-02 -5.481520e-02
-5.099418e-02 -4.090338e-02
-3.471214e-02 -4.483328e-02
-3.281051e-02 -3.569784e-02
-6.722553e-02 -5.026839e-02
-5.914604e-02 -5.491693e-02
-5.910074e-02 -4.541441e-02
1.129875e-01 -2.991746e-02
1.862209e-01 -2.746494e-02
1.928434e-01 -2.183726e-02
7.348719e-03 3.795834e-02
6.037342e-02 3.021298e-02
5.690869e-02 3.781715e-02
5.246042e-02 9.433599e-02
1.272856e-01 7.667814e-02
1.099628e-01 8.626445e-02
1.303212e-01 2.268617e-02
2.066206e-01 2.169219e-02
-7.670259e-09 8.072795e-09
-6.050148e-09 -1.922728e-09
-8.437222e-09 -3.571672e-09
-1.949625e-02 1.859723e-01
-3.020741e-02 2.025228e-01
-2.523299e-02 2.072256e-01
-6.730215e-02 -1.077147e-01
-5.912362e-02 -1.120748e-01
-9.858913e-02 1.048296e-01
-9.007479e-02 9.962726e-02
-8.992957e-02 1.096402e-01
-7.239130e-02 -2.362351e-02
-3.489837e-02 -1.445988e-01
-2.627731e-02 -1.485225e-01
-2.648020e-02 -1.396263e-01
-2.463517e-02 1.026157e-01
1.625257e-02 9.060115e-02
5.229492e-03 1.004471e-01
-4.831438e-02 1.132925e-01
-4.020619e-02 1.083250e-01
-3.995728e-02 1.174551e-01
9.287693e-02 -1.110728e-01
1.692327e-01 -9.422480e-02
2.002485e-01 -8.155346e-02
-2.695465e-03 -1.295938e-01
3.672027e-02 -1.227917e-01
5.389010e-02 -1.103332e-01
5.881233e-03 -1.704568e-01
4.728934e-02 -1.573171e-01
7.607394e-02 -1.396486e-01
-3.105588e-02 2.964576e-02
-3.456711e-02 3.605040e-02
-1.086518e-01 -1.316673e-01
-9.981706e-02 -1.209086e-01
-9.801217e-02 -1.312994e-01
7.730487e-01 1.430671e-03
-1.994303e-03 3.668816e-04
-7.119758e-05 1.077806e-05
-1.486434e-01 5.556416e-02
-1.537633e-01 5.430700e-02
-1.559757e-01 3.677002e-02
-1.563973e-01 4.380511e-02
-1.244205e-01 5.743205e-02
-1.257649e-01 6.930787e-02
-1.368787e-01 7.087753e-02
-1.394490e-01 8.023051e-02
-1.370077e-01 -4.855114e-02
-1.279324e-01 -5.389240e-02
-8.408791e-02 -9.871113e-02
-7.566902e-02 -1.031936e-01
-5.486236e-08 -2.799585e-08
-5.081202e-02 -1.357408e-01
-4.286639e-02 -1.403301e-01
-4.308516e-02 -1.311168e-01
-3.605020e-08 4.328949e-08
-4.969935e-02 3.303759e-02
-2.857943e-02 3.651365e-02
-5.049348e-02 -4.010152e-03
-2.649799e-02 4.426655e-04
8.323975e-02 -5.891103e-02
1.498679e-01 -5.324824e-02
-5.010906e-02 1.450609e-02
-2.632983e-02 9.544016e-03
-8.193056e-02 7.478666e-02
-2.884220e-04 8.641625e-04
-2.558058e-03 6.527452e-03
-6.907201e-04 2.369839e-03
-1.933418e-02 -1.707634e-01
-1.008649e-02 -1.725113e-01
-5.575290e-08 -1.298712e-08
1.361163e-01 -8.776910e-02
2.247424e-01 -7.166675e-02
-7.695447e-04 -1.093370e-04
-1.151617e-02 -1.601259e-03
-2.244954e-06 -4.677929e-07
-1.518296e-06 2.571227e-06
-2.483976e-05 4.539193e-05
-2.750629e-02 3.883049e-02
-3.283204e-09 1.128821e-08
-2.474383e-03 1.415116e-02
-9.540222e-03 3.747188e-02
-2.936448e-03 1.982135e-02
1.036791e-01 1.164923e-01
2.048574e-01 8.746153e-02
1.745765e-01 1.002196e-01
-1.168529e-04 -3.608871e-05
-3.642428e-02 -3.434509e-03
-2.400341e-02 2.789802e-02
-7.229868e-02 1.280965e-01
-6.933426e-02 -3.181198e-03
-1.039099e-01 7.419294e-04
-2.393662e-08 1.553812e-08
-1.230512e-01 1.194055e-01
-5.501596e-09 -2.874786e-09
-1.024814e-08 -6.177993e-09
-1.339464e-01 8.793505e-03
-1.596681e-01 1.621861e-02
-1.537311e-01 2.022595e-02
-1.320534e-01 1.044347e-01
-4.747808e-02 1.312497e-01
-5.535022e-02 1.362674e-01
-8.961608e-02 1.192888e-01
-1.269865e-01 9.144938e-03
-2.777922e-02 -7.396757e-03
-9.271030e-02 -8.415901e-02
-8.422802e-02 -7.914346e-02
-1.100072e-01 -7.439399e-02
-1.595859e-01 -2.134127e-02
-1.461642e-01 -3.267233e-02
-1.321624e-01 8.643092e-02
-1.188448e-01 -1.689277e-02
-1.458270e-01 -4.547443e-04
-4.263592e-02 -1.492292e-01
-4.429731e-02 1.019811e-02
-4.851195e-02 1.395041e-02
-8.017568e-02 1.331870e-01
-8.851141e-02 1.385542e-01
-8.912422e-02 1.291026e-01
1.858164e-01 7.427649e-02
9.265799e-02 9.648401e-02
5.254151e-02 4.533224e-02
-5.912815e-02 -1.220177e-01
-5.102585e-02 -1.165989e-01
-3.606018e-03 1.105986e-01
2.810334e-01 2.799026e-02
1.868093e-01 3.830248e-02
-3.657644e-02 -5.376919e-02
-2.699499e-02 -1.577206e-01
-1.600826e-01 1.113605e-02
-7.559276e-02 -1.129723e-01
3.358550e-02 -5.463807e-02
-1.278988e-01 -6.425588e-02
-2.259199e-09 -3.781078e-10
-3.319643e-09 -5.408628e-10
3.311633e-01 -5.389746e-02
4.654790e-01 -3.460333e-02
4.862912e-01 -2.993854e-02
-3.992557e-02 1.263233e-01
-3.933852e-02 1.351505e-01
2.857679e-01 -1.496553e-02
1.976161e-01 -1.666810e-02
-5.907384e-02 -3.625485e-02
5.094870e-02 -3.067151e-02
-7.584050e-02 -7.393424e-02
-7.556004e-02 -4.531267e-02
-1.362142e-02 -1.828570e-01
-6.754727e-03 1.132691e-01
-7.315340e-03 1.266343e-01
-6.056578e-09 7.033322e-10
-1.114635e-08 2.023335e-09
-4.678145e-09 4.427689e-10
-3.003077e-02 4.534619e-02
-9.795188e-02 1.246560e-01
-2.343439e-10 5.919358e-10
-8.988445e-10 1.923866e-09
-2.978567e-10 1.149898e-09
1.474269e-01 -5.942493e-02
2.403166e-01 -4.457977e-02
-3.759052e-03 -2.866675e-02
-1.376619e-02 -6.370738e-02
-1.000634e-01 -1.278696e-01
-9.141204e-02 -1.322350e-01
-9.209254e-02 -1.228859e-01
2.527831e-02 1.162849e-01
-1.653442e-02 1.317200e-01
-1.046122e-02 1.212034e-01
-9.035992e-02 5.064686e-02
-9.833594e-02 4.702373e-02
-1.073836e-01 9.992859e-02
-9.027652e-02 8.985854e-02
-8.161695e-02 9.466910e-02
1.406351e-01 6.904285e-02
-1.097527e-01 -1.281226e-02
-1.342351e-01 8.429786e-02
-1.361268e-01 1.576048e-02
-1.456696e-01 1.066128e-02
-3.860491e-02 9.987057e-02
-5.652969e-02 1.089327e-01
-3.073816e-02 1.209883e-01
6.753387e-02 -9.987687e-02
-1.545734e-01 5.570837e-03
-2.879114e-02 -9.973352e-02
-3.284272e-02 -1.204436e-01
-4.665770e-02 -1.342250e-01
-2.319365e-02 -1.299336e-01
-5.469227e-02 1.453163e-01
-6.315045e-02 1.415038e-01
7.492577e-01 -3.419547e-03
-7.303747e-02 9.964265e-02
-7.660778e-09 -6.564006e-10
-1.703402e-08 -2.675061e-09
5.511045e-02 -2.298064e-02
3.183070e-03 -2.951806e-02
1.239994e-01 -1.656040e-02
-6.863154e-04 -1.346224e-03
-4.929366e-03 -8.905358e-03
-1.256753e-01 7.928415e-02
-1.253404e-01 8.986176e-02
-1.078661e-01 7.991329e-02
-1.166887e-01 7.479541e-02
-1.079556e-01 6.993700e-02
-1.979609e-02 -1.198906e-01
-3.528272e-02 -1.267981e-01
-4.922972e-09 4.640225e-09
-2.312465e-09 2.109671e-09
-1.495075e-09 -2.820342e-10
-1.437799e-09 4.237779e-10
-3.078646e-02 -2.854815e-02
-3.496167e-02 -3.523840e-02
-4.657065e-02 -4.200754e-02
-3.810201e-02 -1.441647e-03
-2.435148e-02 -1.520527e-03
1.982563e-02 -1.067610e-01
-3.450332e-02 -1.372004e-01
-1.163153e-01 9.490572e-02
-1.076668e-01 8.979416e-02
-6.457776e-02 1.042752e-01
-5.661166e-02 9.950495e-02
-7.525020e-09 8.292910e-10
-3.044530e-02 -1.428118e-01
-1.320741e-08 -2.798375e-10
-9.893366e-02 8.493575e-02
-4.812109e-02 9.581467e-02
-9.094029e-02 -1.413922e-01
-8.297653e-02 -1.364140e-01
-9.885098e-02 6.546275e-02
-1.076736e-01 6.034489e-02
-6.280057e-02 -1.575667e-01
-5.865253e-02 -1.390667e-01
-3.133731e-06 -5.677029e-07
-2.784514e-05 -3.291373e-06
-7.131438e-06 -7.836458e-07
-8.705798e-02 -3.130922e-02
-1.038247e-01 -3.837895e-02
-1.770013e-02 2.083236e-01
-4.402578e-02 8.144088e-03
3.814865e-01 1.943493e-02
3.721703e-01 2.290699e-02
-4.327473e-02 -1.222437e-01
-1.694114e-04 4.155540e-04
-1.873953e-03 8.837264e-03
-4.634536e-02 8.052227e-02
-2.112876e-05 -4.999378e-05
-1.115597e-05 -2.476437e-05
-8.041849e-07 1.593044e-06
-1.439932e-03 -5.554208e-03
-8.775038e-04 -2.831361e-03
-3.264643e-03 -2.097448e-02
-7.188149e-03 1.819571e-01
9.191232e-03 1.779347e-01
-1.055783e-02 1.925993e-01
-4.049306e-03 3.653455e-02
-4.414357e-03 4.604173e-02
-6.402033e-02 3.504580e-02
-5.485415e-02 2.728644e-02
-7.265386e-02 3.467464e-02
-1.549977e-02 1.811543e-01
-2.306789e-03 1.722488e-01
-3.649275e-09 2.048027e-08
-6.274877e-09 2.919726e-08
-1.000851e-09 -1.400287e-08
-2.443643e-09 -1.160260e-08
-1.400365e-02 -1.920963e-01
-1.396607e-02 -2.002202e-01
-7.962511e-03 -1.960294e-01
-2.518511e-02 -1.286436e-02
-3.217409e-02 -1.811155e-02
-6.444847e-03 -8.973028e-02
-1.181881e-01 -8.034640e-02
-1.208208e-01 -9.033405e-02
-1.297990e-01 -8.678902e-02
-1.524232e-09 7.077032e-09
-1.880657e-09 1.077920e-08
-6.412260e-03 9.932110e-02
-3.606762e-05 -3.204854e-05
-1.632111e-04 -1.581863e-04
-5.399534e-04 -4.767414e-04
-1.092340e-09 -4.272841e-09
-4.637731e-10 -3.190547e-09
-5.978029e-03 -1.338190e-01
-6.922030e-03 -1.207003e-01
-5.083035e-02 -2.250992e-02
-3.118605e-02 -2.682850e-02
-4.518894e-10 3.334576e-09
-8.080428e-10 4.445986e-09
-2.675724e-02 -1.667277e-01
-2.659334e-02 -1.753619e-01
-1.515186e-01 2.976404e-02
-1.482616e-01 3.881788e-02
-2.633796e-02 2.312656e-02
-1.837038e-02 1.787233e-02
-9.971714e-04 1.372868e-01
2.001503e-03 1.462768e-01
9.556683e-03 1.589747e-01
5.143612e-02 1.474071e-01
-2.074475e-04 -4.668908e-04
-1.002965e-01 -1.113069e-01
-8.724348e-02 -1.073126e-01
-5.892052e-02 -1.313880e-01
-5.870291e-02 -1.405942e-01
-1.266558e-01 2.028289e-02
-9.259276e-02 -9.405047e-02
-9.246437e-02 -1.037905e-01
-1.033939e-02 -1.095565e-02
-4.320802e-03 -5.249953e-03
7.519495e-02 1.078307e-01
1.480743e-01 9.300737e-02
6.018351e-02 1.186603e-01
-3.122834e-03 -7.611273e-03
-3.549004e-04 -9.808939e-04
-1.439747e-01 4.725575e-02
-1.384915e-01 5.488607e-02
-1.318490e-01 6.144189e-02
-1.240113e-01 6.672561e-02
-1.125418e-01 1.328981e-01
-1.098136e-01 1.372023e-01
4.306294e-02 1.309865e-01
2.455067e-02 1.449589e-01
-2.626325e-10 -6.760799e-10
-1.546188e-10 -1.538161e-10
-1.042373e-10 2.292025e-10
-1.059314e-05 2.113170e-06
-1.611193e-05 2.025162e-06
-4.839764e-02 -1.823700e-01
-1.385106e-02 -1.850467e-01
-1.460056e-01 -4.330184e-02
-1.458708e-01 -5.378958e-02
2.682718e-02 -6.325021e-02
2.081766e-02 -7.160961e-02
-6.668766e-03 -1.009054e-01
-4.392738e-09 -2.321736e-08
3.324107e-10 -8.247759e-09
2.665911e-01 7.931232e-02
1.398505e-01 1.152754e-01
2.030620e-01 -1.109186e-02
2.932676e-01 -6.533412e-03
-1.217503e-01 -3.605089e-02
-1.249473e-01 -2.973873e-02
-6.517764e-10 -5.576877e-09
2.904285e-01 5.397452e-02
2.701224e-01 6.136677e-02
-5.891487e-02 -2.695294e-02
-5.877819e-02 -1.771905e-02
-2.699652e-09 -1.208063e-09
-4.619197e-02 1.485140e-01
-5.399185e-02 1.537540e-01
-5.784893e-02 2.880034e-02
-5.762345e-02 3.808148e-02
-5.815753e-02 1.008429e-02
-5.797309e-02 1.933467e-02
-5.856889e-02 -8.447931e-03
-5.836900e-02 8.179575e-04
-1.978659e-02 -1.830785e-01
-7.082406e-03 -1.149916e-01
-1.533914e-02 -4.421722e-03
-1.019845e-07 2.493095e-09
-1.619768e-07 -2.399040e-09
-2.261393e-02 1.777139e-01
3.186648e-01 -3.353058e-02
-3.113611e-02 1.387457e-01
-3.872752e-02 1.436947e-01
-1.462806e-02 3.342420e-04
-9.047586e-02 7.997764e-02
-9.058773e-02 6.986388e-02
-2.575114e-02 -8.310397e-02
-1.473804e-09 -5.247077e-09
-2.830573e-10 -2.005212e-09
-2.470942e-05 -2.063418e-05
-1.275718e-06 -1.103191e-06
-4.505283e-02 3.159611e-02
-3.533880e-02 2.780312e-02
-9.030570e-02 6.027178e-02
-2.677773e-10 -1.285058e-09
-7.227216e-02 -9.109159e-02
-7.237997e-02 -9.983047e-02
-2.637782e-02 -2.250307e-02
-1.784171e-02 -1.690053e-02
-7.145821e-02 -8.215026e-02
-5.703797e-02 -7.330376e-02
-1.037977e-09 -2.153350e-09
-8.361396e-02 -4.052737e-02
-1.168888e-01 -1.274440e-01
-1.118105e-01 -1.358637e-01
-1.489038e-07 -7.863560e-08
-1.581525e-01 -2.526319e-02
-1.070642e-01 1.304667e-01
-9.476912e-06 -7.977101e-07
-7.168614e-02 1.375483e-01
-7.102765e-02 1.465970e-01
-9.608312e-04 2.402266e-04
-5.275222e-03 1.286628e-03
-9.731554e-08 1.441575e-08
-1.035228e-07 9.552816e-09
-1.594848e-07 1.907012e-08
-2.145865e-02 9.131054e-03
-2.527026e-02 9.088563e-03
-3.517564e-02 1.404156e-02
-3.843281e-02 1.983632e-02
-4.531508e-02 2.038588e-02
-1.037934e-01 -7.167944e-02
-1.138626e-01 -7.020239e-02
-1.319248e-02 -6.996176e-03
1.383198e-01 -1.080009e-01
-3.359968e-10 -1.272580e-08
6.171977e-01 -1.786181e-02
-1.053632e-01 -1.420333e-01
-1.082079e-01 -1.328484e-01
-2.125964e-03 -9.569765e-03
-1.231480e-01 -6.724829e-02
-1.083696e-01 -6.055230e-02
-1.324014e-02 -1.134346e-03
-1.420281e-02 -4.505248e-04
-2.022251e-02 -1.888103e-01
-1.331224e-02 1.735555e-02
-1.209421e-02 1.431655e-02
-5.446472e-02 -1.228421e-01
-7.033803e-02 -1.428921e-01
-5.106759e-02 -5.931813e-02
-1.059077e-02 -3.951897e-02
-2.788307e-03 -1.517673e-02
-3.444800e-02 -1.624417e-01
-2.975485e-02 1.140107e-01
-4.008338e-02 1.433929e-01
-1.245394e-01 1.102701e-01
-1.247402e-01 1.011402e-01
-2.668748e-02 -1.852555e-01
-2.629707e-02 -1.935454e-01
1.077816e-01 -1.231241e-01
-7.520930e-10 2.929791e-10
-2.967138e-10 1.245422e-10
-1.436672e-01 2.299963e-02
-1.042585e-01 6.831140e-03
-8.793165e-02 3.232629e-03
-1.169546e-06 -4.250771e-07
-4.332733e-02 -6.259510e-02
-2.962441e-02 -4.939982e-02
-4.208333e-02 -6.865955e-02
-6.701664e-02 -1.268614e-01
-1.010867e-01 -8.923822e-02
-5.418739e-02 -8.103276e-04
-2.889063e-08 -5.415937e-09
1.809537e-01 4.370914e-02
1.107439e-01 4.857364e-02
-3.150168e-02 5.427855e-02
-4.916022e-02 5.130207e-02
-1.294815e-02 -6.441791e-02
-5.032062e-03 -5.023282e-04
3.802809e-01 -1.249119e-02
3.848928e-01 -9.451737e-03
-1.541234e-01 -3.776901e-02
-4.380292e-02 1.702219e-01
-3.744827e-02 1.731806e-01
-2.735104e-02 1.420142e-01
-1.027454e-07 -2.217567e-08
-3.362537e-02 -1.806164e-01
-6.702127e-02 -3.146396e-02
-1.164470e-03 4.752412e-03
-3.344516e-05 7.166016e-05
-3.406790e-03 2.718954e-02
-1.234745e-02 1.617779e-01
1.735631e-03 1.398511e-01
8.356946e-02 -8.940592e-02
-6.884510e-03 1.397323e-01
-3.743770e-02 9.143657e-02
-6.642194e-02 -1.453696e-01
-5.832070e-02 -1.497383e-01
-9.852948e-04 -1.243714e-03
-1.365212e-01 3.914280e-02
-5.093413e-02 1.936523e-02
-1.247318e-01 5.219887e-02
-1.150106e-01 7.074457e-02
-1.083996e-01 6.073668e-02
-1.008567e-01 -1.088268e-01
-9.235185e-02 -1.134874e-01
-2.175300e-02 1.751272e-02
-4.526226e-03 4.465288e-03
-2.010689e-03 2.183279e-03
-1.463606e-08 4.107278e-09
-8.053137e-03 -7.847268e-03
-1.932585e-02 -8.412328e-02
1.793843e-02 -8.142453e-02
-1.518160e-01 -5.800032e-02
-1.450247e-01 -6.386532e-02
-4.295809e-02 -5.623861e-02
-3.795057e-10 2.075812e-09
-6.589662e-02 2.437852e-02
-6.623225e-02 5.646517e-03
-6.665301e-02 -1.289094e-02
-1.501203e-08 3.811674e-08
-5.191479e-09 2.349094e-08
-1.199120e-01 8.108080e-02
-8.285015e-05 -1.395075e-01
-1.487759e-02 -2.049991e-01
-5.855903e-03 7.632018e-02
-6.568087e-03 8.960643e-02
-2.303637e-02 -6.821542e-02
-1.277882e-02 6.256561e-02
-2.496074e-02 8.204446e-02
-2.830979e-02 1.004168e-01
-3.837403e-02 -9.681356e-02
-5.017894e-02 -1.059182e-01
-7.343177e-10 -1.761137e-08
-6.944700e-08 3.745945e-09
-1.231407e-01 9.130137e-02
4.467939e-01 6.070439e-02
5.169878e-01 4.527928e-02
-1.179751e-01 -4.145758e-02
-1.335700e-01 -4.366278e-02
-7.501847e-02 -1.595861e-01
-7.407786e-02 -1.684355e-01
-6.518295e-02 -1.634582e-01
-1.067945e-09 1.089122e-09
-1.550894e-09 2.069406e-09
-5.785069e-02 -1.587086e-01
-5.014165e-02 -1.539058e-01
6.406118e-01 1.820448e-02
6.808523e-01 1.449916e-02
6.780315e-01 -1.450120e-02
6.366893e-01 -1.802274e-02
-7.480376e-02 -1.679073e-01
-7.950866e-02 -1.711793e-01
6.973351e-01 1.355266e-02
7.248507e-01 1.143308e-02
-7.072105e-02 7.933729e-04
4.846167e-02 5.314963e-02
1.555618e-03 5.469604e-02
-3.278970e-02 6.307596e-02
1.280861e-03 -1.465082e-01
7.702899e-01 -7.150475e-03
7.521771e-01 -8.561787e-03
-8.369991e-02 -1.178489e-01
8.191183e-01 3.769225e-03
8.277720e-01 3.246687e-03
8.245274e-01 3.153972e-03
8.313743e-01 2.749632e-03
-7.106760e-02 4.716761e-03
8.278328e-01 -2.860028e-03
8.208535e-01 -3.295046e-03
8.311837e-01 2.566199e-03
8.365681e-01 2.249581e-03
8.389465e-01 -2.186035e-03
8.336203e-01 -2.499144e-03
8.454439e-01 1.853723e-03
8.494425e-01 1.617697e-03
8.394640e-01 -1.840457e-03
8.352384e-01 -2.092364e-03
4.363257e-02 6.041640e-02
8.674950e-01 1.918742e-04
8.678027e-01 7.368493e-05
8.694600e-01 6.343336e-04
8.708648e-01 5.111761e-04
8.625745e-01 9.682939e-04
8.647029e-01 8.190131e-04
8.514308e-01 1.425127e-03
8.544667e-01 1.232978e-03
8.613008e-01 -6.700694e-05
8.610128e-01 -1.957075e-04
8.629899e-01 -3.267591e-04
8.621022e-01 -4.590219e-04
8.628254e-01 -5.836375e-04
8.613204e-01 -7.217681e-04
8.621892e-01 -8.483980e-04
8.600286e-01 -9.990429e-04
-6.489519e-03 8.335184e-06
4.947320e-01 1.199457e-02
4.141226e-01 3.542824e-02
-6.466821e-08 -1.325540e-08
-4.354074e-08 -8.277311e-09
-5.727902e-02 4.786309e-02
-1.787668e-02 -2.447483e-02
-6.328580e-04 1.378927e-03
-6.054799e-03 1.881401e-02
-9.142031e-02 -5.220149e-02
-1.008418e-01 -5.091607e-02
-7.364692e-08 -1.092996e-08
-4.219565e-02 -1.582073e-01
-4.188424e-02 -1.671678e-01
-2.246376e-02 1.681961e-01
-2.976843e-02 1.738121e-01
-1.194784e-01 1.125717e-02
-1.031463e-01 1.263707e-02
-4.071446e-02 -1.854414e-01
-4.798896e-02 -1.912374e-01
-3.975768e-02 -1.955081e-01
-3.683029e-02 1.785462e-01
-4.371556e-02 1.828271e-01
-7.533345e-02 -1.223704e-01
-7.512465e-02 -1.317414e-01
-5.098921e-02 1.875207e-01
-4.960006e-02 1.942200e-01
-5.693996e-02 1.898248e-01
-5.610221e-02 1.829764e-01
-4.900740e-02 1.649963e-01
-1.340461e-02 2.052946e-01
-7.428631e-02 -1.500547e-01
-8.322865e-02 -1.550700e-01
-3.912520e-02 -4.273506e-02
-1.302015e-01 2.432923e-02
-1.327792e-01 1.675809e-02
-1.094136e-01 -1.137789e-01
-1.175789e-01 -1.187635e-01
-1.091160e-01 -1.236472e-01
-3.839265e-02 -6.317651e-02
-3.998827e-02 -7.216561e-02
-8.104820e-02 1.342751e-01
-6.948597e-02 1.169466e-01
-9.102049e-02 5.278505e-02
-7.277143e-02 4.381039e-02
-1.105531e-07 -1.096986e-07
-3.523341e-08 -4.215226e-08
-6.350083e-08 -8.655110e-08
-1.224247e-01 -1.213164e-01
-1.200972e-01 -1.190599e-01
-6.128368e-05 -4.551809e-05
-3.241229e-06 -2.254714e-06
-8.552947e-02 -8.810216e-02
-6.975672e-02 -7.326750e-02
-3.602105e-02 -2.746819e-02
-2.200460e-02 -1.722794e-02
-1.120767e-01 -1.119439e-01
-1.000191e-01 -1.014375e-01
-5.490437e-02 3.412753e-02
-3.816018e-02 2.448290e-02
-1.584836e-01 -3.173731e-02
-1.567840e-01 -4.175425e-02
-4.705091e-03 -3.193271e-03
-9.237072e-04 -6.399724e-04
-2.056911e-03 -1.580514e-03
-6.945060e-02 -5.034370e-02
-5.213554e-02 -3.882528e-02
-5.761519e-02 -4.675881e-02
-7.507520e-02 -2.667866e-02
-7.523417e-02 -3.598056e-02
-1.206278e-02 6.706595e-03
-8.360634e-03 5.234735e-03
-4.720600e-03 2.725542e-03
-2.543591e-04 8.681130e-05
-1.342036e-04 5.599853e-05
-4.401852e-06 1.886707e-06
-7.386868e-03 2.046312e-01
-1.511686e-02 1.681380e-01
-1.312017e-02 3.057438e-02
-1.673710e-02 4.226337e-02
-1.250386e-01 -1.130508e-01
-1.264432e-01 -1.038551e-01
-1.313793e-01 -1.067668e-01
-2.186157e-02 1.589901e-01
-8.090094e-08 2.161841e-08
-6.948453e-08 1.815825e-08
-5.503148e-08 1.425495e-08
-9.850826e-02 -9.129148e-02
-1.105713e-01 -9.194892e-02
-9.605545e-02 -8.134423e-02
-6.371679e-02 1.844891e-01
-7.039627e-02 1.783393e-01
-6.706002e-02 1.786962e-01
-9.522213e-09 -1.784932e-08
-3.753730e-09 -9.898840e-09
-1.867632e-08 9.117737e-09
2.926742e-01 8.584194e-02
-4.139612e-02 -1.763225e-01
-1.729869e-02 -1.242742e-02
-2.468257e-02 -1.577482e-02
-1.288909e-02 -8.476974e-03
-7.587937e-02 1.717153e-01
-8.109770e-02 1.642309e-01
-8.214872e-02 1.684495e-01
-9.305840e-02 1.381228e-01
-1.035564e-01 1.398340e-01
-1.186457e-01 -7.931870e-02
-1.098428e-01 -8.427148e-02
-9.196612e-02 -7.125780e-02
-8.713048e-02 -6.162935e-02
-8.544684e-02 1.558815e-01
-8.928657e-02 1.473135e-01
-9.421675e-02 1.550701e-01
-8.066947e-02 -5.214529e-02
-7.346979e-02 -4.328286e-02
-1.151494e-02 9.472600e-03
-1.753794e-02 1.298619e-02
-3.081413e-02 1.809668e-02
-2.383330e-02 1.278490e-02
-8.594239e-03 -5.164672e-03
-4.915626e-03 -2.678602e-03
-5.927865e-02 -9.149336e-02
-1.691135e-02 8.259092e-03
-1.046188e-02 4.660475e-03
-7.465970e-02 -1.409148e-01
-4.044246e-02 -8.168429e-02
-5.441090e-03 2.174526e-03
-1.942421e-03 6.683490e-04
-7.605761e-03 2.641581e-03
-5.775865e-04 1.611265e-04
-3.255407e-05 7.859607e-06
-7.659480e-06 1.868882e-06
-1.242073e-07 3.192698e-08
-2.445095e-06 -1.573145e-06
-3.093417e-06 -1.951415e-06
-1.013494e-07 -7.430039e-08
4.362857e-01 5.031179e-02
-8.935655e-08 1.927450e-08
-6.632402e-08 1.080345e-08
-1.095264e-01 -1.040821e-01
-7.463138e-02 -8.072697e-03
-7.484068e-02 -1.734381e-02
-7.393949e-02 2.034566e-02
-1.218561e-01 3.779618e-02
-1.267481e-01 3.141595e-02
-5.728379e-03 -5.161502e-03
-2.100521e-03 -2.161118e-03
-1.543658e-01 -5.135739e-02
-1.512290e-01 -6.026853e-02
-1.001412e-01 5.081356e-02
-4.918459e-02 -1.718920e-01
-3.709644e-02 1.690768e-01
-2.070348e-02 1.542196e-01
-1.274493e-01 -7.425946e-02
-1.272840e-01 -8.413662e-02
-1.439775e-01 -7.362375e-02
-1.365038e-01 -6.906257e-02
6.660944e-01 1.199343e-02
-5.157649e-02 1.786463e-01
-5.649554e-02 -1.852432e-01
-5.443493e-02 -1.934206e-01
6.751429e-01 9.973719e-03
6.739028e-01 -1.012906e-02
6.928969e-01 7.701165e-03
6.854237e-01 -8.053033e-03
7.100835e-01 5.751548e-03
7.411650e-01 2.745664e-03
7.250959e-01 4.153583e-03
7.312759e-01 -9.822910e-04
7.321671e-01 -1.995812e-03
7.308277e-01 -3.024269e-03
-1.218257e-01 -1.098557e-01
-6.620251e-02 1.687050e-01
-1.091436e-02 -8.754405e-03
-4.574180e-02 -3.121169e-02
-1.057432e-01 5.270526e-02
-1.055102e-01 4.385833e-02
-1.148456e-01 2.434259e-02
-9.963451e-02 1.011190e-02
-2.350451e-02 1.555367e-02
-4.172908e-04 -2.573769e-04
-7.968177e-02 -6.878687e-02
-1.227176e-02 2.090767e-01
-7.989969e-02 -1.433338e-01
-3.144505e-08 -3.489110e-08
-1.718536e-08 -2.494742e-08
-1.908647e-02 1.412908e-01
-1.337020e-05 -2.826331e-07
-3.437325e-03 1.591604e-03
-2.550915e-06 8.838716e-07
-4.794098e-08 7.995408e-09
-5.093296e-08 6.310725e-09
-3.707598e-03 -3.063957e-03
-7.200807e-02 8.846641e-03
-9.700533e-10 1.055740e-08
-2.586736e-02 -2.076837e-01
-1.285165e-02 8.737830e-03
-5.185986e-03 3.629341e-03
5.143615e-01 -2.182811e-02
-2.851146e-04 -3.062868e-04
-1.209237e-03 -1.308360e-04
7.840039e-01 6.299480e-03
6.035511e-01 2.094692e-02
7.966063e-01 5.232696e-03
-5.265819e-02 1.616801e-01
-6.115975e-02 1.584361e-01
-1.097252e-01 -9.416293e-02
-1.085464e-01 4.762192e-02
-1.157470e-01 4.317865e-02
-2.203387e-02 1.506628e-01
2.514678e-01 6.869982e-02
2.328966e-01 7.667821e-02
-5.882285e-02 1.542180e-01
-4.405541e-02 1.277599e-01
-1.217206e-02 2.906081e-03
-1.322220e-02 1.037935e-01
-1.648514e-02 4.835421e-02
-1.029463e-02 2.018629e-01
-3.105891e-02 -1.976782e-01
3.862386e-01 -6.544553e-03
-8.037667e-02 3.315503e-02
-9.095482e-02 4.178330e-02
-1.268666e-01 -9.405253e-02
-1.352868e-01 -8.881590e-02
-6.329718e-02 -5.579136e-02
-5.643765e-04 2.605034e-04
-3.502607e-05 1.893194e-05
-5.863124e-03 6.941108e-03
-1.182812e-01 -9.911460e-02
-7.418234e-02 1.114554e-02
-7.439380e-02 1.879206e-03
-1.018788e-01 -1.477419e-01
-9.814369e-02 -1.448641e-01
-1.074019e-07 4.037756e-08
6.541274e-01 -1.291900e-02
-6.708290e-02 -6.449818e-02
-5.404905e-02 -5.782886e-02
-1.219926e-01 -1.003342e-01
-6.194925e-04 -7.306409e-04
-3.200125e-05 -4.276894e-05
-3.922411e-02 -2.425374e-02
4.247968e-01 4.621878e-02
3.880363e-01 5.499871e-02
5.792001e-01 1.270486e-02
5.864563e-01 1.112227e-02
-4.102009e-02 -4.904863e-02
-2.947863e-02 -3.937915e-02
3.862173e-10 1.239711e-08
-1.168864e-08 4.144988e-08
-2.440968e-06 8.938726e-07
-9.946550e-04 6.048475e-04
-2.073281e-03 1.093105e-03
-1.770308e-08 2.575205e-08
-1.738197e-02 2.780974e-02
-1.618878e-02 2.332749e-02
-3.483137e-02 8.370900e-02
-1.217407e-02 8.489934e-02
4.872587e-01 -9.443238e-03
-9.538234e-06 -1.305165e-05
-1.354497e-01 -9.920419e-02
-1.297135e-01 -1.054493e-01
-6.135777e-05 -3.421161e-05
-5.578185e-02 -3.348758e-02
2.410103e-02 8.241590e-02
7.704133e-02 7.659078e-02
3.173896e-03 -1.906699e-01
2.060043e-02 -1.760922e-01
-7.406403e-02 -1.110739e-01
-6.765060e-02 1.705112e-01
-7.633378e-02 1.663209e-01
-6.850581e-02 1.622568e-01
3.306021e-01 -7.487555e-02
5.853740e-01 -3.663525e-02
-1.052688e-01 3.494908e-02
-2.141312e-03 3.581065e-02
-7.979165e-04 -4.497201e-04
-2.140691e-08 1.904817e-10
-9.477228e-09 9.705927e-11
-8.210103e-02 1.657834e-02
7.672214e-01 7.668778e-03
-6.362696e-02 -1.149528e-01
-1.797189e-02 3.612847e-02
-1.912821e-02 3.335847e-02
-1.148478e-01 5.717947e-02
-2.305287e-03 4.342019e-02
1.844923e-02 1.987793e-01
-8.521164e-03 2.086478e-01
2.541907e-02 1.873470e-01
-3.011825e-02 1.557246e-01
-5.697114e-02 -1.676760e-01
-1.164594e-01 -4.688879e-02
8.185568e-01 -3.621533e-03
-1.074296e-08 -8.426137e-09
-3.802700e-02 1.521402e-01
-8.581920e-03 2.580454e-03
-1.373066e-01 -9.093484e-02
-1.371149e-01 -8.173907e-02
-6.145255e-03 2.019296e-01
-1.001794e-02 2.066706e-01
6.074653e-01 -2.614950e-03
-5.249893e-02 1.658491e-01
-8.125851e-03 2.089620e-01
-1.239681e-01 1.172996e-01
7.756436e-01 -6.467062e-03
-1.109166e-08 -3.991892e-08
3.779027e-01 4.536909e-02
5.207464e-01 -5.156079e-02
-5.650769e-02 -1.766321e-01
-6.431998e-02 -1.807740e-01
8.805922e-01 -9.317691e-04
8.830689e-01 -8.005399e-04
-1.961161e-07 -1.295691e-07
-2.798541e-11 2.771078e-11
4.371460e-11 2.746721e-11
1.127244e-11 -6.941769e-12
-3.089032e-11 3.810576e-11
3.581521e-12 -5.283888e-11
-5.324820e-10 -5.322142e-10
-9.994584e-10 -1.730226e-08
-1.653077e-03 -8.321422e-05
-9.790517e-02 -1.474396e-01
-2.988806e-09 -1.884946e-08
-1.016228e-01 1.820800e-02
-8.684922e-02 1.288983e-02
-2.764716e-09 -4.564621e-09
-7.227128e-09 4.597993e-10
-1.474356e-08 2.297572e-09
-4.982114e-08 -4.530089e-08
6.947460e-01 -1.405777e-02
8.094087e-01 -4.209350e-03
-3.646066e-02 2.028934e-01
-4.356066e-02 1.975712e-01
7.223623e-01 -1.154825e-02
6.073469e-01 -3.780801e-03
6.059514e-01 -4.883995e-03
3.501001e-02 -1.870239e-01
1.264693e-01 -1.428344e-01
-1.466126e-01 -7.610337e-02
-1.420878e-01 -8.279331e-02
-6.715743e-03 9.930984e-03
-2.519223e-03 4.474651e-03
-5.305094e-08 4.072611e-09
-2.927981e-02 7.621985e-02
-5.943882e-02 1.748983e-01
-1.546561e-02 5.235415e-03
1.927875e-02 4.506083e-02
4.681038e-01 -1.043942e-01
-9.826194e-02 2.325921e-02
5.558057e-01 -1.333036e-03
8.977555e-01 1.792950e-04
8.970817e-01 2.613290e-04
4.918953e-01 -5.321096e-03
-4.240033e-11 6.025412e-11
-1.890688e-02 6.125781e-02
-1.333547e-02 1.418162e-02
4.717915e-01 1.024382e-01
2.310208e-02 -4.111365e-02
5.585519e-01 -6.168091e-04
5.031889e-01 2.936547e-02
6.445927e-01 1.521113e-02
4.797019e-01 3.399464e-02
-6.983377e-02 1.543708e-01
-2.463764e-02 -2.005906e-01
8.085199e-01 4.473046e-03
-3.756906e-02 1.605343e-01
-5.678031e-02 1.831750e-02
-6.942159e-02 2.569732e-02
6.031002e-01 -6.161592e-03
7.888282e-01 -5.508872e-03
-2.439612e-08 2.799636e-09
-1.654356e-08 1.296249e-09
-2.595017e-08 2.479625e-09
-1.885290e-02 -2.859653e-02
-1.478001e-01 -6.798629e-02
-1.431661e-01 -7.543019e-02
3.193619e-01 -3.705402e-02
-2.020591e-02 -2.091038e-01
-2.373764e-02 -2.060395e-01
4.545554e-01 3.958067e-02
-4.529395e-08 1.079989e-08
-2.729939e-08 1.209719e-09
-1.029028e-08 -1.563149e-08
-5.325389e-09 -8.076676e-09
-7.060858e-02 -1.761189e-01
-9.057532e-02 2.274879e-02
-9.081817e-02 1.354868e-02
-8.754704e-02 3.073790e-02
-9.338493e-02 2.725701e-02
-1.348413e-01 -7.239253e-02
3.454669e-02 7.402108e-02
7.529278e-02 -7.203344e-02
-5.476815e-02 1.615793e-01
-7.386612e-03 1.696401e-02
-9.925343e-03 1.776492e-02
-5.854586e-03 -1.184387e-02
-1.147323e-02 -1.963429e-02
5.988586e-02 -1.625562e-01
-4.240828e-03 8.093675e-03
4.761930e-01 1.690984e-02
5.941127e-01 9.592109e-03
-7.070632e-02 1.248407e-02
-1.196476e-04 7.390547e-05
-4.645468e-06 3.234927e-06
-3.522313e-05 1.907043e-05
6.977322e-03 1.896410e-01
1.150211e-01 1.439969e-01
-1.395507e-01 -9.157847e-02
5.291885e-01 3.240434e-02
-2.701468e-08 -2.583872e-08
-4.491689e-02 1.652010e-01
-2.040588e-03 -2.478821e-05
-6.054196e-05 -1.694219e-06
5.696454e-01 1.452521e-02
-3.321501e-07 1.981883e-07
-1.471959e-07 1.163708e-07
-3.364668e-02 1.778714e-01
-3.208467e-02 1.917578e-01
-7.642801e-02 -1.318008e-01
-7.377556e-02 -1.192011e-01
-8.667312e-02 -1.251294e-01
1.548285e-01 -7.385531e-02
-1.307148e-01 -6.287829e-02
5.704395e-01 -1.470492e-02
5.659793e-01 -1.629482e-02
3.624830e-01 2.645493e-02
-2.114400e-02 -3.504190e-02
-5.416973e-04 3.644585e-04
1.066712e-01 1.312314e-01
-5.201667e-02 1.700271e-01
-4.581578e-02 1.942465e-01
-8.486770e-09 3.944390e-10
-8.853170e-09 3.237552e-10
-2.248637e-09 3.802436e-09
-8.975881e-02 -1.491071e-01
1.812437e-01 -1.159464e-01
6.053833e-01 7.992286e-03
-8.074065e-02 2.075962e-02
-2.282388e-08 4.008470e-09
-5.685820e-10 4.388105e-10
-3.035935e-03 2.362973e-03
-1.365757e-03 9.855590e-04
-3.801468e-08 3.554345e-09
-4.014965e-10 -4.144734e-10
-1.897624e-02 -2.020472e-01
6.140331e-01 6.506660e-03
-3.497063e-10 4.232981e-10
-8.426209e-02 1.615903e-01
3.329821e-01 5.868716e-02
-1.420634e-02 -2.112083e-01
7.068360e-02 1.491829e-01
4.212599e-02 1.677827e-01
-9.660278e-02 -1.392108e-01
-7.022246e-05 6.006509e-05
-1.371495e-04 1.291935e-04
-9.912361e-02 1.507044e-01
-1.046880e-01 1.443379e-01
-1.017785e-01 1.446615e-01
4.330777e-01 -2.569152e-02
-4.944386e-03 1.039711e-02
-9.231262e-02 1.567449e-01
2.613501e-01 3.729700e-02
1.711262e-01 4.948711e-02
-1.940710e-08 5.473068e-08
-3.421491e-08 5.700705e-09
-2.934752e-09 -6.275383e-09
-1.599744e-04 1.255090e-04
5.549266e-01 1.686078e-02
-1.456382e-01 -5.981003e-02
-8.811851e-03 -1.936983e-02
-7.837021e-02 1.504136e-01
5.430509e-01 2.061865e-02
5.520059e-01 1.850276e-02
1.527492e-01 6.211257e-02
5.166932e-01 2.617027e-02
5.259002e-01 2.370090e-02
-8.709288e-02 1.461978e-01
-9.599511e-02 1.420810e-01
-1.192358e-02 -1.941401e-01
-1.036592e-01 1.374196e-01
-4.101701e-08 6.308152e-08
-1.965622e-02 -3.750324e-02
-4.483530e-06 3.110362e-06
-2.071067e-07 1.540970e-07
-8.587161e-02 1.539492e-01
-6.542121e-06 4.910435e-06
-1.307656e-02 -2.057036e-01
2.436604e-01 9.797674e-02
2.869579e-01 8.263327e-02
-5.038142e-09 6.435954e-09
3.323952e-01 6.868394e-02
1.855591e-01 1.083123e-01
-6.669011e-02 1.839711e-02
-7.245369e-03 6.625740e-03
-5.200359e-03 4.373607e-03
4.175544e-02 6.640164e-02
-3.187848e-03 7.009078e-02
-1.408051e-01 -5.187234e-02
-8.878740e-02 -1.436918e-01
1.482065e-01 -6.375790e-02
8.658454e-02 -8.364014e-02
2.061421e-01 1.109073e-01
1.464372e-01 1.365649e-01
-1.043523e-02 1.013818e-02
-7.099694e-02 1.586955e-02
-5.747754e-02 1.126573e-02
-2.879153e-02 6.944056e-02
9.630563e-02 6.182013e-02
-1.364131e-01 -5.810326e-02
-1.237934e-01 -5.417620e-02
-1.102510e-01 -5.015667e-02
-1.463469e-02 1.919352e-01
1.920584e-01 -1.168028e-01
1.613370e-01 5.561638e-02
-1.346803e-03 1.196313e-03
1.085648e-01 1.426177e-01
1.897954e-02 1.827963e-01
1.128201e-01 -7.397986e-02
