1.000000e+00
0.000000e+00
0.000000e+00 0.000000e+00
taylor-hood
cavity_normal
1.000000e+00 -1.912686e-24
-2.675117e-24 -1.468585e-24
9.286463e-25 -1.614638e-24
1.000000e+00 1.604981e-24
4.858954e-25 6.104428e-25
-4.719618e-25 -9.597107e-25
4.274743e-25 -5.736091e-25
-1.910194e-24 -1.289041e-24
-2.776891e-24 -1.480646e-24
-4.977996e-25 -1.270259e-24
6.850065e-25 -4.594869e-25
3.119976e-24 -6.218421e-24
5.779846e-25 -8.284878e-25
-2.039168e-24 -3.427600e-24
-4.658885e-24 -2.590960e-24
1.023113e-24 2.499899e-25
-5.702929e-25 -1.022217e-23
-1.153342e-24 -6.951681e-25
-2.250010e-25 -3.105822e-24
-1.940127e-24 -5.796359e-24
-1.417393e-24 3.244421e-24
5.741419e-24 -5.779780e-25
-2.944792e-24 -5.180045e-24
2.109161e-24 2.169826e-24
2.858441e-26 8.892223e-25
8.748950e-25 -9.679568e-25
1.507344e-24 -1.398645e-24
-7.561119e-25 5.142515e-24
-2.937025e-25 1.723099e-24
3.074667e-25 -2.152860e-24
-1.148329e-25 2.935562e-26
-1.603126e-24 -5.937677e-25
2.376047e-24 3.005681e-24
9.370737e-25 1.298870e-25
-2.561953e-24 -5.809305e-25
-9.506391e-25 3.456295e-24
2.969003e-25 7.381932e-25
-7.638026e-25 -7.873094e-26
-9.670502e-25 1.429668e-24
-1.370738e-25 -1.502360e-24
-1.790755e-25 2.129960e-26
-1.654578e-24 -1.409502e-24
-3.921347e-25 -2.092827e-24
1.252966e-24 -9.310114e-25
-3.812605e-25 -2.495783e-24
1.932866e-25 4.070872e-24
-6.943497e-25 -3.536765e-24
-9.576697e-25 -6.543353e-24
-1.513096e-24 3.377619e-24
5.166700e-25 -9.931624e-25
-3.469666e-24 3.027072e-25
5.097441e-25 3.071668e-24
-1.284192e-25 -2.075150e-24
-4.028806e-24 7.362306e-25
2.677038e-24 -2.484020e-24
-1.051254e-24 -2.652590e-24
-2.104920e-25 3.532755e-24
-1.395341e-24 -2.359347e-24
-1.943489e-24 -2.318549e-24
-4.693714e-25 1.130484e-24
4.208062e-26 1.534728e-24
-8.301135e-25 -3.893352e-24
2.684603e-24 -3.731892e-25
2.744129e-25 2.597330e-27
2.754486e-24 -1.195711e-24
1.157559e-24 1.479666e-24
3.017238e-26 -1.203585e-24
9.918049e-26 -2.273803e-24
-3.628734e-24 6.522594e-25
6.122074e-25 1.496815e-25
1.563355e-24 1.280906e-24
4.728349e-24 -3.066532e-24
1.386702e-25 9.999069e-25
1.000000e+00 2.927058e-24
1.000000e+00 1.034814e-25
1.000000e+00 5.131893e-24
1.000000e+00 -3.000175e-25
1.000000e+00 -3.820393e-24
1.000000e+00 -4.927762e-24
1.000000e+00 -1.324556e-24
1.000000e+00 3.989979e-24
1.000000e+00 -2.678493e-24
1.000000e+00 1.347305e-24
1.000000e+00 6.242942e-25
1.000000e+00 1.005205e-24
1.000000e+00 -1.331272e-24
1.000000e+00 -2.223101e-24
1.000000e+00 1.192760e-24
1.000000e+00 -1.606770e-24
1.000000e+00 4.923621e-25
1.000000e+00 5.157114e-24
1.000000e+00 -2.737666e-24
1.000000e+00 -5.529874e-24
1.000000e+00 3.099985e-24
1.000000e+00 -3.768256e-24
1.000000e+00 -2.890681e-24
-1.811412e-02 -1.152940e-01
6.183782e-01 5.338099e-03
-1.453890e-02 8.127806e-02
-4.044236e-02 -1.307285e-03
5.197511e-01 -4.174736e-02
-9.124819e-03 -3.248744e-02
-3.139336e-02 2.176105e-01
-2.749636e-02 6.015180e-03
-2.784410e-02 -2.041744e-01
5.353476e-01 3.885413e-02
-2.562433e-02 -5.032555e-03
-8.659096e-03 3.172702e-02
-4.088387e-03 -6.572972e-03
2.508429e-01 -1.414470e-01
2.719486e-01 1.320454e-01
-3.351042e-03 5.343382e-03
-1.454648e-02 -8.130997e-02
-5.384620e-02 -1.540863e-01
-6.212356e-02 -2.028151e-01
-1.002441e-01 -1.898170e-01
-8.799710e-02 -1.435313e-01
-1.309612e-01 -1.480494e-01
-1.348334e-01 -1.816994e-01
-1.588578e-01 -1.189982e-01
-1.515400e-01 -9.509812e-02
-1.727282e-01 -5.441245e-02
-1.604512e-01 -4.155249e-02
-1.730270e-01 4.018367e-03
-1.758436e-01 4.725633e-03
-1.546169e-01 3.946917e-03
-1.579195e-01 4.868254e-02
-1.406084e-01 -1.347522e-01
-1.318466e-01 -6.465563e-02
-1.354665e-01 3.518140e-02
-1.294636e-01 7.407828e-02
-1.482814e-01 1.011093e-01
-1.131905e-01 -2.013516e-01
-7.420411e-02 -1.331310e-01
-1.054283e-01 4.854865e-02
-1.279701e-01 1.525187e-03
-1.113945e-01 1.140425e-01
-1.263197e-01 1.523496e-01
-3.895414e-02 -1.909998e-01
7.363918e-02 -1.056938e-01
5.860308e-03 -5.788797e-02
-1.560939e-01 1.267260e-01
-1.310954e-01 1.878237e-01
-1.394286e-01 1.440809e-01
-1.120622e-01 2.095143e-01
-7.735493e-02 1.426130e-01
-4.926819e-02 1.996944e-01
-1.138150e-01 7.656498e-02
8.017663e-03 6.662933e-02
-9.931685e-02 2.346865e-01
2.185197e-01 -3.832854e-02
-8.652965e-02 -2.566131e-01
-1.610212e-02 -2.388806e-01
-8.233500e-02 1.434092e-01
-6.978238e-02 1.005175e-01
3.368925e-01 -5.518122e-02
5.739427e-01 -1.002983e-02
5.930526e-01 1.919629e-02
2.609987e-01 8.279708e-02
1.820288e-01 1.403230e-01
2.561868e-01 4.100142e-02
4.422193e-01 6.858869e-02
6.448564e-02 2.243865e-01
-3.237512e-02 2.847657e-01
-4.634044e-02 2.902915e-01
-2.236613e-02 -1.560223e-01
-3.507823e-02 -3.617924e-03
-5.597255e-02 -1.563505e-02
-3.811199e-02 -1.848111e-02
-6.714161e-02 -3.591743e-02
-4.130936e-02 -3.735291e-02
-6.985530e-02 -6.199210e-02
-8.786761e-02 -2.542471e-02
-1.936277e-02 -1.590502e-02
-3.821538e-02 -5.803762e-02
-7.040096e-02 -9.787137e-02
-3.143340e-02 -7.359541e-02
-1.708204e-02 -2.712089e-02
-6.863088e-02 -8.840901e-03
-7.318618e-02 7.391919e-06
-9.971768e-02 -9.029285e-03
-1.191158e-01 -2.931903e-02
-9.833084e-02 9.033152e-03
-6.806951e-02 8.337037e-03
-4.027868e-02 1.279960e-03
-1.105451e-02 5.264455e-02
-1.810654e-02 1.152952e-01
-9.955252e-02 -5.165070e-02
-2.713664e-02 -2.469259e-01
-6.149514e-03 1.584712e-02
-1.750013e-02 1.901063e-02
-6.604959e-03 4.044444e-03
-2.614777e-02 1.407957e-02
-4.231228e-02 3.495454e-02
-5.330306e-02 2.321941e-02
-2.584619e-02 4.047651e-02
-5.641468e-02 6.373155e-02
-1.133021e-01 -6.642239e-02
-1.453417e-02 -4.966582e-03
1.090663e-01 3.697509e-03
-1.628806e-01 7.353763e-02
-2.254032e-02 1.560444e-01
1.388578e-01 -1.350863e-01
1.853283e-01 -1.517355e-01
-6.029401e-02 4.914626e-03
-1.637963e-01 -6.384414e-02
-1.711874e-01 6.269001e-02
-1.462753e-01 5.153550e-03
-9.430292e-02 1.903737e-01
-1.158636e-01 -1.106825e-01
-1.040870e-01 -2.322531e-01
-8.807658e-02 2.593498e-01
-6.513304e-03 -2.710174e-01
-6.773919e-02 -2.521313e-01
-6.238216e-02 -2.890229e-01
-3.498492e-02 3.480769e-03
-8.496997e-02 2.513382e-02
-2.571031e-02 2.486887e-01
-3.423411e-02 -2.783486e-01
-5.218548e-03 -3.164254e-03
-7.378390e-02 4.613889e-02
-9.308625e-02 7.735507e-02
-3.335840e-02 6.908329e-02
-4.110536e-02 1.058769e-01
-5.004981e-02 1.499630e-01
-5.881077e-02 1.997345e-01
-6.639606e-02 2.494102e-01
5.419268e-02 1.170966e-01
3.430089e-01 -2.411892e-04
-4.827253e-02 -1.161311e-01
-9.966440e-02 -8.056616e-02
-7.267423e-03 -4.332589e-02
5.492469e-01 -4.526821e-02
-1.125018e-02 3.087100e-03
-1.840196e-02 2.122276e-01
6.674124e-01 -1.358741e-02
-5.575718e-02 1.302425e-02
-1.427840e-01 -2.716754e-02
-3.589524e-03 -1.207557e-02
-1.133643e-01 2.496631e-02
-7.153535e-04 -7.155348e-04
1.763683e-01 -1.022857e-01
1.758374e-01 9.954199e-02
-7.187230e-04 7.189334e-04
7.496327e-02 1.537761e-01
-6.717017e-02 2.824717e-01
8.029641e-01 7.389085e-04
6.000024e-01 -1.690250e-03
7.803257e-01 -1.411060e-03
1.145662e-01 5.578796e-02
5.694731e-02 3.277499e-02
1.805412e-01 2.634910e-02
-1.048633e-02 -1.159829e-02
-9.308331e-03 -1.506228e-02
-1.893132e-02 -2.172426e-02
2.197225e-01 -1.495372e-01
6.788961e-02 -2.165370e-01
7.557510e-02 -2.231121e-01
-3.026055e-02 -1.046725e-01
-2.386817e-02 -8.190949e-02
-1.051592e-02 -6.062490e-02
-3.924626e-02 -9.376180e-02
-1.804673e-02 -6.232593e-02
4.731096e-01 4.912242e-03
4.538132e-01 -8.294087e-03
1.474480e-01 7.519160e-02
3.237936e-02 9.318705e-02
7.757310e-01 -3.278723e-03
-7.930798e-02 -1.200096e-01
-1.031373e-01 -1.290058e-01
-9.324434e-02 -1.076943e-01
-1.266766e-01 -4.532452e-02
-1.107176e-01 -4.156542e-02
-1.158441e-01 -5.911014e-02
-6.923726e-02 2.556233e-02
-8.095141e-02 3.573782e-02
-6.374679e-02 3.389321e-02
-2.381141e-02 2.245212e-01
-4.965845e-02 2.212760e-01
-3.715119e-03 1.154888e-03
-1.581838e-03 8.397304e-04
4.118088e-01 -8.042234e-02
3.390562e-01 -9.911689e-02
3.004083e-01 -8.901555e-02
1.632770e-01 -1.461404e-01
3.467145e-01 -8.802406e-02
-2.808506e-02 9.980110e-03
-4.085983e-02 1.348666e-02
-3.896154e-02 1.905354e-02
-4.023803e-03 -9.480368e-03
-9.247747e-03 -2.005379e-02
-6.602244e-03 2.404295e-01
3.419972e-02 7.512763e-02
-2.867549e-03 2.259635e-03
-3.008201e-04 2.096834e-04
-1.389157e-01 -4.615274e-02
-1.312819e-01 -2.911402e-02
-2.205990e-02 -4.786830e-02
-2.650087e-02 -4.137666e-02
-1.348290e-02 -3.122064e-02
2.153692e-01 1.277781e-03
3.024403e-01 1.808823e-02
4.224444e-01 -5.191530e-02
2.353628e-01 -9.043531e-02
-1.858421e-02 -5.213412e-02
-3.520303e-02 -6.636804e-02
-5.538793e-02 1.794039e-02
-7.040639e-02 1.897360e-02
-6.008724e-02 -1.091487e-01
-6.771506e-02 -1.327450e-01
-2.943255e-02 -2.572850e-02
-2.848288e-02 -3.351769e-02
-1.225702e-02 -2.762367e-01
5.541512e-02 -2.383752e-01
-1.133029e-02 -8.246389e-03
-5.240859e-03 -5.217313e-03
-4.053930e-02 -4.770253e-02
-1.145089e-01 -5.351680e-03
-1.102682e-01 -1.771643e-02
-1.254905e-01 -1.452863e-02
-1.079405e-01 -9.524279e-02
-8.597959e-02 -9.128186e-02
-9.567006e-02 3.585019e-02
-8.972165e-02 4.881496e-02
2.630620e-01 6.190394e-02
1.449660e-01 1.035993e-01
-1.005669e-01 6.308344e-02
-8.360227e-02 6.088422e-02
-6.616338e-02 5.581222e-02
-7.437735e-02 7.228468e-02
-1.136839e-01 6.646724e-03
-1.005066e-01 1.335428e-04
-4.119232e-02 9.697942e-03
-2.161640e-02 6.447663e-02
-3.719374e-02 8.657739e-02
-2.400149e-02 8.013741e-02
5.341097e-01 -4.378768e-02
-1.868453e-02 7.722582e-03
-1.865330e-02 4.590463e-03
-4.674679e-02 2.693165e-01
-3.998076e-02 2.712567e-01
-2.726248e-02 2.205967e-01
-8.722668e-02 -3.325992e-03
-8.651481e-02 3.375185e-03
-8.357383e-02 9.510707e-03
-7.164720e-02 4.336181e-03
-5.536467e-02 3.863953e-03
-5.761884e-02 1.350208e-03
-2.202752e-02 -1.856272e-04
-4.103566e-02 -9.548109e-06
-2.192311e-02 1.795112e-04
-5.769747e-02 -1.368773e-03
-2.115614e-02 5.056565e-04
-8.563465e-03 -1.120693e-01
-2.471476e-02 -1.790317e-01
-6.814432e-03 -9.583096e-02
-4.760918e-02 -2.400840e-01
-4.482633e-02 -2.147383e-01
-2.885190e-02 -2.288504e-01
-4.812205e-02 -2.834439e-01
-4.992867e-02 -2.653083e-01
-3.598638e-02 -2.875926e-01
-4.579462e-02 -2.912185e-01
6.093068e-01 1.183458e-02
4.086038e-01 3.326663e-02
4.242259e-01 1.853051e-02
5.999793e-01 4.188145e-02
3.691985e-01 9.236403e-02
6.680777e-01 2.243379e-02
7.996370e-01 2.322217e-03
7.924125e-01 4.325236e-03
4.174040e-01 4.550987e-02
1.450946e-01 1.862207e-01
2.168073e-01 1.451373e-01
-5.245911e-03 -6.980366e-02
-4.748258e-03 -5.876521e-02
2.903537e-01 1.093501e-01
1.219533e-01 1.797374e-01
-1.623507e-02 -9.750149e-02
-4.183353e-03 -4.896353e-02
-7.185083e-02 -2.099575e-02
-7.924366e-02 -1.592492e-02
-6.317244e-02 -1.260998e-02
-3.836624e-02 -2.523779e-03
-5.215843e-02 -6.481716e-03
-5.581140e-02 -4.055242e-03
-9.515376e-02 -1.774796e-02
-8.459080e-02 -9.903532e-03
-2.124891e-02 -5.106957e-04
-1.972406e-02 -8.363111e-04
-6.939865e-02 -4.831356e-02
-8.548977e-02 -5.864163e-02
-8.306356e-02 -4.436624e-02
-5.986458e-03 -8.211547e-02
7.634671e-01 9.625087e-03
5.688123e-01 2.785036e-02
7.806374e-01 6.489237e-03
-4.693829e-02 -8.538767e-03
7.132389e-01 1.666720e-02
-3.741024e-03 4.019482e-02
-3.155095e-03 3.179085e-02
-1.270055e-02 6.612305e-02
-1.036728e-01 -2.841743e-02
3.834679e-01 6.318123e-02
-3.513686e-02 -1.423797e-01
-3.184713e-02 -1.207270e-01
-6.692188e-02 -2.730739e-01
-4.193007e-03 4.895256e-02
-1.622535e-02 9.749599e-02
-4.747260e-03 5.874558e-02
-6.408140e-02 7.354394e-02
-8.974753e-02 4.026895e-02
-2.703327e-02 3.755275e-02
-2.849465e-02 -1.789216e-02
-2.550041e-02 -1.088238e-02
-1.796117e-02 -1.001741e-02
-7.407986e-03 2.315000e-02
-1.432378e-02 2.773168e-02
-1.687690e-02 3.843029e-02
-2.144316e-03 1.415870e-02
-1.791366e-03 9.785597e-03
5.090367e-02 2.364815e-01
1.609830e-02 2.617953e-01
1.217744e-02 4.441516e-03
-1.488548e-02 -1.283400e-03
-3.072672e-02 -4.446896e-03
-1.757181e-02 -1.084394e-03
-9.369910e-03 -1.298076e-01
-3.316095e-02 -1.087742e-02
-2.007587e-02 -5.167854e-03
-7.842483e-02 -3.162355e-02
-9.463153e-02 -3.736768e-02
-2.872950e-02 2.714285e-02
-3.457631e-02 3.901461e-02
-2.174030e-02 2.882281e-02
-1.172839e-02 1.877276e-02
-2.480437e-03 1.936153e-02
-9.836380e-03 4.157093e-02
-2.792653e-03 2.503586e-02
-6.435608e-03 -1.431184e-01
7.393527e-01 1.295936e-02
-4.047299e-02 -1.004164e-02
-1.711055e-01 3.843621e-02
-1.707527e-01 6.876073e-02
-1.758442e-01 3.560667e-02
-3.208886e-02 2.861450e-01
-1.503886e-02 2.771733e-01
-4.945898e-02 4.840406e-02
-3.998336e-02 5.284257e-02
-1.626096e-01 1.028490e-01
-1.651247e-01 9.450393e-02
-1.313490e-01 4.110789e-02
-1.121160e-01 5.141305e-03
-1.189599e-02 -1.378009e-03
-1.449977e-01 7.634164e-02
-1.572259e-01 4.043381e-02
-7.202549e-02 -4.545918e-03
-4.776904e-03 9.913054e-03
-8.929451e-03 1.150491e-02
-1.183495e-03 -3.711833e-03
-8.151251e-04 -1.535153e-03
4.940643e-01 5.175079e-02
-5.350433e-03 5.282368e-03
-1.190690e-02 1.018290e-02
5.783426e-01 -4.407518e-02
4.968163e-01 -6.180041e-02
-1.479641e-02 8.538850e-03
-2.239611e-02 1.717258e-02
-1.035182e-03 3.251132e-03
-1.453194e-03 6.120822e-03
-5.485333e-02 -4.955037e-02
-5.402020e-02 -6.222222e-02
5.213071e-01 5.764565e-02
-5.207955e-02 -2.703157e-02
-4.072256e-02 -2.744481e-02
-5.447326e-02 -3.796243e-02
-4.744214e-02 -1.764434e-02
-6.262121e-02 -2.481109e-02
-8.723684e-03 -1.354492e-03
-6.837668e-04 1.261716e-03
-5.317165e-02 -7.763564e-02
-4.997115e-02 -8.866990e-02
-1.664467e-01 5.009925e-03
-7.098110e-02 -7.934745e-02
-3.433361e-02 2.350508e-02
-4.878299e-02 2.951485e-02
-3.025918e-03 -1.647521e-01
-1.542350e-01 1.144403e-01
-1.619162e-01 8.481238e-02
-5.566199e-02 -1.633184e-01
1.065588e-02 -1.480140e-01
-1.296117e-02 -1.228784e-01
-9.818390e-03 1.200541e-01
-7.021324e-03 9.591407e-02
-2.644714e-02 1.852907e-01
-1.158982e-01 1.462012e-01
-1.306799e-01 1.119918e-01
-9.559256e-02 1.104827e-01
-3.978371e-02 1.041682e-01
-3.826379e-02 -9.479496e-02
-6.426246e-02 -6.373804e-02
-9.389753e-02 -1.007264e-01
-1.446362e-01 1.581915e-01
-1.519736e-01 1.369716e-01
-1.395412e-01 1.701606e-01
-5.774331e-03 -1.245248e-03
-1.387142e-01 1.274932e-01
-1.437160e-01 1.435928e-01
-2.803569e-02 -2.814467e-02
-8.921198e-02 -3.018652e-02
-1.259340e-01 1.777923e-01
-1.007593e-01 1.791149e-01
1.436074e-01 -6.883968e-02
1.886446e-01 -8.221157e-02
2.770064e-01 -4.973916e-02
4.026347e-02 -8.389901e-02
-3.831408e-02 -1.649181e-01
-5.804219e-02 -1.780037e-01
-1.049363e-02 1.395098e-01
-5.235611e-03 6.980488e-02
-2.008073e-02 1.349810e-01
-6.061810e-03 8.218592e-02
3.432077e-01 8.396589e-02
2.263621e-01 1.085945e-01
-1.152989e-01 -1.367242e-01
-1.308466e-01 -1.020194e-01
4.556928e-01 -2.705845e-02
3.800427e-01 -2.281975e-02
-1.520814e-01 1.090109e-01
-1.306008e-01 1.709649e-01
9.872150e-02 -4.943941e-02
-9.972323e-02 -1.699288e-01
-8.514122e-02 -2.009391e-01
-1.257718e-01 2.012663e-01
-1.153380e-01 1.949306e-01
-1.113773e-01 1.739233e-01
-1.159256e-01 2.138654e-01
-9.810399e-02 2.134992e-01
-1.270731e-01 -1.689072e-01
-1.615683e-02 1.544638e-03
-1.288900e-02 1.643658e-03
-1.479118e-01 -1.510961e-01
-1.419498e-01 -1.621168e-01
-1.541145e-01 -1.283893e-01
-1.311495e-01 1.109258e-01
-1.195948e-01 1.331090e-01
-1.765662e-01 -2.662423e-02
-1.720729e-01 -5.969870e-02
-1.716533e-01 -2.876633e-02
7.554978e-01 -1.026791e-02
7.305074e-01 -1.350579e-02
-1.167176e-01 -1.711805e-01
-1.203274e-01 -1.913390e-01
-1.349771e-01 -1.658192e-01
-1.747771e-01 -2.391194e-02
-1.773038e-01 4.409604e-03
-1.575330e-01 -3.029893e-02
-3.745509e-03 -4.019749e-02
5.035385e-02 -1.878911e-01
5.988917e-02 -2.046101e-01
-8.180541e-02 -2.013175e-01
-7.726318e-02 -1.771892e-01
-1.453125e-01 -6.626227e-02
-1.312514e-01 -3.084066e-02
-1.052510e-01 1.522405e-01
-9.798082e-02 1.308750e-01
-9.465472e-02 -1.666035e-01
-7.150101e-02 -1.528098e-01
1.637180e-01 -2.023677e-02
5.573709e-02 -2.459821e-02
-1.465475e-01 2.153335e-02
-1.333897e-01 1.696384e-02
-1.418672e-01 2.576806e-03
-1.739567e-01 3.218543e-02
-1.112091e-01 2.291019e-01
-1.532049e-01 -9.942754e-02
-1.643827e-01 -9.395281e-02
-8.875068e-02 1.667151e-01
-1.474815e-01 -1.374204e-01
-2.559685e-02 -2.161494e-01
3.291704e-02 -1.691399e-01
-2.584301e-03 -1.983693e-02
-2.267865e-03 -1.450931e-02
-1.451379e-01 6.396546e-02
-1.547603e-01 7.446305e-02
-1.397113e-01 8.748873e-02
-1.663616e-01 5.586266e-02
-1.673246e-01 -8.637245e-02
-1.579259e-01 2.512189e-02
-1.473952e-01 4.187146e-02
-1.218987e-01 9.457517e-02
-1.650790e-01 4.059062e-03
-1.673931e-01 2.847513e-02
-1.573576e-01 -1.075722e-01
-1.643284e-01 -7.755275e-02
-1.683453e-01 -4.804609e-02
-1.685621e-01 -2.063240e-02
-1.427033e-01 -1.221418e-01
1.070693e-01 -1.229342e-01
-1.284587e-01 -1.940988e-01
-1.593082e-01 -1.735862e-02
-1.105663e-01 -1.501074e-01
-1.036231e-01 -2.120673e-01
-1.201477e-01 -2.092187e-01
-1.577257e-01 -6.785688e-02
-8.541400e-02 -2.256100e-01
-1.340135e-01 5.413476e-02
-1.177557e-01 6.089252e-02
-1.213654e-01 4.404833e-02
-1.476188e-01 -5.580231e-02
-1.427969e-01 -7.950436e-02
-7.211514e-02 -2.294552e-01
-6.113853e-02 -2.547208e-01
-1.351038e-01 -1.061502e-01
-1.242519e-01 -1.292923e-01
-6.231697e-02 1.721278e-01
-8.840351e-02 2.088243e-01
-7.618841e-02 1.212595e-01
-9.060736e-02 1.101033e-01
-2.008034e-02 -1.350005e-01
-9.977160e-02 -2.308964e-01
-1.256834e-01 -8.782793e-02
-1.142531e-01 -2.233436e-01
-1.000494e-01 2.363273e-01
-9.705988e-02 2.501933e-01
-9.931959e-02 -2.479818e-01
-7.769772e-02 2.357215e-01
-1.173363e-02 -2.586522e-01
-4.166966e-02 -1.895791e-01
-6.551624e-02 -2.282759e-01
-8.666361e-02 -2.477068e-01
-5.325346e-02 -2.772333e-01
-8.371220e-02 -2.656016e-01
-7.416797e-02 -2.765394e-01
-1.745720e-02 1.062751e-03
-3.189914e-02 4.818954e-03
-5.184794e-02 6.170647e-03
-3.820299e-02 2.441334e-03
-1.958005e-02 8.151939e-04
-6.315763e-02 8.121834e-02
-5.045143e-02 8.631834e-02
-4.531513e-02 6.850696e-02
-8.252021e-02 9.039879e-02
-5.585210e-02 1.062318e-01
-4.149707e-02 2.810409e-01
1.221405e-02 2.444092e-01
-2.444062e-02 -2.635584e-01
-9.450292e-03 -4.213688e-03
-5.277943e-02 -2.048648e-01
-2.747457e-02 -2.096398e-01
-1.245725e-03 -6.645186e-04
-3.138507e-03 -9.483174e-04
-1.914981e-02 5.048965e-02
-5.752389e-02 4.157899e-02
-2.961746e-02 5.390498e-02
-1.118314e-01 7.817000e-02
-1.025125e-01 9.508109e-02
-9.308913e-02 1.772651e-02
-7.767648e-02 1.546923e-02
-1.366241e-01 -1.113969e-02
-8.275031e-03 -3.846318e-02
-2.255800e-02 1.331876e-01
-4.486046e-03 1.587404e-01
2.812215e-01 -1.651122e-02
5.323047e-02 2.010018e-01
-3.558488e-02 2.255883e-01
-6.584639e-02 2.607948e-01
-5.946532e-03 -2.085797e-02
-1.003891e-01 -6.556281e-02
-1.167335e-01 -7.495151e-02
-3.023887e-02 1.179813e-01
-3.338883e-02 1.393137e-01
-6.088823e-02 1.273873e-01
-5.445845e-02 1.743525e-01
-3.677943e-02 1.623831e-01
-4.013682e-02 1.867741e-01
-6.313758e-02 2.251256e-01
-4.418294e-02 2.125620e-01
-4.874186e-02 2.426150e-01
-2.716246e-02 9.841017e-02
-7.213535e-02 1.747601e-01
-6.661787e-02 1.504470e-01
-7.703084e-02 1.996602e-01
-8.085703e-02 2.243973e-01
-8.342923e-02 2.465503e-01
-8.274303e-02 2.645802e-01
-4.550198e-02 1.270865e-01
-5.108648e-02 -1.346065e-01
-5.289466e-02 2.668803e-01
-5.705373e-02 2.891650e-01
-8.447365e-02 -7.195733e-02
-2.029209e-03 -2.569493e-02
-1.783770e-03 -2.021581e-02
7.381201e-01 -1.329367e-02
7.742596e-01 -9.918143e-03
-6.776214e-03 8.336157e-04
-2.348511e-03 1.154148e-01
-4.630649e-02 7.480722e-03
-1.498986e-01 -1.279367e-02
-1.522229e-01 -3.398221e-02
-8.278162e-04 -4.578867e-03
-1.038662e-03 -7.392751e-03
4.464677e-01 -6.898710e-02
5.544661e-01 1.581088e-02
7.188076e-05 -6.533155e-05
-2.074883e-04 2.910703e-04
2.082401e-01 1.429954e-01
-2.089510e-04 -2.989641e-04
6.641851e-05 7.406806e-05
-1.964511e-03 2.445811e-03
5.549910e-01 -1.436752e-02
4.457212e-01 7.156886e-02
-2.866994e-04 -2.039919e-04
2.928398e-02 -7.688851e-02
5.990891e-01 -2.455897e-02
4.907714e-01 -3.187504e-02
-6.245789e-02 1.100752e-02
-5.970363e-02 2.776523e-01
-1.220429e-01 1.446280e-02
-1.064374e-01 1.605343e-02
-1.245908e-01 2.998598e-02
8.228911e-01 -4.486515e-03
1.932984e-02 2.015574e-01
1.252209e-01 1.499858e-01
2.319544e-03 1.806548e-01
-7.803468e-02 2.741491e-01
1.526966e-03 1.315737e-01
-2.608826e-02 2.548548e-01
-4.463798e-03 7.585839e-04
-9.196751e-03 3.786109e-03
6.205972e-01 -1.257686e-02
8.328370e-01 -2.918509e-03
-1.105663e-01 3.673675e-02
-7.860011e-04 -2.330769e-01
-2.412730e-03 -1.920988e-03
6.601981e-02 1.361083e-01
-6.899712e-02 2.690101e-01
-9.941508e-02 2.622599e-02
-2.235932e-03 -2.842592e-03
1.966303e-01 -1.526299e-01
1.597742e-01 1.170293e-01
