1.000000e+00
0.000000e+00
0.000000e+00 0.000000e+00
taylor-hood
cavity_fine
1.000000e+00 0.000000e+00
0.000000e+00 0.000000e+00
0.000000e+00 0.000000e+00
1.000000e+00 0.000000e+00
0.000000e+00 0.000000e+00
0.000000e+00 0.000000e+00
0.000000e+00 0.000000e+00
0.000000e+00 0.000000e+00
0.000000e+00 0.000000e+00
0.000000e+00 0.000000e+00
0.000000e+00 0.000000e+00
0.000000e+00 0.000000e+00
0.000000e+00 0.000000e+00
0.000000e+00 0.000000e+00
0.000000e+00 0.000000e+00
0.000000e+00 0.000000e+00
0.000000e+00 0.000000e+00
0.000000e+00 0.000000e+00
0.000000e+00 0.000000e+00
0.000000e+00 0.000000e+00
0.000000e+00 0.000000e+00
0.000000e+00 0.000000e+00
0.000000e+00 0.000000e+00
0.000000e+00 0.000000e+00
0.000000e+00 0.000000e+00
0.000000e+00 0.000000e+00
0.000000e+00 0.000000e+00
0.000000e+00 0.000000e+00
0.000000e+00 0.000000e+00
0.000000e+00 0.000000e+00
0.000000e+00 0.000000e+00
0.000000e+00 0.000000e+00
0.000000e+00 0.000000e+00
0.000000e+00 0.000000e+00
0.000000e+00 0.000000e+00
0.000000e+00 0.000000e+00
0.000000e+00 0.000000e+00
0.000000e+00 0.000000e+00
0.000000e+00 0.000000e+00
0.000000e+00 0.000000e+00
0.000000e+00 0.000000e+00
0.000000e+00 0.000000e+00
0.000000e+00 0.000000e+00
0.000000e+00 0.000000e+00
0.000000e+00 0.000000e+00
0.000000e+00 0.000000e+00
0.000000e+00 0.000000e+00
0.000000e+00 0.000000e+00
0.000000e+00 0.000000e+00
0.000000e+00 0.000000e+00
0.000000e+00 0.000000e+00
0.000000e+00 0.000000e+00
0.000000e+00 0.000000e+00
0.000000e+00 0.000000e+00
0.000000e+00 0.000000e+00
0.000000e+00 0.000000e+00
0.000000e+00 0.000000e+00
0.000000e+00 0.000000e+00
0.000000e+00 0.000000e+00
0.000000e+00 0.000000e+00
0.000000e+00 0.000000e+00
0.000000e+00 0.000000e+00
0.000000e+00 0.000000e+00
0.000000e+00 0.000000e+00
0.000000e+00 0.000000e+00
0.000000e+00 0.000000e+00
0.000000e+00 0.000000e+00
0.000000e+00 0.000000e+00
0.000000e+00 0.000000e+00
0.000000e+00 0.000000e+00
0.000000e+00 0.000000e+00
0.000000e+00 0.000000e+00
0.000000e+00 0.000000e+00
0.000000e+00 0.000000e+00
0.000000e+00 0.000000e+00
0.000000e+00 0.000000e+00
0.000000e+00 0.000000e+00
0.000000e+00 0.000000e+00
0.000000e+00 0.000000e+00
0.000000e+00 0.000000e+00
0.000000e+00 0.000000e+00
0.000000e+00 0.000000e+00
0.000000e+00 0.000000e+00
0.000000e+00 0.000000e+00
0.000000e+00 0.000000e+00
0.000000e+00 0.000000e+00
0.000000e+00 0.000000e+00
0.000000e+00 0.000000e+00
0.000000e+00 0.000000e+00
0.000000e+00 0.000000e+00
0.000000e+00 0.000000e+00
0.000000e+00 0.000000e+00
0.000000e+00 0.000000e+00
1.000000e+00 0.000000e+00
1.000000e+00 0.000000e+00
1.000000e+00 0.000000e+00
1.000000e+00 0.000000e+00
1.000000e+00 0.000000e+00
1.000000e+00 0.000000e+00
1.000000e+00 0.000000e+00
1.000000e+00 0.000000e+00
1.000000e+00 0.000000e+00
1.000000e+00 0.000000e+00
1.000000e+00 0.000000e+00
1.000000e+00 0.000000e+00
1.000000e+00 0.000000e+00
1.000000e+00 0.000000e+00
1.000000e+00 0.000000e+00
1.000000e+00 0.000000e+00
1.000000e+00 0.000000e+00
1.000000e+00 0.000000e+00
1.000000e+00 0.000000e+00
1.000000e+00 0.000000e+00
1.000000e+00 0.000000e+00
1.000000e+00 0.000000e+00
1.000000e+00 0.000000e+00
1.000000e+00 0.000000e+00
1.000000e+00 0.000000e+00
1.000000e+00 0.000000e+00
1.000000e+00 0.000000e+00
1.000000e+00 0.000000e+00
1.000000e+00 0.000000e+00
1.000000e+00 0.000000e+00
1.000000e+00 0.000000e+00
1.000000e+00 0.000000e+00
1.000000e+00 0.000000e+00
1.000000e+00 0.000000e+00
1.000000e+00 0.000000e+00
1.000000e+00 0.000000e+00
1.000000e+00 0.000000e+00
1.000000e+00 0.000000e+00
1.000000e+00 0.000000e+00
1.000000e+00 0.000000e+00
1.000000e+00 0.000000e+00
1.000000e+00 0.000000e+00
1.000000e+00 0.000000e+00
1.000000e+00 0.000000e+00
1.000000e+00 0.000000e+00
1.000000e+00 0.000000e+00
1.000000e+00 0.000000e+00
7.799395e-01 9.706505e-04
-1.125542e-02 -8.948216e-02
-9.171939e-03 8.313587e-02
7.738580e-01 -6.942560e-03
7.552899e-01 1.000240e-02
-1.539231e-02 -1.558888e-01
-4.169986e-02 1.354986e-03
-1.372554e-02 1.486633e-01
-5.550158e-03 -3.152536e-02
6.524420e-01 -2.594836e-02
-7.908468e-03 3.960005e-02
5.876596e-01 3.935058e-02
-2.439589e-02 -2.370561e-01
-2.593097e-02 -5.182783e-03
-2.460732e-02 2.387810e-01
-4.314572e-03 1.155896e-02
-2.700122e-02 5.503738e-03
5.619101e-01 -4.670307e-02
7.865128e-01 4.572068e-03
7.944351e-01 -2.602417e-03
-5.313608e-03 -1.409946e-02
4.461558e-01 7.617844e-02
2.539179e-01 -1.413028e-01
-5.531096e-03 -3.821715e-03
-4.205563e-03 2.695549e-03
-3.188872e-02 2.811627e-01
-1.477024e-02 -5.123340e-03
-3.809961e-02 -1.827558e-02
-5.574481e-02 -1.621471e-02
-6.554388e-02 -3.482959e-02
-8.584109e-02 -2.714101e-02
-9.575845e-02 -5.062267e-02
-1.154194e-01 -3.404936e-02
-1.261437e-01 -6.086104e-02
-1.431052e-01 -3.402538e-02
-1.540022e-01 -6.340217e-02
-1.666578e-01 -2.607721e-02
-1.765981e-01 -5.390175e-02
-1.837807e-01 -9.071456e-03
-1.896993e-01 -3.637150e-02
-1.917151e-01 1.235443e-02
-1.894972e-01 -1.614506e-02
-1.877931e-01 3.792624e-02
-1.850533e-01 -7.693843e-02
-1.726981e-01 -4.931866e-02
-1.690988e-01 -1.085460e-01
-1.820741e-01 4.344561e-02
-1.415148e-01 -8.236338e-02
-1.420642e-01 -1.399248e-01
-1.603628e-01 -1.600596e-01
-9.496138e-02 -1.094070e-01
-8.860541e-02 -5.295039e-02
-1.037609e-01 -1.652331e-01
-1.319147e-01 -9.503111e-02
-1.503568e-01 -2.853237e-03
-3.534632e-02 -1.277274e-01
-5.514715e-02 -1.819642e-01
-1.099499e-01 -2.182175e-01
-7.407257e-02 -2.355052e-01
-1.097840e-01 -2.637450e-01
-8.632308e-02 -2.839090e-01
5.368469e-03 -1.894065e-01
-7.044767e-02 -5.957142e-02
-9.839588e-02 -2.926991e-01
-1.132118e-01 -2.656223e-01
-8.356231e-02 -3.131714e-01
-5.966767e-02 -2.950118e-01
-8.474253e-02 -2.699758e-01
-9.768813e-02 -2.445600e-01
-9.978351e-02 -1.440520e-02
-6.887154e-02 -3.260815e-01
-2.752685e-02 -2.937655e-01
2.333343e-02 -2.362429e-01
9.903708e-02 -2.087914e-01
2.108745e-02 -2.716073e-01
1.794166e-01 -1.538977e-01
-6.078074e-02 -2.241112e-01
-7.274827e-02 -2.060177e-01
-1.099500e-01 -2.136623e-01
-8.362850e-02 -1.811767e-01
-1.211828e-01 -1.769807e-01
-9.472716e-02 -1.505200e-01
-5.684390e-02 -1.401584e-01
-6.641959e-02 -1.183191e-01
-6.208300e-02 -3.018527e-01
-3.352990e-02 -9.727052e-02
-4.089411e-02 -8.048309e-02
-5.241066e-02 -3.065186e-01
-1.397524e-01 -1.960158e-01
-1.506706e-01 -1.551439e-01
-7.035936e-02 -8.799964e-02
-2.375423e-02 -1.031546e-01
-4.359316e-02 -2.264021e-01
-2.465117e-02 -1.609116e-01
3.386919e-01 -1.022408e-01
4.089691e-01 -7.310702e-02
2.501711e-01 -1.111209e-01
4.720497e-01 -5.020194e-02
3.099422e-01 -7.668080e-02
-3.587357e-02 -3.914544e-03
-4.169314e-02 -1.479335e-03
-8.008605e-02 -1.113925e-03
-7.111559e-02 8.459168e-03
-1.013255e-01 9.205408e-03
-9.064027e-02 2.317815e-02
-1.204620e-01 2.793503e-02
-1.034095e-01 4.529291e-02
-1.331802e-01 5.318777e-02
-1.104352e-01 7.379088e-02
-8.098089e-02 5.721128e-02
-8.222041e-02 8.468844e-02
-1.127392e-01 1.067215e-01
-7.950730e-02 1.138116e-01
-1.090238e-01 1.419899e-01
-7.306370e-02 1.422456e-01
-1.023282e-01 1.768226e-01
-1.361944e-01 1.616639e-01
-1.281226e-01 2.006027e-01
-9.318356e-02 2.092099e-01
-1.171656e-01 2.368949e-01
-1.432099e-01 2.094918e-01
-1.276101e-01 2.442353e-01
-1.394283e-01 2.013548e-01
-1.127789e-01 2.285391e-01
-1.082256e-01 1.760416e-01
-6.129421e-02 1.919560e-01
-7.883150e-02 2.458222e-01
-4.258647e-02 1.383480e-01
-1.754858e-03 1.957187e-01
-3.555587e-02 2.499669e-01
-8.667050e-02 2.906494e-01
1.021426e-01 1.716401e-01
1.409289e-01 1.266180e-01
2.448742e-02 2.366016e-01
-1.006879e-01 1.215829e-01
-2.711494e-02 8.654763e-02
-8.218531e-02 2.372891e-01
-9.248917e-02 6.492683e-02
-5.450441e-02 5.930223e-02
-1.596763e-01 1.669290e-01
-1.508783e-02 3.536172e-02
7.956705e-02 5.168945e-02
8.952517e-02 9.990247e-03
2.180764e-01 2.404613e-02
2.232846e-01 -4.591701e-03
1.993095e-01 5.461267e-02
1.520899e-01 1.682702e-01
9.613914e-02 2.111208e-01
-2.612086e-02 2.933169e-01
2.187453e-02 2.712530e-01
3.664472e-01 2.551834e-02
3.446158e-01 4.607958e-02
-5.368983e-02 3.812223e-02
9.343837e-02 -2.542038e-02
2.241659e-01 -3.108816e-02
3.818582e-01 -1.146768e-02
3.738614e-01 -2.945777e-02
2.100357e-01 -5.914320e-02
-1.430865e-01 9.588421e-02
-1.405540e-01 3.656528e-02
-4.794865e-02 1.049428e-01
-4.028164e-02 1.238950e-01
-5.275787e-02 3.289310e-01
-6.780890e-02 3.264708e-01
-5.277656e-02 3.085088e-01
-5.899697e-02 2.997554e-01
-3.225669e-02 3.546414e-02
-3.046651e-02 1.995516e-02
-5.672335e-02 1.899795e-01
-4.043960e-02 1.947667e-01
-7.091907e-02 2.599640e-01
-3.189459e-02 5.383363e-02
-3.999789e-02 3.251540e-01
1.730585e-01 8.851870e-02
3.137582e-01 6.965345e-02
2.899189e-01 9.379425e-02
5.311431e-01 2.734455e-02
-2.077531e-02 1.975394e-01
2.413587e-01 1.468787e-01
3.857162e-01 -4.510466e-02
5.807744e-01 -1.567313e-02
-5.997101e-02 1.526430e-02
3.327161e-02 1.415743e-01
-2.432405e-02 -2.109973e-01
-2.141622e-02 -1.686082e-02
1.285221e-01 2.086065e-01
-1.046186e-01 2.689899e-01
-9.213082e-02 2.955126e-01
3.782647e-01 6.627853e-03
5.691884e-01 -7.864413e-04
5.646400e-01 7.779774e-03
5.564848e-01 1.648093e-02
-1.601792e-01 -9.817918e-02
-2.989997e-02 -2.422036e-01
-1.333185e-01 -1.319075e-01
-1.745013e-01 -1.112963e-01
-5.300127e-03 -6.932474e-02
2.488946e-01 -1.435537e-01
1.344482e-01 -2.053796e-01
-4.047948e-02 -3.253585e-01
2.009268e-02 -2.771980e-01
-5.256800e-02 -3.292000e-01
5.760811e-01 -8.491517e-03
1.821756e-01 -9.108998e-02
5.443538e-01 -3.082704e-02
-9.886213e-03 1.001956e-01
-4.286252e-02 -3.620016e-02
-4.281482e-02 -5.709627e-02
-2.177381e-02 -2.993762e-02
-1.784443e-02 -4.316453e-02
-5.025824e-03 4.129962e-02
-1.008761e-01 -8.129183e-02
-1.402140e-01 1.221952e-01
-1.631204e-01 1.285755e-01
-1.651602e-01 8.815751e-02
-1.808080e-01 8.713221e-02
-1.602903e-01 5.291567e-02
-1.733066e-01 1.290486e-01
-1.405825e-01 -2.341471e-02
-8.905910e-02 5.992310e-03
-8.760587e-03 -5.391801e-02
-1.412060e-02 1.473273e-02
3.251951e-01 1.050132e-01
6.482060e-01 2.646912e-02
-1.121890e-02 7.451418e-02
-1.174018e-02 1.235750e-01
-4.918709e-03 2.093816e-02
-2.307233e-03 -3.920044e-03
-2.392386e-02 2.664657e-01
-2.467575e-03 3.942737e-03
-7.317980e-02 -2.899907e-01
-1.411725e-02 4.891326e-03
5.904732e-02 9.507042e-02
-3.562148e-02 3.497439e-03
4.084253e-02 -1.358690e-01
-1.091898e-01 2.721571e-01
-6.623080e-02 1.694741e-01
-5.267950e-02 8.253002e-02
6.820961e-01 -1.947718e-02
-1.396367e-01 8.487584e-02
-1.552703e-01 1.700001e-01
-6.625378e-02 2.851747e-01
-1.385747e-01 -1.915934e-01
-4.520813e-02 -1.553096e-01
-1.269052e-01 -1.262176e-02
-6.971001e-02 -1.018162e-02
8.091907e-02 -1.817594e-01
-1.008044e-01 -1.164345e-01
5.620275e-01 4.668265e-02
4.320391e-01 -8.005173e-02
-1.270982e-01 -2.333105e-01
6.032502e-01 -3.644064e-02
7.738212e-01 6.957298e-03
7.921449e-01 -4.422389e-03
7.816701e-01 -1.078900e-03
-1.694274e-01 1.410968e-02
7.757513e-01 3.113311e-03
7.428905e-01 -1.099722e-02
-5.945199e-02 2.976486e-01
-1.734403e-01 8.932935e-03
-1.431504e-01 1.504670e-01
1.334016e-01 -1.324800e-01
-3.471750e-02 -1.640848e-01
7.307191e-01 1.398611e-02
4.600810e-01 5.920592e-02
-7.429362e-02 3.359348e-02
5.277753e-01 3.521710e-02
7.434904e-02 -9.099079e-02
-1.303033e-01 -2.356125e-01
-1.950167e-02 2.055849e-01
-2.234982e-02 -2.596338e-01
-1.675064e-01 1.184641e-01
-1.973341e-02 -2.063094e-01
-8.123750e-02 3.152023e-01
-3.377025e-02 -2.778294e-01
2.553278e-01 1.410735e-01
-4.804474e-02 2.068918e-02
1.918904e-02 2.783210e-01
-2.856059e-02 7.040107e-02
-1.404371e-02 -2.165743e-02
-1.478856e-01 2.668858e-02
-3.341775e-02 1.385897e-01
-1.712958e-01 6.527801e-02
-1.088465e-02 -1.217907e-01
-1.476052e-01 -2.016840e-01
-1.738701e-01 -1.264030e-01
-4.379398e-02 -2.510115e-01
-3.861931e-02 2.206726e-01
-3.389037e-03 -1.783132e-02
-1.282305e-01 7.405269e-03
-8.880987e-03 -9.267205e-02
-1.602351e-02 3.052970e-02
-5.302894e-03 -5.267434e-02
-1.602655e-01 -1.654521e-01
-1.052996e-02 -1.385129e-02
-3.487004e-04 3.558418e-04
-4.685037e-02 -3.090664e-01
-2.720485e-02 1.454937e-01
-4.806481e-04 -5.010011e-04
1.105836e-01 -5.498490e-02
-4.731858e-02 3.119824e-01
-1.962460e-02 -6.313223e-02
1.740981e-01 -1.031555e-01
1.774983e-01 9.966780e-02
-1.090367e-01 -2.566407e-03
-1.831905e-01 8.325548e-02
-3.938492e-02 2.431795e-01
5.415452e-01 3.832840e-02
-2.415802e-02 8.475573e-02
-1.817468e-01 -7.488004e-02
6.146214e-01 -1.786537e-02
-1.888700e-01 5.268258e-02
2.675233e-01 1.132555e-01
-1.545821e-02 4.397117e-02
-1.597699e-01 -1.248192e-01
-2.994762e-02 1.193011e-02
-5.661886e-03 1.051575e-01
-6.334663e-03 1.165219e-01
-2.184217e-02 1.784251e-02
-1.561505e-02 9.928555e-03
-2.233876e-02 1.131545e-02
-7.104629e-02 -7.340626e-02
-5.664942e-02 -5.989552e-02
-5.579620e-02 -7.234245e-02
-1.081790e-01 -1.647456e-01
-1.281249e-01 -1.545444e-01
-1.150427e-01 -1.444640e-01
-9.095757e-02 -6.458381e-03
-7.603564e-02 -6.130611e-03
-8.493749e-02 -1.276447e-02
-7.590037e-03 -1.268266e-01
-6.799232e-03 -1.146147e-01
-4.067841e-03 8.548855e-02
-1.678291e-02 1.719228e-01
3.353773e-02 2.186468e-02
-1.321724e-02 6.827182e-03
3.446990e-02 -4.494164e-03
-8.742660e-03 7.444053e-03
-8.548837e-03 3.955827e-03
-4.173620e-02 -3.086784e-01
-2.503448e-02 -2.515169e-01
-3.859340e-02 -3.138707e-01
5.099369e-01 -3.955463e-02
6.033801e-01 -2.721654e-02
6.383096e-01 -2.059819e-02
-5.548664e-02 -8.624629e-02
-4.229988e-02 -6.875770e-02
-2.968071e-02 -5.196054e-02
-2.808933e-02 -6.102210e-02
7.653876e-01 8.347293e-03
6.358544e-01 2.152892e-02
6.493172e-01 1.805131e-02
1.055187e-01 -1.137132e-01
1.253144e-01 -9.289557e-02
5.837467e-02 -1.127508e-01
3.618407e-01 1.018569e-01
9.387651e-02 2.246661e-01
1.734107e-01 1.835317e-01
3.953359e-01 7.925117e-02
2.951685e-01 1.103147e-01
3.581270e-01 8.537781e-02
6.566067e-01 1.326788e-02
5.450904e-01 2.164882e-02
6.670148e-01 1.021820e-02
7.256461e-02 -2.422797e-01
1.707755e-01 -1.847156e-01
2.483830e-01 -1.483106e-01
6.469335e-01 1.621689e-02
5.303804e-01 3.127437e-02
1.585480e-01 1.068173e-01
2.390245e-01 8.045429e-02
2.224396e-01 9.665624e-02
-1.164214e-01 -8.917619e-02
-1.015269e-01 -9.835418e-02
-1.173652e-01 -1.077869e-01
3.795619e-01 -9.549201e-02
1.941084e-01 -1.710041e-01
3.206117e-01 -1.182694e-01
-4.194045e-02 3.096692e-01
-3.888421e-02 3.152915e-01
-2.579409e-02 2.560748e-01
5.735749e-01 -4.704535e-03
6.769242e-01 -3.658283e-03
6.725827e-01 -1.434996e-03
9.449159e-02 -2.235611e-01
3.535558e-01 -1.045019e-01
-1.740367e-02 -9.932869e-02
-2.646227e-02 -1.283317e-01
-3.363939e-02 -1.288018e-01
1.974772e-01 -7.452672e-02
1.376738e-01 -7.481854e-02
5.023804e-01 -6.108407e-02
-6.185839e-02 -1.990998e-03
-5.712411e-02 -4.644318e-03
-8.609095e-02 -8.651719e-02
-8.525107e-02 -7.081513e-02
-1.877134e-02 -5.284379e-02
-2.972809e-02 -7.335615e-02
8.081520e-01 7.949404e-03
8.220298e-01 6.667053e-03
-7.047639e-03 -9.145813e-02
-2.846443e-03 -6.119874e-02
-1.736756e-02 -1.450295e-01
6.862910e-01 -7.431115e-03
6.818883e-01 -5.503044e-03
5.793578e-01 -1.213567e-02
-6.273373e-02 2.931530e-01
-7.644412e-02 3.054865e-01
-7.212833e-02 3.139548e-01
7.808463e-01 5.688628e-03
2.965409e-01 -1.207898e-01
4.132978e-01 -8.326204e-02
4.549294e-01 -6.915562e-02
-8.030332e-02 2.950101e-01
-8.701034e-02 3.062612e-01
-1.368321e-01 -1.682551e-01
-1.427320e-01 -1.440694e-01
1.871533e-01 1.743891e-01
3.747093e-01 9.717159e-02
3.164273e-01 1.198682e-01
6.566337e-01 -1.674242e-02
7.593291e-01 -8.798194e-03
6.718905e-01 8.431743e-04
6.698566e-01 3.344108e-03
5.679873e-01 3.448900e-03
6.828881e-01 -9.617387e-03
7.938332e-01 -3.482254e-03
-1.234123e-02 -2.246851e-02
-1.045104e-02 -2.656973e-02
-2.031607e-02 -3.696896e-02
4.022168e-01 8.675060e-02
2.870462e-01 1.236394e-01
4.384689e-01 7.309043e-02
4.766354e-01 6.065816e-02
5.463996e-01 4.294949e-02
-5.382639e-03 -1.098186e-01
-2.190765e-02 -2.102804e-01
1.233418e-01 1.481283e-01
2.092522e-01 1.121027e-01
1.892976e-01 1.311316e-01
5.848782e-01 -4.105498e-02
2.496375e-01 1.478908e-01
5.087770e-01 5.954458e-02
2.799157e-01 1.032077e-01
1.763924e-01 1.440138e-01
7.884362e-01 -1.879436e-03
-1.569616e-02 -1.263741e-01
-2.584485e-03 -5.341984e-02
-4.401946e-03 -1.652436e-02
-9.321240e-03 -3.069745e-02
8.296005e-02 1.361226e-01
9.752723e-02 1.145814e-01
4.882078e-01 -5.862293e-02
5.193410e-01 -4.905632e-02
3.763305e-01 -8.626141e-02
6.930545e-02 2.444012e-01
-8.516497e-02 -1.026626e-01
5.616277e-01 1.205223e-02
6.668924e-01 5.720923e-03
6.640847e-01 8.245064e-03
-4.598599e-03 -9.072809e-02
-1.929592e-02 -1.821836e-01
2.294153e-01 1.381968e-01
2.086501e-01 1.393653e-01
5.764317e-01 4.275315e-02
-1.750245e-01 6.713776e-02
-1.825410e-01 6.451575e-02
-1.741837e-01 8.867686e-02
-1.187232e-01 5.131338e-02
-1.176855e-01 2.114304e-02
-9.018304e-02 3.540347e-02
-1.050747e-01 -8.953400e-03
-9.487280e-02 -1.754744e-03
6.300155e-01 -3.065833e-02
8.436432e-02 -1.362423e-01
1.590692e-01 -1.107397e-01
-1.635605e-01 6.970369e-02
-1.722655e-01 4.953965e-02
-5.494052e-02 2.160741e-02
-5.461287e-02 -8.600317e-03
-6.419957e-03 4.132472e-02
-1.477535e-02 6.061703e-02
-1.308528e-02 6.495617e-02
7.815142e-01 3.885899e-03
-2.886909e-02 -1.990394e-01
-2.548985e-02 -1.806418e-01
-1.291693e-02 -1.381670e-01
3.036226e-01 8.128117e-02
-2.316904e-02 1.511681e-01
-2.503045e-02 1.668760e-01
-1.077187e-02 1.114529e-01
-2.429015e-02 1.031752e-01
-1.758307e-02 8.238769e-02
-3.163464e-02 1.036499e-01
-4.779751e-02 -3.236879e-01
-3.617270e-02 -2.815806e-01
8.398546e-01 -4.824264e-03
8.300025e-01 -5.725884e-03
-9.453215e-02 2.988473e-01
-1.025234e-01 2.877566e-01
-9.857617e-02 2.826079e-01
7.920222e-01 9.730546e-03
6.206598e-01 3.220973e-02
-1.699144e-02 5.652270e-02
-2.657862e-02 7.805660e-02
-1.172559e-01 -1.256338e-01
-9.834591e-02 -1.334161e-01
-2.865004e-02 -2.082078e-01
-4.367644e-02 -2.387717e-01
7.783996e-01 2.025012e-03
4.137204e-02 -4.607568e-02
3.562615e-02 -2.414154e-02
-8.669298e-03 -4.560304e-02
7.813386e-01 -5.667188e-05
-2.148497e-02 -1.269747e-01
-4.010827e-02 -1.610104e-01
-2.006769e-02 2.021621e-01
-5.277217e-03 1.090657e-01
-7.687810e-03 5.662748e-02
-3.704205e-02 1.320119e-01
-2.087247e-02 1.061212e-01
-2.192474e-02 -3.113970e-01
-2.511495e-02 -3.014256e-01
-5.749601e-02 4.993515e-02
-1.638507e-01 -1.350243e-01
-1.566084e-01 -1.612200e-01
-1.683740e-01 -1.382363e-01
4.797349e-02 -6.265093e-02
1.028304e-01 -4.047308e-02
3.495896e-01 -5.953010e-02
4.213197e-01 -5.183877e-02
4.610154e-01 -3.904066e-02
-3.676352e-02 2.843638e-01
-4.755896e-02 3.245235e-01
2.381083e-02 -1.619237e-01
6.274129e-02 -1.617813e-01
9.254950e-02 -7.808844e-03
-1.404594e-01 6.586154e-03
-1.176172e-01 -8.488816e-03
-3.952685e-02 2.080053e-01
-2.370396e-02 1.747689e-01
-1.315411e-02 -8.031633e-02
-7.856221e-03 -6.982529e-02
-4.298805e-02 1.034840e-02
-3.185560e-02 4.606646e-03
-4.903145e-02 8.324867e-03
-1.332417e-01 -1.129264e-01
-1.128880e-02 -3.949449e-02
-1.155130e-02 -4.722037e-02
2.776912e-01 -6.677703e-02
2.423405e-01 -8.554749e-02
4.814951e-01 -2.809946e-02
4.946715e-01 -3.056310e-02
5.978596e-01 -1.694052e-02
5.804546e-01 -2.367552e-02
6.686795e-01 -2.247829e-02
5.410784e-01 -4.229851e-02
-3.351495e-02 1.956274e-01
-1.993355e-02 1.678482e-01
1.637761e-02 1.679170e-01
-9.850818e-02 2.829405e-01
-1.102766e-01 2.745599e-01
-1.673790e-01 1.480509e-01
-1.597166e-01 1.702311e-01
-1.653179e-01 1.509292e-01
8.252895e-01 -6.399359e-03
-2.268364e-02 1.866990e-04
-2.273424e-02 -2.092821e-04
-4.248656e-02 -5.203849e-05
-6.207433e-02 1.221173e-03
-2.552477e-02 1.998189e-01
-3.017497e-02 2.248304e-01
6.159786e-02 1.616290e-01
-8.608882e-02 3.066376e-01
-3.942920e-02 -2.762105e-03
-5.302158e-02 -7.159805e-03
-2.030867e-02 -8.952841e-04
-2.188796e-02 -5.485415e-04
-1.471747e-01 5.418320e-02
-1.511609e-01 7.016829e-02
-1.370925e-01 6.820336e-02
3.679313e-01 7.802665e-02
4.066399e-01 6.471158e-02
5.020881e-01 4.774209e-02
6.919032e-01 1.933076e-02
8.567580e-01 4.108873e-03
-6.372305e-02 -3.246596e-01
-5.828615e-02 -3.269534e-01
-6.106158e-02 -3.291944e-01
4.726035e-01 -4.801637e-03
4.751053e-01 -1.064497e-02
-2.720006e-02 -2.703833e-01
-5.082942e-03 -2.413192e-01
-4.643907e-02 -2.697537e-01
-8.893649e-02 2.698202e-01
-8.333863e-02 2.818517e-01
-2.880697e-02 -1.014734e-01
-1.961830e-02 -7.794496e-02
-1.521903e-02 -7.719552e-02
-5.454324e-02 1.824729e-02
-3.824737e-02 1.205311e-02
3.814750e-01 -2.473013e-03
4.704177e-01 1.837722e-03
3.856222e-01 -6.457494e-02
-1.803070e-02 -1.152026e-03
-5.175296e-02 1.649333e-01
-7.253279e-03 1.416031e-01
-1.250194e-02 -2.155619e-01
1.762112e-02 -2.144561e-01
4.059605e-02 -1.878360e-01
-2.035197e-02 -5.322447e-03
-2.559620e-02 -1.090629e-02
-3.323880e-02 -1.090967e-02
-1.698533e-01 1.300866e-01
-1.599419e-01 1.490992e-01
-7.667741e-02 2.494629e-01
-9.471103e-02 2.559676e-01
4.680126e-01 8.221199e-03
-7.350571e-02 -2.908432e-01
-6.491233e-02 -2.670694e-01
2.990197e-01 -9.204144e-03
2.975356e-01 2.292698e-03
-2.176006e-02 3.112531e-01
-2.510985e-02 3.029795e-01
4.330248e-01 3.730378e-02
4.470323e-01 2.927295e-02
-1.755331e-01 -1.192350e-01
-1.678748e-01 -1.469226e-01
-1.530398e-01 8.771597e-02
-8.371494e-02 -5.638414e-02
-9.905078e-02 -6.516801e-02
-1.252135e-02 1.505323e-03
-2.041288e-02 5.383490e-03
-8.612794e-03 1.342589e-03
1.261489e-01 1.710938e-01
-6.875164e-02 -4.655772e-02
-5.440062e-02 -3.651591e-02
-5.596203e-02 -4.769773e-02
-1.570067e-02 1.406728e-03
-1.772497e-02 1.061601e-03
1.360545e-01 5.455916e-02
1.244813e-01 7.397684e-02
7.050682e-02 7.290008e-02
5.580208e-02 2.382518e-01
7.434379e-04 2.815714e-01
4.051402e-01 6.086641e-02
5.349920e-01 3.681931e-02
-4.348514e-02 -4.642752e-02
-9.106573e-03 1.438829e-02
-3.447741e-03 7.266497e-03
-6.992023e-03 8.802793e-03
8.648358e-01 -3.192199e-03
7.142441e-01 -1.473877e-02
-1.205594e-02 -1.412317e-03
-8.901544e-03 -1.398668e-03
4.260671e-04 -1.334797e-01
1.415634e-02 -1.097400e-01
5.697817e-01 -3.457953e-02
-6.719069e-02 -1.197963e-01
-1.979460e-02 -9.792527e-02
-5.550621e-02 -8.954240e-02
-5.129376e-02 -2.634106e-02
-4.131509e-02 -2.674869e-02
-1.593761e-01 2.280580e-02
-1.594871e-01 -7.184860e-03
1.083497e-01 -1.559365e-01
-9.875809e-03 -4.738544e-03
-1.222293e-02 -9.182829e-03
-1.898061e-02 -1.045716e-02
-7.681436e-02 4.122396e-03
-5.753732e-02 3.975803e-03
-1.538594e-01 1.068251e-01
-1.406502e-01 1.029332e-01
2.155282e-01 -1.038718e-01
-9.148505e-02 2.903351e-03
-8.652128e-02 9.588466e-03
-1.267125e-01 1.154008e-01
-1.270937e-01 9.738065e-02
-5.685257e-02 -3.176339e-01
-4.350714e-02 -3.160591e-01
-1.466760e-01 -9.809013e-02
-1.479390e-01 -1.168013e-01
-4.721137e-02 -1.778140e-02
-6.157774e-02 -2.472912e-02
-2.965299e-02 -1.817090e-02
1.876668e-01 7.100755e-02
1.123640e-01 9.341561e-02
1.136617e-01 -2.113778e-01
6.737875e-02 -2.442621e-01
-9.702536e-02 1.662471e-02
-1.116176e-01 1.730530e-02
-1.056281e-01 2.628176e-02
-1.128849e-01 3.742150e-02
-1.274615e-01 3.954363e-02
-1.183405e-01 5.006233e-02
-6.633754e-02 1.214104e-02
-5.366874e-02 6.299349e-03
-3.921864e-02 2.512492e-03
-1.065622e-01 -4.327559e-02
-1.109086e-01 -5.656082e-02
-1.214481e-01 -4.648225e-02
-7.634291e-02 -3.181758e-02
-8.032211e-02 -4.306569e-02
-9.155627e-02 -3.797949e-02
-3.132310e-02 -2.584463e-02
-3.883995e-02 -2.650572e-01
-3.686901e-02 -2.699780e-01
-4.050573e-02 -1.032279e-02
-9.661949e-02 1.124804e-01
-1.114829e-01 1.240986e-01
-9.406840e-02 1.285909e-01
-1.006316e-01 2.413070e-01
-1.111388e-01 2.534556e-01
-1.441689e-01 -8.048378e-02
-1.578707e-01 -8.000359e-02
-1.358093e-01 -4.834034e-02
-1.404119e-01 -6.323521e-02
-1.492735e-01 -4.769857e-02
-9.138718e-02 1.448972e-01
-1.061601e-01 1.594283e-01
-8.755894e-02 1.604168e-01
-1.171719e-01 -3.874534e-02
-8.819273e-02 -2.347054e-02
-1.616021e-01 -4.546582e-02
-1.661539e-01 -6.003097e-02
-1.724163e-01 -3.912257e-02
5.924255e-02 -2.392469e-01
1.627198e-01 -1.801308e-01
-1.813247e-01 -3.196663e-02
-1.844791e-01 -4.635483e-02
-1.878040e-01 -2.193116e-02
-1.344449e-01 2.824063e-02
-1.416073e-01 4.074746e-02
-1.915524e-01 -1.225568e-02
-1.914373e-01 -2.708044e-02
-1.921635e-01 -1.183795e-03
-1.882716e-01 -4.709438e-02
-1.821146e-01 -6.437908e-02
-1.830823e-01 -3.242669e-02
-1.185961e-01 -6.796667e-02
-1.410112e-01 -5.294310e-02
-1.114730e-01 2.082367e-01
-1.230289e-01 2.190301e-01
-1.061251e-01 2.251224e-01
-1.714237e-01 -7.929865e-02
-1.585153e-01 -9.641532e-02
-1.590604e-01 -6.609071e-02
-1.780805e-01 1.077356e-01
-1.836461e-01 8.598666e-02
-1.789915e-01 1.068440e-01
2.221254e-01 9.621700e-03
2.947533e-01 1.411687e-02
-1.887732e-02 2.226199e-01
4.490129e-02 1.868330e-01
2.159945e-02 2.141130e-01
-7.060073e-02 2.192141e-01
-4.697685e-02 2.233453e-01
3.569955e-01 3.544490e-02
4.572391e-01 2.172593e-02
-1.200591e-01 1.719257e-01
-1.326892e-01 1.811377e-01
-1.158975e-01 1.902981e-01
-1.420182e-01 -1.113866e-01
-1.225244e-01 -1.256899e-01
-1.203057e-01 -9.669371e-02
-9.136058e-02 -8.106836e-02
-5.066082e-02 -6.235644e-02
-9.935235e-02 -1.373486e-01
-7.421059e-02 -1.474844e-01
-9.694782e-02 8.083457e-02
-1.122038e-01 8.966585e-02
-9.723181e-02 9.636306e-02
2.101327e-01 3.895423e-02
2.889142e-01 2.600774e-02
2.790802e-01 3.874981e-02
-2.219919e-02 -2.329749e-02
-3.197029e-02 -3.408120e-02
3.737903e-01 1.588752e-02
4.623128e-01 1.516851e-02
8.592936e-02 3.059791e-02
1.503838e-01 1.844559e-02
1.446982e-01 3.684947e-02
4.718739e-02 1.177221e-01
-1.313573e-01 2.258865e-01
-1.359208e-01 2.273241e-01
-1.247530e-01 2.433823e-01
-1.111358e-01 2.029132e-01
-8.637913e-02 1.853473e-01
-9.237792e-02 2.126339e-01
-1.346412e-01 2.244807e-01
-1.269866e-01 2.158066e-01
-1.241398e-01 2.393515e-01
6.242043e-02 2.031612e-01
8.077756e-02 2.040345e-01
-6.732489e-02 -3.148300e-01
-4.456669e-02 -2.962341e-01
-8.168555e-02 1.478044e-02
1.403563e-01 -1.795292e-01
2.053203e-01 -1.548372e-01
2.502347e-01 -1.303644e-01
-9.771672e-02 3.326310e-02
-8.153959e-02 -2.610155e-01
-5.326141e-02 -2.405376e-01
-6.130765e-02 2.227390e-01
-5.552448e-02 2.299552e-01
-1.227683e-01 6.470922e-02
-1.075841e-01 5.872612e-02
-3.698206e-03 -2.655048e-01
2.286218e-02 -2.564730e-01
5.737753e-02 -2.252672e-01
-1.813605e-01 -9.570175e-02
-1.849579e-01 -7.646634e-02
-1.786158e-01 -9.299946e-02
-1.608159e-02 3.050036e-01
6.581104e-02 2.453620e-01
1.002680e-02 2.868794e-01
-1.006299e-01 -3.126593e-02
-1.019046e-02 7.943025e-02
-2.001922e-02 1.152598e-01
-1.294901e-01 -3.501826e-02
-7.065177e-02 -2.191150e-02
-1.730231e-01 1.090684e-01
3.810997e-01 -3.745369e-02
4.724594e-01 -2.288853e-02
2.250071e-01 -1.783647e-02
2.998001e-01 -2.009300e-02
-1.058006e-01 3.749592e-03
-6.498511e-02 -2.088951e-01
-4.056710e-02 -2.147424e-01
-2.665302e-02 -1.874829e-01
-7.673200e-02 1.281706e-01
-8.720202e-02 -3.021348e-01
-7.761183e-02 -3.098194e-01
3.307899e-01 5.733818e-02
4.187110e-01 4.607730e-02
-2.020922e-02 6.067464e-02
2.929672e-02 4.479825e-02
2.188274e-02 6.868835e-02
-8.293142e-03 -8.177572e-03
-1.577261e-02 -1.587321e-02
-8.138816e-02 9.905573e-02
-1.554109e-01 -3.114674e-02
-3.437936e-03 -1.168425e-03
-5.867534e-03 -1.274308e-03
5.836572e-02 2.402197e-01
1.580527e-01 1.828147e-01
1.115355e-01 2.126954e-01
-1.761395e-01 -1.869461e-02
-1.890237e-01 8.123344e-04
-9.812300e-02 1.933075e-01
-8.795210e-02 2.238373e-01
-1.892524e-01 1.084989e-02
-1.914225e-01 2.463934e-02
-1.380164e-03 2.333898e-02
-2.871819e-03 3.729334e-02
-5.870093e-02 2.496954e-01
1.318673e-02 9.223836e-02
-1.297496e-01 -7.710579e-02
-2.758241e-03 5.685335e-02
-3.044636e-03 6.338442e-02
-1.175653e-01 2.599194e-01
-1.188524e-01 2.589602e-01
-8.396135e-02 2.696549e-01
-9.931331e-02 2.627220e-01
-7.508501e-02 2.034918e-01
-6.170794e-02 1.804195e-01
-7.964699e-02 1.903320e-01
-1.799971e-01 -1.018065e-01
-1.571143e-01 -1.246900e-01
-1.790661e-01 -9.281289e-02
-9.685730e-02 2.384755e-01
-8.362896e-03 2.458008e-01
-1.696906e-01 -7.695364e-02
-1.244737e-01 -1.534973e-01
-1.149895e-01 8.917139e-03
-1.253184e-01 1.802326e-02
-6.479608e-02 -2.563485e-01
-5.895220e-02 -2.624278e-01
-7.897685e-02 -2.808373e-01
-1.685680e-01 -1.054071e-01
-1.723861e-01 -8.851810e-02
-1.886320e-01 -5.604191e-02
-8.102202e-02 -1.749097e-01
-4.494743e-02 -1.545710e-01
-6.165215e-03 -2.858315e-01
-7.625402e-02 -3.206921e-01
-8.451063e-02 1.763564e-01
-1.122391e-01 2.520561e-01
-1.594099e-01 -3.671711e-02
2.681427e-01 5.160223e-02
1.525840e-01 1.686902e-03
3.792376e-01 -2.034719e-02
4.720733e-01 -1.712644e-02
-1.230445e-01 1.530601e-01
-1.513764e-02 -1.321123e-03
-3.122663e-02 -4.678194e-03
1.252182e-01 1.883412e-01
5.687048e-02 2.263503e-01
2.955432e-01 -3.147043e-02
-6.362994e-02 1.116470e-01
-5.068968e-02 9.390795e-02
-6.550558e-02 9.824833e-02
-1.373715e-01 2.071093e-01
-8.025073e-02 1.584291e-01
-1.278993e-01 1.906988e-01
-1.442522e-01 2.076990e-01
-6.943825e-03 -5.443647e-02
-1.354926e-03 -8.148853e-04
2.857675e-01 -1.115411e-01
2.000526e-01 1.561494e-01
-6.753036e-02 8.540986e-02
-2.762441e-03 8.556826e-04
-1.009851e-03 5.802008e-04
9.131312e-02 -1.967701e-01
-8.905736e-03 1.481172e-01
-5.845072e-03 1.556978e-01
-3.676966e-03 3.724205e-03
-1.427334e-01 1.875064e-01
-1.498916e-01 1.898938e-01
-1.002730e-02 2.705737e-02
-1.591963e-02 3.728108e-02
-9.399914e-03 3.185769e-02
-1.524867e-01 1.897682e-01
-2.188278e-02 5.281790e-04
-7.848072e-02 -1.942329e-01
-6.419913e-02 -1.723022e-01
-5.853027e-02 -1.814303e-01
-1.243621e-03 7.023159e-03
-4.677779e-03 1.605790e-02
-1.203411e-03 9.126853e-03
-3.136653e-02 -4.268233e-02
-1.251514e-01 8.024742e-02
-5.640299e-02 1.360149e-01
-6.997282e-02 1.561713e-01
-5.262989e-02 1.469292e-01
3.329606e-03 1.168451e-01
-1.277001e-02 -1.599183e-01
4.136301e-01 5.268477e-02
-1.836935e-01 -4.027741e-03
-1.826602e-01 2.400855e-02
-4.397530e-03 -2.408571e-02
1.063078e-02 -2.864489e-01
-2.318990e-03 4.124321e-02
-2.532326e-03 4.701976e-02
-9.480209e-03 9.152257e-02
-2.523120e-03 5.052349e-02
-9.546264e-02 6.602830e-02
-8.221336e-02 7.049336e-02
-1.070431e-01 -2.575713e-01
-1.204129e-01 -2.499452e-01
-1.134329e-01 -2.421815e-01
-2.321383e-02 4.159889e-02
-2.334931e-02 5.012959e-02
-5.994497e-02 1.236351e-01
-4.442977e-02 1.150385e-01
-3.113961e-03 -5.186489e-02
-2.889055e-03 -4.549080e-02
-4.052033e-03 -8.173152e-02
-2.398813e-03 -3.093275e-02
-2.201244e-03 -2.590441e-02
-6.942675e-02 2.147848e-01
-4.876690e-02 1.944558e-01
-1.237900e-03 1.952641e-02
-3.639715e-03 7.692853e-02
-2.872635e-02 3.104992e-01
-4.614693e-02 3.280695e-01
-6.911245e-02 -3.200983e-01
-5.725826e-02 -3.053781e-01
-1.554467e-03 -1.860748e-02
-1.390943e-03 -1.483135e-02
2.292088e-02 2.571034e-01
-4.933232e-03 2.853399e-01
-1.956338e-03 1.815321e-02
-2.159217e-03 2.261233e-02
-8.907198e-03 -1.470634e-01
-7.735562e-03 -1.308787e-01
-7.012232e-03 -4.179420e-02
-7.815430e-03 1.318354e-01
-8.754993e-02 -2.020987e-01
-9.303704e-02 -2.281182e-01
-9.697477e-02 -2.528395e-01
-9.847697e-02 -2.748740e-01
-9.670174e-02 -2.925867e-01
-9.101721e-02 -3.037906e-01
-1.474470e-03 -8.066973e-03
-1.228543e-03 -5.130865e-03
2.883541e-01 -4.309920e-02
2.923760e-01 -5.375334e-02
-1.507401e-01 1.470433e-01
-1.469472e-01 1.674006e-01
-1.727979e-01 1.250169e-01
-1.643749e-01 1.435088e-01
2.545562e-01 6.586227e-02
-1.733951e-01 -2.025838e-02
1.549373e-01 -1.389180e-02
1.550721e-01 -2.943650e-02
4.426751e-01 -6.062338e-02
-1.145375e-01 -7.248055e-02
-6.987816e-02 -1.611489e-01
-5.130603e-02 -1.488048e-01
-2.853306e-02 2.120184e-01
-5.286424e-02 2.055366e-01
5.207209e-02 -2.081525e-01
-1.854750e-01 7.049655e-02
-1.869103e-01 6.767534e-02
-6.864518e-02 2.730021e-01
-4.268335e-02 4.695590e-02
-4.305143e-02 5.783448e-02
-3.253276e-02 4.453474e-02
3.229564e-01 -9.351478e-02
3.553387e-01 -7.846464e-02
-1.003054e-03 4.385071e-03
-7.372887e-02 1.312230e-01
-6.816156e-02 1.044583e-01
-3.422100e-02 1.121249e-01
-4.444740e-02 -1.184518e-01
-3.937147e-02 -1.251101e-01
-1.560118e-02 2.231371e-02
-9.144586e-03 2.019967e-02
-6.211535e-02 7.680018e-02
-1.388569e-01 1.416242e-01
-1.525823e-01 1.267400e-01
-1.254621e-01 1.342062e-01
-1.649894e-01 1.078268e-01
-3.347880e-02 -1.935780e-01
-7.323417e-02 -2.490771e-01
-5.236821e-02 -2.276015e-01
-5.635670e-03 1.219796e-03
-1.680214e-02 -3.055014e-01
-5.406817e-02 7.079182e-02
-4.160027e-02 6.776941e-02
-7.140848e-04 -2.324477e-03
-4.632644e-04 -8.423365e-04
-1.988530e-02 8.135686e-04
-3.730688e-03 -8.177142e-03
-1.040919e-01 -2.296203e-01
-1.197130e-01 -2.252498e-01
-1.160234e-01 -1.956209e-01
-1.257527e-01 -2.074366e-01
-1.313753e-01 -1.877518e-01
-1.726645e-01 3.721105e-02
-1.812354e-01 5.150679e-02
-2.548790e-02 1.912434e-01
-3.895125e-02 2.319386e-01
-2.902783e-02 -3.109547e-01
-2.390331e-03 2.654773e-01
-6.780642e-02 2.745350e-01
-1.661105e-01 3.403142e-02
-1.768641e-01 2.760757e-02
-7.513609e-02 -3.141656e-01
-1.882681e-01 2.920823e-02
-1.843245e-01 1.701205e-02
-9.291670e-02 5.230583e-02
-5.457681e-02 -3.688325e-02
-1.652675e-01 -1.348991e-01
-1.541424e-01 -1.513933e-01
-1.073234e-01 -1.921628e-01
-4.299172e-02 3.155049e-01
2.184266e-01 -4.482442e-02
-7.525530e-02 1.970003e-02
-4.723386e-02 -8.988572e-03
-1.082976e-01 -2.313910e-02
-9.377860e-02 -2.135594e-02
-1.592351e-01 -1.328607e-02
-1.480026e-01 -1.886221e-02
-3.358595e-03 7.070891e-02
-3.131516e-03 4.331452e-02
-4.407406e-02 -2.689000e-01
2.163866e-01 -1.309890e-01
-1.045462e-01 1.489134e-01
-1.504073e-01 1.845896e-01
-1.109487e-01 -2.423066e-01
-1.057460e-01 -2.811551e-01
-6.778355e-02 7.208175e-02
-6.798637e-02 5.963129e-02
-2.760019e-03 1.764100e-01
-4.107799e-03 -4.389762e-03
-5.553203e-03 -8.240994e-03
-1.338389e-01 -2.149348e-01
-4.198398e-02 -1.984521e-01
3.290919e-02 -8.170646e-02
-1.385234e-03 1.238169e-02
-4.935465e-02 1.576170e-01
-1.504688e-01 -1.763271e-01
-1.407737e-01 -1.663132e-01
-1.693167e-01 -6.223142e-03
-1.605033e-01 4.613575e-03
2.819703e-01 -9.267073e-02
-9.632424e-02 9.317216e-02
-4.996225e-04 8.638781e-04
-7.677859e-04 2.374995e-03
5.939859e-01 -4.462114e-02
5.136951e-01 -5.917488e-02
-1.867116e-01 4.813134e-02
-1.457862e-01 -1.756056e-01
7.083607e-01 -1.963641e-02
6.581041e-01 -2.520287e-02
-9.369694e-02 -2.848273e-01
-8.746044e-02 -2.965442e-01
-5.224928e-03 -1.492983e-01
6.664486e-01 2.390038e-02
7.154093e-01 1.863237e-02
7.788310e-01 -1.179608e-02
7.500580e-01 -1.488043e-02
-1.678074e-01 -1.190407e-01
-1.555996e-01 -1.399884e-01
7.501989e-01 1.478491e-02
7.788629e-01 1.172333e-02
8.003927e-01 -8.956199e-03
7.806059e-01 -1.105472e-02
-6.240904e-03 1.214254e-01
8.115892e-01 -7.655728e-03
7.715140e-01 1.194882e-02
-4.631857e-02 -3.282883e-01
-5.426356e-02 -3.282548e-01
8.717840e-01 2.861202e-03
8.777006e-01 2.398606e-03
8.867140e-01 -1.650509e-03
8.826057e-01 -1.996199e-03
8.826124e-01 1.994652e-03
8.867224e-01 1.646111e-03
8.957794e-01 -1.006056e-03
8.931294e-01 -1.269690e-03
-4.870061e-02 2.748337e-01
-7.393951e-02 2.957143e-01
8.900624e-01 1.327263e-03
8.927455e-01 1.043971e-03
8.963661e-01 -5.543810e-04
8.948352e-01 -7.934557e-04
8.851063e-01 9.398136e-04
8.867694e-01 6.626890e-04
8.893417e-01 -1.363800e-04
8.887909e-01 -3.915714e-04
-8.105785e-02 -3.061010e-01
1.259407e-01 -1.700862e-01
8.878587e-01 3.859482e-04
8.883921e-01 1.301010e-04
-1.356182e-01 -2.221338e-02
-1.223079e-01 -2.390842e-02
-1.135716e-01 -1.433404e-02
-7.878953e-02 -1.755230e-02
-6.348226e-02 -1.361216e-02
-6.321738e-03 -1.222308e-01
1.580012e-01 -1.463689e-01
-4.408571e-02 2.974358e-01
-2.689648e-02 2.720837e-01
-6.061666e-02 3.289760e-01
-5.850858e-02 3.276950e-01
-6.341380e-02 3.255717e-01
-1.250340e-01 -1.801088e-01
-1.386318e-01 1.587809e-02
-1.390257e-01 -8.751576e-03
-1.775379e-01 3.650989e-03
-1.261189e-02 1.356303e-01
-5.487854e-02 2.459616e-01
-5.589932e-02 3.048836e-01
-3.721093e-02 2.615537e-01
-4.051056e-02 2.618708e-01
-1.059353e-01 -2.798364e-01
-1.003270e-01 -2.720687e-01
-1.798088e-01 -6.406614e-02
-1.545024e-01 1.602928e-01
-1.564945e-01 1.348522e-01
-8.325362e-02 2.898263e-02
-6.790467e-02 2.354074e-02
-2.269301e-03 -4.753216e-02
-1.419932e-01 1.766782e-01
-9.137853e-02 -2.580233e-01
-7.975669e-02 -2.391696e-01
-6.202115e-02 -1.298062e-01
-4.945826e-02 -1.104812e-01
-6.282364e-03 2.942847e-02
-1.213756e-01 8.085686e-02
-1.418819e-01 6.631830e-02
-8.965041e-02 -1.663079e-01
-7.583414e-02 -1.486686e-01
-3.424760e-02 -2.354296e-01
-7.831288e-02 4.471082e-02
-8.866614e-02 3.992685e-02
-2.115746e-02 2.747682e-01
-5.472011e-02 4.840087e-02
-4.288768e-02 3.774869e-02
-5.538267e-02 3.173171e-01
-1.270333e-01 1.641097e-01
-1.257087e-01 1.371503e-01
-1.189879e-01 1.612137e-03
-8.563155e-02 -2.269234e-01
-9.188249e-02 -2.137608e-01
8.710640e-01 -2.678223e-03
-6.766865e-02 -2.968841e-01
-1.251671e-01 -2.057592e-01
-4.029276e-02 7.809009e-02
-3.053076e-02 6.232097e-02
-1.547413e-01 3.884749e-02
-9.712109e-02 -1.987691e-01
-1.030358e-01 -1.824670e-01
-3.202770e-02 2.746924e-02
-2.227696e-02 2.408580e-02
-1.434127e-01 1.234672e-01
-1.580990e-01 1.081076e-01
-1.146514e-01 -2.678128e-01
-6.907778e-04 -2.808076e-01
5.273579e-02 -2.384493e-01
-5.289295e-02 -9.911379e-02
-6.894225e-02 -1.031016e-01
-6.625614e-02 3.158106e-01
-1.236984e-01 1.094959e-01
-8.022563e-02 -1.349600e-01
-8.393910e-02 -1.198975e-01
-5.327534e-02 -1.901745e-01
-4.719784e-02 -1.950475e-01
-2.973532e-02 -1.640345e-01
-6.764408e-02 3.206426e-01
7.836285e-01 -5.591151e-03
-6.685550e-02 4.773293e-02
8.651666e-01 3.433963e-03
-6.694823e-02 -2.160231e-01
-3.699810e-02 2.711410e-01
-3.754494e-02 -8.950391e-02
-3.006525e-03 -6.805610e-02
-1.603493e-01 -1.112624e-01
-6.438020e-02 3.669188e-02
-8.010914e-04 -7.623606e-03
-5.265591e-02 2.564859e-01
-5.316422e-02 2.690346e-01
-4.146016e-02 2.861591e-02
-1.325670e-03 -2.553359e-02
-9.992847e-03 -9.173544e-02
-2.031880e-02 -1.331984e-01
7.439560e-01 1.180002e-02
-5.903042e-02 -2.760315e-01
-1.406635e-03 -1.696879e-01
-1.237973e-01 -2.293581e-01
-1.204647e-01 -2.504190e-01
1.875775e-01 -1.238594e-01
-1.230386e-01 -2.530447e-01
-1.310479e-01 -2.367732e-01
-1.864493e-01 -5.620764e-02
5.932397e-01 4.464687e-02
-2.145745e-02 2.212846e-01
9.226411e-05 -8.439749e-05
-1.141789e-04 1.285700e-04
-2.767249e-02 -2.056046e-01
-2.060869e-02 -2.702420e-01
-9.336801e-04 -1.028384e-02
-1.353332e-01 -2.148385e-01
5.903728e-01 3.306676e-02
-5.336367e-02 -1.998761e-01
-1.461329e-03 -2.969449e-02
-1.586766e-01 5.139345e-02
-2.139058e-02 -2.208407e-01
-1.730621e-01 -1.183803e-01
-1.592596e-01 2.154098e-02
-1.501889e-01 1.196671e-02
5.127119e-01 5.937600e-02
-1.908305e-01 3.241714e-02
-1.390900e-04 -1.683918e-04
9.032348e-05 7.263117e-05
-1.504624e-04 1.283453e-04
-5.428555e-02 3.290564e-01
-3.758948e-02 8.718599e-02
-7.688586e-02 3.129770e-01
-2.916677e-02 8.542787e-03
-2.148138e-02 8.152457e-03
-2.394685e-02 3.406215e-02
5.546376e-01 -1.477184e-02
4.502103e-01 7.547140e-02
3.062914e-02 -7.584098e-02
6.471352e-01 2.170742e-02
-4.444952e-02 1.645501e-01
-7.489386e-02 3.219955e-01
-4.980069e-02 -3.086186e-01
4.532225e-01 -7.581157e-02
5.576562e-01 1.369204e-02
3.214024e-02 7.438912e-02
-2.134416e-04 -1.723950e-04
1.648326e-01 -4.234460e-02
1.582227e-01 -5.823196e-02
-5.338727e-02 -2.787159e-01
-1.790251e-02 1.264747e-01
-3.335693e-02 1.694656e-01
9.301210e-02 -7.237120e-02
-2.597639e-02 -7.937492e-02
-1.402070e-02 -6.055051e-02
-6.083561e-02 2.721329e-02
-3.924690e-02 2.086398e-02
-5.157695e-02 2.891468e-02
-1.473570e-01 -1.301092e-01
-1.383543e-01 -2.194482e-01
-1.453420e-01 -2.004370e-01
-1.587805e-01 8.085351e-02
-1.458638e-01 -1.985283e-01
-1.395040e-01 -2.191140e-01
-1.547127e-01 -1.819097e-01
-1.557319e-02 -2.110670e-02
-8.027704e-03 -1.463032e-02
-1.545337e-01 -1.837251e-01
-1.508578e-01 -1.822336e-01
-4.132519e-02 1.711052e-01
-1.698626e-01 9.222600e-02
-3.420591e-02 2.688203e-01
6.915101e-01 -1.217549e-02
-1.677778e-01 -1.433104e-01
-4.956545e-02 2.739396e-01
-1.621514e-01 -1.640544e-01
-1.396569e-01 3.167886e-03
-2.256583e-03 -1.893850e-03
-3.866917e-02 1.617122e-02
-5.021705e-02 3.110571e-01
-1.697113e-03 1.393858e-03
-3.557039e-02 9.677554e-02
-1.284257e-01 -2.674836e-03
-1.309464e-03 1.616329e-03
-3.386724e-02 -2.667555e-01
-1.708201e-02 1.147666e-01
-3.071263e-02 1.583785e-02
-1.398311e-03 -1.759433e-03
8.189353e-04 2.330293e-01
-2.141195e-02 5.656796e-02
7.026069e-01 -9.838104e-03
1.981497e-01 -1.483145e-01
-1.895304e-01 4.585857e-02
-1.795367e-01 7.510684e-02
-1.859681e-01 6.085157e-02
-1.182678e-01 -6.931176e-03
6.306996e-01 2.551365e-02
-3.033710e-02 1.428061e-01
-1.160725e-02 4.287405e-02
-9.616102e-04 -2.323723e-01
1.999446e-01 1.474392e-01
-1.766358e-01 1.008522e-01
