-1.570675e+00
-3.983139e-01
-4.287005e+02
-1.587919e+02
-1.475641e+02
-1.182193e+02
-9.915637e+01
-8.540255e+01
-7.536805e+01
-6.693155e+01
-5.987185e+01
-5.380546e+01
-4.854982e+01
-4.387960e+01
-3.972857e+01
-3.601305e+01
-3.269403e+01
-2.972299e+01
-2.708465e+01
-2.468615e+01
-2.263582e+01
-2.080590e+01
-1.922532e+01
-1.790415e+01
-1.689091e+01
-1.582143e+01
-1.511844e+01
-1.492468e+01
-1.447401e+01
-1.413565e+01
-1.360977e+01
-1.258241e+01
-1.064771e+01
-1.048115e+01
-4.198193e+00
-7.415182e+00
-3.478984e+00
-4.528260e+00
-3.945725e+00
-3.507892e+00
-3.260718e+00
-2.905389e+00
-1.477515e+00
-1.360222e+00
-1.165537e+00
-8.845864e-01
2.020568e-01
3.743344e-02
9.326169e-01
3.425851e-01
1.364807e+00
6.098508e-01
1.589947e+00
2.282219e+00
1.605859e+00
1.709180e+00
1.364626e+00
1.748429e+00
1.655983e+00
2.117221e+00
1.473364e+00
8.310401e-01
5.263805e-01
1.057040e+00
1.988333e-01
8.131684e-02
-1.599922e-01
-8.856100e-01
-1.201184e+00
-1.486357e+00
-1.600794e+00
-1.596630e+00
-1.770182e+00
-2.072644e+00
-2.395170e+00
-2.789931e+00
-3.248098e+00
-3.554610e+00
-3.835520e+00
-4.056222e+00
-4.246742e+00
-4.464564e+00
-4.460720e+00
-4.480741e+00
-4.431852e+00
-4.172034e+00
-4.178701e+00
-3.428436e+00
-3.188825e+00
-3.244669e+00
-2.514113e+00
-2.506821e+00
-2.607723e+00
-1.913697e+00
-1.315900e+00
-8.743830e-01
-5.542336e-01
-4.148336e-01
-1.401836e-02
3.162814e-01
1.428751e+00
1.187223e+00
1.618154e+00
1.724369e+00
1.811617e+00
2.195744e+00
2.534059e+00
2.867616e+00
2.828050e+00
2.876860e+00
2.194203e+00
1.884931e+00
1.947225e+00
1.640936e+00
1.765315e+00
9.398270e-01
4.432286e-01
4.342974e-02
-2.559144e-01
-3.998315e-01
-3.854921e-01
-5.480307e-01
-7.386756e-01
-1.179935e+00
-1.667692e+00
-1.922082e+00
-2.421267e+00
-2.341577e+00
-2.667023e+00
-2.883889e+00
-3.082754e+00
-3.166055e+00
-3.427202e+00
-4.040018e+00
-3.311925e+00
-3.600640e+00
-3.500301e+00
-3.676615e+00
-3.180473e+00
-3.630084e+00
-3.121277e+00
-3.387171e+00
-2.065025e+00
-2.078865e+00
-1.658859e+00
-2.401922e+00
-1.025342e-01
-3.995634e-01
1.006131e-01
6.148115e-01
1.083568e+00
1.955735e+00
1.570438e+00
1.197053e+00
7.168483e+00
5.216585e+00
8.304213e+00
8.583568e+00
3.651360e+00
1.151355e+01
1.125700e+01
1.196361e+01
1.290562e+01
1.299572e+01
1.350718e+01
1.419971e+01
1.494268e+01
1.603944e+01
1.738875e+01
1.894871e+01
2.075199e+01
2.291179e+01
2.524834e+01
2.790541e+01
3.087598e+01
3.418878e+01
3.789527e+01
4.208465e+01
4.673720e+01
5.200318e+01
5.802355e+01
6.501756e+01
7.344326e+01
8.368674e+01
9.727944e+01
1.162072e+02
1.446589e+02
1.567617e+02
4.229294e+02
2.731075e+02
1.293402e+02
1.072170e+02
8.632402e+01
7.279421e+01
6.290905e+01
5.546347e+01
4.949034e+01
4.459911e+01
4.048184e+01
3.698870e+01
3.398912e+01
3.136457e+01
2.905475e+01
2.698053e+01
2.510330e+01
2.338712e+01
2.181370e+01
2.036401e+01
1.902144e+01
1.777930e+01
1.662481e+01
1.554729e+01
1.453924e+01
1.359361e+01
1.270302e+01
1.186162e+01
1.106583e+01
1.030906e+01
9.588745e+00
8.900446e+00
8.241149e+00
7.608429e+00
7.000278e+00
6.413010e+00
5.844990e+00
5.294697e+00
4.760047e+00
4.239894e+00
3.732357e+00
3.235866e+00
2.749204e+00
2.270912e+00
1.800050e+00
1.335534e+00
8.763453e-01
4.216124e-01
-3.028372e-02
-4.810842e-01
-9.296963e-01
-1.380624e+00
-1.829162e+00
-2.282589e+00
-2.737214e+00
-3.197332e+00
-3.661311e+00
-4.132276e+00
-4.610092e+00
-5.096694e+00
-5.592823e+00
-6.100010e+00
-6.620523e+00
-7.154564e+00
-7.704300e+00
-8.271779e+00
-8.858723e+00
-9.467397e+00
-1.009956e+01
-1.075868e+01
-1.144641e+01
-1.216618e+01
-1.292379e+01
-1.372089e+01
-1.456154e+01
-1.545083e+01
-1.639823e+01
-1.740619e+01
-1.848132e+01
-1.963474e+01
-2.087395e+01
-2.221370e+01
-2.366650e+01
-2.524143e+01
-2.695331e+01
-2.882734e+01
-3.089872e+01
-3.321053e+01
-3.583925e+01
-3.884912e+01
-4.234894e+01
-4.646401e+01
-5.142614e+01
-5.756329e+01
-6.498531e+01
-7.477948e+01
-8.823092e+01
-1.092076e+02
-1.314982e+02
-2.717223e+02
-1.165668e+00
-4.999648e+00
2.675528e+00
3.493329e+00
-4.406929e+00
7.079809e+00
1.259667e+01
-1.612777e+01
-9.592752e+00
-1.201507e+00
1.207690e+01
-1.768083e+01
1.623148e+01
-1.481477e+01
-1.721583e+00
-3.555228e-01
1.812567e+01
3.804024e-01
-2.352625e+01
-2.970363e+00
2.219842e+01
-2.115138e+01
-2.723048e+00
1.505913e+00
3.228193e+01
-3.421690e+01
2.578754e+01
2.157076e+00
-2.925202e+01
-4.113343e+00
-2.399470e+00
1.124831e+00
3.810085e+01
-5.407766e+01
2.121972e+00
5.195055e+01
-3.985280e+01
-2.999548e+00
-7.159312e+00
4.780964e+00
7.020795e-01
-3.752594e+00
-1.829178e+00
4.873247e-01
-5.837037e+01
5.756451e+01
1.528487e+00
-8.519202e+01
8.375174e+01
-3.386320e+00
7.051499e+00
-8.051777e+00
7.907468e-01
-1.590985e+01
1.424353e+01
-2.023923e+01
-2.188660e+00
-1.966890e-01
1.841497e+01
-3.079434e+00
-5.770383e-02
-2.206709e+00
1.476733e+01
9.762293e+00
-1.238745e+01
-1.755863e+01
-1.228833e+00
-7.558960e-01
-9.095577e+01
8.798580e+01
1.106944e-01
-2.113286e+00
-1.342421e+02
1.331672e+02
-6.411376e+00
5.443106e+00
-1.504255e+00
-1.534995e+01
1.385537e+01
-7.822652e-01
2.764651e+01
-2.905726e+01
-3.051410e+00
1.179502e+00
-4.403576e+01
-2.345828e+00
6.488938e-03
4.323696e+01
-6.622591e+01
6.408155e+01
1.776783e+00
-3.896299e+00
2.320638e+00
-3.631647e+00
1.748591e+00
-4.743455e+01
4.583500e+01
-3.379648e+01
3.242846e+01
-2.543885e+01
2.234640e+01
8.381143e+00
5.886352e+00
3.702189e+00
-1.094194e+01
-8.353081e+00
-6.081552e+00
-3.982354e+00
-2.115177e+00
-2.972723e-01
1.688301e+00
-6.372082e-01
-1.386033e+00
-1.425007e+02
1.398222e+02
-3.443667e-01
-1.635778e+00
-1.971274e+02
1.934274e+02
-1.743670e-01
-1.726191e-01
1.017799e-01
-9.343274e-02
1.473489e-01
-9.065118e-02
9.543103e-02
-3.135463e-01
-4.138515e-02
-1.945881e-01
-4.419058e-02
-2.214685e-01
1.447621e-02
-3.528716e-02
2.742617e-01
1.990044e-01
4.157236e-01
3.642793e-01
6.708927e-01
6.626546e-01
1.130680e+00
7.169478e-01
1.017101e+00
7.978792e-01
1.116694e+00
1.127635e+00
1.383046e+00
1.592665e+00
1.527226e+00
1.549243e+00
1.915883e+00
2.470567e+00
2.568854e+00
2.666362e+00
2.555965e+00
2.893022e+00
3.060021e+00
3.834172e+00
3.701014e+00
3.686305e+00
3.652852e+00
5.733831e+00
5.547657e+00
5.221531e+00
5.266980e+00
5.471265e+00
5.117980e+00
5.560105e+00
5.282144e+00
5.744594e+00
5.413390e+00
5.918322e+00
5.547756e+00
6.068113e+00
5.664780e+00
6.186367e+00
5.763208e+00
6.299434e+00
5.852985e+00
6.403859e+00
5.928323e+00
6.493430e+00
5.987860e+00
6.567603e+00
6.028186e+00
5.459614e+00
5.464164e+00
4.907506e+00
4.886600e+00
4.338380e+00
4.276901e+00
3.751391e+00
3.616802e+00
3.131850e+00
2.952419e+00
2.496335e+00
2.310291e+00
1.859053e+00
1.656098e+00
1.216717e+00
9.727165e-01
6.625097e+00
2.101969e+00
5.582593e-01
2.820678e-01
-1.053931e-01
-4.125270e-01
-7.745552e-01
-1.110999e+00
-1.443024e+00
-1.808883e+00
-2.110436e+00
-2.488933e+00
-2.202833e+00
-2.909455e+00
-2.626870e+00
-3.364725e+00
-3.079093e+00
-3.822421e+00
-3.556302e+00
-4.307068e+00
-4.069569e+00
-4.854871e+00
-4.602405e+00
-5.423426e+00
-5.216871e+00
-6.059341e+00
-5.659998e+00
-6.562321e+00
-2.760143e+00
-6.228063e+00
-7.023292e+00
-5.602815e+00
-7.974118e+00
-8.599241e+00
-7.255934e+00
-6.860346e+00
-8.038995e+00
-9.107475e+00
-9.508472e+00
4.874672e+00
-1.131674e+01
-1.061285e+01
1.857184e-01
-9.566729e+00
-1.332357e+01
-1.530897e+01
-1.401092e+01
-1.507970e+01
-1.613270e+01
-1.731528e+01
-1.719248e+01
-1.851259e+01
-1.771104e+01
-1.933396e+01
-1.904181e+01
-2.025280e+01
-1.587242e+01
-1.963416e+01
-2.068457e+01
-1.690101e+01
-1.556706e+01
-1.605144e+01
-1.438282e+01
-2.183091e+01
-2.187831e+01
7.171005e+00
7.248786e+00
-1.467813e+01
-1.277889e+01
7.801875e+00
7.896785e+00
-1.950695e+01
-2.318509e+01
8.453584e+00
8.576665e+00
-1.287964e+01
-1.097560e+01
9.132865e+00
9.275719e+00
9.837905e+00
9.990747e+00
-1.952555e+01
-2.310994e+01
-2.409823e+01
-2.483822e+01
-2.654768e+01
-2.747467e+01
-2.676572e+01
-1.080274e+01
-9.219686e+00
-2.757019e+01
-2.690672e+01
1.054847e+01
1.073561e+01
-2.739945e+01
-2.794552e+01
1.129680e+01
1.151704e+01
1.091167e+01
1.170564e+01
1.107365e+01
1.189351e+01
1.121480e+01
1.195291e+01
1.113627e+01
1.189907e+01
1.267571e+01
1.377084e+01
1.231997e+01
1.249720e+01
1.144685e+01
1.905288e+01
1.806028e+01
1.831888e+01
1.989434e+01
2.026236e+01
1.950044e+01
2.077064e+01
2.214288e+01
2.328280e+01
2.302232e+01
2.443386e+01
2.363726e+01
2.443536e+01
2.384153e+01
2.474224e+01
2.577657e+01
2.470530e+01
2.334107e+01
2.576337e+01
-1.888490e+01
2.452055e+00
-9.142710e+00
-7.753164e+00
-2.871421e+01
-2.883496e+01
-3.002976e+01
2.564684e+01
2.679692e+01
-7.781302e+00
-6.716290e+00
-3.019999e+01
-3.102670e+01
1.106720e+01
1.181594e+01
2.674500e+01
2.794404e+01
-2.765460e+01
-6.556266e+00
-5.598170e+00
-5.534511e+00
-4.688343e+00
-4.699032e+00
-3.974739e+00
-3.843133e+00
-3.315690e+00
-3.161620e+00
-2.706335e+00
-3.148804e+01
-3.203584e+01
-2.357909e+00
-1.957939e+00
2.769942e+01
2.910741e+01
2.859456e+01
2.985443e+01
-2.374113e+00
-3.046654e+00
-2.631918e+00
-3.275495e+00
-2.860389e+00
-3.464582e+00
-3.059997e+00
-3.637242e+00
-3.210562e+00
-3.780078e+00
-3.362570e+00
-3.909123e+00
-3.523351e+00
-4.013379e+00
-4.420460e+00
-4.493137e+00
-4.901788e+00
-4.954575e+00
-5.375522e+00
-5.397102e+00
-5.833057e+00
-5.824706e+00
-6.271398e+00
-5.398832e+00
-5.798155e+00
-5.377409e+00
-5.756636e+00
-5.405037e+00
-5.820033e+00
-2.999392e+00
-5.705809e+00
-6.214069e+00
-6.239893e+00
1.155565e+01
1.229125e+01
3.030674e+01
3.114242e+01
-2.940236e+00
-1.704926e+01
-1.800624e+01
-1.723170e+01
-1.793456e+01
-1.694695e+01
-1.755168e+01
-1.665819e+01
-6.024118e+00
-6.691085e+00
-6.631241e+00
2.919455e+01
-6.664997e+00
-3.253052e+01
-3.361934e+01
-1.722194e+01
-1.631759e+01
-3.330761e+01
-3.411418e+01
-1.583399e+00
-1.296420e+00
3.150118e+01
3.267646e+01
-6.497340e+00
2.611969e+00
1.199302e+01
1.272130e+01
-6.449107e+00
-5.837285e+00
-5.763195e+00
-3.373490e+01
-4.382295e+00
-1.685466e+01
-1.598130e+01
6.063790e+00
-4.480944e+00
3.288238e+01
3.385630e+01
-8.410418e-01
-8.271681e-01
-3.294206e+01
-3.528289e+01
-5.780888e+00
-5.722606e+00
1.238083e+01
-1.645946e+01
-1.566485e+01
-1.733837e+01
1.310448e+01
-4.771451e+00
-4.917559e+00
-3.742287e+00
3.444635e+01
3.501390e+01
3.441339e+01
3.607727e+01
1.070708e+00
-1.606690e+01
-1.530297e+01
-5.624118e+00
-6.465794e+00
-4.606510e-02
1.849012e-01
-3.043407e-01
6.247801e-02
-7.574253e-02
6.128514e-01
2.739907e-01
9.093670e-01
6.424083e-01
1.170625e+00
3.555317e+01
3.695840e+01
-3.501980e+01
-3.586948e+01
1.272468e+01
-4.470960e+00
-4.331191e+00
-4.553658e+00
-5.011209e+00
1.343753e+01
3.570543e+01
3.391982e+01
-3.169526e+00
-2.690732e+00
-2.843615e+00
-2.372088e+00
-2.534818e+00
-2.079546e+00
-2.244610e+00
-1.813119e+00
-2.041621e+00
-1.591159e+00
-1.701610e+00
-1.207509e+00
-1.587520e+00
-1.396952e+00
-1.158375e+00
-1.310158e+00
-1.565701e+01
-1.491814e+01
-1.455418e+01
-1.419819e+01
1.485659e+00
1.700222e+00
2.232684e+00
3.250370e+00
-6.837491e+00
-7.007411e+00
-1.452437e+01
-1.383044e+01
1.677878e-01
1.293894e+00
-1.382540e+01
2.618114e-01
3.614420e+01
3.785621e+01
-3.464238e+01
-3.637989e+01
-3.727201e+01
2.163314e+00
4.337637e+00
-4.184958e+00
-4.026429e+00
1.300483e+01
3.646903e+01
3.246055e+01
5.825680e+00
-3.805234e+01
-3.900561e+01
7.540832e-01
6.787828e-01
1.371592e+01
-1.182389e+00
-1.067744e+00
1.892561e+00
2.273332e+00
6.079010e-02
-1.410223e+01
-1.345239e+01
-9.383638e+00
-9.891208e+00
-6.433323e+00
-3.956964e+01
-4.059003e+01
1.556750e+00
1.267996e+00
-3.709746e+00
-3.584155e+00
-3.269674e+01
-3.365940e+01
2.778158e+00
-3.529967e+01
3.680063e+01
3.839589e+01
-4.124367e+01
-4.224205e+01
1.919076e+01
1.268898e+01
-1.368780e+01
-1.306680e+01
-1.530601e+00
4.260333e+00
5.053807e+00
1.324290e+01
-1.340177e+00
-1.582009e+00
-9.122055e+00
-9.891958e+00
1.394046e+01
1.444641e+01
-4.297251e+01
-4.394718e+01
2.655982e+00
2.142927e+00
1.256066e+01
-1.328956e+01
-1.267732e+01
-1.392117e+01
-7.319758e+00
5.181787e+00
-3.467898e+00
-3.430761e+00
1.465196e+01
1.519498e+01
1.276667e+01
-4.477273e+01
-4.566644e+01
1.927825e+01
1.948068e+01
-3.168597e+01
-3.379206e+01
1.210039e+01
4.382593e+00
5.212106e+00
-1.300479e+00
-1.390987e+00
3.713226e+01
-9.713102e+00
-1.055904e+01
3.880750e+01
4.009351e+01
3.687845e+00
3.114454e+00
1.537697e+01
1.595298e+01
-4.658854e+01
-6.294841e+00
-1.286855e+01
-1.228046e+01
-4.181750e+01
-4.752400e+01
-4.649794e+01
1.228339e+01
1.164886e+01
8.015257e+00
4.049693e+01
4.179145e+01
1.787814e+01
1.866129e+01
1.611314e+01
1.672634e+01
-2.694642e+01
4.784262e+00
4.189076e+00
5.309900e+00
-1.244329e+01
-4.836089e+01
-3.234872e+00
-3.246060e+00
-3.115071e+00
-3.417966e+00
3.165264e+00
4.791989e+00
5.595885e+00
3.999479e+00
6.057591e+00
6.421637e+00
6.909888e+00
7.264960e+00
7.788714e+00
8.127375e+00
8.670451e+00
9.022457e+00
9.531393e+00
9.934365e+00
-2.705675e+01
-1.762572e+01
-1.444282e+00
-1.649464e+00
-2.993459e+00
-3.112581e+00
-3.737487e+00
3.552209e+01
3.569368e+01
3.409779e+01
8.886125e+00
-3.341976e+01
-3.408772e+01
-3.145968e+01
-3.244328e+01
-3.154385e+01
-2.935740e+01
-2.708920e+01
-1.001443e+01
-1.089797e+01
-1.243812e+01
-1.187830e+01
1.178654e+01
1.118270e+01
3.394175e+01
3.225304e+01
4.235264e+01
4.356487e+01
1.686117e+01
-4.790909e+01
-4.698794e+01
2.131891e+01
2.206697e+01
2.026680e+01
1.056814e+01
5.854829e+00
5.020807e+00
1.553198e+01
-2.892280e+00
-2.788583e+00
1.751522e+01
1.762124e+01
-2.697494e+01
-2.594173e+01
1.129960e+01
1.075888e+01
4.440949e+01
4.552020e+01
1.789318e+00
9.373580e+00
7.416917e-01
5.913940e+00
-1.200601e+01
-1.147577e+01
-2.818309e+01
-1.457609e+00
-1.245150e+00
-1.594143e+00
-1.554135e+01
-1.470672e+01
1.029736e+01
-1.244922e+01
-6.740613e+00
-6.781532e+00
-1.035186e+01
-9.494272e+00
-1.122465e+01
-1.254794e+01
-4.742669e+01
-4.973273e+01
3.231443e+01
-1.133096e+01
-1.095637e+01
-1.380466e+00
-1.108118e+01
-1.059206e+01
2.074384e+01
4.666195e+01
4.757863e+01
6.530145e+00
5.529464e+00
-4.997041e+01
-4.207393e+01
3.075467e+01
-2.606772e+01
-2.509220e+01
-1.572724e+01
-1.143656e+01
2.257733e+01
2.395809e+01
1.081840e+01
1.031337e+01
4.011631e+00
4.534619e+00
5.638331e+00
4.753674e+00
-1.079675e+01
4.305289e+01
-2.725349e+00
-2.590482e+00
1.733604e+01
4.916252e+01
4.974099e+01
9.706828e+00
1.062494e+01
-1.065997e+01
-1.014834e+01
-1.313165e+00
-1.043230e+00
2.853849e+01
1.134773e+01
-9.789099e+00
-8.958175e+00
6.430957e+00
-4.873330e+01
-1.558939e+01
-1.255708e+01
-1.371598e+00
1.816006e+01
1.101813e+01
-2.517074e+01
-2.424968e+01
5.184815e+01
5.225416e+01
5.022054e+01
1.503945e+00
-7.503030e+00
-1.778734e+01
-5.137911e+01
-2.780106e+01
-2.803568e+01
2.670319e+01
1.034633e+01
9.860160e+00
-7.232135e+00
-7.290260e+00
-1.845661e+01
3.318761e+00
4.210000e+00
4.249712e+00
-9.975134e+00
-9.369025e+00
2.649871e+01
-9.637390e+00
-8.760740e+00
5.217813e+01
5.100966e+01
5.512563e+01
2.325508e+01
-8.474473e+00
-8.541569e+00
-2.553388e+01
-1.793455e+01
1.001292e+01
1.093515e+01
-2.487958e+00
-2.352846e+00
-2.429833e+00
-2.425426e+01
-2.338984e+01
2.764855e+01
4.113293e+00
6.157292e-02
1.793780e+01
-9.231839e+00
-8.429153e+00
2.484623e+01
5.085979e+01
-7.746630e+00
-7.819556e+00
2.548017e+01
2.541719e+01
-1.111234e+00
-9.709649e-01
9.900551e+00
9.390551e+00
1.046625e+01
2.551236e+01
6.634420e+00
-2.335211e+01
-2.254539e+01
9.815964e+00
-2.514223e+01
-2.252386e+01
-2.173081e+01
-2.460168e+00
-3.429749e+01
-3.276309e+01
-3.360098e+01
8.130275e+00
-5.000817e+01
1.156795e+01
1.189009e+01
-2.234131e+00
-1.785319e+01
-1.999871e+01
-2.258823e+01
-8.654001e+00
-7.642816e+00
-7.334110e+00
-7.877121e+00
-7.359987e+00
-7.918122e+00
-8.442509e+00
-8.502182e+00
-8.364997e+00
-7.000387e+00
-2.213229e+00
4.286584e+00
2.832629e+00
-5.299106e+01
-5.420369e+01
5.445947e+01
5.807078e+01
-2.277558e+00
-1.907641e-02
2.386966e+01
2.235861e+01
2.553660e+01
-1.054271e+01
1.028540e+01
9.398350e+00
-2.192941e+00
9.170739e+00
8.710022e+00
2.454203e+01
9.016436e+00
5.259355e+00
-6.815082e+00
-6.317022e+00
-2.530180e+00
-1.882821e+01
-1.928595e+01
-2.051866e+01
-1.977077e+01
-1.855810e+01
-1.894324e+01
-1.776273e+01
-2.016544e+01
-8.680225e+00
-7.903394e+00
-9.480128e+00
-7.649513e+00
-7.146546e+00
-6.885740e+00
-6.406334e+00
-6.139415e+00
-5.677447e+00
-5.406376e+00
-4.962854e+00
-4.685779e+00
-4.260547e+00
-3.973164e+00
-3.564607e+00
-3.268348e+00
-2.875323e+00
-2.568853e+00
-2.190384e+00
-3.710848e+00
-1.873277e+00
-1.510105e+00
2.440965e+01
-2.165076e+01
-2.090591e+01
-1.809266e+01
-1.695614e+01
-2.097497e+00
-5.617325e+01
-5.725607e+01
-1.174708e+00
-8.285056e-01
-2.583396e+01
-2.984086e+01
-3.085869e+01
-3.403164e+01
-1.000340e+00
-1.180548e+00
-9.435587e-01
-8.965982e-01
-7.467995e-01
-5.857272e-01
-4.790026e-01
-3.722834e-01
-3.439781e-01
-3.813814e-01
-3.783985e-01
-2.656928e-01
-3.198744e-01
-1.692618e-01
-1.875317e-01
2.889792e-02
4.493778e-02
-1.630791e-02
2.377049e-01
3.057939e-01
4.478543e-01
5.246393e-01
6.765275e-01
7.626825e-01
5.707488e-01
-4.048935e+00
9.711461e+00
2.654119e+01
2.733804e+01
2.353319e+01
-6.054818e+00
-5.706325e+00
-2.160092e+01
-2.247710e+01
1.879721e+01
1.852820e+01
1.305826e+01
2.622026e+01
2.810209e+01
3.895743e+00
4.668892e+00
5.268492e-01
5.728724e+01
6.130478e+01
6.166930e+01
6.578861e+01
-5.109827e+01
-4.814504e+01
-1.541585e+00
-5.957828e+01
-6.068593e+01
7.997227e+00
7.269230e+00
8.114845e+00
6.989804e+00
7.539610e+00
6.829604e+00
8.819478e+00
7.331072e+00
-7.657800e+00
-8.178866e+00
-8.057462e+00
1.982574e+00
-2.130500e+00
-1.975841e+00
-2.077357e+01
-2.008010e+01
-2.017259e+01
-1.939401e+01
5.411665e+00
5.245101e+00
-9.031456e+00
-9.109384e+00
1.942167e+01
1.256002e+01
1.288308e+01
-1.794130e+01
4.386819e+00
-7.282866e+00
-1.825970e+00
2.335185e+01
2.246406e+01
9.635882e+00
8.786869e+00
-1.925475e+01
-1.861437e+01
-1.870548e+01
-1.797358e+01
-1.721501e+01
-1.613133e+01
-1.913428e-01
-4.527175e+00
-2.901625e+01
8.299160e-01
6.854257e-01
-8.136131e+00
-8.254123e-01
6.013506e-01
8.711625e-01
-3.585420e-01
2.424111e+01
1.910113e+01
2.003410e+01
1.820813e+01
-7.943454e+00
-2.147242e+01
-5.398427e+00
-5.085790e+00
-5.422972e+00
-4.754185e+00
-6.345124e-01
-5.199116e+00
-1.784539e+01
-1.724385e+01
-1.120736e+00
-1.257920e+00
-6.344364e+01
-6.462446e+01
-2.920927e+01
4.291122e+01
-4.863117e+01
-4.580844e+01
6.520404e+01
4.235571e+00
5.143265e+00
5.308731e+00
4.702971e+00
6.925334e+00
2.226705e+01
2.144019e+01
-5.727115e+00
-4.400827e+00
-4.241779e+00
-2.894763e+01
-8.580923e+00
-8.427410e+00
6.367695e-01
9.685622e-01
1.064683e+00
1.567655e+00
1.976979e+00
2.470315e-03
2.632211e-01
4.140633e+00
3.453317e+00
2.495662e+00
1.932559e+00
2.036475e+00
1.609431e+00
1.932124e+00
1.506064e+00
1.866784e+00
1.417550e+00
6.455751e+01
6.932973e+01
-1.733699e+01
-1.664672e+01
-1.651618e+01
-1.596222e+01
2.683328e+01
2.880239e+01
-6.798349e+01
-6.913124e+01
-6.461471e+01
-6.824862e+01
-6.383352e+01
-7.410401e+01
-1.665000e+01
-5.660521e+00
2.818058e+01
-9.644045e+00
-9.741693e+00
9.759817e-01
7.606001e-01
-6.367725e+00
-3.931634e+00
-2.057813e+00
-2.156056e+00
-1.884390e+00
8.992245e+00
8.178847e+00
9.838637e+00
-4.571808e+01
-4.306742e+01
-1.197221e+00
-4.673621e-01
-1.775557e+00
2.341899e+00
5.104219e+00
4.299064e+00
3.723100e+00
3.448590e+00
2.821241e+01
2.889258e+01
-1.634350e+01
-1.530711e+01
-1.742863e+01
1.358214e+01
1.392054e+01
1.164487e+01
-2.246560e+00
2.119020e+01
2.048152e+01
-1.167542e+00
-1.262738e+00
1.968446e+01
-6.157223e+01
-5.291450e+00
5.790546e+00
3.079948e+00
2.847331e+00
-3.871266e+00
-3.799986e+00
-1.579203e+01
-1.528115e+01
8.364431e-01
1.776526e+00
1.299861e+00
5.545646e+00
6.010305e+00
-4.144169e+01
4.590534e+00
3.763581e+00
-3.184353e-01
-6.517551e+01
-5.447485e+01
1.049091e+00
8.877435e-01
6.594160e-01
7.210838e-01
5.648056e-01
5.228186e-01
4.293164e-01
4.343124e-01
4.251651e-01
4.006349e-01
3.966084e-01
3.669079e-01
3.227526e-01
2.270898e+01
3.907980e+01
-1.663737e+00
-2.796979e+01
2.665279e+00
6.750482e+01
7.338093e+01
-2.551795e+01
-5.925337e+00
2.013911e+01
1.950362e+01
-4.667974e-02
-2.168364e+00
-2.256047e+00
4.804342e+00
2.737843e+01
2.942785e+01
2.549720e+01
8.354686e+00
7.578602e+00
7.395465e+00
6.829554e+00
6.637893e+00
6.099334e+00
5.900508e+00
5.390341e+00
5.182746e+00
4.697527e+00
4.481829e+00
4.016964e+00
3.794993e+00
3.352102e+00
3.120916e+00
2.698502e+00
2.455192e+00
2.079163e+00
-4.168932e+01
-3.897771e+01
-4.451862e+01
9.598529e-01
8.151079e-01
-4.062420e+01
-3.639108e+01
-3.831649e+01
-3.405863e+01
-3.348272e+01
-3.195884e+01
-1.650437e+01
-1.759146e+01
-1.508276e+01
-1.461149e+01
-1.028013e+01
-1.040065e+01
-9.826489e+00
-1.049595e+01
-9.889508e+00
-1.057673e+01
-1.014710e+01
-1.119062e+01
-1.129120e+01
-9.935246e+00
-8.953864e+00
-8.768794e+00
-2.313319e+00
1.161610e+00
6.526452e-01
1.318591e+01
1.423107e+01
1.345459e+01
1.450357e+01
1.368210e+01
1.473535e+01
1.386067e+01
1.484312e+01
-1.670255e+01
-2.715581e+01
-2.782609e+01
-2.612973e+01
-2.663704e+01
-2.499849e+01
-2.539432e+01
-2.709090e+01
3.259025e+01
-9.259009e+00
-3.096836e+00
-2.967105e+00
-1.352934e+00
-1.367222e+00
-1.460909e+00
-1.520749e+00
-1.555632e+00
-1.568349e+00
-1.654072e+00
-1.699718e+00
-1.763792e+00
-1.847737e+00
-1.783406e+00
-1.890756e+00
-1.874878e+00
-1.764896e+00
-1.910058e+00
-1.863978e+00
-1.933420e+00
-1.931205e+00
-1.468787e+00
7.840567e+00
7.321088e+00
7.864143e+00
-1.476739e+01
-1.412104e+01
2.319089e+00
2.098111e+00
-9.262819e+00
-8.601307e+00
-1.393487e+01
-1.350407e+01
1.553686e+01
1.319259e+01
1.423416e+01
1.387362e+01
-1.154046e+00
-1.050846e+00
-3.259009e+00
2.076928e+01
-1.494813e+00
-3.180360e+01
-3.041946e+01
-1.190926e+01
-1.202918e+01
3.095552e+01
3.166186e+01
-1.554638e+01
-8.377950e-01
-1.581432e+00
-9.799520e-02
2.646585e-01
-2.572137e+01
-2.747529e+01
-2.410808e+01
2.640603e+01
2.676391e+01
3.819837e-01
1.761344e-01
-2.594259e+01
-2.133843e+01
3.938040e+00
3.129780e+00
1.496372e+01
1.380172e+01
2.660319e+00
1.876806e+00
1.537258e+00
1.540703e+00
1.001125e+00
4.775718e-01
1.415384e-01
-5.546791e+01
-5.118737e+01
-8.260233e+00
-8.571161e+00
2.033417e+01
-2.256061e+00
-2.276871e+00
6.477721e+00
6.839778e+00
-3.605953e+01
7.371661e+00
7.755598e+00
-1.333779e+01
-1.287652e+01
-5.800871e+01
-1.954642e+00
-1.957270e+00
-2.003979e+00
-2.169903e+00
-1.490296e+00
-1.347298e+00
-1.549284e+00
1.908208e+01
1.852182e+01
2.870100e+00
2.189810e+00
-3.527849e+00
2.528371e+00
2.588296e+01
2.410454e+01
-2.843102e+00
-2.473436e+00
1.975356e+01
-1.225537e+00
-1.979834e+00
-1.612707e+00
-2.392494e+00
-2.008935e+00
-2.738979e+00
6.679727e+01
5.755541e+01
7.693776e+01
7.963593e+01
8.530903e+01
1.167349e+00
1.342734e+00
1.285935e+01
1.298628e+01
1.204716e+01
6.488110e-01
-7.178895e-02
-2.398633e+00
-2.059476e+00
-1.997490e+00
2.100304e+01
2.963864e+00
-3.004828e+01
-2.885608e+01
-1.078432e+01
-1.061762e+01
7.729095e+00
3.705219e+00
3.130418e+00
4.249841e+00
1.900177e+01
1.250200e+01
-1.615877e+01
6.669574e+00
-4.713758e+00
2.287833e+01
-3.527427e+01
-4.936742e+01
-1.137296e+01
-1.212740e+01
-2.573342e+01
1.385993e+01
-1.690435e+00
-5.346499e+00
4.965811e-01
-3.165370e+00
-5.931658e+00
5.588701e+00
2.240937e+00
3.054236e+01
-6.360565e+01
8.492372e+00
6.885739e+00
2.516710e+01
2.607989e+01
2.381471e+01
2.418442e+01
2.048660e+01
1.768762e+01
1.375765e+01
1.539632e+01
9.973814e+00
1.178011e+01
7.828426e+00
9.980095e+00
7.559260e+00
9.865568e+00
1.248650e+01
1.037563e+01
9.102920e+00
9.080415e+00
1.126548e+01
9.339737e+00
1.224089e+01
1.045481e+01
1.313055e+01
1.100067e+01
1.372600e+01
1.170312e+01
1.394007e+01
9.163816e+00
7.774476e+00
1.203802e+01
1.376491e+01
1.209762e+01
1.333811e+01
1.185175e+01
1.271396e+01
1.399348e+01
1.286338e+01
1.038926e+01
1.552208e+01
-2.913799e+01
5.406163e+01
2.158865e+00
2.634032e+00
2.564131e+00
3.051918e+00
4.635643e+01
1.028440e+01
-6.592049e-01
-3.660103e+00
-1.178389e+01
3.904251e+01
3.368742e+01
2.996905e+01
3.229836e+01
-3.836771e+01
1.411146e+01
1.238869e+01
-2.405814e+01
1.490566e+01
-9.975336e+00
2.202911e+01
3.694767e+00
4.971527e+00
7.692372e-01
1.030354e+01
1.733646e+01
1.001908e+00
1.710392e+01
8.164516e-02
-1.641621e+01
-1.735592e+01
-1.668081e+01
1.692589e+01
-1.510343e+01
-1.431756e+01
-1.412236e+01
-1.337636e+01
-1.352783e+01
-1.263091e+01
-1.318321e+01
-9.376157e+00
-3.013798e+01
3.193033e+01
-7.446860e+00
-1.028193e+01
3.638643e+00
1.178857e+00
8.517865e+00
-6.209670e+00
3.092713e+00
-3.335584e+01
-4.078668e+00
-8.235032e+00
-7.638772e+00
-8.340725e+00
-7.451596e+00
2.879977e+00
3.451510e+00
3.123364e+00
3.781126e+00
3.865964e+00
4.037370e+00
6.157421e+00
9.992941e-01
-3.177992e+00
-3.446717e+00
-3.977516e+00
-6.116288e+00
-5.409903e+00
-5.985272e+00
-5.822903e+00
-2.577801e+00
-2.502003e+00
-3.684998e+00
-3.226539e+00
-3.083477e+00
-5.207659e+00
-2.054251e+01
-2.118073e+01
-2.019577e+01
-2.076252e+01
-2.181716e+01
2.425481e+00
-1.314791e+01
-1.513363e+01
5.875688e+00
-2.088938e+00
-7.252863e-01
-2.206606e+00
-2.295873e+00
-1.501048e+01
-3.782496e+00
-1.966002e+00
-7.557785e+00
-7.434868e+00
-1.700845e-01
8.057040e-01
6.204932e-01
-3.146481e+01
-1.078351e+00
-9.716587e-01
-3.700135e-01
-3.946215e+01
1.419992e+01
-1.635697e+01
7.332254e+00
-1.389478e+01
6.718309e+00
-7.007166e+00
-1.660925e+01
-1.769725e+01
-1.873837e+01
-1.884691e+01
-2.834523e+01
-2.734215e+01
6.912609e+00
6.230253e+00
1.458438e+01
-2.917622e+01
-6.458982e+00
-6.249011e+00
-8.097057e+00
5.326120e+00
3.434148e-01
-3.313461e+00
-3.190564e+00
-4.155396e-01
8.652697e+01
-1.477241e+01
-4.187204e+01
1.742703e+00
-1.274048e+01
-1.188986e+01
-1.177645e+01
-1.107552e+01
3.408381e+01
3.483160e+01
1.375369e+00
4.229636e+00
-9.294507e+00
-2.981921e+00
-1.727243e+01
1.405351e+01
1.277131e+01
2.953649e+01
2.771908e+01
-1.445062e-02
-8.166508e-02
1.972894e+00
-1.596305e+01
-3.369448e+00
-2.939914e+00
-2.749927e+00
-2.586464e+00
-2.429303e+01
-3.097369e+00
-2.553991e+01
-2.089680e+00
7.804826e+01
9.022658e+01
2.597990e+00
-2.132431e+01
-2.245462e+01
-1.425061e+01
-3.366327e+01
-1.305794e+01
-1.242029e+01
-1.115099e+01
-1.036284e+01
-1.331867e+01
-1.369764e+01
9.731494e+00
2.126132e+01
2.500659e+00
1.803903e+01
1.755233e+01
1.792449e+01
1.702483e+01
-4.108968e+00
-4.792527e+00
1.542967e+01
-1.505648e+00
6.510533e-01
-1.267676e+00
-2.109047e+01
2.433985e+01
2.267260e+01
2.247080e+01
2.112709e+01
2.095561e+01
1.969077e+01
1.954570e+01
1.835646e+01
-1.190869e+01
-1.516815e+01
-1.265269e+01
-5.322307e+01
-4.862894e+01
-4.722327e+01
-4.474504e+01
-4.358621e+01
-4.133551e+01
-4.045099e+01
-3.829331e+01
1.658910e+01
1.613564e+01
1.650546e+01
1.566288e+01
1.597614e+01
1.517022e+01
1.481628e+01
1.437723e+01
1.466747e+01
1.392007e+01
1.415627e+01
1.344708e+01
1.316970e+01
1.273743e+01
1.247938e+01
1.206057e+01
1.296764e+01
1.398477e+01
-1.249255e+01
-3.525222e+00
-3.587536e+00
2.722719e-01
3.490008e-01
4.528696e-01
-1.972057e+01
-1.922355e+01
3.670092e-01
1.092177e+01
6.400731e+00
3.281339e+01
3.546566e+01
-1.930689e+00
-2.638716e+00
-2.093939e+00
-3.773688e-01
-2.900125e+00
-2.708398e+00
4.521895e-01
4.125050e-01
2.047469e+00
1.711255e+00
3.117928e+01
6.030593e+01
5.483459e+01
-1.489076e+00
-1.333267e+00
-1.486269e+00
-1.095593e+01
-1.029556e+01
-9.502251e+00
-2.187811e+01
3.359035e+00
2.573055e+00
2.310638e+00
1.774493e+00
1.475091e+00
9.543942e-01
6.258036e-01
1.595889e+01
-2.419182e+01
3.389253e+00
-9.841003e+00
-9.577220e+00
-6.163142e-01
1.761983e+00
7.425794e-01
6.979399e-02
3.366604e-01
-3.967800e-01
-1.680994e-01
1.167638e+01
-3.261290e+00
-4.746662e+01
1.848808e+01
2.568643e+01
2.478171e+01
1.765309e+01
-1.452251e+00
1.375486e+01
1.264089e+01
-2.772498e+00
-2.891909e+00
1.724860e+01
1.662845e+01
7.841428e+00
8.592944e+00
-4.443867e+01
3.764544e+01
3.842526e+01
-1.125445e+01
-1.105224e+01
-1.295390e+01
-1.363446e+01
-2.452198e+01
-3.619615e+01
7.272520e+00
7.565370e+00
8.072077e+00
7.856027e+00
8.383646e+00
8.145213e+00
8.694306e+00
8.428855e+00
8.996637e+00
8.698816e+00
9.294325e+00
8.959926e+00
1.063461e-01
-2.252833e-01
2.929332e-01
-6.044133e-01
-3.437782e-01
-1.086861e+00
8.202627e-01
-2.329052e+00
-7.948135e-01
-1.190369e+00
-1.717574e+00
-4.519870e+00
-1.943837e+00
-2.890552e+00
-4.209547e+00
-5.402491e+00
-4.453562e+00
-6.233721e+00
-5.546248e+00
-6.657289e+00
-6.000310e+00
-6.260035e+00
-7.101028e+00
-6.348858e+00
-4.845888e+00
-3.656627e+00
-2.063239e+00
-4.550151e+01
-8.562078e+00
-7.917214e+00
-9.243756e+00
1.211970e+01
1.305814e+01
-4.232356e+01
-2.358709e+00
-2.300148e+00
-4.744078e+00
-8.266757e+00
2.827365e+01
-2.503183e+00
-1.143819e+01
-1.222249e+01
-1.292195e+01
-2.948059e+01
-1.333989e+01
2.825263e-01
-7.715975e+00
-8.388351e+00
2.992341e+00
4.542920e+00
4.542098e+00
-1.869046e+01
-1.826171e+01
1.152142e+01
1.119784e+01
1.167547e+01
1.062118e+01
1.129959e+01
1.017677e+01
1.143236e+01
1.233259e+01
5.604624e+00
7.572948e+00
-2.310208e+01
-2.241080e+01
4.318560e+00
-2.664768e+00
1.120062e+01
-1.038403e+01
-9.642701e+00
-9.543507e+00
-8.926642e+00
-6.582279e+00
-1.296627e+01
-4.682964e+00
-5.626691e+00
1.798271e+00
-2.059520e+01
-1.745176e+00
1.435918e+01
3.523066e+00
3.533970e+00
-1.195691e+01
-1.280422e+01
-5.934850e+00
-5.947767e+00
-6.517936e+00
-1.104869e+00
-3.881769e+01
1.487761e+01
1.431521e+01
-1.000826e+01
-3.758158e+01
-3.558055e+01
9.581980e+00
2.203135e+01
2.225585e+01
2.147941e+01
2.288784e+01
-4.615517e+00
1.146666e+01
1.186567e+01
-9.084449e+00
-8.422277e+00
-1.322603e+01
-8.056728e+00
-2.666594e+01
-2.202305e+00
8.734837e-01
1.025504e+01
8.648317e+00
9.647336e+00
2.900906e+01
-1.774211e+01
-1.888601e+01
-2.353254e+00
2.349193e+01
3.316443e+01
3.070454e+01
2.058703e-01
1.798228e-01
-8.814965e+00
-8.223591e+00
-3.815747e+01
-5.480862e+01
2.783647e-01
1.945003e+00
2.260092e+00
1.916906e+00
2.478068e+00
4.074670e+01
-5.055564e+01
-6.825981e+00
-6.819549e+00
7.605674e+00
-1.285292e+01
-7.595243e+00
-8.153439e+00
-7.745471e+00
1.822701e+01
1.712447e+01
3.859460e+01
1.242589e+00
8.434010e-01
-1.947738e+01
7.118340e+00
-7.709795e-01
-4.217539e+00
-3.952741e+00
7.726484e+00
-3.871245e+01
-1.599476e+01
-1.553588e+01
-1.449687e+01
-3.077697e+01
2.768405e+01
8.431558e+00
6.810688e+00
6.507519e+00
5.406864e+00
6.960007e+00
6.298381e+00
6.108578e-01
-6.299778e+00
-6.259455e+00
-6.494182e-02
-8.311645e+00
-2.785776e+00
-2.547571e+00
-3.430954e+00
-2.633642e+00
-3.419430e+00
2.769031e+00
1.932691e+00
2.939602e+00
-1.746620e+00
-9.258031e-01
9.262235e+00
7.618177e+00
1.394401e+00
1.580738e+00
-3.600076e+01
-3.346750e+01
-3.314224e+01
-3.123839e+01
-3.435938e+00
-4.207253e+01
2.949615e+01
2.259296e+01
2.571446e+01
2.934069e+01
-4.994468e+01
-5.460706e+01
-3.686468e+01
-7.363896e+00
-1.208459e+01
-9.684684e-01
-9.216193e-01
-1.116173e+00
-2.089530e+01
-8.807646e+00
1.049977e-01
-5.885452e-02
-2.276151e-01
-1.532463e-01
-7.686096e-02
5.383910e+01
5.233765e+01
5.564354e+01
5.345932e+01
5.013850e+01
5.044104e+01
4.728453e+01
5.410061e+01
4.686222e+01
4.402687e+01
4.190479e+01
3.924703e+01
4.136676e+01
3.674006e+01
3.544841e+01
3.356230e+01
3.886789e+01
4.507608e+01
3.318413e+01
3.155202e+01
3.185702e+01
3.004623e+01
2.950282e+01
2.822943e+01
3.493274e+01
2.868213e+01
2.707572e+01
2.645880e+01
2.549568e+01
2.472621e+01
2.394941e+01
7.998510e+01
8.421465e+01
7.747658e+01
9.880800e+00
4.174166e+01
-2.690079e+00
1.682840e+01
2.277439e+01
2.445818e+01
1.090969e+01
-5.572511e+00
3.038858e+00
-2.323257e+01
-2.232808e+01
-2.302021e+01
-2.210195e+01
-2.273825e+01
-2.144474e+01
-2.119930e+01
-2.058084e+01
-2.031926e+01
-2.088266e+01
-1.973514e+01
-1.999187e+01
-2.051631e+01
-8.109346e+00
-7.544552e+00
-7.423966e+00
-6.897621e+00
-6.758294e+00
-6.260051e+00
-6.107007e+00
-5.635192e+00
-5.469002e+00
-5.022160e+00
-4.842001e+00
-4.419421e+00
-4.225835e+00
-3.825459e+00
-3.616684e+00
-3.238180e+00
-3.013443e+00
-2.656708e+00
-2.416481e+00
-2.078742e+00
-1.831472e+00
-1.505994e+00
-1.262027e+00
-9.356772e-01
-6.647848e-01
-3.632418e-01
-4.527662e-02
2.195614e-01
-1.114268e+01
3.544713e+00
-2.513329e+00
-2.451585e+00
-2.516856e+00
-7.973236e+00
-7.301899e+00
-1.995225e+01
9.190603e+01
-3.371392e+01
-1.607181e+01
-1.600488e+01
-3.072606e+00
-2.602287e+00
-2.440109e+00
5.210710e+01
-1.996555e+00
-4.401857e+00
3.463963e+01
-3.199060e+01
-1.048532e+00
-6.887058e+00
4.567047e-01
1.189272e+01
5.286906e-01
6.945597e-01
-8.788098e-01
-8.449348e-01
-7.291969e-01
-7.091595e-01
-6.017111e-01
-7.187120e-01
5.588038e+00
1.933264e+01
-2.553367e+00
3.020684e+00
-1.544581e+01
-2.422504e+00
-4.495419e+01
-1.445822e+01
1.315514e+01
-1.995168e+01
9.328363e+00
7.205715e+00
8.139795e+01
9.438307e+01
1.841006e+01
4.511491e+01
4.219693e+01
-4.255576e-01
1.556321e+01
5.913332e+00
-7.369893e+00
-6.712207e+00
-7.842592e+00
1.077676e+01
2.984763e+01
2.049156e+01
-2.093786e-02
-3.453267e-01
4.950713e-01
7.652763e+00
-8.403481e+00
6.509189e+00
7.163566e+00
1.440042e+01
-8.823431e-01
-7.367718e-01
-3.742324e+00
-1.914512e+01
1.197411e+01
-4.287692e+00
5.674366e+00
4.996620e+00
2.534311e+01
1.869731e+01
-2.594555e+00
2.952414e+00
3.024213e+00
-1.372589e+01
9.147690e+00
6.656042e+00
-2.110049e-01
-7.881658e-02
-1.273410e+00
-1.572356e+00
1.214765e+01
1.307538e+01
3.958431e+01
1.858080e+01
1.803200e+01
-1.260444e+01
-1.309800e+01
5.694530e+01
5.134829e+01
-1.574437e-01
-5.081939e+00
-5.862977e+00
1.033896e+00
-2.690335e+00
-2.326563e+00
9.906910e+00
1.345690e+01
-4.715968e+01
-5.379906e+01
9.551705e+00
-1.324798e+01
1.723441e+01
1.722400e+01
1.639718e+01
1.635104e+01
1.693106e+01
1.604276e+01
1.546982e+01
1.517294e+01
1.568770e+01
7.841041e+01
7.183996e+01
1.740913e+01
-1.672459e+01
-6.274198e+00
-6.149420e+00
-7.901055e+00
-7.921080e-01
2.914752e+00
2.373169e+00
4.781539e+00
8.360928e+00
8.589188e+00
3.445194e+00
3.902616e+01
-5.755689e+00
-5.696693e+00
-1.304736e+01
-6.564202e-01
-3.543018e-01
2.886648e-01
1.802863e+01
1.905809e+01
-8.968437e-01
-6.562827e-01
-1.159274e+00
-8.791211e-01
-5.610003e-01
-9.406284e-01
-2.934581e-02
-1.758565e+00
-1.216819e+01
-1.890655e+01
1.190634e+01
-1.144973e+01
1.856903e+01
1.043108e+01
-2.396065e+00
-3.513129e+00
-1.367847e+01
1.770624e+01
-9.971315e-01
-1.191539e+00
2.305365e+01
7.401918e+00
7.937790e+00
-2.360338e+01
-1.323751e+00
-2.433902e+01
7.205395e+00
6.522027e+00
-3.064382e+00
1.155998e+01
2.262858e+00
5.000256e+00
2.661867e+00
-2.867756e+00
-4.219777e+00
3.232388e+01
-1.768906e+01
-1.662296e+01
-1.884855e+01
-8.573017e-01
2.805346e+00
-2.891467e+01
-2.251161e+00
-1.558170e+01
-1.006668e+01
4.719238e-01
8.574926e+00
-9.383426e+00
-1.664402e-01
-6.103107e-01
-1.049703e+00
-8.814606e-01
-2.233060e+01
-2.192218e+01
-2.009656e+01
-2.006015e+01
1.466235e+01
1.527631e+01
2.746533e+01
2.894073e+01
-1.767956e+01
-3.997545e+00
1.784274e+00
2.849049e+00
4.962273e+00
5.450986e+00
-6.902903e+00
7.054716e-01
-1.976661e+01
-1.231257e+01
1.600930e+00
2.217701e+01
-1.937926e+00
-7.213212e+00
-5.963725e+00
-5.417184e+00
-5.175447e+00
-5.766101e+00
-6.764412e+00
-6.154889e+00
-6.032362e+00
-5.491508e+00
-5.165992e+00
-1.432794e+00
-1.169833e+01
-1.145027e+01
-1.040252e+01
-8.721962e+00
3.898986e+00
-2.371575e+00
-2.374098e+00
-5.608179e+00
-6.874535e+00
1.907163e+00
2.293186e+00
7.075979e+00
6.783009e+00
-1.731427e+01
7.459070e-02
-6.540988e-01
-9.705608e+00
-6.373000e+00
-1.269148e+01
-1.333468e+01
-1.204973e+01
-1.431246e+01
-1.398037e+01
-1.498397e+01
-1.457488e+01
-1.562239e+01
-1.521694e+01
-1.425763e+01
-1.256809e+01
-1.238034e+01
-2.164440e+01
-2.167817e+01
-1.774796e+00
-4.681715e+00
-1.257838e+01
-1.248045e+01
-9.941439e+00
-1.024295e+01
-1.192393e+01
-1.289056e+01
-1.396694e+01
-1.251100e+01
-1.569809e+01
-1.656794e+01
-1.354338e+01
-1.697701e+01
-1.949863e+01
-1.999352e+01
-1.117272e+01
-1.177570e+01
-1.175400e+01
-1.792131e+01
-2.184390e+01
-2.020789e+01
-1.712965e+01
-9.718909e+00
-1.018577e+01
-1.842141e+01
-2.010650e+01
-2.154767e+01
-5.169094e+00
3.838777e+01
4.054346e+01
4.709673e+01
-8.281060e+00
-2.104178e+01
-3.525620e+00
7.096155e+01
6.642657e+01
6.656060e+01
6.196362e+01
2.543937e+01
5.196697e+00
4.750686e+00
-1.769389e+00
-6.252658e+00
-1.217016e+00
-1.337567e+00
-1.674986e+00
-8.443990e+00
1.676356e+01
-3.085060e+00
-4.067655e+01
-3.890415e+01
-1.778687e+01
7.666622e+00
-4.326314e+01
1.164287e+01
1.060466e+01
-8.021031e+00
-6.619338e+00
-5.311318e+00
1.540770e+00
-3.500414e+00
-1.535735e+01
-1.484212e+01
-1.930748e+01
-4.918309e+00
6.335898e+00
5.750650e+00
3.825758e+00
4.452282e+00
3.116539e+00
1.775813e+00
1.487295e+00
5.193292e+00
5.051009e+00
4.900400e+00
5.588589e+00
1.594897e-01
1.095156e+01
1.139409e+01
-5.001808e+01
-5.710073e+01
1.615198e+01
1.572190e+01
3.974424e+00
3.956257e+00
3.529585e+00
3.921588e+00
3.497774e+00
3.861390e+00
1.022162e+01
9.859356e+00
-3.890470e+01
-3.711082e+01
-1.198560e+01
-1.282890e+01
1.459427e+01
-1.606142e+01
2.554418e+01
-1.293057e+00
-1.683860e+00
-1.876187e+00
-8.489244e+00
2.241208e+01
2.162971e+01
-3.129113e+01
-2.919007e+01
-2.957662e+00
-2.829715e+00
-1.212051e+01
2.371651e+01
8.365028e+00
-3.473579e-01
3.385285e+01
-6.538773e+00
1.499224e+01
1.439919e+01
-1.021997e+01
-1.236340e+01
3.983472e-02
2.275697e+01
2.071295e+01
-4.009659e+00
-5.378236e+00
-2.931962e+01
-2.729842e+01
1.212033e+01
-3.513344e-02
-1.313007e+01
-4.131287e+00
3.512642e+00
1.770917e-01
2.838336e-01
5.790210e+01
5.480915e+01
-1.185828e+00
-7.830009e-01
-1.622028e+01
-1.956778e+01
-2.004753e+01
-2.098943e+01
-2.046052e+01
-2.147350e+01
2.444486e+01
6.168903e-02
4.717818e-01
6.786517e+00
5.162423e+00
4.242807e+00
4.364963e+01
4.638871e+01
5.476068e+00
4.248842e+00
-1.284127e+01
-2.890396e+00
-2.780835e+00
-2.584673e+01
-2.505692e+01
-2.568840e+01
1.484035e+01
-2.420086e+00
-2.639325e+00
1.370855e+01
2.120523e+01
-2.089904e+00
1.911743e+00
3.073784e+01
1.510045e+00
1.870703e+00
1.099548e+00
1.026074e+00
8.052954e-01
1.218682e+00
1.253448e+00
7.920666e-01
1.137367e+00
4.032680e-01
3.318076e-01
2.495345e-01
1.605251e-01
4.010556e-01
-2.475411e+01
-2.558101e+01
-2.590698e+01
-1.359492e+01
-1.126776e-01
-9.474547e+00
3.153429e+01
2.852845e+01
3.075627e+01
8.563832e+00
-5.184326e+00
-5.114623e+00
1.156049e+01
-2.416174e+01
-1.832310e+01
-1.061230e+01
-1.028248e+01
-5.094149e+01
-5.571957e+01
-1.787875e+01
2.840021e+01
-2.863592e+00
1.093736e+01
-2.117175e+01
-2.239412e+01
-1.976081e+01
1.782165e+01
1.873765e+01
-5.473458e-01
-1.809474e+01
-1.156872e+00
-9.182207e-01
1.053855e+01
-1.758097e+01
8.329551e+00
-2.086027e+00
-3.087409e+00
4.346885e-01
-2.681022e+00
-2.963159e+00
-2.407826e+00
-1.710369e-01
-5.306468e+01
-6.053522e+01
-6.335332e+01
-6.812054e+01
-6.395659e+01
-7.331597e+01
-7.272876e+01
-7.905893e+01
-7.861779e+01
-8.691683e+01
-8.415842e+01
-9.185789e+01
-8.594016e+01
-9.270488e+01
-1.006278e+02
-1.002600e+02
-8.826562e+01
-9.154298e+01
-7.961199e+01
-1.072979e+02
-8.508164e+01
-7.480677e+01
-7.067161e+01
-1.448200e+01
-1.440564e+01
-2.193187e+01
-2.284530e+01
-2.029080e+01
-2.445842e+01
-2.418751e+01
-3.423013e+01
-2.859669e+01
-2.963633e+01
-2.421170e+01
2.462559e+01
2.321397e+01
2.242562e+01
2.184345e+01
2.092717e+01
2.049946e+01
-6.554212e+00
8.378216e+00
2.057210e+00
-9.697578e+00
-1.546696e+00
-5.174329e+01
-3.813871e-01
1.431596e+00
1.118910e+00
1.109254e+00
4.124695e-01
4.188888e-01
7.263577e-02
1.494889e+01
4.288516e+01
-1.042910e+01
2.632977e+01
6.356202e+01
4.639755e+00
1.839170e+01
1.838896e+01
1.917474e+01
-5.025052e+01
-1.562881e+01
3.978055e+00
-3.534591e+01
1.089315e+01
3.329654e+01
-8.514997e+00
-8.543263e+00
-4.083294e+01
-3.747241e+01
5.880671e+01
6.633280e+01
-2.575797e+01
-4.649117e+01
-1.008142e+00
8.797778e+00
1.244668e+01
-1.664845e+01
-2.372275e+01
-2.331209e+00
-8.903692e+00
-1.114384e+01
1.019193e+01
-5.786374e+00
-2.761716e+00
1.400840e+01
1.404598e+01
9.281012e+00
9.403914e+00
8.661924e+00
9.458397e+00
4.852786e+01
5.142304e+01
4.429945e+01
3.418401e+01
2.750681e+01
-4.087208e+01
2.355838e+00
2.693531e+00
3.493011e+00
4.253960e+01
3.939477e+01
4.306554e+01
3.690980e+01
1.031505e+02
1.102530e+02
1.137225e+02
8.923571e+00
9.173005e+00
-1.851895e+01
1.560188e+01
8.714281e+00
5.150912e+00
1.468924e+01
-8.684041e+00
-8.682727e+00
-9.124234e+00
-8.972986e+00
6.207424e+01
1.241616e+00
-7.993479e+00
2.279270e+01
-8.507729e+00
-7.052917e+00
-8.862864e+00
6.557230e+00
4.841914e+00
1.158225e+00
7.125990e+00
-6.304842e+00
2.073569e+01
2.081066e+01
2.244508e+01
-6.692692e+00
-2.287111e+01
-2.368432e+01
-2.381957e+01
-2.181391e+01
-9.016888e+00
2.455901e+00
2.163208e+00
1.238061e+00
1.269084e+00
-1.670300e+00
-1.090262e+01
2.143227e+01
3.987407e+00
-6.692684e+00
-1.000251e+00
-8.941762e+00
1.872878e+01
4.180187e+01
3.938765e+01
1.125193e+01
2.325442e+01
-8.709184e+00
9.418388e+00
-1.178646e+01
-1.116993e+01
-2.078351e+01
7.555042e+01
-8.761000e+00
-9.687951e+00
-1.027395e+01
-9.120264e+00
8.790921e+00
-4.986914e+00
-1.374937e+01
-1.241750e+01
-1.295062e+01
-1.382968e+01
-1.420557e+01
-1.478608e+01
8.715850e-01
1.711025e-01
2.262603e-01
-5.462284e-01
-2.122936e+01
-1.861115e+01
-9.925787e+00
5.264630e+00
-2.343298e+01
-2.381583e+01
-1.473785e+01
-2.034118e+01
-1.812020e+01
-2.407836e+01
-2.278325e+01
-2.705927e+01
1.375198e+01
1.379606e+01
1.318511e+01
8.739616e+01
4.641678e+00
-3.685923e+01
-3.610497e+01
-3.784846e+01
3.646359e+01
3.725134e+01
2.040192e+01
3.271169e+00
-4.631658e+01
-7.792223e+00
-1.445185e+00
-1.164390e+00
-1.721265e+00
-5.772072e-01
-2.541558e-01
-1.630681e+00
-1.958803e+00
-1.611172e+00
-2.043371e+00
-1.914714e+00
-2.182108e+00
-1.923755e+00
-7.802822e+01
-1.504009e+00
3.008061e+01
-5.265013e+00
6.195540e+00
5.352407e+00
5.893741e+00
6.456851e+00
5.745506e+00
3.410052e+01
-4.407194e-01
-6.895102e-01
-7.266797e-01
-1.598212e+01
9.371139e+00
3.196836e+00
2.852047e+00
-7.965750e+00
1.591845e+00
3.074707e+00
-7.150731e+00
-3.671104e-01
1.946257e+01
-5.405489e+00
4.906294e+00
5.937209e+00
-1.813035e+00
-2.062617e+00
-2.064405e+00
-2.405564e+00
-2.662526e+00
-2.341048e+00
-2.938377e+00
-2.144377e+00
3.384004e+00
-1.731733e+00
-8.408251e-01
2.365707e+00
4.375758e+00
4.257557e+00
-2.513764e-01
-3.441494e+01
-3.333312e+01
-3.201561e+01
-3.065865e+01
-2.746699e+01
-2.558853e+01
-2.539612e+01
-1.301929e+01
8.684951e+00
9.428854e+00
7.958196e+00
-6.788910e+00
-2.509005e+01
-2.528634e+01
1.485707e+01
-7.937484e-01
3.553650e+00
3.024237e+00
2.311170e+00
-4.317663e+01
-2.210910e+01
-2.528034e+00
-2.010408e+01
3.123982e+00
3.733659e+00
6.622396e+00
6.835798e+00
-2.935644e+01
-3.089234e+01
-2.177348e+01
1.738235e+00
7.968086e+00
7.764889e+00
8.642149e+00
-1.637195e+01
-1.822546e+00
2.740096e+01
-4.247391e+01
5.493180e+00
1.880146e-01
-3.925776e+00
-2.484454e+00
-1.258281e+01
-1.745386e+00
-1.368391e+01
-1.800082e+01
9.629692e-01
5.113851e+01
4.818687e+01
1.689904e+00
2.803497e+00
1.658044e+01
1.632097e+01
1.679398e+01
1.220012e+01
3.052227e+01
9.776262e+00
8.152181e+00
8.801788e+00
1.322093e+01
1.451668e+01
2.873059e+01
1.019898e+01
-2.291732e+00
-2.327234e+00
-2.190362e+00
-2.965382e+01
-1.432787e+00
1.656574e+01
-1.328783e+01
5.958375e+00
6.248059e+00
3.949551e+01
-3.931893e+00
-5.213766e+00
-7.064941e-01
-1.029952e+00
1.854824e+00
-5.438103e+00
-6.227763e+00
-6.643906e+00
-4.661048e+00
-7.032220e+00
-5.363858e+00
-4.297871e+00
-4.102371e+00
-9.734566e+00
-1.045049e+01
-9.040053e+00
-3.230206e+00
-2.846606e+00
2.257740e+01
1.913925e+01
1.831539e+01
-3.386011e+00
-1.399566e+00
3.458028e-01
4.144987e-01
1.034496e+00
6.144525e-01
-3.969162e+01
4.858047e+01
-1.577932e+01
1.226385e-01
-1.464902e+01
-1.394543e+01
2.105083e+01
1.695344e+01
1.917448e+01
-3.894968e+01
2.335053e+00
1.703010e+01
-2.272939e+00
6.222508e+00
-6.561435e+00
1.629280e+01
4.136082e+01
3.828539e+01
-4.149879e-01
-4.989549e+00
4.421752e+00
4.444555e+00
-6.678907e-01
9.270249e+00
9.531976e+00
9.251275e+00
-8.465856e+01
-1.465550e+01
-1.465738e+01
3.195532e+00
-2.438481e+01
-2.334423e+01
5.177947e+01
-1.693912e+01
-3.236539e+01
6.584141e+00
5.939294e+00
5.862638e+00
5.311519e+00
5.221995e+00
4.701891e+00
4.598937e+00
4.109784e+00
3.990823e+00
3.531190e+00
3.396034e+00
2.963031e+00
2.811926e+00
2.404968e+00
2.238083e+00
1.854997e+00
1.671812e+00
1.313600e+00
1.092893e+00
7.291566e-01
1.449310e+00
-3.445426e+00
-2.394255e+00
-2.421531e+00
3.741172e+01
1.947655e+00
1.819120e+00
-1.486501e+00
-1.038130e+00
-1.462314e+00
-1.240728e+00
7.267874e-01
1.669230e-01
1.301813e+01
3.638892e-01
6.320678e-02
-2.056249e-01
-2.621470e-01
-6.484871e-02
-9.621987e-02
-5.620403e+00
-4.977460e+00
-2.138861e+01
-2.132924e+01
-4.208837e+00
-5.350484e+00
-5.882853e+00
-2.684411e+01
-2.705503e+01
3.751179e+00
-1.069234e+01
-1.458561e+01
9.433275e+00
-4.019302e+00
1.394109e+01
2.133525e+01
1.441363e+01
-2.270996e+00
4.364259e+00
-1.084784e+01
-1.120815e+01
-1.181544e+01
-1.153160e+01
-9.555498e+00
-9.728921e+00
1.496192e+01
1.500480e+01
1.399655e+01
1.497190e+01
-1.373037e+01
-2.786530e+00
7.943887e+00
6.157264e+00
-1.211455e+01
-1.263787e+01
6.156178e-01
-7.919675e+00
-3.029158e+01
-5.207364e+00
1.603036e+01
6.091001e+01
-3.133768e+00
2.627558e+01
1.152976e+00
2.286951e+01
-3.804829e+01
-1.528171e+01
-3.726803e+01
-1.161936e+01
-1.078519e+01
4.546802e+01
-4.485843e-01
-1.342097e+01
-1.401495e+01
1.086715e+01
-4.588946e+00
4.310268e+00
4.619747e+00
-1.971275e+00
-1.284140e+00
-1.163717e+00
-1.691434e+00
-1.577191e+00
-1.165118e+01
-1.165176e+01
-3.014039e+00
1.266787e+01
1.260233e+01
8.348420e+00
3.140510e+01
-1.644519e+01
-1.679428e+01
4.272517e+00
-7.000962e+00
3.150559e+00
3.934994e+00
-2.334823e+00
-2.308342e+00
-2.502368e+00
-2.895187e-01
4.476100e+00
-1.790434e+00
-2.702645e+00
-1.091115e+01
1.387661e+01
-3.212855e-01
-1.391913e+00
1.496897e+01
7.407882e+01
7.627619e+00
4.545059e+01
4.399505e+01
4.161282e+01
3.960239e+01
7.034392e+00
-1.953733e+01
-1.160873e+01
-1.370317e+01
1.168352e+01
1.370738e+01
-1.340510e+00
-9.465186e+00
-6.714942e-01
-6.154387e-01
8.831797e-02
-4.928535e+00
3.569362e+01
4.725187e+00
-4.893579e+00
-4.458854e-01
-7.485807e-01
-1.546058e+01
-2.994645e+00
-1.544000e+01
-1.633930e+01
-2.263270e+00
1.395712e+01
-3.543782e+01
-4.483691e-01
-2.388996e+01
-2.408580e+01
-2.231566e+01
-4.689581e+01
-2.006936e+01
2.836961e+00
1.328745e+00
-2.313280e+01
-2.264934e+01
-6.569048e+00
-5.870311e+00
-8.561088e+00
1.688723e+01
-1.678481e+00
-2.370043e+00
-1.189052e+00
-1.777222e+00
-5.406350e+00
-1.198154e+01
-1.276406e+01
8.364158e+00
-5.169853e+00
3.356919e+01
4.080164e+01
3.937384e+01
4.060436e+01
2.412352e+01
6.555074e+01
-2.466655e-01
-4.495838e-01
-1.417354e+01
4.488187e+00
3.100643e+01
2.981971e+01
2.817752e+01
2.732161e+01
-3.145168e+00
1.746544e+01
1.834962e+01
1.964590e+01
1.920972e+01
1.793346e+01
1.864435e+01
1.745068e+01
1.828209e+01
-5.483666e-01
6.108513e+01
-1.940677e+01
3.665893e+01
-7.396395e+00
2.771208e+01
2.638159e+01
2.898492e+01
1.314997e+01
1.261460e+01
1.258126e+01
1.206628e+01
1.118015e+01
-1.982195e+01
-1.862343e+01
-2.238478e+01
-2.402676e+01
-2.282178e+01
-2.734109e+01
-2.906947e+01
-8.303968e-01
-2.331069e-01
-1.094240e+01
-1.149434e+01
-1.839928e-02
1.958451e-01
-1.398496e+00
4.189964e+00
1.326665e+02
1.201677e+02
1.161301e+02
1.062500e+02
-7.424771e+00
-6.885672e+00
-2.653571e+00
-5.923291e-01
-1.041929e+00
-2.177417e-02
2.047777e+01
1.377147e+01
1.555293e+00
9.136691e-01
6.356268e-01
9.100882e-01
2.696068e-01
-2.646989e+01
-1.548157e-01
-7.983565e+00
-8.032984e+00
2.244999e+00
1.662974e+00
1.258883e+00
1.069035e+00
7.446274e+00
1.099557e+01
7.206386e+00
2.333314e-01
2.205184e+01
-3.116759e+01
-1.529914e+01
-1.785924e+01
4.277046e+00
4.926880e+00
-5.536162e+00
1.505099e+00
7.823194e+00
-1.009631e+01
1.840771e+00
3.000441e+01
-2.480469e+00
8.992082e+00
-2.800949e+01
-2.731717e+01
-5.188478e+00
1.670088e+01
1.630905e+01
-1.474934e+01
-1.522800e+01
1.138631e+01
-4.307737e+01
4.304946e+00
6.287717e+00
1.036634e+01
-5.194127e+00
-3.140911e+00
-3.668081e+00
-3.322036e+00
-3.750982e+00
-3.399333e+00
-3.812864e+00
-3.735337e+00
-4.126924e+00
-6.641825e+01
2.300969e-01
3.153040e-02
3.614172e-01
-6.452151e+01
4.505100e+01
-3.744821e+01
2.430787e+01
2.211581e+01
-2.690519e+01
-7.534156e-01
-5.014131e-01
8.257455e-01
1.491631e+00
-7.438320e+00
-7.635965e+00
-2.948190e+01
-1.639861e+01
1.737270e+00
6.510898e+01
-1.545152e+01
-3.079216e+01
-3.011437e+01
-9.743777e+00
-8.731041e+00
7.353531e+00
-2.762792e+01
2.649505e+01
6.539375e-01
1.426889e+01
1.476256e+01
-1.471945e+00
1.141490e+00
1.522257e+02
2.698734e+00
-3.175902e-01
-7.749493e+00
2.008042e+01
1.080564e+01
-4.487965e+00
-3.899203e+00
-4.842167e+00
-4.002554e+00
-1.860812e+01
-3.124845e+01
-3.306160e+01
2.255150e+01
2.355803e+01
1.551414e+01
-4.860111e+01
-5.143763e+01
2.527337e+01
-5.011387e+00
-4.994856e+00
9.288539e-01
-9.780160e+00
-1.042624e+00
8.332373e+00
-1.377797e+01
-1.422356e+01
-1.311764e+01
-1.131212e+01
4.361635e+01
-2.388942e+01
3.131265e+00
-8.955819e-01
-1.255300e+00
-8.028879e-01
-1.098123e+01
-1.084469e+01
-1.113797e+01
-1.474610e+01
1.040404e+01
2.383266e+00
2.754566e+00
2.353003e+00
8.427988e-01
1.405156e+00
6.202764e+00
9.560121e-02
-1.287852e+00
-1.693332e+00
-1.019602e+00
-7.677088e-01
-9.267539e+00
-7.440199e+00
9.268560e+00
-2.024142e+00
-3.895249e-01
-1.386026e+01
-7.954949e+01
-7.897446e+01
-9.002910e+01
-4.582807e+00
-4.468203e+00
3.916006e+00
-6.714995e+01
-1.943498e+00
-8.420789e-01
4.601111e+01
-2.467382e+00
-3.242493e+00
-1.958722e+01
-1.980416e+01
-1.214212e+01
-1.120649e+01
3.323579e+00
7.154196e-01
1.487407e-01
7.509158e+00
1.006045e+01
1.214321e+01
-2.639612e+01
-2.565644e+01
-8.225265e+00
1.039256e+01
1.052339e+01
9.965591e+00
1.202295e+01
5.663250e+00
1.414172e+01
1.709646e-01
-1.412838e+01
2.342390e+01
2.165443e+01
2.076611e+01
9.635571e+01
2.994573e+00
5.441323e+01
4.905955e+01
-2.806874e+01
-2.822351e+01
-2.715851e+01
-2.933892e+01
-2.926199e+01
3.898859e+01
3.803848e+01
7.948734e+00
3.400062e+00
1.039878e+01
-2.614211e+00
-8.780218e-01
2.459579e+00
-3.056253e+01
-2.781224e+01
-7.224178e+01
4.525530e+00
5.690014e+00
6.023011e-01
1.679656e+00
-2.225687e+00
1.902793e+01
1.801840e+01
1.795904e+01
-3.153223e+01
-4.595066e-01
8.380812e-01
-2.643934e+01
3.124817e-01
2.331216e-01
2.939873e-01
1.718099e-01
4.023749e-01
6.826344e-01
5.833479e-01
9.354781e-01
7.766225e-01
1.012132e+00
1.402521e+00
1.032111e+01
1.022577e+01
9.230622e+00
3.306513e+01
-7.340381e+01
-7.093151e+01
1.052041e+01
9.994309e+00
9.490499e+00
-2.061788e+01
-1.924439e+01
-1.817567e+01
2.765419e+01
1.487009e+01
1.615189e+01
3.616030e+00
3.893953e+00
-2.154241e+00
-6.474223e+00
-2.290569e+01
-2.177630e+01
-2.147580e+01
-2.017333e+01
-2.013166e+01
3.236527e+00
1.802032e+00
2.589811e-01
-4.261867e+00
-1.966111e+00
-1.928101e+00
8.044510e+00
1.963827e+01
1.968950e+01
1.824032e+01
8.962828e+00
-1.724782e+01
1.410031e+01
1.203061e+01
-7.982281e+00
2.164122e+01
-1.680944e+00
5.971053e+01
6.881503e+01
5.295739e+01
-2.394932e+01
-1.072948e+01
9.665472e+00
1.485974e+00
1.111904e+01
-2.293367e+01
-2.409442e+01
-1.776138e+01
-1.823036e+01
-1.776747e+01
2.634329e+01
2.431054e+01
2.617062e+01
2.827432e+01
-1.185819e+01
2.839291e+01
-7.270764e+01
5.350334e+00
1.997249e+01
-5.137352e+00
6.173006e+00
4.466340e+00
4.191245e+00
3.212772e+00
3.659976e+00
4.079748e+00
1.300477e+00
6.593301e+01
7.482150e+01
-9.888254e+00
8.877371e-02
-2.501499e+01
-2.317002e+01
-1.982386e+00
-9.437249e+00
-9.345401e+00
3.942967e+01
4.304104e+01
4.735031e+01
-1.863518e+01
2.556099e+00
-3.834900e+00
-3.987053e+00
-3.754505e+00
-1.757011e+01
-1.337713e+01
-1.309565e+01
-1.435117e+01
-1.237734e+01
-2.773783e+01
-2.453412e+01
-2.570794e+01
-3.163740e+01
6.614034e-01
4.723380e-01
-2.342303e+01
-5.012570e+00
4.362914e+00
4.219713e+00
1.691702e+01
1.691634e+01
1.804492e+01
-2.279199e+01
-4.172262e+00
4.670369e-01
1.388355e+02
1.137140e+02
-2.018907e+01
-2.194987e+00
-2.275472e+01
-4.451659e+00
-1.371318e+01
-1.363288e+01
-1.451033e+01
-1.342488e+01
-1.432048e+01
-1.536932e+01
-5.628798e-01
-2.588384e+01
-2.834267e+00
-3.000194e+00
-9.622888e+00
-2.633010e-01
-2.570159e-01
-4.337937e-01
-7.411679e-01
3.635882e+00
-4.986667e+00
-5.318032e+00
-2.239238e+01
-3.052783e+00
-3.066709e+00
-4.449783e+00
-7.825033e+01
-1.080649e+02
-1.012559e+02
-1.210916e+02
-1.282032e+02
-1.120161e+01
4.737105e+01
3.589832e+01
7.551436e+00
5.954510e+00
-4.550666e+00
-4.549003e+00
-6.082641e+00
-1.370284e+01
9.001212e-01
-1.833796e+01
-2.088352e+00
-1.892442e+01
-2.382093e+01
-1.260479e+01
-1.362522e+01
1.670284e+01
1.190431e+00
5.752702e+00
-2.673955e+00
-1.065635e+00
-1.586301e+00
2.818149e+01
-1.049111e+00
6.972894e+00
6.194903e+00
-2.538994e+01
-5.505064e+00
1.526747e+00
-9.957482e+00
-1.059473e+01
-1.118241e+01
-1.422094e+01
-1.481326e+01
-1.506014e+01
-1.538841e+01
-1.539280e+01
-4.084938e+00
-4.688425e+00
-4.798421e+00
5.846993e+01
7.251048e+00
6.604647e+00
-1.557422e+01
-1.647434e+01
-1.625655e+01
7.584125e+01
-3.491692e+00
9.444768e+00
9.596850e+00
9.699388e+00
1.009173e+01
1.050255e+01
1.085034e+01
1.117330e+01
1.556462e+01
1.451985e+01
1.669607e+01
1.709684e+01
1.824514e+01
1.793130e+01
1.937758e+01
1.886080e+01
2.017232e+01
1.875072e+01
1.946369e+01
1.852715e+01
2.005934e+01
1.850223e+01
2.036190e+01
2.188307e+01
1.775603e+01
2.084787e+01
2.194678e+01
1.639206e+01
1.816706e+01
-2.060548e+01
-6.187072e+00
-2.851807e+01
-1.872931e+01
-5.176409e+01
-9.756923e+00
2.045421e+00
7.136616e+01
1.439383e+01
6.029846e+00
-1.596711e+01
4.752890e-02
1.567247e+00
-3.869127e+00
5.485751e-01
2.783171e+01
1.033267e+01
1.061236e+01
3.610254e+01
7.939673e-01
1.988431e+01
-6.630549e+00
3.026602e+00
-6.844246e+01
-6.402529e+01
-5.728343e+01
-2.374270e+01
5.407576e+00
5.694227e+00
5.274809e+00
6.008451e+00
6.521865e+00
-1.119628e+01
-1.039470e+01
-1.363899e+01
-1.447525e+01
-4.236190e+00
4.056964e+00
3.239430e+01
3.474877e+01
4.329954e-01
1.076894e+00
5.318970e-02
-9.715150e-01
-5.113308e-02
-9.506467e-01
-2.508769e-01
-3.551711e-01
6.055111e-01
-1.174733e+00
-1.505230e+00
3.961525e+00
4.447484e+00
3.637969e+00
-2.509840e+00
9.601144e+00
4.179800e+00
-4.338707e+00
9.723725e+00
-1.756542e+01
3.408113e+00
4.635787e+00
4.914736e+00
-1.245162e+00
3.493558e+00
-8.533189e+00
-8.724846e+00
-6.821161e+00
-4.266254e+01
-3.952756e+01
1.136898e+01
-1.554384e+00
-1.755341e+00
-1.937301e+00
-2.037928e+00
-1.811937e+00
-2.086414e+00
-2.275353e+00
-2.349842e+00
-2.111957e+00
-1.804536e+00
-2.038611e+00
-2.087172e+00
-1.857009e+00
8.249635e+00
3.591463e+01
9.214534e+00
-1.812237e+00
-3.289794e-01
-4.776722e-01
-9.848620e-01
-7.332282e-01
-3.170381e-01
-2.855677e-01
-2.168470e-01
-1.592880e-01
1.039839e-01
-3.060527e-01
-9.857237e-01
-7.755280e-01
-1.664621e+01
4.485393e+00
8.552103e+00
1.236274e+00
1.533980e+00
-2.441716e+00
-2.595519e+00
-2.346640e+00
-6.345750e-01
1.348227e+01
1.393253e+01
1.336202e+01
-1.535069e+00
8.255993e+00
8.740356e+00
8.882871e+00
3.949753e+01
4.033352e+01
4.118216e+01
3.091834e+00
-2.240796e+00
-2.691793e+00
-3.227404e+00
-2.652934e+00
-2.106417e+00
-2.439189e+00
-3.413611e+00
-1.207876e+00
-1.460376e+00
-1.987943e+00
-1.687396e+00
-2.310439e+00
-2.521462e+00
-3.055700e+00
-2.695142e+00
-3.428699e+00
-3.601128e+00
-4.149343e+00
-3.797061e+00
-4.575177e+00
-4.712835e+00
-5.272451e+00
-5.757717e+00
-5.873367e+00
-6.476636e+00
-6.989032e+00
-7.058823e+00
-7.612188e+00
-7.651681e+00
-8.354187e+00
-9.308046e-01
-4.026607e-01
-6.776975e-01
-1.054417e-01
1.524937e-01
4.876106e-01
4.425810e-01
6.746435e+00
7.074741e+00
7.919445e+00
7.361449e+00
8.224839e+00
7.675856e+00
8.476421e+00
-2.494189e+00
-2.780199e+00
-3.845226e+00
-4.105647e+00
-4.864160e+00
-5.240373e+00
-4.860847e+00
6.763905e+01
-8.357887e-01
-1.222287e+00
-8.675310e-01
-1.425194e+00
-1.177045e+00
-5.867129e-01
-5.935320e-01
-1.750328e+00
-1.838422e+00
-9.784535e+00
-5.825270e+00
-5.823727e+00
-9.127484e+00
-9.285493e+00
-9.856626e+00
-8.837470e+00
1.185476e+00
1.387664e+00
2.319330e+00
2.769671e+00
2.813977e+00
3.315533e+00
1.418414e+01
1.466927e+01
-8.281635e+00
-1.593591e+01
-4.819936e+00
-2.722820e+01
1.279923e-01
-2.152925e-01
-3.884259e+01
-3.623036e+01
-3.919032e+01
-3.627871e+01
-3.357971e+01
6.932047e-01
4.848872e-01
6.238176e-01
2.765308e-01
5.978080e-01
3.218330e-01
1.570601e+00
1.849334e-01
1.257525e+00
1.889282e+00
7.859292e-01
9.238926e+00
5.324247e+00
4.795633e+00
5.363944e+01
5.956959e+00
1.101695e+00
1.807870e+00
2.248184e+00
1.577555e+00
9.571288e-01
1.099895e+00
2.447628e+01
2.502210e+01
-1.457659e+01
-1.030803e+01
-1.053924e+01
8.822431e-01
2.261898e+01
2.079029e+01
-3.688806e+01
6.015488e+01
4.966475e+01
6.228665e+00
-1.922962e+00
-1.885211e+00
-2.784351e+00
2.320620e+01
2.438526e+01
-8.553121e+00
2.065782e+01
2.016969e+01
2.099781e+01
2.018638e+01
2.161613e+01
5.043321e+00
6.995284e+00
7.326691e+00
7.190633e+00
7.583669e+00
7.030917e+00
6.495393e+00
6.828431e+00
7.635931e+00
6.748086e+00
1.572661e+01
7.985769e-01
-6.671031e-01
6.523640e-01
-5.216447e+01
-5.250630e+01
-5.487387e+01
-5.236306e+01
-5.507007e+01
-5.404965e+01
-4.810063e+01
-4.003684e+01
-5.742228e+01
-3.704638e+01
-3.890415e+01
-3.670489e+01
-3.794484e+01
-3.516079e+01
-5.093704e+01
-5.044284e+01
-5.779286e+01
-6.112336e+01
1.666402e+00
-8.907887e+00
-9.723620e+00
-9.173376e+00
2.082423e+01
1.348135e+01
2.236675e+01
1.071123e+01
1.868729e+01
2.787627e+01
2.914936e+01
2.892952e+01
2.985615e+01
2.698918e+01
-3.524076e+01
-3.611598e+01
-6.162174e+00
-6.947283e+00
-8.507074e+00
-6.361560e+00
-4.246970e+00
-8.056114e+00
-9.177765e+00
-9.428618e+00
-1.076378e+01
-1.030847e+01
-1.182298e+01
-1.137841e+01
-1.280832e+01
-1.332221e+01
-1.209740e+01
-1.059510e+01
-1.091359e+01
-1.036985e+01
-9.003576e+00
-2.766573e+00
-1.970724e+00
-1.546502e+00
-2.394953e+00
-1.170873e+00
-7.781998e-01
-1.151024e+00
-3.673805e-01
-1.092222e-02
4.449177e-01
7.817917e-01
-7.231761e-01
-1.549074e+00
-1.986261e+00
-2.881479e+00
-2.510200e+00
-3.461564e+00
-2.707345e+00
-3.777745e+00
-4.341764e+00
-2.943891e-01
-7.025326e+00
-4.523399e+00
-3.239144e+00
-5.185943e+00
-4.349552e+00
1.658256e+01
-1.318127e+01
-3.279236e+01
-2.874848e+01
-3.307725e+01
-4.701687e+00
-4.908787e+00
-2.596526e+01
2.971483e-01
-3.018376e+01
-5.519879e+01
-5.523952e+01
-5.901280e+01
-5.905895e+01
-6.310385e+01
-6.766729e+01
-1.357339e+00
-1.439759e+00
-1.619402e+00
-1.615460e+00
-4.859669e+01
2.478495e-01
3.942986e-01
6.350793e-01
-1.444393e+00
-4.307423e+01
1.333370e-01
9.682613e-01
2.782945e+01
-1.874390e+00
-1.664296e+00
-5.151170e+01
-9.099808e-01
-8.730672e-01
1.258390e+01
3.881089e-01
1.303609e+01
-2.910512e-01
-7.365628e+00
-7.367989e+00
-8.991738e+00
-1.656481e+00
1.763599e+00
2.424753e+00
2.865944e+00
1.734953e+00
6.072752e+00
4.143984e+00
3.495148e+00
-1.543000e+01
-6.601121e+00
-6.481796e+00
3.312027e+00
5.932989e+00
2.303662e+00
2.725582e+00
-3.584656e-01
2.478130e+00
7.620980e+00
5.902376e+00
5.841273e+00
5.955961e+00
-9.618204e+01
-1.075790e+02
-9.047350e+01
-9.768793e+01
-1.206561e+02
-1.121307e+02
-1.128373e+02
1.967708e+01
8.998560e+00
-1.073634e-01
2.288539e-01
-2.281448e+01
-2.318959e+01
-3.489709e+01
-5.434769e+01
-7.510918e-01
1.421403e+00
1.882281e+00
1.124427e+00
6.850281e-01
-1.340829e+01
-1.382095e+01
-1.537921e+01
-1.411515e+01
-1.632419e+01
-1.481743e+01
-1.476208e+01
-5.733121e+01
-4.656317e+01
-1.465279e+01
3.100818e+01
3.210314e+01
3.157362e+01
-6.806690e+00
-6.230093e+00
-2.087988e+01
-1.000799e+01
1.269130e+01
-6.134560e+00
-1.477292e-01
7.321746e-01
1.398416e-01
9.059684e-01
-5.572030e+00
-9.182972e+00
-8.494661e+00
-7.743312e+00
-7.111437e+00
-6.994727e+00
-2.524190e+01
-2.395985e+01
2.363863e+00
-5.786705e+01
-4.086260e+01
4.191312e+00
4.760733e+00
-2.847527e+00
-4.342701e+00
7.328473e+00
-1.290217e+01
-1.263421e+01
-1.204871e+01
-1.155218e+01
-1.504379e+01
-1.646638e+01
-1.164462e+01
-1.146247e+01
2.250126e+01
1.121150e+01
1.032296e+01
1.030719e+01
-6.651619e+00
-6.236157e+00
-7.385922e+00
-7.657868e+00
-1.142568e+00
-1.414040e+00
-1.003679e+00
-1.380464e+01
-8.635809e+00
-3.129694e+01
1.722165e+01
1.969853e+01
-4.036076e+00
-4.070171e+01
-4.265140e+01
1.696550e+00
4.285862e+00
4.724512e+00
5.248919e+00
3.382707e+00
1.258746e+01
1.287772e+01
1.370360e+01
1.207738e+01
2.980277e+01
3.077730e+01
3.230715e+01
2.988007e+01
8.355277e+00
1.218555e+01
1.147421e+01
1.121242e+01
1.170829e+01
1.074487e+01
1.096032e+01
4.461974e+01
1.559863e+00
1.771031e+00
1.025589e+01
1.202470e+01
8.693737e+00
-4.145093e+00
-3.984122e+01
-1.649242e+01
-1.728310e+01
-1.804443e+01
-1.866347e+01
-1.676154e+01
-1.938319e+01
1.474487e+01
2.029691e+00
-1.482449e+00
1.025115e+02
9.411476e+01
-2.130476e+01
-2.256946e+01
-2.410807e+01
5.757547e+00
4.327113e+00
1.948505e+01
2.062658e+01
3.529204e+01
-3.863885e+00
-3.720100e+01
-3.844602e+01
-4.143716e+01
-3.595780e+01
6.286560e-01
2.412936e+00
2.920536e+00
-2.529949e+00
-1.887940e+00
-2.201764e+00
-1.832123e+00
-1.371617e+00
-1.581702e+00
1.062330e+00
8.293669e-01
-1.874040e-01
-1.128394e-01
4.279787e-01
-3.936221e+00
1.760527e+00
2.226388e+00
-2.729599e+00
-6.953776e+00
-1.451083e+01
-1.331721e+01
-1.303074e+01
3.238011e-01
-3.683730e+00
-3.924294e+00
-2.502192e+00
-3.464970e+00
-2.750266e+00
-2.606220e+00
2.033613e+00
5.253317e+01
7.918927e+00
-3.362105e+01
-1.629877e+01
-1.086358e+01
-1.054170e+00
-2.475348e+01
1.378863e+00
-1.769096e+00
-1.979318e+00
-1.203467e+01
-7.718049e+01
-1.278655e+01
1.831186e+01
-5.640766e+01
-5.952008e+01
5.725068e-01
-4.942237e+01
1.386681e+01
-7.987727e+00
-7.910312e+00
1.231653e+01
-3.461939e+00
-4.623579e+00
-4.625081e+00
-9.846425e-01
-2.096216e+01
6.988148e+00
5.477970e+01
4.002595e+01
-1.810656e+01
-1.771143e+01
8.217054e-01
-2.382910e+01
3.274499e+01
3.174890e+01
3.173028e+01
2.247111e+01
2.737094e+00
1.552071e+00
-2.486641e+01
-4.308305e+01
-1.351352e+01
-1.584816e+01
-8.446836e+01
1.946544e+01
-1.792308e+00
-7.259969e+00
1.201439e+01
3.172966e+01
-2.761893e+00
4.406311e+00
1.318957e+01
1.685496e-01
1.052592e+01
-4.124837e+00
-4.926210e-01
-9.069318e+00
-1.743609e+01
1.127572e+01
1.150081e+01
-1.261454e+00
2.929662e+01
-9.037658e+00
-1.981208e+00
7.372155e+00
1.079485e+01
8.911684e+00
1.234810e+01
3.248096e+00
1.618361e+01
-3.728992e+00
1.513235e+00
-5.854324e+00
-7.624699e+00
-9.802861e+00
-2.779072e+01
2.659686e+00
4.197017e+00
5.327886e+00
8.748664e+00
1.036445e+01
1.049912e+01
5.372511e+00
-3.168895e+01
-2.391827e+00
-2.054923e+00
-2.268999e+00
-2.799506e+00
1.563113e+01
-1.687523e+01
3.875527e+01
-2.700287e+00
-3.339843e+00
-3.556740e+00
-3.237362e+00
1.482766e+00
-3.948998e+00
3.972634e+00
-2.064006e+00
3.840450e+00
-1.614924e+01
1.263881e+01
-1.711430e+01
1.457055e+01
-1.228818e+00
-3.714412e+00
-2.745404e+00
-3.084855e+00
-2.666026e+00
-2.245398e+01
1.778500e+01
2.986821e+01
2.930570e-01
-6.262444e-02
-2.379898e+00
1.269806e+00
2.852372e-01
-4.060752e+01
-1.707267e+01
-1.761486e+01
7.582399e-01
-2.571088e+00
-1.841304e+00
-1.882718e+00
-2.463631e+00
-1.649156e+00
-3.578107e-01
-7.658846e-01
-1.079612e+00
-5.153984e-01
-1.919963e+00
-2.043475e+00
-5.958279e+01
7.271811e+00
6.433519e+00
-7.417255e+01
7.225836e+01
8.004176e+01
1.523410e+01
-1.563830e+01
-1.345752e+00
1.106147e+02
-3.160961e+01
-3.288672e+01
3.296364e+00
-4.675138e-01
-1.267054e-01
6.560916e-01
-7.210441e+00
-2.201049e+00
-1.010589e+01
-4.360934e+01
-1.790995e+02
-1.756826e+02
1.778024e+02
-2.083815e+00
-1.969893e+00
-1.014232e+01
-2.111630e+01
-9.858806e-01
4.541748e+01
4.377821e+01
5.731015e+00
-2.240720e+01
-2.614075e+01
-3.563582e+00
-3.769066e+00
-3.555889e+00
-4.141352e+00
-3.216838e+00
-7.009194e+00
2.188312e+01
1.283309e+01
3.566350e+01
-9.074292e+00
-1.900821e+01
-6.238046e+00
2.209263e+00
4.412685e+01
1.549259e+01
-3.544087e+01
-1.531893e+01
-1.444293e+00
3.734607e+01
1.291419e+01
-1.175392e+01
1.341930e+01
-5.000499e-01
-5.339310e-01
1.551891e+01
1.460470e+01
8.882937e+00
5.905943e+00
-1.627243e+00
-1.158627e+00
-1.886920e+00
-1.989327e+00
1.572780e+01
1.401129e+00
5.389344e+00
2.017293e+00
-1.202827e+00
1.657175e+01
1.745807e+01
2.643306e+01
1.184672e+01
1.874780e+01
-3.504407e+01
-6.558528e-02
-1.099066e+01
3.397846e-01
-2.217365e+01
-4.671574e+01
8.617555e+01
-2.814979e+01
-2.988953e+01
-3.172795e+01
-3.239092e+01
-2.708182e+01
4.642200e+00
-1.846412e+00
-3.138898e+01
-4.862415e+00
-5.458050e+00
-2.757687e+01
5.928156e+00
1.560860e+01
1.614151e+01
7.488912e+00
5.024903e+01
1.960258e+01
-1.880438e+01
2.304663e+01
2.390541e+01
3.089879e+01
3.326179e+01
1.960020e+01
2.154062e+01
-1.170611e+01
-1.802031e+01
-8.499431e+00
9.071401e+00
9.578110e+00
9.266938e+00
9.822772e+00
-2.003447e+00
-2.415585e+01
4.290559e+00
-6.757033e+01
1.143189e+01
-1.146441e+00
-6.137752e-01
-3.200976e+00
-2.880253e+00
-1.115094e+01
2.633964e+01
-2.507954e+01
1.927403e+01
9.385014e+01
2.949322e-02
1.018590e+01
-1.372926e+01
3.039357e+01
-4.301891e+00
1.913559e-01
-3.030908e-01
-2.268068e+00
-2.840764e+00
-8.369365e+00
-7.610094e+00
-3.171539e+00
-1.687893e+01
1.826792e+01
3.793336e+00
9.586849e+00
1.393017e+01
-4.100617e+01
2.616449e+01
7.101560e+00
-2.965363e+01
9.157178e+00
3.571359e+00
5.106064e+00
2.119458e+01
-2.154387e+00
-7.104933e-01
-1.867451e+00
-1.952591e+00
-2.228894e+00
-9.574337e-01
2.057978e+00
2.040204e+01
9.109149e+00
1.015824e+01
-2.161183e+00
3.537254e-01
1.267653e+01
-4.520395e+01
2.429293e+01
-9.191725e+00
-5.163807e+00
-3.684756e+01
-1.547213e+01
-2.020392e+01
-1.004749e+01
-2.100870e+01
1.578519e+01
1.652245e+01
-4.577618e+01
2.398520e+01
-1.064365e+01
-1.261633e+01
-4.008832e+01
-6.810290e+00
8.807529e-01
-1.464713e+01
4.804154e+01
-2.352571e+01
4.835399e+01
3.075972e+01
-3.122993e+01
-1.081216e+01
4.095547e+01
3.305242e+01
-3.167356e+01
8.361468e+00
-2.005852e+01
-2.981123e+01
1.764426e+01
-2.287920e+01
-4.481979e+01
5.781657e+01
4.657832e+01
-6.463138e+00
3.297508e+01
7.707839e+00
3.300984e-01
-1.357780e+01
2.669065e+01
2.506023e+01
8.485334e+00
7.691323e+00
-7.519451e+00
2.382184e+01
1.483253e+01
-1.210408e+01
-1.246955e+01
2.049607e+01
5.159457e+01
4.699834e+00
-1.883209e+00
1.521663e+01
7.352690e+00
1.124252e+01
-4.259502e+00
-1.205666e+01
-2.155699e+00
-9.513163e-01
2.688460e+00
5.765435e+00
7.964920e+00
1.825795e+00
1.396404e+00
3.343115e+01
1.179532e+00
5.087741e+00
2.840447e+00
5.274781e+00
4.357470e+00
-3.523839e+01
4.832284e+00
1.256064e+00
-8.487758e+00
-2.265695e+00
1.701603e+01
1.585008e+01
2.152106e+00
5.442771e+00
1.503764e+01
-1.588561e+01
1.082806e+00
1.767815e+01
-1.741666e+01
7.275526e-01
-2.352696e+01
-9.235042e+00
-2.454795e+01
5.452088e-02
-2.951821e+01
-2.483007e+01
-4.874316e+01
-2.077954e+01
-2.090968e+01
2.750522e+01
-2.643154e+01
-1.460510e+01
1.371464e+01
-2.032351e+00
-1.117431e+02
-5.281927e+01
2.510469e+00
1.709594e+01
3.434631e-01
2.173275e+01
-3.302729e-01
2.674432e+01
1.066332e+02
3.032272e+01
3.155853e+00
-4.339767e+01
-5.849932e+00
-3.131441e+01
-3.648562e+01
2.993542e+01
4.171132e+01
-2.721777e+01
3.490917e+01
-1.996482e+01
-1.873473e+01
6.473448e+00
5.317074e+00
4.235635e+00
-7.755284e+00
-6.603750e+00
-5.527852e+00
3.182661e+00
2.178328e+00
-1.925998e+01
-1.438185e+01
-1.093437e+01
-1.890352e+00
6.129989e+01
4.640063e+01
3.756669e+01
-4.118122e+01
-4.692641e+00
-5.457780e+00
-2.333288e+01
-1.436038e+01
-1.989942e+01
-1.902987e+01
-1.181528e+01
1.607326e-01
1.637671e+00
2.302623e+01
3.013474e+01
-8.503784e+00
-1.523060e+01
4.084067e+00
-4.844506e+00
2.045028e+01
1.680693e+01
-1.902023e+01
-1.240441e+01
1.320203e+01
-1.100092e+01
-1.451768e+01
-1.848077e+01
1.542594e+01
-1.945923e+01
-1.005888e+01
6.217142e+00
1.432622e+01
1.001567e+01
5.715117e+01
-1.228503e+01
-1.927453e+00
-8.894168e-02
-6.828072e-01
-9.965218e+00
-2.670210e+00
1.289229e+01
8.193424e+00
-6.314859e+00
3.396324e+01
-3.296727e+00
-1.016123e+01
-1.638660e+01
-2.420039e+00
3.990398e-01
-3.232818e+01
-3.724054e+01
7.481448e+01
-2.561427e+00
3.087235e+01
3.300826e+01
1.715841e+01
4.649423e+00
-4.731962e+01
1.127100e+01
1.702003e+01
-2.527371e+00
5.804092e+01
2.042999e+00
6.972369e+00
-1.157407e+01
7.008355e+00
-7.065906e+00
5.385618e+00
-4.542508e+01
-4.001438e+00
2.070438e+01
3.546161e+00
3.518298e+01
1.363428e+01
-7.672966e+01
-3.923122e+01
-2.839548e+01
-2.251873e+00
-2.162055e+01
-1.776639e+01
-9.875393e-01
-2.885357e+00
1.235356e+01
-4.606475e+00
-1.812699e+00
2.514409e+01
-2.942042e+00
-2.145893e-02
1.977145e+00
3.670587e+01
-6.617311e+00
-7.927451e+00
-3.998835e-01
-4.979865e+00
7.031048e+00
2.377980e+01
-2.304312e+01
4.924917e+01
-7.332249e+00
-1.247891e+01
-7.846904e+00
6.281317e+00
-2.135714e+01
2.057573e+01
6.424144e+00
1.624124e+01
-8.193286e+00
-8.810617e-01
2.154627e+01
-6.681349e+00
1.044629e+01
6.356013e-01
-9.532524e+00
-1.856658e+01
-7.161733e+00
5.506523e-01
1.197762e+00
-6.271924e-01
1.220241e+01
7.489381e+00
2.757465e+01
-3.460888e-01
-2.371560e+00
-1.810254e+01
2.207133e+00
1.912309e+01
1.069211e+00
-7.396195e+00
1.286069e+00
-1.176762e+01
-1.486966e+01
-2.444717e+01
6.346905e+00
9.253371e-01
1.883381e+01
3.563640e-01
-9.355616e+00
-1.611917e-01
-8.615466e+00
3.121113e+00
-1.615136e+01
4.233424e+01
-1.367483e+01
4.934583e+00
2.002460e+01
-1.113125e+01
-6.247476e+00
7.123392e-01
5.779367e+01
-1.840272e+01
-2.173368e+01
-2.181740e+01
-4.722457e-01
-1.359033e+01
1.782744e+01
6.873575e-02
1.783088e+00
1.168938e+01
-1.481019e+01
3.438929e+01
3.564481e+00
1.563826e+01
1.502843e+01
2.604030e+01
2.964913e+00
1.482125e+01
1.508337e+01
1.358957e+01
-1.605228e+01
7.096889e+01
4.122933e+00
4.441973e+01
-2.707200e+01
-8.313387e+00
-4.322935e+01
-1.278679e+01
1.230413e+01
-1.348528e+01
-5.673636e+00
-1.488499e+01
-6.644667e+00
3.859870e+00
-3.631113e+00
1.682466e+00
-3.994896e+00
3.211077e-01
-2.243973e+00
-6.480178e+00
-1.601274e+00
-2.660726e+00
-3.011482e+00
-1.453371e+00
-2.990752e+00
-1.445328e+00
-2.460674e+00
-2.493290e+00
-1.031376e+00
-1.099943e+00
-2.614185e+00
6.214248e-01
-4.568657e+00
5.846992e-01
-2.348481e+00
1.305594e+00
-4.990506e+00
3.802314e-01
1.555064e+00
-4.111027e+00
-3.509150e+00
-4.292573e+00
-1.448825e+02
1.413770e+00
-2.802556e+00
-2.011018e+00
-1.143818e+01
9.383911e+01
7.743152e+00
2.335703e+01
-2.145248e+01
-1.632051e+01
-1.331002e+01
-1.063906e+01
4.108753e+01
-1.729022e+00
-1.962162e+01
3.285124e+00
-1.349530e+01
-1.412693e+01
3.754058e+01
-4.665300e-01
-2.102682e+00
-1.041924e+01
9.060639e-01
-1.550762e+01
-2.226538e+00
-6.387184e+00
1.006329e+02
-1.116299e+01
4.602960e-01
1.539072e+01
1.450825e+01
-2.091533e+00
-1.245717e+01
2.440345e+01
-2.179669e+01
6.672530e+00
-9.189525e+00
-1.909077e+01
-8.741679e+00
3.323957e+01
-1.140814e+01
2.465415e+01
-8.427170e+00
-1.045185e+01
6.131533e+00
8.583760e-01
4.939822e-01
-2.318564e+01
-1.349404e+01
-2.126848e+01
4.097125e+00
-6.605790e+00
-7.965641e+00
6.262301e-01
1.318998e+01
-3.769570e+00
-7.511422e+00
2.928561e-01
-2.260984e+01
9.817473e-01
-4.316725e+00
1.229836e-01
-2.855821e+01
2.429314e+01
-1.151036e+01
4.982050e+01
-9.460195e-01
5.715652e+01
1.886062e+01
-2.215410e+00
-1.844065e+01
8.596195e+00
-1.294423e+00
1.462888e-02
7.010752e+01
-1.191446e+01
7.280664e-01
-9.414115e+00
-2.723022e+00
1.458711e+00
3.903462e+00
5.095777e+00
-1.835054e+01
-2.492356e+01
7.042647e+00
-1.207906e+01
-1.107010e+01
-5.800089e+00
-2.608112e+01
2.030343e+00
2.032040e+01
-1.107784e+01
-8.306322e+00
-4.445268e+00
7.181817e+00
-2.440755e+01
-2.354124e+01
-1.583827e+01
2.812085e+01
-1.438828e+00
1.286414e+00
2.863366e+01
-1.052820e+01
-6.039199e+01
5.484345e+00
1.432292e+01
1.311100e+01
-2.171860e+01
6.828645e+00
-8.248929e-01
4.177797e+00
3.225483e+01
7.267091e+00
-1.540665e+01
3.884324e+01
1.935018e+01
-9.861351e-05
-5.534419e+00
-9.961542e+00
-2.823964e+00
9.026711e+00
3.659305e-01
-2.664339e+00
2.641478e+01
-2.221297e+00
-1.435165e+00
2.552455e+01
9.753490e+00
1.223574e+01
3.510497e+00
4.904280e+00
-1.488499e+00
-2.269141e+00
1.040085e+01
-9.760777e-01
-1.730080e+00
7.042056e+01
-1.042062e+01
-5.663883e-02
-2.549143e+01
7.151589e+00
1.812704e+00
-6.583141e+01
6.844124e+01
6.500541e+00
6.329669e+00
3.557825e+01
-4.054654e-01
-1.855284e+00
-2.986221e+00
1.314084e+01
4.640102e+01
3.896358e+00
-3.504305e+01
-6.795642e+00
2.800942e-02
8.416576e+00
1.992448e+01
3.312684e+00
-6.701296e-01
6.562771e+00
4.227368e+01
9.626911e-01
-5.784498e+01
-1.871325e+01
3.046381e+01
-1.050634e+00
3.543984e+01
-4.306531e-01
4.317857e+00
1.296822e+01
1.620966e+00
-1.044718e+01
-2.345688e+01
9.376301e+00
1.600245e+01
-2.328865e+00
1.985574e+01
-2.238847e+01
-7.083548e+00
6.224748e+00
-1.493855e+00
2.486794e+01
1.292969e+01
5.365631e-01
1.045943e+01
-3.384073e+01
-4.561809e+01
1.122565e+01
-5.125284e+00
3.392577e+01
1.381340e+01
8.126418e+00
-3.780632e+01
-8.633167e+00
8.421762e-02
3.818960e+00
-2.750326e+01
-1.805949e+00
-2.833856e+00
3.320130e+01
-8.202054e-01
6.294955e+00
-7.568441e+01
1.870587e+00
3.820756e+01
4.095259e+00
-4.856680e+00
6.555254e+00
4.869209e+00
1.248016e+01
-2.247612e+00
1.174181e+01
-7.456959e+00
-1.486106e+01
-1.249784e+01
4.449104e+00
-3.345762e+01
3.857050e-01
4.814276e+01
-2.027458e+01
2.596279e+01
-1.560918e+01
7.139217e+00
4.771389e+00
-3.285521e+00
-8.593004e+00
2.213096e+00
1.531848e+01
-2.048867e+01
2.543605e+01
-1.026538e+01
-1.279013e+01
-2.200463e+00
-8.205295e+00
3.595528e+00
1.634535e+01
-2.536327e+01
2.429306e+00
-6.126527e+00
1.749897e+00
-6.058483e-01
-1.093789e+01
1.999053e+01
-1.060659e-01
-3.672777e+00
2.511608e+01
-2.646682e+01
-7.853340e-01
-1.998667e+00
-1.690046e+00
-3.425696e+00
1.153211e+01
-4.852054e+00
-4.490896e+01
-3.210016e+01
1.771727e+01
-7.674042e+00
1.061977e+01
3.110971e+01
-3.053314e-01
-2.113148e+00
-4.694637e-01
-1.524974e+00
7.507924e-01
-8.987213e-01
9.604378e+00
-4.339121e+01
-1.770184e+01
6.839142e+00
-3.283955e+01
9.319407e+00
8.068242e+00
4.435896e+01
-2.095109e+01
-3.645684e+01
3.831679e+00
-4.103550e-01
-7.331667e+00
2.627501e+00
1.764347e+00
-1.629519e+00
-1.923398e+00
2.052649e+01
2.181558e+01
-1.815151e+01
-2.593411e+00
-1.799049e+00
3.954966e+00
-3.812966e+00
2.929572e+00
-5.366106e-01
1.811030e+01
6.334462e+00
3.120370e+00
1.805852e-01
5.633408e-01
-2.105906e+00
2.174540e+01
-8.411257e+00
5.661223e+00
-3.055560e+01
-8.636359e+00
4.919959e+00
-2.614764e+00
7.888483e+00
4.174702e+01
-1.730423e+01
2.018245e+00
-1.210953e+01
-1.505569e+01
-2.350699e+01
-1.853843e+00
-7.520159e+00
7.933606e+00
-4.087776e+01
-3.524357e+01
-9.956300e+00
1.110512e+01
-4.416488e+01
-7.198976e+00
-2.757579e+00
-1.868254e+01
-7.377513e+00
6.350795e+01
-6.928162e+00
-6.874240e+00
2.706570e+00
-3.455992e+00
-4.442409e+01
-2.124122e+00
-5.506005e+00
-1.634481e+01
-7.909086e+00
2.616545e+01
4.283186e+00
-5.635992e-02
-3.695364e-01
2.382549e+00
-9.787877e+00
-5.569871e+00
-1.215356e+01
8.771867e+00
-6.816750e-01
-1.552089e+00
-2.887164e+00
-5.875549e+00
-6.410893e+00
-3.999294e+00
-2.017811e+01
-1.925768e+00
-2.515604e+00
-2.137101e+01
6.353006e-03
-6.205140e+00
-1.884311e+00
2.739965e+00
-1.819422e+02
1.739436e+02
1.833746e+01
-1.995590e+00
-2.986415e-01
1.588968e+01
-1.864434e+01
-2.541033e+01
2.226341e+01
5.806369e+00
-1.906660e+00
-2.925736e+00
-1.758528e+00
-4.897252e+01
-3.074969e+01
-4.601251e+00
9.574734e+00
-2.779253e+00
1.199811e+01
4.141510e+01
-2.422884e+01
-2.637968e+00
-1.683748e+01
7.664457e+00
1.558184e+01
-7.472145e+00
2.189744e+01
-3.354548e+01
-9.419121e+00
-2.458253e+01
-3.110841e+00
-4.409175e+00
7.297003e+00
-1.265448e+01
6.699150e+00
8.230643e+00
-1.889095e+01
2.151909e+01
-7.874498e+00
-1.013296e-01
4.333742e+00
-1.831150e+01
-1.944269e+01
-1.403928e+00
-1.499101e+01
-3.013633e+00
-4.363775e+01
-2.776408e+01
-1.411397e+01
-2.920211e+00
-5.315702e+00
-1.184162e+00
-5.185388e+00
-3.674087e+01
-1.858462e+01
-7.107980e-01
-6.348837e+00
-1.459068e+01
1.248563e+00
1.733727e+01
-1.335726e-01
1.703918e+01
-1.700701e+01
2.635262e+01
-6.876430e+00
-5.261356e+00
5.930829e+01
-2.858853e+01
9.046253e+00
1.793333e-01
-2.951124e+01
2.139940e+01
-1.635066e+00
-5.691989e+00
-1.183138e+01
1.786850e+01
-2.404675e+01
4.611254e+01
3.871555e+01
1.514720e+01
2.914162e+00
-8.375691e+00
-8.977127e+00
5.122670e+00
-2.201653e+00
-1.337470e+02
-4.518641e+00
-4.251736e+00
1.100524e-02
2.714179e-01
-1.837878e+01
-1.132023e+01
1.577004e+01
-1.475444e+00
-8.942185e-01
-5.983957e+00
1.737467e+01
6.755425e-01
-6.908115e+00
-2.068012e+00
-6.559793e+00
-6.700697e+00
-1.447754e+01
-1.710449e+00
9.050744e+00
-1.395270e+01
-4.121518e+00
-5.757030e+00
4.929665e+01
9.071250e+00
1.754345e+01
6.390842e+00
-5.450477e+00
-1.667298e+01
3.640661e+01
-3.908829e+00
-2.565757e+00
-4.212029e+01
-1.473067e+00
-7.221726e+00
-9.712385e+00
7.362172e+00
-2.228031e+00
6.723267e+00
1.271680e+00
-1.234422e+01
2.446047e+01
-2.538794e-01
-1.688320e+01
-4.224486e+01
1.691418e+01
-3.572951e+00
-4.446564e+00
3.641557e+01
2.095685e+01
1.793234e+01
3.719373e-02
4.379888e+01
5.261219e+00
-3.502530e+00
-2.114988e+00
-3.959336e+00
5.802082e+01
-3.509100e+00
3.358604e+01
2.135186e-01
1.479801e+00
-7.718186e+00
3.932801e+01
4.945141e+00
-3.283107e+00
1.683992e+01
1.941637e+01
9.684549e+00
2.778135e-01
-4.479513e+00
-1.527361e+00
7.456418e+01
-8.253443e+00
-6.549604e+00
-2.514019e+00
-3.488732e+00
2.067897e+01
-1.679105e+01
-1.028314e+01
4.890807e+00
-2.588685e+00
-1.690176e+01
-9.586236e+00
-1.832615e+00
-9.356232e-01
-3.415740e+00
-5.797302e+00
2.556038e+00
-6.209226e+00
-4.047502e+01
-2.514342e+01
2.181837e+01
-2.457645e+01
7.139146e+00
9.829741e+00
-5.843987e+00
-2.498632e+00
-4.053346e+01
1.726534e+01
1.214727e+00
-1.721795e+00
2.351289e+01
-1.097316e+00
8.067036e+00
-8.129769e-01
-5.420696e+00
4.431412e+00
-4.331794e+00
-3.146699e+01
3.742368e+01
-1.633260e+00
-1.848837e+01
4.931611e+00
-3.141614e+00
-1.766656e+01
-7.651304e+00
-9.611573e+01
-3.977068e+01
-9.401972e+00
1.107879e+01
-1.124511e+01
-1.105328e+00
-1.110899e+01
1.629175e+01
1.605911e+01
3.776118e+00
3.233094e+01
1.207985e+01
-1.062434e+01
9.582163e+00
2.124079e+01
-3.257804e+01
-3.698673e+00
-3.343549e+00
-1.596943e+01
1.628746e+01
-1.075497e+00
2.757857e+00
-5.665639e+00
-1.710458e+01
1.896458e+01
-1.555926e-01
-7.124248e+00
3.063714e-01
-5.031960e+00
9.154430e-01
4.880410e+00
-2.107900e-01
1.028916e+01
-1.589097e+01
1.350786e+01
2.002934e+01
-9.536807e-01
5.392897e+01
1.527099e-01
3.882622e+00
1.415170e+01
-1.168399e+01
2.681328e+00
-3.879632e+01
-3.599169e+00
-3.908668e+01
1.139597e+01
1.720269e+02
1.564696e+01
3.043193e+01
-9.069391e+00
1.734606e+01
1.600935e+01
-4.455215e+01
-3.638696e+00
-7.992440e+01
-2.267500e+01
4.808892e+00
-2.898859e+01
-5.591517e+00
3.891607e-01
-8.662843e+00
-3.283370e+00
5.745320e+01
-4.521443e+00
9.072967e+00
2.260416e+01
-3.861297e-01
1.736255e-01
-4.831768e+00
1.565124e+01
-1.656466e+01
3.253731e+00
2.693438e+00
-1.396307e+00
-2.484958e-01
1.025024e+01
3.527891e+01
-1.307562e+02
-1.169021e+00
1.569665e+01
2.335376e+00
8.888361e+00
8.932096e+01
-1.792680e+01
1.518656e+01
-2.877063e-01
-3.710206e+01
-4.403541e+00
4.851034e+01
-1.262339e+01
1.401979e+00
1.933897e+01
2.078220e+00
-5.677202e-01
-1.119881e+00
3.327822e+01
-3.553926e+00
-3.198035e+00
-2.782740e-01
8.728879e+00
1.301580e+01
-3.593495e+00
1.694014e+01
1.704561e+01
-8.849806e-01
4.740719e+00
1.764928e+00
-5.217300e+01
1.477359e+00
-1.008051e+01
1.115336e+01
-3.525665e+01
-4.703543e+00
-6.199629e+00
6.564720e+00
-3.565415e+01
4.274189e+01
-6.478108e+01
-3.703771e+00
-1.071007e+01
-7.858060e+00
-5.648801e+00
1.497634e+01
2.817632e+01
8.264803e-01
-1.979421e+00
-1.572544e+01
-1.443237e+00
-3.531714e+00
2.466294e+01
1.622575e+01
-1.833057e+00
-2.339220e+00
-8.676526e+00
4.668557e+00
4.643861e+01
3.587846e+01
7.215646e+00
3.922502e+01
1.485695e+01
1.532051e+00
-4.401470e-01
4.244935e+01
1.428964e+01
-1.515630e+00
-7.824248e+00
-3.309254e+00
-2.213141e+01
-7.799779e+00
-2.391012e-01
1.182094e+01
-1.964030e+01
-2.509066e-01
-1.664663e+00
1.118504e+01
-1.967308e+00
-2.172714e+01
-2.862421e+00
3.411753e-01
5.223360e+00
-7.392561e+00
2.584257e+01
-2.419147e+01
-1.170694e+01
-5.938295e-01
3.146882e+01
-1.642786e+01
-1.272765e-01
1.502428e+01
-1.646784e+01
-3.357593e+00
1.347743e+01
-2.585060e+01
-1.216700e+01
6.914912e+00
-4.245433e-01
-2.632428e+00
-1.316591e+01
4.884179e-01
-2.462266e+00
-5.360817e+00
1.364415e+01
1.359000e+01
-1.892076e+00
4.565456e+00
4.630697e-01
1.944311e+01
-2.815414e-01
1.237522e+01
-2.214458e+00
5.724351e+00
3.713522e+01
-1.882973e+01
4.600557e+00
-7.967266e+00
-7.096279e+00
-5.321551e+00
-4.522098e+00
-5.915266e-01
1.421494e+01
-1.297796e+01
4.055639e+00
-3.105757e+01
-1.436139e+01
1.000800e+01
-7.619696e+00
-3.008782e+00
-1.550889e+01
-1.363536e+00
-1.503416e+01
1.687405e+01
1.331437e+01
-3.241345e-01
-2.125366e+01
4.539603e+00
1.239547e+00
-2.765708e-01
1.253170e+01
-1.378546e+01
-2.754938e+00
6.546117e-01
-2.172630e+01
-6.098619e+01
-2.384533e-01
-1.542328e+01
-2.240549e+01
1.140704e+01
-4.220762e+00
6.784551e+00
-1.414978e+01
-3.654874e+01
4.129467e+00
1.372394e+00
-3.326845e-02
-1.796955e+00
-8.488206e+00
1.258046e+01
1.958612e+01
1.583961e+01
-6.197871e+00
1.679514e+01
-2.384265e+01
-2.722828e+01
1.314308e+01
-2.880719e+00
4.416062e+00
1.269472e+02
1.162309e+01
1.213077e+01
-2.132741e+01
-3.133184e+01
-1.093270e+00
-3.126097e+01
-3.979253e+01
-3.103833e+01
3.419844e+01
-2.917147e+01
6.158454e+00
2.930301e+01
9.512191e+00
-4.335095e+01
-5.442268e+00
8.593385e-01
-2.142965e+01
3.597739e+00
-4.744953e+01
-7.888403e-02
-1.573349e+00
1.028992e+01
-1.031203e-01
1.993212e+00
4.373308e+00
-5.331535e-02
-3.374577e+01
-1.471389e+01
4.184900e+00
-1.368512e+02
-8.121946e+00
-1.584451e+01
-2.531357e-01
-1.093491e+00
-2.812898e+00
2.894089e+01
-3.939392e-01
-1.604504e+00
2.956532e-01
1.238905e+01
-1.069258e+01
2.780103e+01
1.655897e+01
-8.821934e-01
-2.313984e+01
-2.979319e+01
1.735917e+01
1.210732e+01
-3.317893e+00
-2.253482e+01
-2.268691e-01
1.836918e+01
-1.944597e+00
2.768263e+01
-7.631695e+00
-3.310161e+01
2.253199e+01
1.628699e+01
2.646363e+01
1.575078e+01
2.224682e+00
-2.065418e+00
-1.428200e+01
-1.795966e+01
-2.932974e-01
2.199184e+01
-2.419157e+00
-5.639215e-01
-1.049954e+01
-1.476721e+00
8.012509e+01
-5.209242e+01
2.469354e+00
2.526299e+01
-3.324956e+02
3.284709e+02
-6.940474e+00
-1.646923e+01
-2.303370e+00
-2.361698e+00
-2.026446e+00
-2.421160e+00
-4.991442e+00
3.226860e-02
-2.474969e+01
-7.929162e+00
-3.477168e+01
-1.506594e+01
-2.808075e+01
9.382123e+01
-1.557045e+01
2.935433e-02
-1.703278e+00
2.636659e-01
1.622711e+01
1.101746e+00
4.875171e+01
1.072977e+01
6.950192e-01
8.462622e+00
2.225931e+01
-9.757717e+00
1.460166e+00
-2.275688e+00
2.283504e+01
-1.798699e+00
-2.911447e+01
1.075533e+01
-1.560422e+01
1.110081e+00
1.032174e+01
-3.014743e+01
-4.016324e-01
8.534409e+00
-7.537965e+00
1.120953e+00
-5.591468e+01
-2.894939e+01
-5.413703e+01
-1.752071e+00
9.569847e+00
1.670690e+00
-2.611633e+01
2.587000e+00
1.584595e+01
-2.802842e+01
3.620779e+00
6.284810e+01
4.728944e+01
1.940070e+00
1.531297e+01
9.676677e+00
-3.426248e+01
-1.999587e+00
6.319274e-01
-5.528986e+00
1.401416e+01
-5.765943e+00
1.304832e+01
-7.763846e+00
-2.885137e+01
1.802272e+00
-5.596020e+00
2.871817e-01
-6.422594e+00
1.825724e+00
2.384656e+01
-2.204397e+01
-2.599587e+01
-1.912494e+01
1.234263e+02
2.460248e+01
-1.135326e+01
-1.440081e+01
-3.708404e+01
-1.723408e+00
9.756419e-01
4.570202e+01
1.011817e+02
1.848940e+00
-6.641612e+00
-6.051475e+01
-8.086758e+00
1.383039e+00
-5.262164e+00
1.054236e-01
-9.653896e+00
1.431051e+00
-1.864118e+00
1.042649e+01
8.472334e+01
-1.843683e+01
-4.046009e+00
2.184544e+01
-5.934333e+01
2.261583e+01
-2.467220e+00
2.788731e-01
1.542199e+01
-1.015144e+00
2.263371e+00
-2.010505e+01
-8.120884e+00
-1.480147e+00
-4.030635e+00
-5.059386e+00
1.701421e-01
9.407282e-01
-2.231947e+00
-2.343985e+00
-4.741642e+00
-3.730886e+01
1.674930e+02
1.200493e+00
1.074678e+00
1.237610e+00
-7.088355e+01
4.386883e+01
1.388968e+00
6.767905e-01
2.373791e+01
-8.913828e-01
9.646015e+00
1.917651e+00
-3.600517e+00
-5.315285e+00
-5.637423e-01
1.136101e+01
1.688004e+01
-6.239271e+01
2.432796e+00
-4.751965e+01
1.437953e+00
-4.168410e+01
2.558453e+00
1.182425e+01
-1.050465e+01
-1.108977e+02
1.009892e-01
1.011921e+01
8.063864e+01
