-3.594469e+00
-1.416649e+00
-1.740462e+02
-8.333246e+01
-5.525977e+01
-4.948074e+01
-3.911838e+01
-3.150041e+01
-2.457814e+01
-2.130744e+01
-1.472644e+01
-1.460710e+01
-1.235288e+01
-1.099691e+01
-9.825763e+00
-7.994030e+00
-8.043228e+00
-7.172394e+00
-6.106330e+00
-7.107484e+00
-7.470917e+00
-7.024984e+00
-8.232056e+00
-7.135562e+00
-3.755985e+00
-2.541837e+00
-1.500409e+00
-4.372741e-01
-1.205175e+00
-4.613275e-01
-1.160041e+00
-9.115926e-01
-1.560785e+00
-1.520730e+00
-2.718701e+00
-3.236542e+00
-3.982153e+00
-4.649272e+00
-5.209686e+00
-5.619841e+00
-5.767178e+00
-5.570933e+00
-5.369630e+00
-5.256382e+00
-4.568930e+00
-3.547316e+00
-3.438020e+00
-3.027623e+00
-2.270361e+00
-1.719775e+00
-1.041649e+00
-1.590268e-01
1.639054e-01
6.086596e-01
8.633912e-01
6.929902e-01
4.180606e-01
6.278051e-02
-7.421350e-01
-1.262143e+00
-1.971947e+00
-2.731548e+00
-3.061866e+00
-3.567986e+00
-3.296812e+00
-4.441867e+00
-4.090972e+00
-5.263780e+00
-3.365049e+00
-4.572500e+00
2.061854e+00
3.154350e+00
7.712200e-01
3.162653e+00
1.347651e-01
1.325924e+00
1.538108e+00
2.033412e+00
2.257290e+00
2.765604e+00
4.020682e+00
4.540505e+00
5.372289e+00
7.724333e+00
8.964410e+00
1.224142e+01
1.479277e+01
1.890637e+01
2.790615e+01
3.300133e+01
4.928848e+01
4.902762e+01
8.080563e+01
1.658255e+02
9.579313e+01
4.318619e+01
3.201239e+01
2.547018e+01
2.209275e+01
1.324131e+01
1.540111e+01
1.283937e+01
1.156950e+01
9.761032e+00
8.515895e+00
6.929878e+00
5.846278e+00
4.854970e+00
3.932949e+00
3.320942e+00
2.174295e+00
1.970269e+00
1.276875e+00
1.197742e-01
-1.953139e-02
-7.142632e-01
-1.439476e+00
-1.952425e+00
-2.550711e+00
-3.080539e+00
-3.740055e+00
-4.279521e+00
-4.900426e+00
-5.508405e+00
-6.240887e+00
-6.845082e+00
-7.662543e+00
-8.346972e+00
-9.563231e+00
-9.555554e+00
-1.179015e+01
-1.162089e+01
-1.340389e+01
-1.495172e+01
-1.624222e+01
-1.842933e+01
-2.063368e+01
-2.304697e+01
-2.681424e+01
-3.021236e+01
-3.648373e+01
-4.315976e+01
-1.012189e+02
-2.813784e+00
5.367037e+00
-7.698537e+00
1.300314e+00
-7.247928e+00
7.313024e+00
-1.189291e+01
-2.458070e+00
5.870726e+00
-1.244230e+01
-1.682210e+01
-6.536370e+00
7.256905e-01
1.383116e+01
1.164884e+01
-3.906874e+00
-1.289553e+00
-1.870407e+01
-3.031999e+01
-3.890046e+00
-1.814141e+00
2.874810e+01
1.986780e+01
-2.780813e+01
-4.927916e+00
-8.790104e-01
-4.215581e+00
-7.057573e-01
3.520578e+01
-5.017854e+01
-3.062741e+00
-1.954105e+00
-4.618963e+01
5.190073e+01
-9.744529e+00
3.363356e+00
6.368222e+00
-1.052488e+01
-4.752012e+00
1.056463e+01
-3.166548e-01
-1.397780e+01
1.993413e+01
-2.159258e+01
-4.221519e+00
-9.205652e-01
-2.777512e+00
-1.635767e+00
8.493929e+00
-1.007918e+01
-1.523879e+01
3.749747e+00
5.693117e+01
-7.032133e+01
-1.537958e+00
-3.642158e+00
-6.549626e+01
7.943954e+01
-3.975801e+00
-3.965783e+00
-4.040635e+00
-3.958288e+00
-4.000922e+00
-4.005202e+00
-3.422399e+00
-4.115531e+00
-5.286837e+00
-5.215181e+00
-3.114889e+00
-5.123529e+00
-5.801363e+00
-4.886446e+00
-4.991205e+00
-5.928178e+00
-5.451198e+00
-5.586035e+00
-5.305994e+00
-5.943295e+00
-5.351666e+00
-6.092859e+00
-5.529070e+00
-6.000582e+00
-5.634908e+00
-6.313802e+00
-5.585110e+00
-6.294583e+00
-5.540025e+00
-6.282666e+00
-5.595527e+00
-6.277102e+00
-5.455606e+00
-4.814044e+00
-4.596628e+00
-4.050367e+00
-3.732189e+00
-3.208224e+00
-2.796967e+00
-6.140200e+00
-2.360536e+00
-1.885117e+00
-2.372805e+00
-1.371519e+00
-1.847678e+00
-7.717612e-01
-1.243251e+00
-9.170837e-02
-1.496889e+00
-4.957862e-01
7.782406e-01
9.189920e-01
1.870002e+00
1.313932e+00
2.406071e+00
1.880939e+00
2.362322e+00
2.634380e+00
-1.968352e+00
-1.183569e+00
-7.067035e+00
-6.850142e+00
7.448030e+00
9.057493e+00
-7.866807e+00
-7.879451e+00
-1.651873e+00
-9.195564e-01
-8.709312e+00
-8.703248e+00
-9.644242e+00
-9.616887e+00
7.582556e+00
4.514429e+00
8.748836e+00
9.337045e+00
1.169334e+01
4.988060e+00
1.470341e+01
-1.384542e+00
-7.293634e-01
-1.051067e+01
-1.074817e+01
-1.161145e+01
-1.147993e+01
-9.054051e+00
-1.777998e+01
-1.556012e+01
-1.283454e+01
-1.492573e+01
-1.206081e+01
7.841969e+00
-4.925403e+00
6.784297e+00
1.106964e+01
1.141985e+01
1.319327e+01
-9.464311e+00
-1.179714e+00
-5.644761e-01
-1.271266e+01
-8.700728e+00
1.104763e+01
1.281306e+01
8.263446e+00
-1.050823e-01
-1.872187e-02
5.108505e-01
5.535708e-01
9.866093e-01
-4.865773e-01
-8.211375e+00
-5.966133e+00
-1.017020e+01
1.062725e+00
1.527142e+00
1.455712e+01
1.593743e+01
-6.719885e+00
1.627822e+01
1.596500e+01
-5.782463e+00
-8.087063e+00
-6.249464e+00
-5.250171e+00
1.783622e+01
1.890625e+01
1.586036e+00
8.342313e-01
2.053158e+00
7.270041e+00
8.097703e+00
7.093287e+00
7.771710e+00
-5.141011e+00
-3.846473e+00
-5.634472e+00
-5.052547e+00
-1.281109e+01
-1.347950e+01
1.660371e+01
-5.175807e+00
-4.153635e+00
1.137291e+00
7.203488e-01
6.753294e+00
7.166419e+00
8.458267e+00
2.044756e+01
-5.917304e+00
-5.382859e+00
-1.791539e+00
-1.696530e+00
-4.629379e+00
1.221928e+00
4.343435e-01
-1.132769e+01
-1.247356e+01
-1.592964e+01
-1.485778e+01
-1.229787e+01
-1.762361e+01
-9.319871e+00
-2.090555e+01
-2.390032e+01
-1.449178e+01
-2.593602e+01
-2.597504e+01
-5.617727e+00
-4.460490e+00
-3.185637e+00
-3.523312e+00
-2.160480e+01
-2.388835e+01
-2.102667e+01
6.420986e+00
6.852729e+00
7.876387e+00
-5.923863e+00
-2.153329e+00
-2.247967e+00
1.742166e+01
1.328065e+01
1.495719e+01
1.976275e+01
2.371362e+01
-2.006057e+01
-1.906469e+01
1.783236e+00
-1.934601e+01
1.205451e+00
5.846979e-01
4.809213e-01
2.538769e-01
8.184179e-02
-1.367791e+01
-1.702953e+00
-1.397385e+00
-1.719594e+00
-8.549701e-01
1.174494e-02
3.665426e-01
5.898635e+00
6.080107e+00
1.986132e-01
-4.838150e+00
-5.864723e+00
1.740826e+00
7.318245e-01
1.175795e+00
2.242975e+00
2.355860e+00
2.092174e+01
5.431133e+00
-4.448492e+00
3.127648e+00
3.496569e+00
1.997755e+01
2.481229e+01
-6.886629e+00
-1.769852e+01
-1.698674e+01
-5.075616e+00
5.450383e+00
5.851713e+00
2.078348e-01
2.014765e-02
5.004050e+00
-6.029123e+00
-1.120488e+00
-1.848997e+01
-6.794319e+00
-5.396407e+00
-6.480884e+00
1.810486e+00
4.309647e+00
4.682678e+00
-1.699742e+01
-1.668993e+01
-1.590464e+01
-1.511074e+01
5.098176e+00
4.463614e+00
1.932638e+01
2.341928e+01
-1.526956e+01
-1.454618e+01
-1.425922e+01
-1.347721e+01
8.997449e-01
-1.341391e+01
-1.282914e+01
-1.259575e+01
-1.189131e+01
-4.396221e+00
-4.186523e-01
-9.987481e-01
1.363771e-01
-4.051493e-01
-1.821936e+00
-2.496020e+00
1.801123e+00
-3.319612e+00
-2.519199e+00
-5.657567e-01
-2.522865e+00
-3.382854e+00
-2.914640e+00
-3.319208e+00
-3.616871e+00
-2.970099e+00
-2.969920e+00
1.295158e+00
4.038585e+00
5.133896e+00
4.855885e-01
1.291578e+01
1.142945e+01
1.262174e+01
5.887016e+00
-9.306522e+00
2.999417e+01
2.994484e+01
-7.801588e+00
-5.108290e+00
9.028810e+00
-4.014989e-01
-1.200997e+01
-1.129268e+01
-1.114027e+01
-1.050528e+01
-1.033528e+01
-9.806530e+00
-9.913552e+00
-9.256264e+00
-1.578561e+00
3.675461e-01
7.351761e-01
-3.401147e+00
-2.675180e-01
-2.094924e+01
4.568884e+00
4.599189e+00
-3.531310e+00
-2.128351e+00
-9.606671e+00
6.093624e+00
-5.851890e+00
-6.883637e+00
-4.841579e+00
-1.126828e+01
-9.460499e+00
5.457735e+00
4.578518e+00
3.972027e+00
1.081488e+00
1.068748e+01
4.423651e+00
5.633105e+00
-1.959971e+01
-9.316121e+00
-8.702493e+00
-8.640466e+00
-8.202697e+00
3.175365e+01
1.152493e+01
3.599745e+01
2.496004e+01
-2.787454e+00
4.298964e+00
-5.416512e+00
-1.121609e+01
-7.459571e+00
-7.903742e+00
-8.157400e+00
-7.728665e+00
-4.356550e+00
-3.686320e+00
-2.953122e+00
-2.285076e+00
1.546865e+00
1.721131e+00
-1.533787e+00
-1.020178e+00
-7.307983e+00
-8.314927e+00
-8.012643e+00
-1.087224e+01
3.995900e+00
2.873737e-02
-9.139058e+00
-9.482055e+00
-1.231551e+01
-1.926298e+00
1.330542e+01
1.010431e+01
1.153453e+01
-1.430448e+00
-5.342111e+00
-4.338560e+00
-8.425429e+00
-1.092105e+00
-1.191960e+01
1.210099e+01
1.413974e+01
1.025293e+01
1.308084e+00
3.782327e+00
4.475733e+00
1.961528e+01
2.023813e+01
1.667839e+01
1.591696e+01
1.419826e+01
1.467436e+01
1.348897e+01
1.661028e+01
-3.316827e+00
-1.640114e+01
-3.267759e+00
5.496127e+00
-7.515696e+00
-7.074697e+00
-1.024405e+01
-1.060396e+01
-2.389749e+00
-2.770384e+00
-2.952998e+00
4.777659e+00
3.597582e+00
5.852811e+00
1.377877e+01
1.232110e+01
1.218917e+01
1.122765e+01
1.103054e+01
1.015451e+01
1.004965e+01
9.222787e+00
-1.036200e+01
-7.605913e+00
-1.108997e+01
1.027530e+00
6.257142e-01
-3.316929e+00
-3.480911e+00
-6.980570e+00
-9.788672e+00
-1.093649e+01
-1.200990e+01
-1.218839e+01
-1.334085e+01
-1.366665e+01
-1.487233e+01
-1.528577e+01
-1.663007e+01
-1.696947e+01
-1.857558e+01
-1.914297e+01
-2.066344e+01
-2.161787e+01
-2.332234e+01
-2.417401e+01
-2.649086e+01
-2.785878e+01
-2.997766e+01
-3.145712e+01
-3.363298e+01
-3.247492e+01
-3.860898e+01
-3.665911e+01
-4.072350e+01
-4.280458e+01
-3.573362e+01
-1.843429e+00
-1.286270e+00
3.369765e+01
3.611443e+01
3.905237e+01
3.486409e+00
-7.113142e+00
-6.406935e+00
-6.652581e+00
-6.327716e+00
-2.455149e+01
-2.217434e+00
-3.912708e+00
-3.491832e+00
-3.836230e+00
-3.034949e+00
-1.198427e+01
3.339280e+00
-4.787913e+00
-4.906967e+00
-3.575016e+00
-3.359730e+00
-3.922468e+00
-3.814445e+00
1.134473e+01
2.564394e+01
-3.766917e+00
-7.982666e+00
-2.981318e+01
-2.529366e+01
-2.758943e+01
-2.389953e+01
-4.356137e+00
-5.190577e+00
6.771215e+00
2.713041e+00
2.067977e+00
-3.358158e+01
-7.603211e+00
2.231860e+01
-2.337297e+00
-6.731741e+00
-9.556379e+00
-3.808237e+00
-3.108288e+00
-2.445943e+01
-2.260152e+01
-1.577284e+01
9.027927e+00
8.271147e+00
9.864333e+00
-1.217005e+00
-1.219559e+00
-1.658916e+00
-1.217160e+00
-1.913322e+00
-1.210460e+00
-1.164898e+00
-1.332039e+00
-7.924195e-01
-1.607001e+00
8.377235e+00
1.460436e+00
3.743467e+00
2.817496e+00
7.487210e+00
1.265470e+01
9.867028e+00
7.227622e+00
6.495732e+00
-1.093780e+00
2.017930e-01
-1.251825e+00
-4.627300e-01
-1.004778e+00
-1.307344e+01
-5.212717e+00
-6.319859e+00
6.368288e+00
8.944716e+00
-4.731166e+00
1.050875e+01
8.802102e+00
-2.530061e+00
-2.112110e+00
-2.480687e+01
4.494839e+01
3.715371e+01
-1.523521e+00
-7.356237e+00
-3.883676e+00
-3.936329e+00
-6.266871e+00
2.401289e+00
8.273986e-01
3.054508e+00
-4.326285e+00
2.587186e+00
1.878091e+00
3.309843e+01
-7.695955e-01
-6.618666e+00
-1.341268e+01
-4.204949e+00
-6.971173e+00
-8.366985e+00
-2.389394e+00
-2.783736e+00
-4.063019e-01
-1.163585e+01
-1.262333e+01
1.578058e+00
9.318719e-01
6.375869e-01
4.855883e-02
-1.819252e-01
-2.581685e+01
-1.113519e+01
2.398855e-01
3.317856e+00
7.525290e+00
-8.407827e+00
-7.811269e+00
-8.102210e+00
1.189071e+01
1.331100e+01
-4.248050e+00
-3.683656e+00
1.240066e+00
2.158460e+00
1.392222e+00
2.217524e+00
3.052390e+00
2.965530e+00
2.196582e+00
2.882422e+00
3.825175e+00
3.779560e+00
-1.110823e+01
-1.399954e+01
-1.514452e+01
1.145146e+01
4.566967e-01
-9.890143e+00
-9.233169e+00
-9.743629e+00
-1.408684e+00
1.970204e+01
-8.995956e-01
3.190817e-01
-7.508756e+00
-7.126894e+00
-3.306829e+01
-2.372011e+00
-3.029879e+00
-1.687276e+00
-6.922599e+00
-7.894859e+00
-6.019437e+00
-2.194926e+00
-2.351060e+00
-1.166553e+01
-1.075940e+01
-1.897960e+00
2.931061e+00
2.864000e+00
2.297179e+00
2.826907e+00
-1.270500e+01
3.677542e+01
2.977013e+01
4.593229e+01
-2.856185e+01
5.416986e-01
-3.925287e+00
2.192475e+00
2.782226e+00
3.551316e+00
3.313785e+00
1.535295e+00
-2.544418e+00
-1.281740e+01
1.570443e+01
1.635591e+01
1.435575e+01
1.735528e+01
1.965919e+01
1.885999e+01
-2.301206e+01
-2.045678e+01
-1.041381e+01
-1.971322e+01
-1.009542e+01
-1.231643e+01
-1.316019e+01
-4.474515e+00
-6.296901e+00
-1.769083e+01
3.638653e+01
3.037376e-01
-8.813335e+00
2.020309e+00
4.058504e-01
-1.291018e+01
-7.248642e+00
-4.603694e+00
-8.372115e+00
-4.461239e+00
-1.601506e+00
-3.060129e+00
-1.414559e+00
-3.398641e+00
-4.250946e+00
-2.455479e+01
-2.098706e+01
-1.896532e+01
-1.903122e+01
-1.775702e+01
-1.382502e+00
-1.446586e+00
-4.571938e+00
-5.984501e+00
2.519972e+00
-7.139329e-01
1.522194e+01
-2.071426e+00
9.218672e+00
-1.179726e+00
1.871920e+01
9.870548e+00
2.324734e+01
2.408465e+01
1.904503e+01
-6.185373e+00
-3.069593e+00
-2.681200e+01
6.408568e+00
5.901550e+00
-3.555442e+01
-3.558741e+01
-4.133617e+01
2.277545e+00
-1.379971e+00
7.273343e+00
7.298728e+00
5.952065e+00
-1.619148e+00
-4.635960e+00
-4.511503e+00
8.634265e+00
8.755509e+00
-3.818355e+00
-1.739489e+01
-1.664747e+01
-1.590016e+01
-1.505905e+01
-7.656062e+00
-9.013569e+00
-2.423469e+00
1.201523e+01
-1.187038e+00
4.012342e+00
4.604726e+00
4.816056e+00
4.482582e+00
-1.564126e+01
-3.169478e+00
-3.494028e+00
1.296383e+01
-1.165442e+00
1.564445e+00
2.651956e+00
3.017339e+00
5.086140e+00
4.901537e+00
-2.226503e+00
-6.549134e+00
9.376864e+00
7.594502e+00
8.155505e+00
-4.527943e+00
-1.111395e+01
-9.202107e+00
-3.493085e+00
6.146490e+00
5.673787e+00
8.525696e+00
8.451682e+00
-7.186700e+00
4.194742e+01
2.017897e+00
4.060317e+00
-1.518965e+01
-1.537888e+01
-1.761525e+01
-2.045378e+01
-1.635321e+01
-2.521364e+00
3.421844e+01
5.745711e+00
1.194438e+01
-9.794963e-01
-4.267638e+00
-1.716142e-01
9.378464e-01
2.442861e+01
-1.365570e+01
1.975608e+00
3.040641e+00
1.698209e+00
3.901404e+01
-6.693400e+00
5.289073e+00
1.318804e+01
1.431351e+01
-3.008063e+00
5.252182e+00
-2.009436e+01
4.114236e+00
-1.385600e+00
-1.685481e+00
2.374053e+01
2.322072e+01
-1.847014e+00
2.291514e+01
2.200439e+01
-4.639113e+00
8.366421e+00
7.388729e+00
9.105244e+00
-4.779659e+00
7.351546e+00
-1.555848e+00
-2.731002e+00
-1.288877e+01
-1.073371e+01
-1.222395e+01
2.236397e+00
1.655989e+01
2.282337e+00
2.495883e+00
2.790339e+00
1.951858e+00
2.621810e+00
2.963473e+00
4.718103e+00
1.635796e+00
3.034085e+00
-2.134131e+01
-1.475989e+01
-1.934029e+01
2.200337e+00
-1.377038e+01
1.096007e+01
-8.939835e+00
-8.812957e+00
-7.943698e+00
4.108071e+00
3.670690e+00
-3.027093e+00
-1.440889e+01
-1.488705e+01
-1.466840e+01
3.840063e+00
-1.588941e+01
-4.309398e+00
2.658495e+01
-5.669891e+00
-5.120752e+00
-1.982218e+01
6.697445e+00
2.924930e-01
-4.579688e+00
7.054901e+00
1.671592e+00
-4.772449e+00
6.636974e+00
-3.525702e+00
5.492583e-01
-8.624930e+00
-3.736686e+00
-4.163894e+00
-3.466870e+00
-3.890648e+00
-4.630037e+00
-3.928495e+00
-3.543637e+00
-3.014332e+00
-3.967760e+00
-2.746088e+00
-2.435978e+00
-3.412138e+00
-4.020104e+00
-4.862130e+00
-5.360617e+00
-3.869189e+00
-2.175744e+00
-2.047050e+00
-5.204628e+00
-6.582799e+00
-6.483795e+00
-6.634146e+00
5.309248e+00
1.752309e+01
1.480269e+01
-1.120396e+01
-1.078024e+01
-1.478649e+00
-1.270967e+01
4.085370e-01
-4.819484e-01
1.480859e+01
-3.479736e+00
5.384351e+00
4.329976e+00
8.692681e+00
5.975935e-01
1.775426e+00
2.360399e+00
-2.432129e-01
-6.490355e-01
-5.155024e-01
-4.402875e-01
-1.841112e-02
8.144148e-03
3.013613e+01
2.878349e+01
-3.703252e+00
-2.432926e+01
-2.627048e+01
-2.212362e+01
-2.029428e+01
-1.848145e+01
-1.682388e+01
-1.525514e+01
-1.498379e+01
-8.230265e+00
-6.919258e+00
-7.629696e+00
-7.299290e+00
-8.172372e+00
-8.341245e+00
-8.784998e+00
-9.104856e+00
-9.639408e+00
-8.531736e+00
-9.357170e+00
-7.701162e+00
-6.571327e+00
-8.116513e+00
-5.558288e+00
-7.622796e+00
-6.643686e+00
1.515199e+01
-1.380847e+01
-1.582359e+01
-1.374856e+01
-1.983561e+01
-1.766628e+01
-2.255406e+01
-2.256909e+01
4.484423e+00
1.362813e+00
4.027478e-01
1.949694e+00
-2.965975e+01
-3.503767e+01
-9.384717e-01
-9.286031e-01
-5.300804e-01
-1.256614e+00
8.440364e+00
9.110017e+00
-8.807427e+00
-2.757755e+00
-3.307120e+00
-3.765222e+00
7.759951e+00
1.006807e+01
9.392596e+00
-3.311435e+01
-3.111651e+00
-1.653936e+00
-1.943062e+00
-2.782547e+00
-1.645726e+00
-1.332908e+00
-1.264275e+00
-2.142599e+00
-3.629866e+00
2.847817e+00
-2.339014e+00
-2.282413e+00
-2.576130e+00
-1.540478e+00
-1.923971e+00
-1.570018e+00
-1.727129e+00
-3.976662e-01
5.212127e+00
1.245245e+01
4.945235e+01
5.315641e+01
-3.628742e+00
-4.498056e-01
6.054252e+00
-2.669565e+00
1.510907e+01
-3.713077e+01
-4.059194e+01
-4.923805e+01
-5.138828e+01
-5.112152e+01
-6.034709e+01
-5.597552e+01
-4.530127e+01
-3.230781e+00
-1.278279e+01
-2.200164e-01
3.196396e-01
1.629176e-01
-6.646069e-01
-8.864261e-02
8.959410e+00
-4.053588e+01
-3.394866e+01
-1.288015e+01
-1.770159e+00
-4.302062e-01
-7.495907e+00
-4.076239e+00
-3.690507e+00
-3.387642e+00
-3.539127e+00
-3.641604e+00
-3.482450e+00
-9.966951e+00
1.239969e+00
6.302454e+00
-8.907968e+00
-4.371425e-01
-4.363777e+00
-5.644899e+00
1.167323e+00
-1.506481e+01
-1.643690e+01
1.592654e+01
1.655596e+01
-1.856859e+01
-3.248080e+00
-1.197286e+00
2.325553e+01
-2.466463e+01
-4.085310e+01
-6.252554e+00
-5.693941e+00
-2.020679e+00
-2.787773e+00
-2.482880e+00
6.479683e+01
3.035293e+01
-4.984717e+01
-1.472927e+01
-1.589921e+01
-1.315394e+01
-1.229642e+01
3.678896e+00
-1.263714e+01
-7.524474e+00
-1.403169e+01
2.439522e+01
4.737126e+00
-2.138495e+00
1.806093e+01
-2.562581e+01
1.481068e+01
-6.254197e+00
4.683285e+01
-4.451669e+00
2.362755e+01
-1.000500e+01
-8.008607e+00
-7.007058e+00
3.179039e+00
-1.330544e+01
-2.423539e+00
-1.155506e+01
2.929341e+00
-9.784757e-01
2.968996e+01
-8.631703e+00
-4.717592e+00
-1.167367e+01
-4.776963e+00
2.936212e+00
-3.952603e+00
-1.322499e+00
-6.766016e+01
1.104770e+01
-9.389422e+00
4.282112e+01
-2.020036e+01
9.960238e+00
7.266409e+00
5.077269e+00
1.304809e+01
-1.404520e-01
-1.510482e+00
-2.203029e+00
-4.568577e+00
7.746716e+00
3.819293e+00
3.495337e+00
4.959417e+00
-2.750858e+01
-1.770544e+00
5.409966e-01
-7.077951e+00
-8.682325e+00
1.484672e+00
1.513050e+01
-2.688519e+00
9.075374e+00
1.804935e+01
-4.958169e+00
-1.647755e+01
-3.356680e+00
-5.352445e+00
-2.206879e+01
-1.158291e+01
-6.658281e+00
6.283900e+00
-2.678306e+01
-2.202403e+01
2.084681e+01
-1.763707e+01
-6.381353e+00
-4.160280e+00
-2.417497e+01
2.471798e+00
2.183874e+00
6.498651e+00
3.810108e+00
1.159270e+00
1.373557e+00
-4.424612e+00
2.487402e-01
-2.769465e+00
4.955071e-01
-1.035808e+01
1.756494e+01
1.055180e+01
3.290776e+00
1.592584e+01
-4.305579e+00
-6.135985e+00
-8.981962e+00
-8.677193e+00
-5.255034e+00
-3.145480e+00
2.490383e+00
-6.512975e-01
-6.837368e+00
4.862129e+00
-2.217215e+01
1.098062e+01
9.274860e+00
3.555080e+00
-3.336735e+01
-1.057856e+01
-9.093489e+00
-7.589490e+00
5.850316e+00
4.208246e+00
6.070932e-01
-1.037255e+00
-8.581626e-01
-2.067991e+00
-1.590863e+00
2.688527e-01
-9.936321e+00
-6.941204e+00
-8.446856e+00
-3.255751e+01
1.001692e+01
6.986937e-01
-7.045414e+00
-3.008142e+01
-2.621556e+00
-1.170522e+01
2.786501e+01
-1.666296e+01
1.083944e+01
3.362695e+00
-4.233125e+00
-1.213205e+00
1.125347e+01
-1.045710e+01
-9.881156e+00
-2.570689e+01
-1.199690e+01
-7.531971e-01
-3.807498e+00
-6.509704e+00
-2.364825e+00
-5.671396e+00
1.736404e+00
-2.182316e+00
-2.712816e+01
-2.842418e+00
-1.427441e+01
1.708791e+01
9.527726e+00
4.577020e+00
-8.128901e+00
1.750914e+01
5.268375e-01
2.116883e+00
1.025246e+00
-1.035060e+01
-5.010062e+00
-6.458816e+00
-5.373140e+00
-3.957575e+01
-2.065775e+01
-7.333547e+00
-1.937655e+00
-7.746887e+01
-8.810649e-01
-1.018975e+01
-4.497070e+00
-1.744178e+00
-1.132599e+01
-6.995660e+00
-4.814773e+00
-8.806643e+00
-9.946066e+00
-3.235525e+00
5.615534e+00
8.124397e-01
-3.173066e+01
9.817993e+00
-8.757540e-01
2.044771e-01
3.152513e+00
1.676234e+00
-4.313430e-01
1.180989e+01
2.126091e+01
-4.290053e+01
-6.995661e+00
4.103092e+01
1.403225e+01
7.342996e-01
6.545459e+01
-2.407593e+01
-2.835927e+00
-9.282855e-01
7.096399e-02
9.637587e-01
-2.105174e+01
-1.010335e+01
2.989863e+01
-1.460188e+01
-3.540329e+00
-4.741526e+00
1.584682e+01
-8.170989e+00
-1.985910e+01
6.909622e+01
-1.017546e+01
-4.428691e+01
-8.952326e+00
-7.555945e+00
6.898275e+00
-1.561766e+01
-1.416005e+01
-5.596396e+01
-1.642947e+01
-1.281712e+01
-1.102551e+01
1.726749e+00
-3.152556e+00
1.777092e+01
-2.637844e+00
-9.127046e+00
-1.304194e+01
-2.196123e+00
-1.855820e+00
-2.867818e+00
-3.137281e+00
7.402994e+00
6.378418e+00
-2.171460e+01
9.715670e+00
-1.469614e+01
6.342165e+00
2.851579e+00
-4.190673e+00
-4.450386e+00
2.882410e-02
1.232153e+01
-1.780856e+01
-4.418906e+00
-4.964927e+00
3.936947e+00
8.489539e+00
-4.994255e+00
-8.380721e+01
7.358162e-01
-2.279911e+01
-1.486381e+00
-5.222807e+00
-4.888363e+00
-8.419177e+00
4.721485e+00
-4.319294e+01
-3.499651e+00
-1.192598e+00
-1.405159e+00
-1.809284e+00
1.116868e+01
-2.145394e+00
-8.478010e-01
-1.051621e+01
-2.405239e+01
-2.564554e+01
-3.458976e+00
-3.089277e+00
-4.315929e+00
-3.632327e+00
-2.109618e+00
-1.133646e+00
8.728936e-01
2.065331e+01
-8.860030e+00
-1.160630e+00
-1.481045e+01
5.883039e+00
-1.998823e+00
7.275708e+00
-1.362050e+00
-2.433323e+00
-1.474004e+00
-3.589359e+00
-9.324219e-01
1.287344e+01
-3.687256e+00
-1.355946e+01
5.493162e+00
5.042944e-01
7.162376e+00
-1.653112e+00
-9.754549e+00
-3.426542e+00
-2.743740e-01
-2.015011e+00
-1.002128e+01
-1.992376e+00
-2.239627e+01
1.011655e+01
5.105719e+00
9.573899e-01
1.078510e+01
6.645528e+00
-1.851543e+00
-5.262633e+00
5.307043e+00
-3.072399e+01
-1.046927e+00
7.717211e+00
4.493373e+00
-4.603406e-01
-2.433256e+00
9.230175e+00
-1.205513e+01
5.862150e-01
-2.701955e+00
1.778315e+00
5.623275e+01
-9.975651e+00
-5.212022e+00
-2.731783e+00
-1.336453e+01
-1.937605e+01
9.247679e+00
1.618864e+01
1.346149e+01
1.289338e+00
-3.691459e+00
-1.704599e+00
-9.259896e+00
5.205400e+00
-3.245166e+00
-1.834703e+01
-1.791311e+01
1.245492e+02
-8.652839e+00
-2.759258e+00
-4.913568e+00
2.101020e+00
-1.320609e+02
-4.649120e+00
-8.670117e+00
3.278698e+00
-2.938222e+00
7.693925e+00
-2.600456e+00
3.046973e+00
5.298809e+00
-6.234632e-01
-1.904574e+00
-2.105577e+01
2.014294e+00
-1.112053e+01
2.057510e+00
-5.797075e-01
9.900160e-01
1.270677e+01
3.746425e+01
-3.755593e-01
-4.882026e+00
1.005725e+00
1.687857e+01
-6.503837e+00
-2.899356e+00
-1.673097e+01
-1.258273e+00
2.250126e+00
1.743681e+01
8.915003e-01
1.027444e+01
-1.857693e+01
1.038614e+01
-8.512400e+00
5.254364e+00
-4.700668e+01
4.463177e+00
7.173442e+00
2.814862e+01
-5.480831e+00
-1.057842e+01
-6.427527e+00
-6.471981e+01
-1.738598e+00
-1.555601e+01
-8.233240e-02
1.133246e+01
-6.841182e+00
-9.726416e+00
7.038985e+00
3.959971e+00
2.782638e+01
-9.915175e+00
-1.457245e+01
1.830156e+01
