-1.491232e-02
5.318939e-03
-4.096112e-03
1.336916e-03
-4.566081e+00
-6.970815e-03
1.840712e-02
-1.202456e-02
9.547393e-02
1.331164e-01
2.503939e-01
1.501964e-01
4.768466e-02
6.940559e-02
1.071384e-01
1.365485e-01
1.646177e-01
1.890605e-01
2.083945e-01
2.228310e-01
2.322391e-01
2.357748e-01
2.362600e-01
2.406141e-01
2.685967e-01
3.268330e-01
5.577887e-01
-5.381968e-01
-3.285620e-01
-2.768887e-01
-2.416385e-01
-2.357880e-01
-2.354739e-01
-2.316054e-01
-2.227662e-01
-2.086808e-01
-1.889496e-01
-1.647892e-01
-1.364941e-01
-1.079919e-01
-7.044386e-02
-4.477093e-02
-1.458951e-01
-4.164069e-01
-4.191287e-01
-1.548728e-01
-1.074923e-01
-6.391649e-02
-1.700348e-02
1.204069e-02
-3.942233e-02
2.968966e-01
-6.231090e-01
5.640611e-02
-6.802631e-03
-5.143671e-04
-3.669717e-04
5.663584e-03
-1.713717e-02
1.803850e-01
3.977630e-01
-1.774508e-01
3.380005e-02
-2.341720e-02
7.650956e-02
-2.884336e-01
5.047825e-01
2.652106e-01
-2.404890e-02
6.366596e-03
-2.009489e-03
-2.944072e-04
-7.470555e-03
2.443409e-02
-2.506879e-01
3.706137e-01
-1.292905e-01
4.599724e-02
2.439319e-03
-3.845587e-02
-1.982860e-02
3.626377e-01
-1.488375e-02
7.417314e-03
5.076880e-04
8.338885e-04
-5.864271e-03
2.007853e-02
-2.185574e-01
-2.336491e-01
1.136496e-01
-1.793573e-02
2.472645e-03
-5.540910e-03
1.393839e-01
-5.290423e-01
-1.619865e-01
1.888741e-02
-5.903336e-03
4.877420e-04
-4.090862e-04
3.178201e-03
-1.458328e-02
-1.573817e-02
1.599637e-02
-1.751188e-02
6.877088e-03
-2.110427e-04
-1.435862e-02
-1.897180e-02
-9.261269e-02
-1.422956e-01
-2.327647e-01
-1.654449e-01
-4.333029e-02
-7.023095e-02
-1.078025e-01
-1.365541e-01
-1.646516e-01
-1.889323e-01
-2.084871e-01
-2.231972e-01
-2.321966e-01
-2.350550e-01
-2.351823e-01
-2.401641e-01
-2.723045e-01
-3.248479e-01
-5.582916e-01
5.706686e-01
3.217252e-01
2.748702e-01
2.414240e-01
2.358220e-01
2.355441e-01
2.320378e-01
2.233454e-01
2.087490e-01
1.885458e-01
1.645665e-01
1.364999e-01
1.072742e-01
7.179493e-02
4.624762e-02
1.429704e-01
2.820030e-01
-4.451435e-02
1.860765e-01
2.367222e-02
1.735467e-02
9.942997e-03
-4.770485e+00
-4.877640e+00
-4.923078e+00
-4.917837e+00
-4.859781e+00
-4.796330e+00
-4.708218e+00
-4.594566e+00
-4.477125e+00
-4.324005e+00
-4.178951e+00
-3.997947e+00
-3.804413e+00
-3.590292e+00
-3.353376e+00
-3.087133e+00
-2.796024e+00
-2.470408e+00
-2.111716e+00
-1.714786e+00
-1.284174e+00
-8.349046e-01
-3.631757e-01
1.268255e-01
5.986203e-01
1.069031e+00
1.507075e+00
1.919439e+00
2.298090e+00
2.639576e+00
2.944461e+00
3.227273e+00
3.473320e+00
3.701766e+00
3.905038e+00
4.086493e+00
4.255236e+00
4.405959e+00
4.535739e+00
4.653585e+00
4.756629e+00
4.824660e+00
4.903567e+00
4.913265e+00
4.905272e+00
4.832436e+00
4.619194e+00
4.659601e+00
4.847366e+00
4.905367e+00
4.924611e+00
4.895397e+00
4.835681e+00
4.754398e+00
4.653788e+00
4.537453e+00
4.405898e+00
4.252369e+00
4.089448e+00
3.902953e+00
3.703004e+00
3.472466e+00
3.227515e+00
2.946678e+00
2.640883e+00
2.292196e+00
1.919969e+00
1.519153e+00
1.050144e+00
6.112610e-01
1.231756e-01
-3.649365e-01
-8.349397e-01
-1.288339e+00
-1.714590e+00
-2.111178e+00
-2.471672e+00
-2.796177e+00
-3.087127e+00
-3.353101e+00
-3.587573e+00
-3.811970e+00
-4.001805e+00
-4.169781e+00
-4.332819e+00
-4.473402e+00
-4.597803e+00
-4.705979e+00
-4.797280e+00
-4.870568e+00
-4.906314e+00
-4.924150e+00
-4.897065e+00
-4.759461e+00
-8.601573e-02
-1.181037e-01
1.236479e-01
9.754068e-02
1.583783e-01
1.585854e-01
-1.558618e-01
-1.600643e-01
-2.357710e-01
-2.400253e-01
2.376507e-01
2.371732e-01
-9.142297e-02
1.044986e-01
2.627567e-01
2.655169e-01
-2.624191e-01
-2.652142e-01
-1.215584e-01
-1.189065e-01
1.109652e-01
1.246008e-01
-5.244594e-02
-5.741916e-02
6.019041e-02
5.185438e-02
1.480261e-01
-3.474711e-02
-1.754505e-01
-5.072332e-02
1.526641e-01
9.035207e-02
1.979172e-02
-2.668037e-01
1.552718e-01
-2.415744e-01
-2.484308e-01
-2.463298e-01
2.452637e-01
2.465995e-01
2.094337e-01
2.064391e-01
1.007109e-01
-2.072344e-01
-2.075704e-01
-9.674264e-02
1.606603e-01
-1.496046e-01
-5.916795e-02
5.960594e-02
-5.348546e-02
5.845851e-02
3.542870e-01
7.223797e-02
-9.938870e-02
1.012088e-01
-1.040057e-02
-6.722053e-03
2.083687e-02
-9.676152e-03
1.693062e-02
-1.000582e-02
7.667642e-02
-4.017934e-03
-2.498103e-01
-2.795953e-01
-2.738663e-01
-3.219538e-01
-3.137426e-01
-3.727455e-01
-2.445439e+00
-3.856521e-01
-4.436043e-01
-4.319453e-01
-5.105180e-01
-5.219673e-01
-5.016109e-01
-5.881223e-01
-3.682536e+00
-5.808101e-01
-6.795369e-01
-6.790115e-01
-7.871601e-01
-7.883580e-01
-9.029807e-01
-8.939784e-01
-1.018230e+00
-4.251618e+00
-9.959822e-01
-1.121916e+00
-1.086671e+00
-1.216258e+00
-1.169639e+00
-1.307096e+00
-1.248074e+00
-1.391204e+00
-4.517143e+00
-1.322713e+00
-1.467537e+00
-1.390038e+00
-1.534735e+00
-1.448796e+00
-1.588444e+00
-1.496555e+00
-1.626587e+00
-4.636135e+00
-1.530494e+00
-1.647456e+00
-1.316660e+00
-1.549297e+00
-1.651296e+00
-1.526632e+00
-1.637360e+00
-1.428578e+00
-1.541667e+00
-1.618873e+00
-9.065753e-01
-1.724511e+00
-1.691144e+00
-4.527580e+00
-1.583005e+00
-1.642951e+00
-1.771325e+00
-1.694817e+00
-1.585307e+00
-1.624752e+00
-1.732941e+00
-1.652302e+00
-1.765570e+00
-4.363326e+00
-1.669515e+00
-1.556724e+00
-1.784363e+00
-1.669309e+00
-1.783750e+00
-1.651484e+00
-1.763354e+00
-1.260056e+00
-1.615058e+00
-1.724463e+00
-3.665214e+00
-1.723887e+00
-1.561699e+00
-1.460319e+00
-1.660497e+00
-1.873889e+00
-1.046132e+00
-1.491830e+00
-1.581720e+00
-1.410541e+00
-1.484384e+00
-1.879810e+00
-1.662945e+00
-1.552393e+00
-2.743697e+00
-1.385464e+00
-1.436349e+00
-1.277885e+00
-1.313796e+00
-1.473846e+00
-1.337759e+00
-1.544685e+00
-1.497974e+00
-1.348003e+00
-1.386742e+00
-1.202017e+00
-1.195517e+00
-1.341177e+00
-1.170662e+00
-1.051246e+00
-1.021798e+00
-1.123383e+00
-9.771137e-01
3.341116e-01
-7.861540e-01
-1.058216e+00
-9.199146e-01
-8.635145e-01
-8.259786e-01
-8.535596e-01
-7.921525e-01
-7.965171e-01
-7.069099e-01
1.965441e+00
-7.349852e-01
-8.004651e-01
-3.815054e-01
5.916015e-01
6.634317e-01
7.170662e-01
7.412555e-01
7.831339e-01
3.145855e+00
8.165634e-01
8.494239e-01
9.395680e-01
9.472795e-01
1.065569e+00
1.052782e+00
1.192576e+00
3.927986e+00
1.150055e+00
1.307215e+00
1.239349e+00
1.397462e+00
1.316309e+00
1.475201e+00
1.377183e+00
1.533813e+00
4.378041e+00
1.420312e+00
1.570352e+00
1.447088e+00
1.589513e+00
1.457980e+00
1.592934e+00
1.455097e+00
1.576072e+00
1.438552e+00
1.551277e+00
1.411979e+00
1.523516e+00
1.378344e+00
1.480735e+00
1.333759e+00
1.427994e+00
1.578001e+00
4.509808e+00
1.514952e+00
1.659946e+00
1.589485e+00
1.725335e+00
1.646863e+00
1.770906e+00
1.686106e+00
1.799179e+00
1.708743e+00
1.811023e+00
4.530229e+00
1.719643e+00
1.808260e+00
1.713182e+00
1.791328e+00
1.689558e+00
1.765529e+00
1.285885e+00
1.572573e+00
1.657862e+00
1.723783e+00
1.626648e+00
4.494264e+00
1.613776e+00
1.665968e+00
1.556538e+00
1.595745e+00
1.483901e+00
1.510632e+00
1.625678e+00
1.387245e+00
1.524775e+00
1.643221e+00
4.198079e+00
1.521856e+00
1.644295e+00
1.876005e+00
1.508565e+00
1.629967e+00
1.450829e+00
1.720186e+00
1.481422e+00
1.600379e+00
1.365763e+00
1.908526e+00
1.749727e+00
1.708688e+00
3.585329e+00
1.557146e+00
1.665100e+00
1.503728e+00
1.939436e+00
8.191149e-01
-5.526279e-01
1.594431e+00
1.435612e+00
1.522138e+00
1.859055e+00
1.310788e+00
1.309145e+00
1.099195e+00
1.358813e+00
1.430348e+00
1.274662e+00
7.459233e-01
1.677384e+00
1.701409e+00
1.270119e+00
1.324591e+00
1.169004e+00
1.208223e+00
1.365046e+00
1.234483e+00
1.388404e+00
1.243784e+00
1.104536e+00
1.100054e+00
1.397885e+00
1.197292e+00
1.152682e+00
1.072769e+00
1.031156e+00
-7.165172e-01
9.597238e-01
9.221104e-01
9.770420e-01
9.625266e-01
1.471270e+00
8.640769e-01
8.504186e-01
9.315716e-01
8.266884e-01
8.876756e-01
7.990990e-01
8.325609e-01
7.750786e-01
7.844093e-01
7.008524e-01
7.295591e-01
6.333354e-01
3.797145e-01
-7.631532e-01
-5.366065e-01
-6.492382e-01
-7.357272e-01
-7.407527e-01
7.283779e-01
-7.907380e-01
-8.444546e-01
-8.874343e-01
-1.003158e+00
-8.271474e-01
8.489879e-01
8.568987e-01
8.244494e-01
8.759113e-01
7.892536e-01
8.298979e-01
7.354666e-01
7.820613e-01
6.962451e-01
7.279769e-01
6.441383e-01
6.680152e-01
5.879806e-01
6.047701e-01
7.090776e-01
6.461943e-01
7.563513e-01
-1.013074e+00
-1.159356e+00
6.874264e-01
7.891203e-01
-7.638039e-01
7.723910e-01
7.740901e-01
7.345192e-01
1.070673e+00
6.205885e-01
7.134303e-01
8.141477e-01
-1.136368e+00
-1.296773e+00
-1.019107e-01
8.839449e-01
5.416965e-01
-9.203890e-01
7.285071e-01
8.284095e-01
5.282353e-01
-1.260322e+00
-1.420334e+00
-1.474158e+00
-1.596290e+00
-1.104781e+00
-1.659376e+00
-1.782881e+00
-1.693183e+00
-1.881891e+00
-1.973175e+00
-2.065236e+00
-1.959908e+00
-2.131547e+00
-2.249379e+00
-2.303182e+00
-2.175902e+00
-2.333830e+00
-2.473626e+00
-2.486320e+00
-2.629679e+00
-2.629417e+00
-2.481299e+00
-2.610097e+00
-2.795801e+00
-2.739742e+00
-2.920872e+00
-2.848793e+00
-3.026057e+00
-2.941445e+00
-2.775013e+00
-2.839179e+00
-3.015548e+00
-2.888438e+00
-3.065099e+00
-2.918839e+00
-3.083385e+00
-2.923861e+00
-3.074924e+00
-2.725840e+00
-2.905171e+00
-3.034201e+00
-2.772691e+00
-2.464778e+00
-2.864092e+00
-2.971542e+00
7.406713e-01
8.408206e-01
6.954715e-01
6.868450e-01
7.041875e-01
8.019340e-01
1.802901e+00
-2.797942e+00
-2.890656e+00
-3.097850e+00
-2.976611e+00
6.185890e-01
7.130913e-01
7.849165e-01
-2.792810e+00
-2.849861e+00
-3.034147e+00
-2.886115e+00
-2.716722e+00
-2.733678e+00
-2.898031e+00
-2.728844e+00
-2.887884e+00
-2.700830e+00
-2.559036e+00
-2.518112e+00
-2.646282e+00
-2.459641e+00
-1.215615e+00
-1.063843e+00
-2.567210e+00
-2.368739e+00
-2.460611e+00
-2.246305e+00
-2.320234e+00
-2.103765e+00
-2.140921e+00
8.937545e-01
3.034655e-01
8.046735e-01
-3.110405e+00
-3.250589e+00
-4.943652e-01
-1.934423e+00
-1.954822e+00
1.549693e+00
1.558406e+00
1.715350e+00
1.725760e+00
2.919161e+00
1.885034e+00
1.898149e+00
2.057434e+00
2.079458e+00
2.235011e+00
1.906349e+00
2.196268e+00
2.372580e+00
2.312572e+00
2.490083e+00
2.409457e+00
2.584401e+00
2.485544e+00
2.655576e+00
2.768613e+00
2.831835e+00
2.703654e+00
2.870630e+00
2.730979e+00
2.880072e+00
2.732748e+00
2.865862e+00
2.713045e+00
2.831025e+00
2.671244e+00
2.775712e+00
2.946920e+00
2.869863e+00
3.046770e+00
2.947136e+00
3.117047e+00
3.003786e+00
3.187043e+00
3.041060e+00
3.208850e+00
3.051001e+00
3.209996e+00
3.035967e+00
2.893627e+00
2.867714e+00
2.993801e+00
2.784897e+00
2.819631e+00
2.925543e+00
2.738645e+00
2.748536e+00
2.833452e+00
3.239862e+00
2.659180e+00
2.723693e+00
2.583357e+00
3.030829e+00
2.080748e+00
1.889588e+00
2.907781e+00
2.774554e+00
-1.745048e+00
-1.710683e+00
6.194364e-01
6.015575e-01
9.569645e-01
5.998811e-01
-3.070491e+00
5.829170e-01
7.244947e-01
7.954784e-01
7.274410e-01
6.461529e-01
6.598211e-01
5.779940e-01
5.894176e-01
6.931289e-01
6.124469e-01
7.098905e-01
6.152668e-01
7.173257e-01
6.162978e-01
5.297058e-01
5.514656e-01
6.297677e-01
5.700609e-01
4.967433e-01
6.449841e-01
5.786249e-01
6.441855e-01
5.735199e-01
6.315834e-01
5.404753e-01
5.965982e-01
4.912401e-01
2.065617e+00
1.851831e+00
-3.021086e+00
-1.780427e+00
-4.411582e+00
-4.017574e+00
-4.573307e+00
-4.533739e+00
4.679775e+00
-4.383714e+00
4.463081e+00
4.378250e+00
-2.385307e+00
-4.130632e+00
3.928797e+00
-3.262032e+00
4.168260e+00
-2.132533e+00
8.772876e-01
-5.490097e-01
2.607314e+00
3.576539e+00
1.195155e+00
2.601698e+00
2.635869e+00
7.072385e-01
6.540025e-01
5.491818e-01
5.994975e-01
5.082369e-01
2.810551e+00
2.654469e+00
3.373435e+00
7.053951e-01
6.489385e-01
2.561919e+00
2.521471e+00
5.365541e-01
5.788211e-01
1.694197e+00
1.626474e+00
1.810764e+00
1.533271e+00
2.485239e+00
2.484513e+00
-1.153241e+00
-1.016783e+00
6.271500e-01
5.590777e-01
5.521436e-01
-3.059574e+00
2.659484e+00
2.468456e+00
-2.197401e+00
-1.535772e+00
-1.468398e+00
6.701892e-01
5.765970e-01
6.462347e-01
5.456364e-01
-1.753079e+00
-2.678399e+00
1.763242e+00
2.261779e+00
2.260516e+00
2.455829e+00
2.322884e+00
4.943211e-01
4.889466e-01
-2.609823e+00
-3.219070e+00
2.416856e+00
2.378145e+00
3.119464e+00
1.658282e+00
1.391145e+00
7.258838e-01
-9.384246e-01
-8.984310e-01
-8.375669e-01
-1.161769e+00
-1.130503e+00
-1.017773e+00
-9.911470e-01
-8.785548e-01
-8.552462e-01
-7.512271e-01
-7.305327e-01
-8.285464e-01
-7.069443e-01
-7.983248e-01
-6.826201e-01
-7.631466e-01
-6.523621e-01
-7.237780e-01
-6.145287e-01
-6.838469e-01
-5.826780e-01
-6.400218e-01
-5.401926e-01
-5.895194e-01
-6.816617e-01
-6.262410e-01
-5.431459e-01
-5.698956e-01
-6.402837e-01
-5.746758e-01
-6.444784e-01
-5.141701e-01
-5.709199e-01
-6.476351e-01
-5.627705e-01
-6.662191e-01
-5.770317e-01
-6.822372e-01
-4.837836e-01
-5.902208e-01
-6.815915e-01
-7.768840e-01
-7.698863e-01
-6.726470e-01
-7.552412e-01
-7.331083e-01
-7.673833e-01
-6.525316e-01
-6.649355e-01
-8.602298e-01
-8.400147e-01
-7.328054e-01
-8.182140e-01
-9.277427e-01
-8.901052e-01
-7.355721e-01
-7.953633e-01
-9.433141e-01
-8.429682e-01
-7.076388e-01
-7.595922e-01
-6.116057e-01
-6.764684e-01
-7.672644e-01
-6.781376e-01
-7.715148e-01
-6.770885e-01
-7.638982e-01
-6.629164e-01
-7.463015e-01
-6.347413e-01
-5.518593e-01
-5.482994e-01
-6.223562e-01
-5.535424e-01
-6.179329e-01
-5.510093e-01
-6.072108e-01
-5.037520e-01
-5.392791e-01
-5.837993e-01
-6.617203e-01
-6.267669e-01
-5.350876e-01
-5.697021e-01
-5.895028e-01
-5.899442e-01
-5.643083e-01
-5.805566e-01
-4.756491e-01
-5.038668e-01
-8.684923e-01
-5.044262e-01
-7.140686e-01
-8.377399e-01
-7.445715e-01
-3.248289e+00
5.469764e-01
-9.235141e-01
7.957913e-01
-6.014973e-01
-5.279768e-01
6.155774e-01
5.122138e-01
-7.846668e-01
7.005482e-01
2.649046e+00
2.431868e+00
2.851699e+00
4.464359e-01
4.002157e-01
4.662947e-01
-1.754134e+00
1.287573e+00
1.121262e+00
1.489879e+00
1.211313e+00
9.054671e-01
8.614386e-01
6.336375e-01
6.518776e-01
3.733252e-01
3.629524e-01
8.439981e-02
1.859920e+00
4.409729e-01
3.955548e-01
4.292667e-01
5.000125e-01
3.624692e-01
-4.499119e-01
-4.969831e-01
-4.293654e-01
-3.836307e-01
2.275519e+00
2.214192e+00
-4.144942e-01
-3.915466e-01
2.388538e+00
2.124979e+00
1.997742e+00
1.887118e+00
1.998658e+00
1.746187e+00
-1.517261e+00
-1.481472e+00
-1.413815e+00
5.362416e-01
-4.758468e-01
-4.914745e-01
-5.123981e-01
-4.720394e-01
2.490643e+00
2.423930e+00
2.959495e+00
2.887906e+00
3.085827e+00
3.012034e+00
-6.032784e-01
-5.706476e-01
-4.809212e-01
-1.380962e+00
-2.200072e+00
-2.574387e+00
4.889217e-01
-2.345370e+00
5.208109e-01
4.654962e-01
4.619084e-01
4.084395e-01
4.094652e-01
3.653505e-01
3.508847e-01
3.738162e-01
3.519571e-01
2.817458e-01
3.158480e-01
2.725593e-01
-8.045235e-01
-8.381004e-01
2.328078e+00
-2.049414e+00
-2.069452e+00
-1.920309e+00
-1.939688e+00
-1.794794e+00
-1.648315e+00
-1.368260e+00
-1.211623e+00
-1.070508e+00
4.319944e-01
1.840100e+00
1.570100e+00
2.579616e+00
7.817111e-01
7.961757e-01
6.934559e-01
6.961477e-01
5.966100e-01
5.914680e-01
6.895059e-01
5.829974e-01
6.799657e-01
5.731382e-01
6.716726e-01
5.659601e-01
6.582206e-01
5.597161e-01
6.429230e-01
5.537369e-01
6.290597e-01
5.476283e-01
6.162377e-01
5.392719e-01
5.977073e-01
5.240797e-01
5.687467e-01
4.965821e-01
5.284021e-01
4.574823e-01
4.555623e-01
3.951021e-01
4.903125e-01
3.168660e-01
-4.995469e-01
-4.543210e-01
-4.253625e-01
4.975489e-01
5.053935e-01
4.806769e-01
-4.130807e-01
6.510175e-01
1.452713e+00
-2.554073e+00
-2.419684e+00
-1.640278e+00
2.320462e+00
1.631742e+00
-1.412662e+00
-1.186710e+00
1.563875e+00
-3.240843e+00
4.111271e-01
4.187308e-01
1.405498e+00
-7.989071e-01
1.784991e+00
-9.482276e-01
-7.728833e-01
-1.088798e+00
4.045704e-01
-1.560745e+00
-4.432324e-01
3.219519e+00
3.136230e+00
3.284290e+00
4.785809e-01
-7.515328e-01
1.562533e-01
-2.400455e+00
1.330906e+00
1.223001e+00
1.185223e+00
1.232626e+00
1.336967e+00
8.744525e-01
4.726054e-01
-1.330516e+00
2.484326e+00
-8.930969e-01
-5.498912e-01
-4.786668e-01
-2.435609e-01
1.104638e+00
2.824600e-01
-1.764526e+00
-1.645825e+00
2.279234e+00
2.240833e+00
2.327349e+00
2.799285e-01
-1.808340e+00
-1.944415e+00
2.336043e+00
2.270167e+00
2.350141e+00
2.199697e+00
2.268191e+00
2.882979e+00
-2.697682e+00
-1.086914e+00
-2.630399e+00
-2.538621e+00
-2.472381e+00
-2.387907e+00
-2.444528e+00
2.483038e-01
7.028685e-01
-4.825612e-01
-4.366594e-01
2.725868e-01
3.412392e-01
-2.272927e+00
-4.951570e-01
-2.298379e+00
-2.339832e+00
-2.203523e+00
-2.229671e+00
1.646924e+00
1.356363e+00
1.327047e+00
1.089868e+00
1.117562e+00
3.493297e-02
-2.338484e-01
-1.559745e-01
-4.528260e-01
-5.733669e-01
-7.564650e-01
-9.026854e-01
-1.051503e+00
-1.240751e+00
-1.335444e+00
-1.548778e+00
-1.595509e+00
-1.824096e+00
-1.825994e+00
-2.064090e+00
-2.025806e+00
-2.270284e+00
-1.599754e+00
-3.696043e-01
-2.194084e+00
-2.466474e+00
-2.895215e-01
-2.316340e+00
7.532126e-01
-8.449715e-01
4.516876e-01
1.089000e+00
1.120381e+00
7.848320e-01
1.887282e+00
3.624401e-01
3.202000e-01
3.514373e-01
2.768722e-01
2.960440e-01
2.191687e+00
2.263877e+00
-6.004110e-01
-3.963929e-01
1.021508e+00
-3.438367e+00
-3.426695e+00
5.481413e-01
2.303553e+00
4.565829e-01
2.921512e-01
3.621022e-01
-1.312481e+00
-1.327234e+00
2.344904e-01
2.444785e-01
-6.293655e-01
-5.482215e-01
-4.505879e-01
-4.623702e-01
-3.700920e-01
6.742419e-01
-1.605296e+00
-1.495133e+00
-3.224189e+00
-3.300471e+00
-3.414471e+00
-3.495484e+00
-3.366441e+00
-3.617750e+00
2.671288e+00
-3.827407e-01
-1.665942e+00
2.854594e+00
3.066256e+00
-2.318793e+00
-2.565972e+00
-1.986534e-01
2.171903e+00
2.180584e+00
-7.121384e-01
2.656968e+00
-1.533492e-01
1.097495e+00
8.551955e-01
-1.567668e+00
-1.860982e+00
3.043839e-01
-4.002051e-01
1.666286e+00
9.030149e-01
-9.411888e-01
3.400439e-01
2.807279e-01
-4.106817e-01
-3.912665e-01
2.122611e+00
-1.182892e+00
6.207337e-01
3.660142e-01
4.001668e-01
3.351644e-01
3.432573e+00
3.476790e+00
-2.549335e-02
-5.049029e-01
-3.538526e+00
-3.462841e+00
1.784630e+00
5.810957e-01
1.053640e+00
-2.364699e+00
-2.240213e+00
-2.122414e+00
-2.125270e+00
-2.234156e+00
-2.109577e+00
-2.209510e+00
-9.580948e-01
-1.092466e+00
-1.095554e+00
8.182816e-01
-3.996070e-01
-4.332794e-01
-1.227726e+00
-2.750814e+00
-2.820163e+00
-3.235046e+00
-3.282190e+00
-3.340889e-01
-3.160119e-01
3.936485e-01
1.104420e+00
8.412822e-01
-3.439585e+00
8.990179e-01
-1.142798e+00
6.491355e-01
-2.654295e+00
-2.883522e+00
2.494806e-02
1.504508e-03
-1.811251e+00
-6.750836e-01
-6.339413e-01
1.055204e+00
-4.239898e-01
-4.333462e-01
3.336919e-01
3.296435e-01
-1.208741e+00
-1.206097e+00
-5.331794e-01
-3.622086e+00
-3.589366e+00
2.171459e+00
3.364289e-01
2.745158e-01
3.768221e-01
2.726985e+00
2.509403e+00
2.910071e+00
3.266270e-01
2.566928e-01
1.898828e-01
1.314497e-01
2.587198e-01
1.452262e-01
1.351240e-02
9.957487e-01
1.020113e+00
-2.081499e+00
-2.170524e+00
-1.808431e+00
-1.932694e+00
-3.652901e-01
-2.959653e-01
-3.352689e-01
-2.593896e-01
-3.001226e-01
-2.357397e-01
-2.581103e-01
-2.126206e-01
-2.328576e-01
-1.647677e-01
-1.543693e-01
-2.274955e-01
-1.900179e-01
-2.410489e-01
-2.339466e-01
-9.063648e-01
-9.482008e-01
-8.636521e-01
-8.725553e-01
-9.911113e-01
-3.501489e+00
-4.690142e-01
-4.000765e-01
-3.808082e-01
-3.307757e-01
-3.283482e-01
-2.697810e-01
3.132938e-01
4.224899e-01
4.538569e-01
-7.185346e-01
-5.507860e-01
9.077518e-01
-3.065479e+00
-2.276485e+00
1.568899e+00
-9.198544e-01
2.285972e-01
-2.720670e-01
-1.518325e+00
2.110358e+00
2.123115e+00
2.186460e+00
5.057605e-01
-3.461560e-01
-1.973898e+00
1.685854e+00
2.345098e+00
2.231755e+00
2.359228e+00
2.247295e+00
2.372136e+00
2.252770e+00
2.368885e+00
2.243244e+00
-4.437701e-01
-3.672867e-01
-7.064068e-01
-1.679088e+00
-2.254474e+00
-2.106227e+00
-3.787791e+00
-3.740194e+00
-3.562912e+00
-3.698076e+00
-3.874801e+00
-3.811298e+00
-3.616394e+00
-3.713558e+00
-3.954177e+00
-3.792024e+00
-4.011140e+00
-3.824612e+00
-4.026266e+00
6.358694e-01
-6.811699e-01
2.185267e+00
3.636756e+00
3.667573e+00
3.503996e+00
3.681102e+00
3.517181e+00
3.685908e+00
3.506978e+00
3.659776e+00
3.856805e+00
3.803409e+00
4.022174e+00
3.929234e+00
3.605079e+00
-8.352701e-01
7.010684e-01
-8.662395e-02
2.112783e+00
1.277362e+00
-1.284361e+00
-1.339023e+00
-1.311002e+00
-3.860035e-01
-2.490948e-01
-3.819015e-01
2.164934e-01
1.843226e-01
3.375172e-01
-1.670779e-01
-2.088966e+00
2.863495e-01
3.093917e+00
4.245982e-01
9.069761e-02
4.783229e-01
4.235305e-01
-4.727599e-01
-3.225550e+00
-3.423223e+00
-3.445665e-01
-3.604773e-01
-3.277708e-01
-3.730054e-01
-1.811702e+00
-2.114994e+00
2.133595e+00
-3.108283e+00
4.204734e-01
4.408573e-01
3.956984e-01
3.503884e-01
3.266112e-01
2.767606e+00
2.513306e+00
-1.525014e+00
3.171705e-01
-3.057762e-01
-3.234668e-01
-2.896201e-01
3.312924e+00
3.249900e+00
4.046610e+00
-1.539343e-01
-1.836399e+00
-3.369164e-01
2.050877e+00
-2.921386e+00
-1.087798e+00
-1.085196e+00
-1.197309e+00
-1.073670e+00
-1.179978e+00
-1.053223e+00
-1.152390e+00
-1.020546e+00
-1.113297e+00
-9.821300e-01
-1.066768e+00
-5.195232e-01
-2.309000e+00
-2.255946e+00
-2.115450e+00
-2.188054e+00
-2.045257e+00
-2.336790e+00
-2.257540e+00
-9.695377e-01
-3.828747e-01
-3.925021e-01
-2.006079e+00
-3.072869e-01
-3.530026e-01
3.858784e+00
-3.821088e+00
-3.987741e+00
-3.087058e-01
-5.789379e-01
-1.914305e-01
-1.261547e-01
3.710239e+00
3.802879e+00
4.023828e+00
3.864440e+00
4.074367e+00
3.884586e+00
4.048271e+00
3.853715e+00
-4.768898e-01
-6.549155e-01
-3.562884e+00
6.665592e-01
1.774894e+00
3.877391e-01
6.211203e-01
-3.084809e+00
2.182908e+00
-6.655045e-01
3.992165e+00
3.799199e+00
3.941929e+00
3.736150e+00
3.696888e+00
3.881792e+00
3.659029e+00
3.537742e+00
3.450825e+00
3.563510e+00
3.346931e+00
1.378679e-01
2.421373e+00
-3.192234e+00
-3.387872e+00
-3.144204e+00
-8.985424e-01
-7.582204e-01
-9.116911e-01
-1.029423e+00
2.663764e-01
2.663760e-01
-8.335781e-01
2.431534e-01
3.196075e-01
-1.254699e+00
-1.181763e+00
-3.577149e-01
-4.126154e-01
-5.424380e-01
5.721106e-01
1.140479e+00
1.010478e+00
2.225236e-01
8.022148e-01
-1.480868e+00
-3.310752e+00
2.497460e+00
2.485887e+00
2.018459e+00
2.024252e+00
1.870389e+00
2.568642e+00
-1.332731e+00
-1.229989e+00
2.859594e+00
-1.382601e+00
-2.120423e+00
-2.406861e+00
7.475142e-01
2.205944e+00
2.276625e+00
2.237828e+00
-2.449507e-01
-1.447811e+00
-1.347269e+00
-1.393057e+00
-1.248804e+00
-2.872691e-01
-3.326453e-01
-2.653215e-01
-3.132445e-01
3.168194e-01
3.426545e-01
2.297987e-01
1.980909e+00
-4.204279e+00
-1.750036e+00
2.913542e+00
2.313043e+00
2.178478e+00
-6.327650e-01
4.401167e-01
-6.136032e-01
-6.307981e-01
-5.405337e-01
-1.676788e+00
1.629846e-01
-2.162898e+00
-2.076219e+00
-3.324448e+00
-3.057512e+00
3.594076e+00
-9.427328e-01
-3.618784e+00
-2.958034e-01
-1.789515e+00
-3.842313e+00
-1.073615e+00
-2.069563e+00
-8.637274e-01
-4.208734e+00
-4.106690e+00
-4.113412e-01
-1.071341e+00
-9.373211e-01
-1.057092e+00
-1.153351e+00
-1.181030e+00
-1.079248e+00
-1.202523e+00
3.504853e+00
-1.985557e+00
-1.942778e+00
-7.712464e-01
2.735850e-01
3.321196e-01
2.813048e-01
2.169514e+00
2.023109e+00
2.194854e-01
2.000578e+00
1.872178e+00
-1.980388e+00
-1.906214e+00
-1.580150e-01
-1.616359e-01
-3.403424e-01
8.497659e-01
9.236585e-01
9.654438e-01
1.069066e+00
1.100476e+00
1.203806e+00
1.158696e+00
1.253940e+00
1.192277e+00
1.283143e+00
1.208333e+00
1.296174e+00
1.195418e+00
1.288895e+00
1.142401e+00
1.253980e+00
1.124487e+00
1.212712e+00
1.379180e+00
1.085582e+00
1.165543e+00
1.299975e+00
1.245262e+00
1.374200e+00
1.036516e+00
3.932392e-01
7.476980e-01
9.057786e-01
9.229058e-01
1.041353e+00
9.375894e-01
1.053515e+00
9.409358e-01
1.054628e+00
8.896885e-01
3.459185e+00
3.325518e+00
-3.658649e+00
-2.060091e-01
-1.550278e+00
-1.203674e+00
-3.285825e+00
-2.359534e+00
-2.224729e+00
9.975071e-01
1.121505e+00
-1.017959e+00
-1.100135e-01
1.481201e-01
-8.690390e-01
-3.530457e-01
8.407399e-01
4.238221e+00
3.077730e-01
-9.724105e-01
3.022161e+00
3.310759e+00
4.259831e+00
-1.036288e+00
-2.421710e-01
-2.983978e-01
-2.208435e-01
-2.888825e-01
-1.835178e+00
1.674879e-01
5.674261e-02
-1.597572e-01
1.281716e-01
-2.905032e-02
1.333697e-01
1.013573e-01
1.110950e+00
-4.764475e-01
-4.423697e-01
-3.947414e-01
-3.839985e-01
-3.608291e-01
-4.420177e-01
-6.504751e-01
-4.295688e-01
-1.548968e-01
-3.576702e-01
-5.000388e-01
-3.082497e-01
-2.325279e-01
-2.488614e-01
-3.213190e-01
-2.743181e-01
-2.069842e-01
-2.300923e-01
-2.900699e-01
-2.451663e-01
-3.197009e-01
-2.589870e-01
-2.006294e-01
-1.637776e-01
-2.557536e-01
-2.136791e-01
-2.345218e-01
1.881929e-01
-1.970651e-01
-2.181263e-01
-2.841725e-01
-2.581274e-01
-3.221891e-01
-2.889334e-01
-1.701827e-01
-2.280425e-01
-2.545379e-01
-3.319155e-01
-2.020462e-01
-3.633637e-01
9.429754e-01
1.723593e-01
2.665485e-04
1.622045e-01
-4.518955e-01
-2.076316e+00
-1.088097e+00
-1.214643e+00
2.438716e-01
3.354382e+00
1.084590e+00
9.540065e-01
1.029739e+00
-5.881870e-01
-5.590318e-01
-5.163628e-01
-1.839282e+00
2.136740e-01
-3.678254e-01
-3.929346e-01
4.283980e-01
4.063348e-01
4.416698e-01
3.984571e-01
3.938874e-01
3.349000e-01
5.128346e-01
-1.667080e-01
-3.972689e-01
-1.085324e+00
-2.447557e-01
1.306219e+00
5.003647e-01
-2.335105e-01
-1.736846e-01
3.716117e-01
2.343445e-01
-1.325246e+00
-1.317599e+00
5.164868e-01
2.302234e+00
2.156912e+00
3.965289e-01
9.371594e-01
8.306703e-01
-5.210202e-01
8.719198e-01
-4.515736e-01
3.106630e+00
2.844507e+00
3.777915e-01
3.144062e-01
3.378974e-01
2.797068e+00
2.654360e-01
2.382014e+00
2.223413e+00
2.154859e+00
2.063153e+00
1.983596e+00
-2.404531e+00
-3.508439e+00
6.891424e-01
8.375209e-01
6.806609e-01
-1.456888e-01
-8.302463e-01
-1.156074e+00
-2.210651e+00
9.795584e-01
-9.695650e-01
-7.983832e-01
-5.215294e-01
-3.599656e-01
-3.474194e-01
5.084470e-01
5.298998e-01
4.571984e-01
1.018950e+00
9.833530e-01
-2.106757e-01
-4.400159e-02
-8.527274e-01
-3.326264e+00
-3.556873e+00
-1.253766e+00
-3.607125e-01
3.857148e+00
3.799369e+00
3.378231e+00
1.550381e+00
1.363229e+00
2.755622e+00
2.137187e+00
2.121351e+00
-9.924169e-01
-3.053970e+00
-3.430760e+00
-2.250751e-01
-3.033581e+00
-3.252671e+00
-2.929800e+00
-3.059884e+00
1.083991e+00
-4.002210e+00
-1.715006e+00
-1.543978e+00
-1.357617e+00
-1.350671e+00
-3.394947e-01
1.403853e+00
-1.094192e+00
3.359753e+00
-4.665676e-01
-4.015358e-01
2.141587e+00
2.689034e-01
-1.242925e+00
-1.189703e+00
-6.753624e-01
-1.528230e+00
7.775079e-02
1.354303e-01
2.882690e-01
3.376104e-01
2.921435e-01
3.397871e-01
6.152711e-01
1.942564e+00
3.431921e+00
2.065053e+00
2.015449e+00
-1.313501e+00
1.598944e+00
1.487918e+00
-2.495600e+00
-2.789059e+00
-1.110599e+00
-1.061056e+00
-1.166727e+00
9.887650e-01
-4.386768e-01
-9.768834e-01
3.279982e+00
2.614790e+00
2.595119e+00
-2.033905e+00
-7.343461e-01
-3.001351e-01
-3.161127e-01
1.814549e+00
-2.113184e+00
-2.036093e+00
3.059911e-01
2.323448e-01
-4.036307e-01
2.023237e-02
-7.260834e-02
3.991520e-01
3.567669e-01
3.395386e-01
-7.927110e-01
6.331841e-01
7.053908e-01
3.406253e-01
-2.547699e+00
1.872512e-01
4.200109e+00
3.028122e+00
-1.202690e+00
-1.976766e-01
-1.667526e+00
-1.810925e+00
-3.285767e-01
1.872815e-01
2.107189e-01
-3.353142e-01
1.167985e+00
1.155095e+00
-2.410294e+00
1.086602e-01
-4.321971e-01
4.500618e-01
-2.608634e-01
5.430284e-01
2.250664e-01
1.787617e-01
1.744480e-01
3.480048e+00
3.701388e+00
3.221395e+00
3.146979e+00
2.394546e+00
4.000819e-01
3.707721e-01
4.613538e-01
-2.298735e+00
-7.733715e-01
-4.131597e-01
3.150788e+00
1.417975e+00
4.111207e+00
-5.506866e-01
-4.953356e-01
2.946685e-01
3.409654e-01
1.968023e-01
1.013489e+00
-2.772656e+00
-2.875739e+00
-6.866394e-01
-3.912077e+00
-4.013281e+00
-3.601424e+00
3.168957e+00
3.428902e+00
3.308397e+00
-2.322188e+00
4.219502e+00
1.716528e+00
-3.479652e-01
-2.731880e-01
3.083838e+00
2.795913e+00
2.584537e+00
4.022061e+00
3.706120e+00
-2.912253e+00
-2.921128e+00
-3.706307e-01
4.552220e-01
1.907186e+00
1.961689e+00
1.827468e+00
2.441824e-01
2.046914e+00
2.009025e+00
-4.958431e-01
8.295486e-01
-3.302120e+00
2.618707e+00
2.595353e+00
2.455808e+00
-2.146840e-01
8.060931e-01
-1.784390e-01
1.378903e+00
1.427415e+00
1.321011e+00
1.185427e+00
1.254952e+00
-1.725473e-01
-1.186112e+00
1.244491e-01
1.811157e-01
1.543801e-01
2.152918e-01
1.836638e-01
2.514524e-01
2.137554e-01
2.899114e-01
2.659544e-01
3.146060e-01
3.435789e-01
1.887269e-01
2.038762e-01
3.848456e-01
3.511064e-01
2.610788e-01
5.012338e-01
2.752805e-01
2.396304e-01
2.203944e-01
4.388740e-01
2.032623e+00
1.955623e+00
2.169540e+00
1.848559e+00
2.062913e+00
1.696190e+00
1.524839e+00
1.334740e+00
1.214168e+00
2.079518e+00
1.494445e+00
1.112339e+00
3.084926e+00
-1.417838e+00
-1.404587e+00
2.180837e-01
2.177827e-01
-5.641071e-01
-7.692643e-01
-1.132251e+00
1.941536e-01
4.030049e-01
-4.698738e-01
-1.291490e-01
1.423091e+00
1.242507e+00
1.278880e+00
-1.305126e+00
3.506226e+00
-9.201434e-01
-2.868449e-01
-3.490201e-01
-3.810326e-01
3.565993e+00
-8.785784e-01
8.092450e-01
1.126338e+00
6.033195e-01
4.257221e-01
2.508427e+00
2.697462e+00
2.379056e+00
1.921472e+00
3.192426e-01
1.908236e+00
1.782462e+00
-8.149169e-01
-9.349246e-01
4.053816e+00
4.282281e+00
2.456538e+00
3.600156e+00
3.415325e+00
3.696649e+00
-1.109717e+00
-1.046125e+00
3.061790e-01
-1.377551e-01
-6.955571e-02
1.258010e+00
-3.539277e-01
-6.388984e-01
5.666610e-01
5.266257e-01
6.632257e-01
2.398007e+00
1.594057e-01
8.159882e-01
4.306523e-01
4.772577e-01
1.185746e-01
2.769040e-02
-2.534955e-01
-1.416529e-01
1.603001e-01
1.801407e-01
-4.310685e+00
-4.430104e+00
3.553983e+00
2.550754e+00
-3.402834e-01
-6.067941e-01
-7.004046e-01
-2.190543e+00
-6.457707e-01
-7.225640e-01
3.398049e+00
3.479471e+00
1.239815e-01
1.140426e-01
6.959270e-02
-1.829975e+00
-1.927126e+00
-1.770141e+00
-1.816263e+00
9.462927e-01
-3.533769e+00
-3.769831e+00
-3.732345e+00
-3.694555e+00
-3.927248e+00
-3.883113e+00
4.021003e-01
1.104261e+00
2.955766e-01
3.426709e-01
2.920056e-01
3.448755e-01
-2.542309e+00
1.876361e+00
1.290273e+00
1.356736e+00
-5.080098e-01
-6.581077e-01
-8.742745e-01
-1.107382e+00
-1.229692e+00
4.099825e+00
3.964993e+00
2.224431e+00
-5.674106e-01
1.294234e+00
-1.298601e+00
-1.249806e+00
-1.577183e-01
-3.449195e-01
-1.423790e-02
-3.315774e-01
-2.040261e+00
-2.117893e+00
-1.955395e+00
-1.987166e+00
-1.874473e+00
-1.896604e+00
1.810926e+00
-9.254392e-01
4.277032e-01
3.892705e-01
-7.305488e-01
-1.468985e-01
-1.057376e+00
-1.093135e+00
-9.746992e-01
-5.017680e-01
1.188187e-01
-2.111248e-01
2.913598e+00
2.788626e+00
2.590250e+00
2.518579e+00
-2.702083e-01
-3.074845e-01
-2.211800e-01
-1.593419e-01
-1.049636e-01
-2.003994e-01
-3.050962e-02
-4.293080e-01
-7.049009e-01
-8.461074e-01
-1.076773e+00
-1.421562e-01
2.151802e+00
2.004126e+00
1.877521e+00
-5.080509e-01
-1.364564e-01
-5.604228e-02
2.103410e+00
2.007661e+00
1.022123e+00
2.066841e+00
2.046521e+00
-1.386111e+00
-9.756976e-01
-9.255329e-01
-8.529759e-01
-3.678773e+00
-3.907216e+00
-3.884279e+00
5.403484e-01
-1.156012e+00
2.306217e+00
-2.753876e+00
3.525730e-01
2.847479e-01
2.562667e-01
2.653558e-01
-2.854024e+00
-3.077345e-01
-2.565432e+00
1.909610e+00
1.680752e+00
-8.736871e-01
-4.238003e+00
-4.423322e+00
-4.317857e+00
-4.135434e+00
-4.217806e+00
4.165812e+00
4.402653e+00
1.233760e+00
4.168068e+00
7.678126e-01
4.279892e+00
4.532139e+00
2.758835e-01
3.043721e-01
3.671224e-01
3.305307e-01
3.932014e-01
3.544261e-01
4.393380e-01
2.775390e-01
2.671147e-01
-1.801031e+00
-1.813318e+00
-2.107670e+00
-2.387557e+00
-2.332459e+00
-2.627199e+00
-2.533542e+00
-2.822702e+00
-2.967092e+00
-3.121276e+00
-2.952678e+00
9.577017e-01
3.374595e-01
-3.541463e+00
-3.519220e+00
-7.217311e-01
-2.417236e+00
3.129685e-01
-3.558338e+00
1.065952e+00
-3.063782e+00
-3.227293e+00
-3.160997e+00
-4.420917e-01
-4.102383e-01
-4.029587e-01
1.233687e+00
3.346844e+00
1.939473e+00
1.735026e+00
1.415170e+00
1.477880e+00
1.851984e+00
1.572839e+00
1.156491e+00
-1.741267e+00
-8.015433e-01
-3.818248e+00
-3.922430e+00
-4.129143e+00
-4.220686e+00
2.687285e+00
2.245577e+00
-1.065283e-01
-1.243803e-01
-9.010061e-02
-1.416347e-01
-6.154074e-02
-2.124564e+00
-1.261227e+00
2.838721e+00
-9.288730e-01
1.838540e-01
2.985931e+00
3.862270e+00
-3.315482e+00
4.832770e-01
-1.858308e+00
-2.067801e+00
-1.949721e+00
-2.173130e+00
-2.374188e+00
-2.290352e+00
-2.432341e+00
-2.565900e+00
-8.988439e-01
-8.353715e-01
-4.520918e-01
3.050424e+00
3.088085e+00
-3.932529e+00
-4.143426e+00
3.812417e+00
-3.249215e+00
-3.434368e+00
-3.432273e+00
-3.239380e+00
-3.131760e+00
-1.301876e-01
-3.673597e+00
-4.124743e+00
2.279679e+00
-3.824194e+00
-4.030006e-01
1.048259e-01
2.277984e+00
-8.524346e-01
6.815255e-01
7.351413e-01
7.001324e-01
7.811376e-01
8.279167e-01
7.383683e-01
8.740932e-01
9.312676e-01
8.729516e-01
1.008414e+00
9.193836e-01
1.047199e+00
9.560255e-01
8.511414e-01
1.082647e+00
9.844330e-01
1.109371e+00
1.003763e+00
1.121724e+00
1.014441e+00
1.124035e+00
1.012869e+00
1.123657e+00
6.553633e-01
6.946067e-01
7.612892e-01
1.015195e+00
8.980483e-01
7.095982e-01
5.718727e-01
6.713941e-01
5.746299e-01
5.425845e-01
-1.033016e-01
-5.993428e-01
-5.211687e-01
-5.555881e-01
4.756855e-01
8.128818e-01
8.993991e-01
7.737913e-01
-1.501920e+00
-2.011581e+00
-2.179012e+00
4.327453e+00
-2.783764e-01
-1.606157e+00
-6.641732e-01
-3.917943e+00
-2.916955e-01
-3.313200e+00
1.002046e+00
9.235240e-01
1.058005e+00
1.119810e+00
1.058522e+00
9.957426e-01
-1.985087e-01
-5.964383e-01
-1.225683e+00
4.033421e-01
7.422881e-01
-1.434074e+00
1.549410e+00
1.484543e+00
1.609097e+00
-1.897832e+00
-1.899784e+00
-2.017885e+00
-1.991756e+00
-2.021579e+00
-1.833651e+00
-1.785100e+00
-1.943926e+00
-2.009489e+00
-5.991852e-01
-6.394747e-01
7.041189e-02
1.769898e+00
1.894152e+00
1.873447e+00
-1.426439e+00
-4.539255e-01
-3.346673e-01
-3.985975e-01
-3.543225e-01
-2.740982e+00
-2.309472e+00
-1.618296e+00
7.224364e-01
3.177810e+00
3.004471e+00
3.140653e+00
-2.388665e+00
-2.156320e-01
-1.633517e-01
-7.799182e-01
-1.358482e+00
-1.399736e+00
-1.508664e+00
-1.287068e+00
-1.457284e+00
-1.637168e+00
-1.146986e+00
-3.267952e+00
-2.743933e+00
-4.506844e+00
-1.117017e+00
-1.193197e+00
-1.140300e+00
4.564397e+00
4.398776e+00
-2.021439e+00
-2.398005e+00
4.514797e+00
-4.509241e+00
4.525284e+00
-4.642695e-01
5.462111e-01
4.295748e+00
-2.404713e+00
-2.455619e+00
-2.575932e+00
-2.345481e+00
-2.488209e+00
-2.364850e+00
-2.508855e+00
-2.629295e+00
-2.505913e+00
2.611735e+00
3.395010e+00
1.878068e+00
1.707101e+00
-1.311565e+00
7.199648e-01
2.442886e+00
-4.475339e+00
-4.337528e+00
-4.477719e+00
-2.498209e-01
-1.012363e+00
-9.716006e-01
4.569073e+00
-4.530268e+00
-4.641865e+00
-2.429598e-01
-2.656421e-01
-3.478750e+00
4.441089e+00
2.426315e-01
1.385003e+00
1.464814e+00
1.434089e+00
1.470500e+00
1.459638e+00
-2.117301e+00
-3.113695e+00
4.287159e+00
4.119248e+00
-3.022392e+00
3.773144e+00
4.091729e+00
-2.250383e-01
-2.389895e-01
-2.560240e-01
-2.249136e-01
1.737505e+00
4.136878e+00
2.287462e-01
-1.755168e+00
1.404855e+00
-1.397546e+00
-2.129961e+00
8.069111e-01
-4.222127e+00
1.348164e+00
-1.323293e+00
-9.352871e-01
-1.782384e+00
1.851389e-01
1.841565e-01
1.941362e-01
4.062420e+00
-9.955031e-02
2.899510e+00
3.377490e+00
-1.741774e+00
-1.855251e+00
-1.874426e+00
-1.207485e+00
-1.354139e+00
-2.600613e+00
-7.091012e-01
-6.678547e-01
7.695669e-01
-1.090775e-01
1.596724e+00
2.299799e+00
2.241168e+00
1.730928e+00
1.909654e+00
-1.288252e+00
-1.430914e+00
2.076247e+00
-3.632960e-01
-3.572873e-01
-2.924965e-01
1.746510e+00
1.851288e+00
1.966416e+00
1.714223e+00
3.798657e+00
1.852356e+00
1.890206e+00
2.021230e+00
-4.152074e+00
1.739200e+00
1.659611e+00
3.753430e+00
-6.827694e-01
-4.826591e-01
-1.019587e+00
6.389090e-01
6.433803e-01
-2.845096e-01
8.534750e-01
-9.725644e-01
-8.539029e-01
8.134731e-01
8.297936e-01
7.228484e-01
-1.324908e+00
5.387258e-01
-2.154745e+00
-1.639049e+00
-1.747426e+00
-1.836361e+00
-1.809345e+00
-1.924308e+00
-1.213322e+00
-8.687709e-01
1.301695e-01
1.724280e-01
1.522718e-01
1.290738e-01
-1.298953e-01
-1.523183e-01
-1.675971e-01
-1.736818e-01
4.035008e-01
-9.727319e-02
-1.697202e-01
-1.472176e-01
-2.020061e-01
-1.469299e-01
1.236370e+00
1.253081e+00
1.356553e+00
1.397370e+00
1.345046e+00
2.334071e+00
-1.280040e-01
-2.112077e-01
-2.491316e-01
-1.179956e-01
-4.580613e-01
9.156833e-02
-6.433524e-02
-1.704238e-01
-6.964987e-02
7.711323e-01
8.986200e-01
5.212116e-02
2.300725e-01
-3.984103e-01
3.957167e+00
-4.137453e-01
4.657023e-01
-4.126192e-01
-4.993430e-01
8.717193e-01
9.668586e-01
2.473412e+00
8.310107e-01
9.679019e-01
-5.647538e-01
-5.792797e-01
-4.917575e-01
-5.871198e-01
-4.023959e-01
-4.251345e-01
-4.534694e-01
-5.350912e-01
-7.889270e-01
-1.491530e+00
1.162692e+00
1.298128e+00
1.143392e+00
4.048686e-01
4.735535e-01
4.604437e-01
5.496290e-01
4.759928e-01
-3.176981e-01
1.560284e+00
1.518248e+00
6.129939e-01
-3.786482e-01
-7.187523e-01
-8.156905e-01
-8.514115e-01
-7.548675e-01
-7.720346e-01
-8.725678e-01
-7.045485e-01
-7.699257e-01
-3.783852e+00
-3.193817e-01
3.999318e-01
3.133266e-01
3.358377e-01
3.181637e-01
3.670287e-01
4.192375e-01
5.353356e-01
3.374384e-01
3.731174e-01
3.669896e-01
3.193916e-01
-1.886064e+00
9.897855e-02
3.962217e-01
-6.653297e-02
-1.513705e-01
6.435244e-02
1.121565e-01
6.456156e-02
8.213978e-01
3.432918e-01
-3.962333e-01
3.614981e-01
4.108259e-01
3.873271e-01
4.723090e-01
4.414816e-01
6.980020e-01
-2.974931e-01
-3.773920e-01
-4.225190e-01
-3.884905e-01
-3.065590e-01
-4.294765e-01
-3.784210e-01
9.439397e-01
9.169383e-01
1.002549e+00
4.635150e-01
6.030331e-01
7.431234e-01
9.484541e-01
7.712485e-01
7.715031e-01
-4.880676e-01
1.897369e+00
1.835564e+00
3.371389e+00
-3.352814e-01
-3.885662e-01
-3.803660e-01
-4.867658e-01
-3.600277e-01
-4.805873e-01
-5.799194e-01
1.974806e+00
2.034545e+00
4.032825e-01
-1.071036e+00
8.446464e-01
-8.349695e-02
7.288719e-01
-1.721602e+00
-1.663554e+00
-1.484650e+00
-1.403965e+00
2.501314e-01
-3.612435e+00
7.659341e-01
7.064819e-02
-5.925547e-02
1.408178e-01
1.728673e+00
6.243487e-01
-1.244927e+00
-1.193337e+00
2.384638e-01
3.029130e+00
8.109377e-01
-8.606555e-01
-7.367774e-01
-4.516407e-01
8.891346e-02
9.572891e-02
1.671999e-01
-9.371567e-02
-2.439669e-01
2.419326e+00
3.025254e+00
3.140031e+00
8.185082e-01
-1.435014e+00
3.201987e-01
-5.360954e-02
1.420962e-01
2.467324e-01
-4.814025e-01
-3.109991e-01
3.754463e-01
3.813476e-01
-9.533229e-01
-2.505388e+00
-2.711500e+00
-2.780420e+00
1.575973e+00
4.135884e-01
-1.434141e+00
-9.039742e-01
-7.028384e-01
-2.699916e+00
-9.777370e-01
7.961050e-01
2.386313e-01
-1.890408e+00
-2.149173e+00
-4.363840e-01
2.445530e-01
5.028103e-01
4.969079e-01
1.987202e-01
-1.837481e-01
6.714846e-01
-1.509547e+00
-1.478510e+00
-4.216082e-01
-3.417439e+00
-2.816829e-01
1.984917e+00
-9.669378e-01
9.711726e-01
-1.407622e-01
-2.127248e-01
1.266388e-01
2.249470e-01
1.389542e-01
2.586646e-02
1.707416e+00
3.778105e-02
6.407337e-02
1.558279e-01
-3.437909e-02
1.026396e-02
2.586893e-02
-5.068190e-02
-4.341525e-02
-1.754259e-02
1.066227e-01
-2.070575e-02
-1.652788e-02
2.754178e-02
1.925344e-01
8.416160e-02
1.211034e-01
2.666357e-01
1.081147e-01
1.200390e-04
-2.905609e-01
-4.190996e-01
3.040745e+00
-4.020158e+00
3.314394e+00
-2.229864e+00
1.242638e-01
4.039181e-01
-1.971440e+00
5.545497e-01
1.588751e+00
-5.087449e-01
1.897194e+00
2.711762e+00
-7.790760e-01
-8.012180e-01
-8.889125e-01
-9.732673e-01
8.796616e-01
-6.969670e-01
-7.318476e-01
-4.407969e+00
-1.027820e+00
-3.575770e-01
-1.234126e+00
-1.149544e+00
2.149655e+00
1.237089e+00
2.502366e+00
2.833926e+00
1.469438e-01
-7.648463e-01
-1.756300e-01
4.189798e+00
3.973437e-01
-5.053552e-02
-1.501081e-02
-8.276702e-01
3.489878e+00
-2.892985e-01
-1.325376e+00
-6.369745e-01
-4.979391e-01
1.277152e+00
2.413943e+00
9.788749e-01
-2.003095e+00
3.921148e-02
-2.510967e+00
-2.910394e+00
4.528603e+00
5.580632e-01
5.394713e-01
-4.762379e-01
-3.815598e+00
4.500951e-01
-2.802106e+00
-2.109912e+00
2.119458e+00
-6.372218e-02
-9.635670e-01
-6.086583e-01
-1.947813e-01
5.491962e-02
1.872575e-01
2.769381e-01
1.250927e+00
-8.917759e-01
2.951073e+00
-1.221728e+00
7.714037e-01
-1.855057e-01
-3.226556e-01
1.502914e-01
4.008943e-01
1.153473e+00
2.302580e-01
1.033260e+00
2.352649e+00
-9.556902e-01
2.248016e-01
-6.567169e-01
-1.721609e-01
9.841844e-01
5.745429e-01
-5.474526e-01
1.869344e+00
2.018419e+00
2.191448e-01
-4.009275e+00
2.554670e+00
9.040119e-01
-4.345558e-01
-6.509615e-01
-3.336378e-01
2.524264e-01
5.954631e-01
-1.990655e-01
-6.436966e-01
4.762839e-01
2.289935e-01
3.752549e-01
-1.506059e+00
2.013415e+00
-6.541855e-01
-5.529236e-01
4.053551e-01
1.287175e+00
1.669738e-01
-4.242362e-01
-4.972105e-01
1.187522e+00
3.014776e-01
-2.583142e+00
-2.457082e+00
2.316403e+00
-5.135158e-01
2.832779e-01
1.109029e+00
-1.601969e-01
-2.639551e-01
-4.446445e-01
9.916468e-01
5.852189e-01
2.570916e+00
1.484445e-01
-5.834772e-01
4.080422e-01
1.701432e-01
2.709831e+00
-1.206304e+00
4.948296e-01
-1.680783e+00
4.723751e-01
1.651639e+00
1.373692e+00
1.521983e+00
-2.078552e+00
-2.203696e+00
-2.816568e-01
1.237994e+00
-1.185604e+00
4.067088e-02
5.740328e-01
1.375559e+00
1.760659e-01
1.108912e+00
-8.708668e-01
7.931418e-02
8.177235e-01
1.665535e+00
-7.711466e-01
1.607225e+00
-2.383469e-01
-1.373330e+00
8.910724e-01
-9.896463e-01
-1.986560e+00
-8.405552e-02
2.054974e+00
8.801715e-01
2.999000e+00
9.723524e-01
2.409292e-01
-1.256692e+00
-1.111484e+00
7.550344e-01
-1.454610e+00
-1.541997e+00
3.246843e+00
2.306185e+00
5.569776e-02
2.713445e+00
2.933040e-01
1.446420e+00
-2.344314e+00
-2.716284e+00
1.518144e+00
-9.004244e-01
1.874435e+00
1.835368e+00
5.194635e-01
5.993290e-01
1.408795e+00
1.599637e+00
-1.092852e+00
-3.614489e-01
1.387005e+00
8.659226e-01
-2.041270e+00
-2.013978e+00
-3.342795e+00
-1.510832e+00
4.022979e-01
-3.474214e-02
-1.684003e+00
-2.652893e-01
-2.453606e+00
-4.999110e-01
-4.318564e-01
2.154749e+00
3.179991e+00
-3.710015e+00
-7.588974e-01
4.876147e-01
2.617601e+00
-6.006561e-01
-7.925484e-01
-1.417682e+00
-2.574597e+00
2.408503e-01
2.542466e+00
7.422147e-01
-3.590017e-01
-1.064517e+00
2.068869e+00
1.150737e+00
-1.672213e+00
-1.064913e+00
5.444854e-01
4.929896e-01
2.470301e+00
3.756638e-02
3.603116e+00
-1.537222e+00
-2.759003e+00
-4.999724e-01
2.637005e+00
-1.905627e-01
1.331757e+00
-1.303684e+00
4.730280e-01
-3.252538e+00
2.077388e+00
2.897508e+00
-1.773003e+00
-1.398180e+00
-2.239492e+00
-2.678578e+00
-7.751837e-01
-7.878500e-01
1.922601e-01
-2.108910e+00
-1.295696e+00
3.534653e+00
5.944573e-01
6.941590e-01
4.549482e-01
1.280781e+00
2.041632e+00
1.147966e+00
8.103506e-01
2.657459e+00
3.666566e+00
-2.780606e+00
-5.903721e-01
1.192541e-01
1.172865e+00
2.151059e+00
-2.994089e+00
2.431702e-01
-7.078210e-01
2.116877e+00
1.333521e+00
-1.665893e+00
-7.496864e-01
7.459090e-01
-6.668179e-01
-6.225807e-01
1.279102e+00
-1.322556e+00
-4.462712e-01
-1.438506e+00
4.660210e-01
4.018814e-01
-3.048430e+00
1.093019e+00
-3.890366e-01
-1.531431e+00
1.182154e+00
-2.200357e-01
2.419154e+00
2.065633e+00
8.981858e-01
4.648885e-01
-2.062329e+00
-1.232924e+00
4.821287e-01
-6.828556e-01
-3.448631e-01
4.915582e-01
1.334824e+00
8.638580e-01
1.201086e+00
-1.317714e+00
2.022816e+00
2.246051e+00
9.789217e-01
3.960720e-01
9.188546e-01
8.698683e-01
-1.778354e+00
-2.174795e-02
-1.058620e-02
4.593486e-02
2.600283e-02
-3.626164e+00
8.082407e-01
2.847029e+00
1.516830e+00
-4.945640e-01
3.265318e+00
1.121817e+00
2.619963e+00
2.592641e+00
-1.406872e+00
-3.575156e+00
-1.094319e+00
1.056871e+00
1.693432e-01
-1.435626e+00
-4.908054e-01
-1.333509e+00
-9.269205e-01
-9.759330e-01
4.865508e-01
-1.816351e+00
1.226670e-02
-1.912986e+00
-1.739045e+00
-2.904756e-01
8.451668e-01
3.616022e+00
5.353216e-01
-1.561598e+00
3.264116e-01
-3.179634e+00
3.333918e+00
-9.323397e-01
-2.751228e+00
-3.323836e+00
2.820425e+00
-8.689000e-01
-1.902510e+00
3.937058e+00
3.647784e+00
-2.651700e+00
-1.541538e+00
-1.847745e+00
1.727809e+00
-9.687375e-01
3.361748e+00
-4.506551e-01
3.019507e+00
-1.098584e+00
2.277506e-01
4.535032e-01
4.665441e-01
3.467899e-01
2.991271e-01
-4.880123e-01
2.273774e+00
-4.404400e-01
-9.762522e-01
8.213814e-01
-1.260890e-01
5.842369e-01
4.069224e+00
-3.119774e+00
-1.594427e-01
5.226734e-01
8.121767e-02
7.382260e-01
-8.087520e-01
-5.587589e-01
2.038985e-01
5.813239e-01
-1.073957e+00
-3.355901e+00
-1.961387e+00
2.223573e-01
-2.608211e+00
3.208175e+00
-2.341726e+00
-9.548076e-01
2.016645e+00
-1.880440e-01
4.338134e+00
-4.146685e+00
-1.871245e-01
2.851146e-01
-9.742971e-01
-8.578213e-01
1.947851e+00
3.361560e+00
-1.815845e-01
-6.777299e-01
-3.779403e-01
-2.783186e-01
-1.001466e+00
-1.571658e+00
-4.957732e-01
-5.407501e-01
7.645452e-01
3.159764e+00
-2.342410e+00
1.670875e+00
1.971532e+00
-8.862460e-01
1.158751e+00
-2.621581e+00
-2.430941e+00
-2.004692e+00
1.916934e+00
-1.079057e+00
1.222094e+00
-3.354871e-01
2.427111e+00
-1.445848e-01
-7.778360e-01
-3.255146e-01
9.147970e-01
6.480317e-01
2.482422e+00
1.019232e+00
3.619820e-01
2.148765e-01
-3.151849e+00
3.492157e-01
-4.666013e-01
-1.540987e+00
9.034118e-01
2.063158e+00
-4.231244e+00
-1.284928e-01
-4.921522e-01
-4.071921e+00
-1.531721e+00
6.176215e-01
6.573989e-01
-1.083810e-01
5.930112e-01
-2.613475e+00
-1.814055e+00
3.713093e+00
-1.905825e+00
2.439818e+00
-3.813894e+00
4.714794e-01
2.450859e-01
-3.627935e-01
-2.144043e+00
-3.165200e+00
-2.656067e+00
-6.152676e-01
-7.071883e-01
3.014885e-01
-1.050525e+00
-4.978807e-02
1.563440e+00
3.626094e+00
6.564284e-01
2.626068e+00
-5.995764e-01
1.830988e-01
-6.366621e-01
-3.380329e+00
1.786469e+00
2.116451e+00
2.648170e+00
1.390620e+00
-2.784875e-01
1.499004e+00
1.268187e+00
-3.450389e+00
-6.826350e-01
-2.193332e+00
-2.156122e+00
-7.267448e-01
1.017654e+00
-1.325097e+00
6.361740e-01
2.704784e-02
-1.178679e+00
-2.773094e+00
6.423670e-01
-8.853596e-01
3.055338e-01
3.524604e+00
3.394727e+00
-1.839810e+00
8.413085e-02
-5.777324e-01
-3.201954e-01
-2.948985e+00
-6.277185e-01
-2.007931e+00
-2.019009e+00
1.201227e+00
3.530038e+00
7.841743e-01
9.760556e-01
-3.021129e+00
-2.710474e+00
1.315111e-01
-4.302259e+00
1.529680e+00
-2.106919e+00
1.941203e+00
2.497276e+00
3.157546e+00
-2.744035e-01
4.385148e-01
2.339663e-01
1.923595e+00
4.912910e-01
1.812219e-01
3.807806e-01
-2.994932e+00
1.358834e+00
-9.668068e-02
-3.855447e+00
2.573422e+00
3.960957e-01
1.455494e+00
-2.712513e-02
-4.490675e+00
5.296195e-01
-4.377368e+00
-1.654007e+00
-1.220598e+00
1.844070e+00
1.625371e-01
-3.236369e+00
1.142056e-01
4.658321e-01
2.466396e-01
2.627220e-01
2.743840e+00
2.755436e+00
-1.407307e+00
-5.238561e-01
-6.508786e-01
1.717514e-02
-9.711096e-01
5.239463e-01
-4.643334e-01
-3.258912e+00
-2.690394e-02
-2.823865e-01
4.105411e-01
1.690439e+00
-6.377122e-01
4.757243e-01
-7.101167e-01
5.216536e-01
-7.920640e-01
-6.941016e-01
1.958444e+00
1.689731e-01
-6.651967e-01
-2.268835e+00
-9.035148e-01
1.428280e+00
-7.362936e-01
5.253189e-01
1.048326e+00
3.294408e+00
-1.039407e-01
4.502169e-03
-9.085592e-01
1.259215e+00
-1.043865e+00
4.473717e-01
5.193749e-01
5.304506e-01
-1.024717e+00
-2.095437e-01
9.743698e-02
-2.444313e+00
-2.644156e-01
-4.526866e-01
9.059720e-01
-6.643485e-01
-1.460364e-01
1.226384e+00
-3.394901e-02
3.374340e+00
1.251575e+00
-1.203051e+00
5.165136e-01
-1.858976e-01
-4.212153e-01
-5.799447e-01
4.013666e-01
-6.877570e-01
1.987139e+00
1.206144e+00
2.559670e+00
1.872425e+00
1.834709e+00
1.763932e+00
-3.393514e+00
2.737412e-01
-2.968972e+00
4.308400e+00
1.391237e+00
-3.513313e+00
-1.791288e-01
2.558171e-01
8.850356e-01
1.207027e-01
9.807149e-01
-1.823060e+00
-4.902211e-01
-2.777053e+00
-2.689209e+00
-3.080164e-01
-4.859706e-01
-2.140758e+00
-2.380873e+00
3.491431e-02
1.174595e+00
-7.343721e-01
-2.652505e+00
-1.886993e+00
-4.258402e+00
-1.306019e+00
-2.556795e+00
3.428205e-01
-3.680957e+00
-1.222150e-01
1.120605e+00
7.616719e-02
-5.865637e-01
4.330462e+00
2.022566e-01
2.619557e-01
1.978254e-02
-2.134712e-01
-1.602113e+00
-4.160558e+00
2.696830e+00
2.419614e+00
4.178862e-01
1.429370e+00
1.963686e+00
6.869554e-01
-1.519056e+00
4.313884e+00
-2.992867e-01
-1.387935e+00
-3.427008e+00
-2.891802e-02
1.533579e+00
1.563710e-01
3.350543e+00
-3.745068e+00
-1.514016e+00
-2.332034e+00
4.591717e+00
-1.785253e+00
1.324457e+00
4.548022e-01
3.890312e+00
9.183719e-01
4.464724e+00
-2.457531e+00
3.775149e-01
1.479652e+00
8.806369e-02
1.266036e+00
1.514401e+00
-2.955201e-01
2.121014e-01
-8.290226e-01
1.575917e+00
1.137346e+00
2.288728e-01
1.642408e+00
2.201685e+00
3.818781e+00
-9.495154e-01
1.003665e+00
1.535040e+00
2.356504e+00
-4.109596e+00
1.082752e+00
1.076697e-01
2.290764e+00
-1.780645e+00
-1.543294e-01
1.229856e+00
3.736549e+00
-3.740871e+00
3.042077e+00
-1.528092e+00
9.562282e-01
-1.993146e-01
-4.940110e-01
-5.665495e-01
7.337032e-01
4.381669e+00
-5.885675e-01
7.536267e-01
4.187005e+00
8.042391e-01
3.226838e-01
-1.031406e-03
-9.077307e-03
5.414614e-03
-1.078871e-02
-9.477527e-03
-2.040890e-01
-7.031093e-01
-7.553872e-01
1.651353e+00
3.306475e+00
8.207723e-01
1.569590e-01
-2.310875e+00
-1.925841e+00
2.726172e-01
-3.833334e+00
1.045834e+00
-2.469615e-01
2.628811e-01
-1.004355e+00
-1.062033e+00
-1.254847e+00
-3.016967e-01
-1.690190e-01
1.775183e+00
6.647570e-01
3.229585e+00
-5.950660e-01
2.448498e+00
2.335290e-01
-1.195531e-02
3.336211e+00
4.341015e-01
2.253968e+00
-1.047640e+00
-2.077570e-01
-4.653160e-01
-9.459328e-02
-1.078855e+00
4.541367e+00
-6.467241e-01
-1.722435e+00
-2.632427e+00
-7.955977e-01
3.189436e+00
9.051586e-01
2.664337e+00
1.373206e-01
3.989936e+00
-5.804706e-01
2.561011e+00
-4.444947e-01
1.144460e+00
1.457333e-01
-1.296398e+00
2.878254e+00
1.877664e-01
1.122563e+00
9.103561e-01
1.964541e+00
1.706958e-01
1.962896e+00
-2.655588e+00
-4.640506e+00
1.785916e+00
-6.231753e-01
-3.990489e+00
-2.713828e-01
3.538642e+00
-5.635509e-01
1.730371e+00
1.055917e+00
2.480480e+00
-8.331691e-01
-9.435255e-01
3.836399e+00
1.293420e+00
7.167112e-01
2.058647e-01
-1.404618e-01
4.171866e-01
-3.558831e+00
1.830514e+00
-1.500514e+00
-3.192336e-01
2.682361e-01
-4.327141e+00
-1.066210e+00
-1.937253e+00
-2.394295e+00
-3.402341e+00
4.055984e-01
3.154285e-01
-8.237305e-01
3.799411e+00
-2.313732e-01
-2.535027e+00
-2.711894e-01
4.766387e-01
2.667763e-01
-1.383058e+00
-6.111496e-01
2.669314e+00
9.065069e-01
1.089505e+00
-2.654866e-01
2.315631e+00
1.495467e-01
2.213822e+00
1.222978e+00
-2.132148e-01
-1.944399e+00
-5.019540e-01
-1.904619e+00
3.639829e-01
-4.983110e-01
-2.865002e+00
-1.567213e+00
3.677034e+00
-1.847513e+00
-2.704974e+00
-4.708829e-01
-4.494988e+00
9.560969e-01
-3.972711e+00
-5.099070e-01
1.972996e+00
7.753537e-01
-4.394406e+00
-4.703340e-01
-3.471114e-01
6.048258e-01
-2.955834e+00
1.423629e+00
-5.497760e-01
4.575512e-01
-1.156589e+00
6.617512e-02
-2.421133e-01
9.209957e-01
2.011684e-01
-2.231889e-01
-2.982124e+00
-3.009161e-01
1.181193e+00
-7.684992e-01
-5.029473e-01
2.331762e+00
2.128436e+00
-1.358827e+00
9.668800e-01
-1.403101e+00
2.882830e-01
3.054524e-01
-2.119782e+00
-2.303423e+00
6.923479e-01
-8.405333e-01
-3.963346e+00
1.622452e+00
-7.606421e-01
-3.537782e-02
-3.103133e-03
1.367015e-01
-2.916617e+00
1.669687e+00
4.864144e-01
-2.250391e+00
6.610296e-02
3.916051e+00
-2.155647e+00
3.142458e+00
2.108670e+00
-8.667121e-01
8.899193e-02
1.084569e+00
2.594207e-01
-1.303407e+00
-3.928292e+00
3.832675e-01
5.036598e-01
1.672289e+00
-2.108319e+00
-1.760013e-01
4.403796e+00
-2.051538e+00
1.750130e-01
-9.593124e-02
3.202559e+00
1.769138e+00
2.440068e+00
-2.806009e-01
2.833914e+00
1.004039e+00
1.543132e-01
3.259080e+00
4.442818e+00
-8.963541e-01
-2.600042e-01
1.216769e+00
-3.525365e+00
-4.344008e+00
-4.086730e+00
1.147747e+00
1.441349e+00
-1.920929e-01
3.811783e+00
-3.530595e+00
-7.068206e-03
1.053688e+00
-1.291208e+00
1.187582e+00
-4.085704e+00
6.676664e-01
8.267208e-01
8.091355e-01
4.095701e-01
5.424349e-01
