1.000000e+00
3.000000e-01
1.000000e+00 0.000000e+00
taylor-hood
hole_normal
2.518949e-01 5.615674e-26
2.519169e-01 1.023767e-27
2.522507e-01 -1.518659e-26
2.520096e-01 -1.078397e-26
5.288233e-26 9.436690e-26
2.518949e-01 3.230227e-26
2.574619e-01 -3.554197e-26
2.842587e-01 3.069107e-27
3.292859e-01 3.849370e-26
3.761113e-01 -4.351754e-26
3.948286e-01 -7.667869e-27
3.760561e-01 -4.081879e-26
3.296886e-01 -6.332534e-26
2.844380e-01 -5.713607e-26
2.575829e-01 4.058859e-26
2.519169e-01 1.789218e-26
2.518949e-01 -4.960287e-26
2.525320e-01 -8.614062e-28
2.679609e-01 3.207816e-26
3.050336e-01 -3.542356e-26
3.538263e-01 -4.718637e-27
3.924920e-01 3.370186e-26
3.910209e-01 -1.685967e-26
3.540752e-01 2.293803e-26
3.053769e-01 1.138666e-25
2.680753e-01 -2.296230e-26
2.525298e-01 -4.438003e-26
2.519169e-01 -3.499001e-26
2.522506e-01 1.992667e-26
2.366985e-01 5.531173e-27
2.201065e-01 1.865720e-27
2.195756e-01 1.148321e-26
2.202633e-01 2.934740e-26
2.363991e-01 -8.345695e-26
2.518948e-01 -2.304005e-26
2.522507e-01 -1.416226e-26
2.459125e-01 -1.071332e-26
2.272270e-01 8.745386e-27
2.196106e-01 -2.117235e-26
2.196621e-01 -3.596731e-26
2.270975e-01 -3.870119e-26
2.455736e-01 3.580964e-26
2.518949e-01 6.266669e-26
2.519168e-01 -1.702590e-26
2.366306e-01 8.939850e-28
2.196922e-01 1.341698e-26
2.196412e-01 -3.554022e-28
2.206244e-01 8.378315e-27
2.367075e-01 -2.078782e-27
2.520095e-01 3.076422e-26
2.519169e-01 -3.012464e-26
2.458280e-01 -8.198188e-27
2.270254e-01 -5.712080e-26
2.195889e-01 2.911533e-26
2.197977e-01 -1.552221e-26
2.272622e-01 3.704377e-26
2.458382e-01 2.996758e-26
2.520096e-01 4.181006e-26
2.520096e-01 9.072331e-26
2.575905e-01 8.372579e-27
2.844134e-01 5.455791e-26
3.292680e-01 -8.245769e-26
3.759678e-01 3.881026e-27
3.950690e-01 1.807676e-26
3.761881e-01 -2.839346e-26
3.298478e-01 1.237763e-26
2.849409e-01 -1.498743e-27
2.578016e-01 4.469877e-26
2.522507e-01 -2.849198e-26
2.520096e-01 -2.280448e-27
2.526847e-01 -2.135443e-26
2.681136e-01 -1.408620e-26
3.050361e-01 -6.863360e-26
3.539772e-01 6.555585e-26
3.925552e-01 -4.483532e-26
3.912207e-01 -1.051629e-26
3.545265e-01 9.285256e-27
3.056692e-01 -1.893767e-27
2.684812e-01 -1.092561e-26
2.529815e-01 4.104786e-28
2.522507e-01 5.428540e-26
-2.098149e-26 -1.835477e-26
-4.057450e-26 2.225065e-26
2.615865e-27 4.107364e-26
1.399047e-26 -1.411092e-26
-2.528384e-27 -2.824446e-26
-4.573067e-26 6.194714e-26
1.197824e-26 -2.016498e-26
1.736083e-26 -1.825951e-26
1.090215e-26 -5.517681e-26
-2.772049e-26 -1.459955e-26
7.672262e-27 9.459308e-26
-7.347371e-27 1.059500e-25
3.252853e-26 2.140450e-26
-7.367434e-27 4.573094e-27
-2.431917e-26 -1.346840e-26
6.646378e-26 2.491090e-26
2.699792e-26 -3.513225e-27
-9.899491e-27 3.855012e-26
4.546911e-26 3.281353e-26
3.904568e-28 9.513861e-26
-5.247280e-26 3.337924e-26
-3.962254e-26 -2.356347e-26
-6.274252e-26 1.207810e-25
4.381237e-26 -1.431407e-26
4.994959e-26 -3.633096e-27
3.605761e-02 2.915376e-02
2.916208e-02 8.914807e-05
1.138115e-01 -7.639498e-02
2.267275e-01 -1.082919e-03
2.276976e-01 1.055988e-03
2.195502e-01 4.142092e-05
1.447796e-01 -7.215088e-02
1.494935e-01 6.602438e-02
2.258414e-01 -9.517437e-04
1.776962e-01 5.703169e-02
2.952954e-01 3.230616e-02
2.974490e-01 3.949885e-02
2.951109e-01 -3.601946e-02
2.920466e-01 -3.711083e-02
3.780801e-01 -1.671634e-02
3.761166e-01 -1.598476e-02
5.801909e-02 -4.928465e-02
8.915165e-02 -2.737729e-02
8.674360e-02 3.001654e-02
1.318384e-01 3.927919e-03
1.503701e-01 -4.596588e-02
1.509016e-01 5.629320e-02
1.752414e-01 -1.456195e-02
1.936440e-01 -4.502946e-02
1.949902e-01 -7.435550e-02
2.009111e-01 1.665048e-02
2.666003e-01 5.660890e-02
2.243815e-01 9.199579e-02
2.097053e-01 -3.939316e-02
2.535852e-01 -7.545899e-02
3.536765e-02 -2.668687e-02
7.942421e-02 -8.085461e-04
1.087690e-01 5.433759e-02
1.341957e-01 1.971225e-02
1.314741e-01 -3.033791e-02
1.690983e-01 -7.914406e-03
1.798189e-01 2.914605e-02
1.839752e-01 -4.584255e-02
1.991984e-01 4.913164e-03
1.762037e-01 -4.926687e-02
2.213724e-01 -8.700298e-02
3.026959e-01 6.968622e-02
2.449551e-01 7.709869e-04
2.074140e-01 2.426839e-02
2.061831e-01 5.132388e-02
2.259734e-01 3.061290e-02
2.048101e-01 -1.770990e-02
2.002475e-01 1.051647e-02
1.173820e-01 7.647446e-02
2.249435e-01 8.743982e-02
2.891182e-01 4.956432e-02
2.954013e-01 7.426032e-02
2.190581e-01 -2.837345e-02
1.795002e-01 -9.607394e-02
2.547125e-01 -9.115612e-02
2.154766e-01 5.849635e-03
2.520339e-01 9.023728e-02
2.368972e-01 9.424126e-02
2.865831e-01 -2.025309e-02
2.539025e-01 4.969316e-03
2.537655e-01 -4.823438e-03
2.537102e-01 -4.190535e-03
2.142692e-01 -4.719439e-03
3.465244e-01 3.799502e-02
3.011181e-01 -6.406889e-02
3.369465e-01 5.116040e-02
3.408637e-01 -9.092427e-04
1.217027e-01 8.495882e-02
3.344712e-01 2.886526e-02
1.934493e-01 -9.640538e-02
2.721772e-01 -8.620802e-02
2.160210e-01 -8.937836e-02
2.420158e-01 5.411799e-02
3.145079e-01 -6.612748e-02
3.089996e-01 6.603141e-02
2.166248e-01 -1.990602e-03
1.772679e-01 9.223932e-02
2.096228e-01 7.643567e-02
1.951876e-01 4.388061e-02
2.285199e-01 5.011585e-02
2.159842e-01 2.496631e-02
2.409758e-01 2.614734e-02
2.267717e-01 7.695915e-03
3.321051e-01 -4.042493e-02
2.196420e-01 1.745941e-04
2.516116e-01 2.679995e-02
2.651247e-01 -2.061832e-02
2.471093e-01 -2.213336e-02
2.553158e-01 -4.766270e-02
2.202943e-01 -3.674801e-02
2.656209e-01 -2.025529e-02
2.631112e-01 -5.071517e-02
3.280730e-01 -5.092318e-02
2.637809e-01 2.066686e-02
2.485718e-01 -2.114150e-02
2.840091e-01 -7.209105e-02
2.616531e-01 6.932509e-02
3.819717e-01 1.190472e-02
2.195991e-01 3.916352e-05
2.458767e-01 5.092353e-04
2.461765e-01 -4.191816e-04
2.536270e-01 3.206684e-03
2.361264e-01 1.038122e-02
2.156782e-01 7.766540e-03
1.683183e-01 6.135872e-02
2.176881e-01 7.869802e-02
2.757618e-01 6.749771e-02
2.451718e-01 -1.303319e-03
2.262743e-01 -1.279945e-02
2.178977e-01 -7.980184e-03
2.669660e-01 1.979559e-02
1.997324e-01 -2.020306e-02
2.188598e-01 1.168103e-02
1.398832e-01 -8.164743e-02
3.453582e-01 -1.550513e-02
3.840738e-01 8.612327e-03
2.704733e-01 -7.406052e-02
3.533060e-01 -3.284966e-02
2.278032e-01 -5.481054e-02
2.184749e-01 -3.388514e-03
2.194368e-01 4.765501e-04
2.624141e-01 7.700316e-03
1.704254e-01 8.816594e-02
2.595418e-01 4.411841e-02
2.174947e-01 -6.753657e-02
1.546943e-01 -7.461133e-02
9.135727e-02 -7.426846e-02
3.446094e-01 4.607891e-02
2.306417e-01 -1.001043e-02
5.029868e-02 4.968343e-02
1.690612e-01 2.142903e-02
2.269644e-01 5.212246e-04
3.518374e-01 3.009330e-02
2.142775e-01 -1.559323e-02
2.203483e-01 -9.354924e-02
9.443029e-02 -4.785427e-02
2.197142e-01 9.339868e-05
2.965322e-01 -3.599764e-02
2.519169e-01 1.751940e-09
2.520096e-01 -2.674256e-09
3.164340e-01 -6.496831e-02
9.971751e-02 7.596112e-02
2.522507e-01 -2.116381e-11
2.518949e-01 -9.007132e-10
3.320982e-01 3.892868e-02
1.005179e-01 -7.596571e-02
1.736897e-01 9.580267e-02
3.025602e-01 7.142097e-02
2.409627e-01 -7.500284e-02
1.129441e-01 7.194072e-02
2.680687e-01 4.300537e-02
2.479115e-01 8.636811e-03
3.185068e-01 -4.699831e-02
3.466496e-01 -4.269372e-02
3.020225e-01 1.306680e-02
2.195993e-01 8.525220e-05
2.572361e-01 -6.056469e-02
2.403728e-01 -6.947322e-03
3.650165e-01 2.850940e-02
3.533454e-01 -3.877650e-02
2.411625e-01 -3.712667e-02
2.220615e-01 -4.123545e-02
2.346662e-01 -2.640911e-02
1.916114e-01 -3.171587e-02
2.076021e-01 -3.131993e-02
2.053937e-01 -4.423672e-02
2.464324e-01 -5.466211e-02
2.540854e-01 -3.569272e-02
2.834905e-01 5.654767e-02
2.834748e-01 7.176976e-02
3.052706e-01 5.441040e-02
3.390417e-01 -2.782352e-02
3.559741e-01 -3.106343e-02
3.634166e-01 -1.326073e-02
2.078589e-01 3.480003e-02
2.069553e-01 2.098750e-02
1.949648e-01 2.601924e-02
3.821810e-01 -2.527836e-03
3.673665e-01 6.177049e-03
3.330905e-01 4.880514e-02
3.240734e-01 3.791221e-02
2.883324e-01 7.181878e-02
3.206339e-01 5.598468e-02
3.049514e-01 5.688931e-02
2.387340e-01 -1.569735e-02
2.385219e-01 -4.878317e-03
2.461468e-01 -8.320975e-03
2.583179e-01 8.129974e-02
2.841012e-01 7.989609e-02
2.185631e-01 2.433194e-03
2.192539e-01 8.601990e-03
2.202892e-01 2.473919e-03
2.195747e-01 4.029312e-05
2.188568e-01 -9.899683e-04
2.189682e-01 3.109608e-04
2.421549e-01 -7.499470e-02
2.398338e-01 -5.925223e-02
2.617461e-01 -6.213139e-02
2.485788e-01 8.357439e-03
2.431445e-01 1.823778e-02
2.541885e-01 1.398093e-02
3.680841e-01 2.136118e-02
3.467736e-01 2.076585e-02
2.511425e-01 -2.740827e-03
2.535514e-01 -1.141281e-02
2.186015e-01 -5.185614e-02
1.980681e-01 -5.954877e-02
3.270774e-01 -3.876341e-02
3.210135e-01 -1.744019e-02
2.968199e-01 -4.585884e-02
2.862169e-01 -5.656746e-02
2.739389e-01 -4.613114e-02
2.553641e-01 1.548815e-02
2.450692e-01 1.637524e-02
2.553677e-01 2.539758e-02
1.301340e-01 -3.201037e-02
1.320991e-01 -1.246457e-02
2.085061e-01 -1.915751e-02
2.153539e-01 -2.573034e-02
2.270982e-01 8.745760e-02
1.958010e-01 8.605361e-02
2.170856e-01 9.495835e-02
2.727868e-01 -4.126829e-02
2.827566e-01 -6.338345e-02
3.204133e-01 6.191893e-02
3.357684e-01 4.622520e-02
3.229367e-01 -1.666242e-02
3.155566e-01 -4.622143e-02
3.167680e-02 -3.857634e-02
5.209801e-02 -5.106811e-02
2.490930e-01 3.561890e-02
2.637341e-01 3.197429e-02
3.166137e-02 3.807344e-02
1.979454e-02 2.767633e-02
2.270663e-01 2.336897e-03
2.207396e-01 3.374300e-04
2.145362e-01 1.566535e-02
2.100045e-01 1.086892e-02
2.394729e-01 -1.467603e-02
1.799262e-01 9.611652e-03
3.433788e-01 1.615642e-02
3.158824e-01 2.127138e-02
2.609347e-01 2.487270e-02
2.582128e-01 1.218534e-02
2.615098e-02 1.433082e-03
9.704828e-03 -9.346581e-03
9.741472e-03 1.025335e-02
1.919216e-01 -7.508093e-02
1.695302e-01 -6.004232e-02
1.868063e-01 1.550652e-02
1.816958e-01 3.533486e-02
1.850629e-01 -8.570469e-02
2.161891e-01 -7.965873e-02
3.102239e-01 -5.825287e-02
2.935526e-01 -5.470126e-02
3.128470e-01 -3.988553e-02
5.490337e-02 1.489212e-02
5.540988e-02 -1.431277e-02
2.415518e-01 3.829884e-03
2.506557e-01 2.111323e-03
2.375235e-01 7.577468e-02
1.192006e-01 2.090495e-02
1.715223e-01 4.466704e-02
9.464683e-02 4.235991e-02
2.624643e-01 8.193520e-03
2.551907e-01 4.506046e-03
2.467302e-01 -8.410583e-02
3.048467e-01 -4.297412e-02
2.965813e-01 -6.302430e-02
2.157353e-01 2.974431e-03
1.426419e-01 7.058885e-02
7.252626e-02 5.207237e-02
1.003867e-01 4.422973e-02
3.129914e-01 3.719783e-02
2.895229e-01 5.082660e-02
2.195874e-01 1.958277e-05
2.195629e-01 2.071038e-05
1.384816e-01 -6.759033e-02
9.713803e-02 -3.973892e-02
7.138963e-02 -5.179438e-02
3.268159e-01 -5.360799e-02
2.997329e-01 -7.068546e-02
2.576838e-01 -2.311616e-02
2.524716e-01 -1.219577e-02
2.575946e-01 -1.213553e-02
2.364121e-01 -4.455415e-02
2.354058e-01 -3.025768e-02
2.504059e-01 -3.432444e-02
2.737067e-01 1.435698e-02
2.775367e-01 3.125711e-02
2.935768e-01 1.859535e-02
1.126011e-01 -2.738282e-02
1.867754e-01 -1.736732e-02
1.253738e-01 3.300709e-03
2.057938e-01 7.567807e-02
1.766876e-01 8.693596e-02
3.655288e-01 -2.777871e-02
3.691267e-01 -1.981545e-02
3.813479e-01 -1.392044e-02
2.621746e-01 8.313399e-02
2.493054e-01 7.667069e-02
2.249629e-01 8.941057e-02
2.637701e-01 -3.399911e-02
7.008038e-02 -6.397244e-02
2.531270e-02 -3.028699e-02
1.461858e-01 -9.069879e-02
1.178542e-01 -8.298748e-02
1.616560e-01 -9.377545e-02
2.413108e-01 3.931832e-02
2.165290e-01 6.532327e-02
2.454857e-01 -9.288824e-02
2.579669e-01 -8.548513e-02
2.803950e-01 -8.127620e-02
2.771838e-01 4.548719e-02
2.608772e-01 5.665680e-02
3.440564e-01 -4.140695e-02
3.576852e-01 -1.920931e-02
2.196140e-01 1.109181e-04
2.213322e-01 8.165572e-04
2.232815e-01 1.458097e-04
2.359280e-01 7.210581e-04
2.365551e-01 3.560376e-03
1.002428e-01 -6.992897e-02
3.415418e-01 6.345452e-03
3.679123e-01 2.579102e-03
3.624520e-01 2.016926e-02
1.720583e-01 -8.668125e-02
2.041575e-01 -7.238146e-02
3.338417e-01 -2.074083e-02
3.136745e-01 -1.981366e-02
1.804923e-01 7.116061e-02
1.579552e-01 7.746300e-02
5.334979e-02 5.444953e-02
6.280292e-02 5.459360e-02
1.824011e-02 2.552086e-02
3.914430e-01 -3.418282e-03
3.815277e-01 -1.328046e-02
2.619209e-01 -8.863385e-03
2.551708e-01 -4.502705e-03
2.243431e-01 3.319792e-02
1.130241e-01 3.030698e-02
2.766079e-01 -2.940662e-02
3.272533e-01 -2.816859e-03
2.954181e-01 -2.906972e-03
8.117871e-02 6.965934e-02
7.336960e-02 6.187197e-02
2.525922e-01 5.843294e-03
2.571797e-01 1.045861e-02
3.908755e-01 -3.074862e-03
2.416909e-01 -3.614693e-02
2.533440e-01 -3.052590e-03
2.619499e-01 -8.568984e-03
2.578437e-01 -1.143179e-02
2.549631e-01 -3.865983e-03
3.121961e-01 -2.072376e-02
2.905092e-01 -1.771764e-02
2.795678e-01 -4.617326e-02
2.671731e-01 -3.480335e-02
2.781599e-01 -2.884240e-02
2.916969e-01 -1.702000e-02
2.914617e-01 1.525205e-02
3.135065e-01 1.785870e-02
2.743137e-01 -1.358895e-02
2.218504e-01 -3.596807e-03
2.188711e-01 -2.182564e-03
2.205478e-01 -4.067496e-04
2.745582e-01 -1.308903e-02
5.378405e-02 -5.483160e-02
1.045102e-01 -8.004960e-02
4.998866e-02 -4.691660e-02
2.373480e-01 8.764002e-03
2.460995e-01 3.611324e-03
6.221718e-02 -5.340827e-02
1.764367e-02 -2.471200e-02
2.582771e-01 -2.247412e-02
3.184282e-01 -5.778579e-02
2.912922e-01 -7.389881e-02
2.196834e-01 4.630732e-05
2.322181e-01 2.016339e-04
1.324576e-01 6.542268e-02
1.453450e-01 8.521513e-02
2.255673e-01 -1.834594e-02
2.317380e-01 -2.023588e-04
2.233139e-01 -1.186341e-04
2.195821e-01 4.581503e-05
2.195413e-01 1.801031e-04
2.722672e-01 -6.324979e-02
2.616125e-01 9.180314e-03
2.742475e-01 8.486831e-02
1.055502e-01 8.027804e-02
5.064166e-02 4.705037e-02
2.164946e-01 -5.700696e-03
3.655767e-01 -1.843771e-02
3.826627e-01 -2.216163e-03
1.970130e-01 9.735883e-02
2.408208e-01 9.392158e-02
1.533958e-01 9.247241e-02
1.758832e-01 9.349421e-02
1.322536e-01 8.022494e-02
1.948829e-01 8.427126e-02
3.919156e-01 3.408163e-03
2.323455e-01 -8.533127e-02
2.620188e-01 -7.610767e-02
2.567824e-01 6.335230e-02
2.321983e-01 6.710175e-02
2.311398e-01 -1.537175e-04
2.227710e-01 -1.172527e-04
2.522715e-01 7.832032e-04
2.523466e-01 -7.765054e-04
3.203461e-01 2.208214e-02
2.370202e-01 9.979398e-04
2.412912e-01 1.202726e-04
3.837384e-01 1.103397e-02
2.221622e-01 1.543665e-02
2.197663e-01 -7.588947e-06
3.663046e-01 1.395925e-02
3.702069e-01 2.448671e-02
2.408073e-01 1.497861e-04
2.491666e-01 7.242237e-05
1.071506e-01 -5.850473e-02
7.171240e-02 -3.973958e-02
2.521957e-01 -6.246715e-04
2.414832e-01 -9.892566e-05
2.366582e-01 -9.356814e-04
3.274086e-01 -5.348671e-02
3.485654e-01 -3.178834e-02
2.209323e-01 -1.506256e-04
2.199567e-01 1.582130e-05
3.509031e-01 4.007326e-02
3.655970e-01 2.774705e-02
2.230896e-01 7.556077e-05
2.549396e-01 3.422287e-03
2.194410e-01 -4.538596e-04
2.215353e-01 -2.224992e-03
2.237358e-01 -2.341551e-02
2.357878e-01 -1.795494e-02
3.734372e-01 1.438249e-02
3.762643e-01 1.936725e-02
3.849070e-01 9.861549e-03
2.493177e-01 4.190894e-05
3.923466e-01 2.637800e-03
2.494798e-01 -3.853937e-05
3.669842e-01 -1.593180e-02
3.447144e-01 -1.814180e-02
2.524477e-01 4.362136e-04
2.095448e-01 6.573034e-02
2.235530e-01 5.504282e-02
1.379015e-01 -5.437053e-02
1.602308e-01 -4.145908e-02
3.498445e-01 3.512912e-02
3.578157e-01 1.807251e-02
2.489303e-01 -1.014169e-04
2.406882e-01 -2.406723e-04
3.337449e-01 1.985611e-02
1.820007e-01 -9.234218e-02
2.086831e-01 -9.709245e-02
3.363315e-01 -4.084992e-02
3.279937e-01 -2.401127e-02
2.754071e-01 1.234927e-02
2.354577e-01 -1.357014e-03
1.921565e-01 -5.984982e-02
1.708021e-01 -6.385971e-02
1.750916e-01 -4.757934e-02
1.915984e-01 4.312512e-02
2.052363e-01 3.709464e-02
1.963019e-01 2.828302e-02
2.280183e-01 -4.035767e-03
2.424113e-01 6.195142e-02
2.207494e-01 6.369445e-02
1.879037e-01 9.627752e-04
2.007244e-01 -4.830743e-03
1.923884e-01 -1.793105e-02
2.972580e-01 -7.615626e-02
2.317856e-01 6.688811e-05
2.314379e-01 4.430769e-03
2.432829e-01 -1.348753e-02
2.494964e-01 -6.365346e-03
2.791509e-01 2.666795e-02
1.984839e-01 6.111970e-02
1.767585e-01 5.145894e-02
1.414192e-01 -6.466981e-02
1.219268e-01 -3.939443e-02
7.317561e-02 4.471946e-02
8.801470e-02 2.852228e-02
8.823875e-03 8.235070e-03
9.341751e-03 -8.469399e-03
3.429451e-01 -4.589170e-02
3.671858e-01 -2.682679e-02
2.235406e-01 4.735544e-03
2.266211e-01 1.158975e-02
3.208848e-01 2.156934e-02
3.230092e-01 4.432279e-02
1.520494e-01 -9.191765e-02
1.977695e-01 -9.576518e-02
1.594579e-01 2.644653e-02
1.717025e-01 1.182260e-02
1.516030e-01 3.747748e-03
1.722095e-01 4.450757e-02
1.904269e-01 5.806060e-02
2.149239e-01 1.042172e-03
2.080695e-01 -1.901453e-03
2.094161e-01 6.794638e-03
2.323101e-01 4.250509e-02
2.177317e-01 4.132054e-02
2.318069e-01 1.937385e-02
2.396751e-01 2.985892e-02
2.324997e-01 1.591365e-02
2.274961e-01 2.699861e-02
2.547059e-01 -6.331183e-02
7.341618e-02 -5.051069e-02
9.345570e-02 -4.577045e-02
7.293602e-02 4.628710e-02
2.519169e-01 3.506950e-09
2.519169e-01 4.319245e-10
2.519169e-01 2.557821e-09
2.520096e-01 -4.730913e-10
2.520096e-01 -3.067976e-09
2.520096e-01 -2.947882e-09
2.024362e-01 1.620743e-02
1.893127e-01 1.514263e-02
2.100656e-01 1.475532e-03
2.449249e-01 5.553665e-02
2.586055e-01 7.076047e-02
1.919739e-01 7.371236e-02
1.716170e-01 -8.052413e-02
2.522506e-01 3.796772e-09
2.522507e-01 3.743899e-10
2.522507e-01 1.182777e-09
2.113517e-01 -8.199820e-03
2.518949e-01 -1.507775e-09
2.518949e-01 -3.249321e-10
2.518949e-01 -1.986220e-09
2.448526e-01 7.832938e-02
2.661457e-01 8.786698e-02
2.319313e-01 9.443550e-02
2.657366e-01 8.233362e-02
1.279824e-01 -5.049506e-03
1.053611e-01 -1.782001e-02
1.078670e-01 1.113429e-02
2.481675e-01 3.973595e-02
2.358654e-01 3.755729e-02
2.200659e-01 3.738050e-02
2.112047e-01 4.972255e-02
2.147949e-01 2.909974e-02
2.194565e-01 -1.484948e-02
2.167174e-01 -8.636389e-03
2.202949e-01 -7.892424e-03
2.185616e-01 1.359998e-03
2.181430e-01 -1.150945e-03
1.858340e-01 2.076328e-04
1.479112e-01 4.348060e-02
1.732385e-01 -2.840451e-02
1.509736e-01 -1.763999e-02
2.267169e-01 -5.064717e-03
2.112513e-01 1.361556e-02
2.101842e-01 -2.493538e-02
2.090050e-01 -3.796438e-02
1.983977e-01 -2.999857e-02
1.822365e-01 -3.183709e-02
1.193244e-01 3.634522e-02
2.774233e-01 -8.232635e-02
2.662082e-01 -7.699589e-02
2.412834e-01 -9.235235e-02
1.416949e-01 6.034770e-02
1.736719e-01 -8.893043e-02
2.225793e-01 -8.970122e-02
2.074306e-01 -7.793487e-02
1.363138e-01 -2.265411e-02
1.097982e-01 -1.010423e-02
3.732025e-02 -2.495797e-02
2.786568e-01 3.044595e-02
3.106141e-01 2.280050e-03
2.434499e-01 -2.535948e-03
2.506090e-01 -1.843242e-03
2.002026e-01 -9.445083e-02
2.336585e-01 -9.296558e-02
2.205583e-01 -9.662273e-02
2.225953e-01 -9.529321e-03
2.186985e-01 4.863363e-03
1.200403e-01 4.656150e-02
1.355526e-01 3.175069e-02
1.091167e-01 1.586245e-02
5.651756e-02 1.632936e-02
8.122937e-02 1.357058e-03
5.788464e-02 -1.447912e-02
2.766095e-01 8.463698e-02
2.683338e-01 8.258312e-02
1.696372e-01 2.817778e-03
1.618556e-01 -2.865715e-02
3.417712e-01 4.065918e-02
2.079256e-01 -1.101605e-02
1.980539e-01 -7.716181e-03
3.057879e-01 4.166355e-02
3.200050e-01 5.091139e-02
2.881895e-01 6.565091e-02
3.081061e-01 7.080357e-02
1.551488e-01 -7.428091e-03
3.013131e-01 -7.134333e-02
2.969250e-01 -6.369827e-02
2.651752e-01 -8.403431e-02
2.882632e-01 -8.005312e-02
3.104728e-01 -6.818580e-02
2.211844e-01 2.043093e-02
2.383803e-01 -9.393538e-02
2.131266e-01 -1.371197e-02
2.134008e-01 -1.031064e-02
2.168474e-01 -4.952108e-03
2.095322e-01 -5.278128e-02
2.142620e-01 -6.580721e-02
1.741047e-01 -5.885357e-02
2.175758e-01 -1.697548e-02
2.330589e-01 -6.550632e-02
1.862618e-01 -1.656798e-02
2.939122e-01 6.518100e-02
2.141599e-01 1.825114e-02
3.430511e-01 4.742409e-02
3.201166e-01 6.355180e-02
3.232169e-01 5.633482e-02
2.157577e-01 9.423178e-03
2.190244e-01 -1.112725e-03
2.393720e-01 -7.533056e-02
3.581434e-01 3.513808e-02
3.520930e-01 3.965030e-02
2.453273e-01 4.862371e-02
1.667021e-01 7.587075e-02
1.977784e-01 8.550802e-02
1.372300e-01 7.527393e-02
2.180147e-01 3.195629e-03
2.194943e-01 3.314473e-04
2.028330e-01 9.504706e-02
2.360831e-01 -6.059805e-02
2.721584e-01 5.540658e-02
2.569622e-01 4.969011e-02
2.647684e-01 -8.451759e-02
2.812472e-01 3.998186e-02
9.525261e-02 5.270181e-02
2.045056e-01 -8.635154e-02
2.508152e-01 4.601459e-05
1.580740e-01 3.771224e-02
1.515015e-01 1.455336e-02
2.509560e-01 -4.457197e-05
1.129422e-01 -7.648566e-02
1.628216e-01 -8.843747e-02
2.331750e-01 -3.438212e-03
2.524616e-01 4.591612e-04
2.196203e-01 4.261747e-05
2.507030e-01 -2.258945e-04
2.523005e-01 8.358197e-04
2.523545e-01 -8.128736e-04
2.092151e-01 9.737884e-02
1.976258e-01 9.453407e-02
8.232590e-02 -2.521965e-02
6.519570e-02 -3.915481e-02
2.613633e-01 -3.832735e-02
2.824208e-01 -1.559294e-02
2.509405e-01 9.377652e-05
2.196777e-01 4.667570e-05
2.522338e-01 -7.256729e-04
3.180355e-02 2.569270e-02
6.641614e-02 4.236352e-02
2.586595e-01 3.546676e-02
1.412631e-01 -8.960275e-02
1.304153e-01 -7.836034e-02
1.144746e-01 8.129908e-02
2.764522e-01 -5.666359e-02
3.004283e-01 7.468262e-02
2.336621e-01 -9.891735e-03
3.261640e-01 5.790304e-02
3.275532e-01 5.857333e-02
2.511609e-01 1.847346e-03
2.865188e-01 3.436146e-02
3.636166e-01 -2.851092e-02
1.130501e-01 -3.913456e-02
1.018219e-01 6.709895e-02
1.391272e-01 8.561089e-02
2.690112e-01 3.089739e-02
3.315152e-01 -5.597796e-02
3.520725e-01 -3.975148e-02
3.368674e-01 -4.957954e-02
1.493527e-01 8.994103e-02
9.400556e-02 -6.377063e-02
1.249445e-01 -6.442669e-02
3.231527e-01 -6.089864e-02
2.233819e-01 -5.696069e-02
2.636212e-01 1.512567e-02
1.706957e-01 9.402094e-02
2.186572e-01 -7.704046e-02
2.196781e-01 1.339970e-04
2.196206e-01 1.299233e-04
2.196567e-01 8.932814e-05
1.361125e-01 8.905951e-02
8.292832e-02 6.359737e-02
3.364594e-01 -5.212505e-02
