1.000000e+00
3.000000e-01
1.000000e+00 0.000000e+00
taylor-hood
hole_coarse
1.056232e-01 7.294137e-26
1.056577e-01 6.387787e-26
1.054174e-01 -1.897567e-26
1.056087e-01 -1.368842e-26
-1.343294e-26 -3.129387e-26
1.056232e-01 -3.520832e-26
1.137192e-01 -9.559937e-27
1.441836e-01 -1.675405e-26
1.803973e-01 -4.275082e-26
1.928919e-01 2.458693e-26
1.808579e-01 -3.816773e-27
1.449361e-01 5.682379e-27
1.139741e-01 3.425132e-26
1.056577e-01 -1.334660e-26
1.056232e-01 1.910628e-26
1.068201e-01 1.913509e-26
1.265513e-01 9.421341e-27
1.628687e-01 2.141010e-26
1.915076e-01 -2.193470e-26
1.909645e-01 2.857665e-26
1.633560e-01 -3.042435e-26
1.273761e-01 5.624078e-27
1.073441e-01 4.780762e-27
1.056577e-01 -2.467219e-26
1.054173e-01 -1.261925e-26
8.923323e-02 -1.848370e-26
8.127749e-02 6.790712e-27
8.134769e-02 -5.566247e-27
8.905290e-02 7.457202e-27
1.056232e-01 1.720032e-27
1.054174e-01 -1.232680e-26
9.864588e-02 -1.713450e-26
8.274820e-02 -5.751519e-27
8.131259e-02 3.431959e-26
8.276825e-02 2.474266e-26
9.865455e-02 2.468858e-26
1.056232e-01 -9.674253e-27
1.056575e-01 1.045768e-26
8.929828e-02 -2.261194e-27
8.103894e-02 3.187440e-27
8.103996e-02 -9.806212e-26
8.927244e-02 6.416003e-27
1.056086e-01 -4.072091e-26
1.056576e-01 -1.721389e-26
9.879273e-02 1.524003e-26
8.264261e-02 -2.279052e-26
8.103936e-02 -3.781084e-27
8.263559e-02 3.898553e-26
9.875497e-02 -2.141951e-26
1.056087e-01 -3.322059e-26
1.056087e-01 6.471005e-26
1.139195e-01 -5.197801e-27
1.448765e-01 3.422758e-26
1.807970e-01 3.856206e-27
1.928281e-01 1.894436e-26
1.803144e-01 7.133903e-27
1.441337e-01 -4.266665e-26
1.135314e-01 -3.608917e-26
1.054174e-01 2.231202e-26
1.056087e-01 2.670294e-26
1.072927e-01 1.148602e-26
1.273189e-01 5.517229e-26
1.632957e-01 -3.767740e-27
1.909034e-01 5.976853e-26
1.914412e-01 7.710608e-27
1.627847e-01 -5.630771e-27
1.264237e-01 -4.948741e-26
1.067430e-01 2.285486e-26
1.054174e-01 -4.373592e-26
-8.686931e-27 3.686920e-26
-1.909619e-26 -6.036105e-29
-2.406840e-28 -3.053691e-26
1.521596e-26 -9.553844e-27
4.744904e-27 -1.641393e-26
5.678237e-27 1.142497e-26
1.128064e-27 -4.548678e-26
6.228899e-28 9.904035e-27
1.918661e-27 -2.807020e-26
-5.203533e-28 2.290415e-26
-2.042117e-26 1.517297e-26
1.891054e-26 1.161669e-26
-2.654756e-26 2.280804e-26
3.039108e-26 5.683151e-27
1.329955e-26 1.521111e-26
3.813679e-27 3.035152e-26
2.281404e-26 -1.465759e-26
4.526621e-02 3.531029e-02
4.526280e-02 -3.530066e-02
2.781450e-02 5.582782e-05
5.880334e-02 -4.015622e-02
5.632125e-02 3.866740e-02
8.103934e-02 9.022986e-07
6.342438e-02 1.054985e-02
8.145814e-02 2.311261e-06
1.071079e-01 4.339395e-03
1.070601e-01 -4.343436e-03
1.073059e-01 6.737009e-03
9.639747e-02 -5.053446e-02
9.643077e-02 5.054409e-02
1.078506e-01 -5.360359e-03
1.541831e-01 2.920293e-02
1.540746e-01 -2.923501e-02
8.651348e-02 -3.649414e-02
6.844736e-02 -1.461062e-02
8.654644e-02 3.649276e-02
8.168709e-02 2.853282e-04
8.780646e-02 -1.140447e-02
1.450814e-01 1.964452e-02
1.450405e-01 -1.971554e-02
8.637816e-02 2.626230e-02
1.701514e-01 -1.262767e-02
1.702160e-01 1.262528e-02
6.862849e-02 1.465222e-02
8.785788e-02 1.138612e-02
1.252846e-01 -3.040927e-02
1.253356e-01 3.041139e-02
1.207554e-01 2.375324e-02
1.215780e-01 -2.308668e-02
9.411435e-02 -2.468115e-02
8.131196e-02 5.733055e-05
7.898804e-02 -2.784442e-03
9.834212e-02 4.708869e-04
9.725616e-02 -1.328037e-03
9.866540e-02 4.620385e-04
9.862475e-02 -4.618066e-04
8.163624e-02 -1.176980e-04
8.164359e-02 1.196335e-04
1.522751e-01 -3.109079e-02
1.523335e-01 3.109384e-02
1.067250e-01 -4.638323e-02
1.055238e-01 4.653132e-02
3.816962e-02 2.135902e-05
1.143391e-01 -4.549627e-02
1.147253e-01 4.533358e-02
7.776294e-02 9.988612e-06
7.911615e-02 5.171110e-03
6.831069e-02 -1.851196e-02
1.054174e-01 3.407005e-09
1.056232e-01 -1.112726e-09
8.913904e-02 6.861377e-03
1.836424e-01 9.965754e-03
1.836892e-01 -9.984760e-03
1.146814e-01 3.847357e-02
1.146376e-01 -3.846731e-02
1.056087e-01 -2.733415e-09
1.056577e-01 2.794787e-09
1.096089e-01 1.896047e-02
1.095619e-01 -1.896856e-02
8.119262e-02 -8.684877e-03
7.945136e-02 -3.633982e-03
5.898286e-02 4.398722e-02
7.945731e-02 3.630091e-03
6.063643e-02 -4.451803e-02
1.878900e-01 -3.256326e-03
1.828152e-01 -1.033883e-02
1.828790e-01 1.033864e-02
1.879521e-01 3.260547e-03
1.160932e-01 -2.587584e-02
1.142048e-01 -1.136225e-02
1.221285e-01 -1.392974e-02
1.142543e-01 1.136042e-02
1.161410e-01 2.587249e-02
1.221826e-01 1.393164e-02
1.062467e-01 2.874423e-02
1.120079e-01 1.562261e-02
1.011180e-01 1.635055e-02
1.373567e-01 -1.752915e-02
1.374132e-01 1.753079e-02
1.909738e-01 2.957755e-03
1.794628e-01 2.242816e-04
1.795182e-01 -2.400394e-04
1.910341e-01 -2.960598e-03
6.256486e-02 -2.982564e-02
7.844416e-02 -2.477231e-02
8.107204e-02 -3.623816e-02
1.081446e-01 -1.066646e-02
1.093245e-01 -5.286831e-03
1.081918e-01 1.066045e-02
1.093736e-01 5.286284e-03
7.612383e-02 -1.468412e-02
8.545929e-02 -1.645253e-02
9.384192e-02 -3.906575e-03
1.034241e-01 -1.807475e-03
1.005613e-01 -8.283228e-03
1.000304e-01 7.561937e-03
8.780925e-02 1.500762e-02
1.034702e-01 1.805339e-03
9.388535e-02 3.899956e-03
1.006095e-01 8.271188e-03
1.396957e-01 3.914731e-02
1.284917e-01 3.580144e-02
1.543846e-01 2.925778e-02
1.282520e-01 -3.595631e-02
1.394885e-01 -3.926124e-02
1.543309e-01 -2.934397e-02
1.690228e-01 1.434868e-02
1.710285e-01 1.962800e-02
1.710080e-01 -1.967879e-02
1.690435e-01 -1.439223e-02
9.895447e-02 -1.634141e-02
9.571397e-02 -9.821592e-03
1.043100e-01 -3.376726e-03
1.055244e-01 -1.428266e-02
9.900331e-02 1.632498e-02
8.885882e-02 -4.745566e-03
1.643991e-01 -2.448965e-02
1.707751e-01 -1.414132e-02
1.708369e-01 1.414093e-02
1.644619e-01 2.449020e-02
9.890913e-02 -3.778931e-02
8.165123e-02 -4.688747e-02
1.636440e-01 6.064412e-04
1.636816e-01 -6.434481e-04
7.906663e-02 1.507394e-02
7.369452e-02 9.429202e-03
7.204534e-02 2.264015e-02
8.156442e-02 6.791347e-03
7.869464e-02 -6.436376e-03
7.420313e-02 -9.435059e-03
9.354143e-02 3.873300e-02
1.176179e-01 3.650957e-02
1.367712e-01 -2.972582e-02
1.333903e-01 -1.423144e-02
1.530010e-01 -1.572910e-02
1.379853e-01 3.343024e-02
1.531618e-01 1.689511e-02
1.531023e-01 -1.689378e-02
1.379306e-01 -3.342672e-02
1.186412e-01 1.110522e-02
1.098440e-01 6.421955e-03
1.404061e-01 -3.870621e-02
1.043677e-01 -4.870837e-02
1.274147e-01 -4.423275e-02
1.044059e-01 4.871817e-02
1.404604e-01 3.871208e-02
1.274642e-01 4.423964e-02
1.096748e-01 -2.664560e-02
1.127962e-01 -1.402743e-02
7.895736e-02 1.724004e-03
7.284594e-02 2.932880e-04
1.329612e-01 1.489314e-02
1.361465e-01 3.031279e-02
1.530304e-01 1.571038e-02
1.708293e-01 1.360377e-02
1.708232e-01 -1.362374e-02
1.188899e-01 -1.061895e-02
1.098548e-01 -5.184066e-03
1.060788e-01 9.454842e-04
1.060299e-01 -9.455076e-04
1.060084e-01 1.390733e-03
1.060820e-01 -9.454635e-04
8.129473e-02 2.866521e-05
8.129139e-02 1.194681e-04
8.135314e-02 5.212693e-05
8.103962e-02 4.528226e-07
8.103910e-02 4.523120e-07
8.417065e-02 -3.518528e-03
8.908364e-02 -5.978528e-04
8.062603e-02 -1.635481e-03
8.103782e-02 -3.417685e-04
8.134960e-02 4.633101e-05
8.519764e-02 1.510611e-04
8.132983e-02 2.866551e-05
8.137794e-02 2.334952e-05
8.482931e-02 -5.516117e-05
6.281455e-02 -5.473718e-03
8.910988e-02 5.984939e-04
8.419582e-02 3.508916e-03
5.656495e-02 -2.601704e-02
7.220832e-02 -2.766449e-02
6.938080e-02 -4.050640e-02
2.702935e-02 2.970439e-02
1.368164e-02 1.588968e-02
1.367857e-02 -1.588114e-02
2.702571e-02 -2.969778e-02
9.238973e-03 7.978167e-03
9.164797e-03 -7.964801e-03
7.232991e-02 2.764470e-02
5.672368e-02 2.606619e-02
6.940597e-02 4.051275e-02
7.759810e-02 -1.576900e-02
8.720348e-02 -2.341453e-02
8.724396e-02 2.339562e-02
7.767408e-02 1.572748e-02
1.189210e-01 -3.617181e-02
5.666345e-02 2.493938e-02
4.716269e-02 7.441571e-03
3.628529e-02 2.255435e-02
6.317372e-02 4.420329e-02
6.674553e-02 4.737744e-02
6.672896e-02 -4.736793e-02
6.315533e-02 -4.419376e-02
1.040739e-01 7.401582e-03
9.509415e-02 2.394339e-02
9.507435e-02 -2.395674e-02
1.040396e-01 -7.433964e-03
3.015922e-02 3.039071e-02
3.692860e-02 -2.387297e-02
3.132203e-02 -3.135949e-02
7.531107e-02 3.551744e-02
9.078175e-02 4.620454e-02
9.074810e-02 -4.619988e-02
1.490388e-01 -2.483915e-02
1.490954e-01 2.483985e-02
9.372500e-02 1.647074e-04
1.023351e-01 5.565274e-05
1.331200e-01 -1.301239e-02
1.331647e-01 1.300772e-02
1.019907e-01 -1.063043e-04
9.304518e-02 -2.360191e-04
1.176120e-01 -4.295370e-02
1.176578e-01 4.295934e-02
1.083105e-01 3.697171e-02
1.082677e-01 -3.697252e-02
5.457566e-02 -1.045786e-02
5.470732e-02 1.056119e-02
6.529563e-02 8.868479e-05
8.117704e-02 -8.379401e-06
8.108137e-02 -3.045007e-05
8.108110e-02 3.232407e-05
8.117814e-02 9.139497e-06
7.363480e-02 5.446648e-03
7.358165e-02 -5.392508e-03
8.899758e-02 6.972380e-04
1.852872e-01 7.769580e-03
1.853477e-01 -7.774402e-03
8.776882e-02 -8.879124e-04
1.025985e-01 -4.646380e-05
9.392054e-02 -1.361238e-04
9.395391e-02 1.363409e-04
1.026432e-01 4.640768e-05
1.054174e-01 2.889277e-10
1.054174e-01 3.145541e-09
1.056232e-01 -1.286274e-09
1.056232e-01 -1.192028e-10
9.413715e-02 2.605623e-03
1.030360e-01 2.508491e-03
1.054174e-01 2.243249e-09
1.056232e-01 -9.089139e-10
8.085571e-02 9.470960e-04
8.517069e-02 -9.123809e-05
8.518682e-02 9.162092e-05
3.577666e-02 1.921128e-02
1.537217e-02 1.137490e-05
3.576232e-02 -1.918503e-02
7.953952e-02 4.654340e-02
1.310012e-01 -4.156199e-02
1.056087e-01 -1.409009e-09
1.056087e-01 -4.489800e-10
1.056577e-01 4.590736e-10
1.056577e-01 1.417696e-09
5.001084e-02 -1.428898e-02
1.056087e-01 -7.928347e-09
1.056576e-01 8.219975e-09
1.015157e-01 2.879060e-02
1.014731e-01 -2.879878e-02
1.304654e-01 4.183261e-02
8.137018e-02 -3.878069e-02
8.153141e-02 3.871064e-02
8.159745e-02 -2.904846e-03
1.059262e-01 -7.520393e-04
1.059751e-01 7.517382e-04
7.549215e-02 -8.632465e-03
8.066900e-02 -7.586495e-03
8.068921e-02 7.573257e-03
7.555043e-02 8.632100e-03
1.058685e-01 1.313144e-03
1.060960e-01 -1.011681e-03
8.069007e-02 2.341289e-03
8.083232e-02 -1.329214e-03
8.071748e-02 -4.937824e-04
8.071740e-02 4.947437e-04
8.083838e-02 1.323978e-03
8.471251e-02 2.759307e-03
1.040118e-01 8.692875e-05
1.040081e-01 -2.488690e-04
8.048082e-02 2.343118e-02
6.176278e-02 3.370057e-02
6.174207e-02 -3.369415e-02
8.044891e-02 -2.342826e-02
8.871205e-02 -5.053717e-02
5.835996e-02 -4.513553e-02
4.061648e-02 3.019062e-02
2.539825e-02 2.683707e-02
2.606192e-02 -2.735342e-02
4.178805e-02 -3.075377e-02
5.603249e-02 4.427695e-02
8.737395e-02 5.051187e-02
1.042870e-01 -7.594892e-05
1.043341e-01 7.622222e-05
1.109944e-01 -4.904176e-02
1.104631e-01 4.917014e-02
8.697978e-02 -4.838794e-02
8.624062e-02 4.826110e-02
7.881043e-02 -2.703665e-03
7.881538e-02 2.713836e-03
8.080490e-02 3.007422e-06
