1.787493e+01
0.000000e+00
-6.248756e-02
2.958328e+00
2.895853e+00
2.895816e+00
2.979187e+00
2.979150e+00
2.916661e+00
2.958328e+00
2.895855e+00
2.895816e+00
2.979188e+00
2.979149e+00
2.916661e+00
2.958327e+00
2.895856e+00
2.895816e+00
2.979189e+00
2.979149e+00
2.916661e+00
2.958327e+00
2.895857e+00
2.895816e+00
2.979190e+00
2.979150e+00
2.916660e+00
2.958326e+00
2.895857e+00
2.895817e+00
2.979189e+00
2.979152e+00
2.916658e+00
2.958325e+00
2.895855e+00
2.895819e+00
2.979187e+00
2.979155e+00
2.916658e+00
2.958325e+00
2.895852e+00
2.895821e+00
2.979184e+00
2.979155e+00
2.916658e+00
2.958326e+00
2.895847e+00
2.895822e+00
2.979180e+00
2.979154e+00
2.916659e+00
2.958326e+00
2.895846e+00
2.895821e+00
2.979179e+00
2.979154e+00
2.916660e+00
2.958327e+00
2.895844e+00
2.895821e+00
2.979177e+00
2.979155e+00
2.916660e+00
2.958327e+00
2.895843e+00
2.895822e+00
2.979176e+00
2.979156e+00
2.916660e+00
2.958327e+00
2.895843e+00
2.895823e+00
2.979175e+00
2.979156e+00
2.916661e+00
2.958327e+00
2.895843e+00
2.895823e+00
2.979176e+00
2.979155e+00
2.916660e+00
2.958326e+00
2.895844e+00
2.895822e+00
2.979177e+00
2.979155e+00
2.916660e+00
2.958326e+00
2.895845e+00
2.895823e+00
2.979177e+00
2.979157e+00
2.916659e+00
2.958326e+00
2.895845e+00
2.895823e+00
2.979178e+00
2.979157e+00
2.916659e+00
2.958326e+00
2.895847e+00
2.895824e+00
2.979180e+00
2.979159e+00
2.916659e+00
2.958325e+00
2.895848e+00
2.895826e+00
2.979182e+00
2.979161e+00
2.916658e+00
2.958325e+00
2.895847e+00
2.895828e+00
2.979181e+00
2.979161e+00
2.916658e+00
2.958326e+00
2.895846e+00
2.895829e+00
2.979179e+00
2.979161e+00
2.916660e+00
2.958327e+00
2.895846e+00
2.895828e+00
2.979179e+00
2.979160e+00
2.916660e+00
2.958327e+00
2.895846e+00
2.895827e+00
2.979179e+00
2.979159e+00
2.916661e+00
2.958327e+00
2.895846e+00
2.895825e+00
2.979179e+00
2.979157e+00
2.916661e+00
2.958326e+00
2.895847e+00
2.895823e+00
2.854189e+00
2.854151e+00
2.791654e+00
2.833322e+00
2.770856e+00
2.770816e+00
2.854190e+00
2.854151e+00
2.791655e+00
2.833323e+00
2.770857e+00
2.770816e+00
2.854191e+00
2.854151e+00
2.791656e+00
2.833323e+00
2.770857e+00
2.770817e+00
2.854192e+00
2.854151e+00
2.791656e+00
2.833324e+00
2.770856e+00
2.770817e+00
2.854191e+00
2.854151e+00
2.791658e+00
2.833326e+00
2.770854e+00
2.770819e+00
2.854189e+00
2.854151e+00
2.791659e+00
2.833327e+00
2.770850e+00
2.770820e+00
2.854185e+00
2.854153e+00
2.791661e+00
2.833328e+00
2.770847e+00
2.770822e+00
2.854182e+00
2.854155e+00
2.791661e+00
2.833328e+00
2.770846e+00
2.770823e+00
2.854180e+00
2.854155e+00
2.791661e+00
2.833328e+00
2.770844e+00
2.770823e+00
2.854179e+00
2.854155e+00
2.791661e+00
2.833328e+00
2.770842e+00
2.770823e+00
2.854177e+00
2.854155e+00
2.791661e+00
2.833328e+00
2.770842e+00
2.770822e+00
2.854176e+00
2.854156e+00
2.791661e+00
2.833328e+00
2.770842e+00
2.770822e+00
2.854176e+00
2.854156e+00
2.791661e+00
2.833328e+00
2.770843e+00
2.770822e+00
2.854177e+00
2.854155e+00
2.791661e+00
2.833327e+00
2.770844e+00
2.770821e+00
2.854177e+00
2.854156e+00
2.791660e+00
2.833327e+00
2.770845e+00
2.770822e+00
2.854178e+00
2.854158e+00
2.791660e+00
2.833327e+00
2.770847e+00
2.770823e+00
2.854180e+00
2.854158e+00
2.791660e+00
2.833327e+00
2.770847e+00
2.770823e+00
2.854179e+00
2.854158e+00
2.791661e+00
2.833327e+00
2.770847e+00
2.770824e+00
2.854178e+00
2.854160e+00
2.791659e+00
2.833326e+00
2.770847e+00
2.770826e+00
2.854179e+00
2.854162e+00
2.791658e+00
2.833325e+00
2.770847e+00
2.770827e+00
2.854180e+00
2.854162e+00
2.791658e+00
2.833325e+00
2.770846e+00
2.770827e+00
2.854180e+00
2.854161e+00
2.791658e+00
2.833325e+00
2.770847e+00
2.770826e+00
2.854181e+00
2.854159e+00
2.791657e+00
2.833324e+00
2.770847e+00
2.770824e+00
2.854181e+00
2.854155e+00
2.791657e+00
2.833323e+00
2.770847e+00
2.770822e+00
2.729188e+00
2.729149e+00
2.666653e+00
2.708322e+00
2.645854e+00
2.645816e+00
2.729189e+00
2.729149e+00
2.666655e+00
2.708322e+00
2.645855e+00
2.645815e+00
2.729190e+00
2.729149e+00
2.666656e+00
2.708323e+00
2.645855e+00
2.645816e+00
2.729189e+00
2.729151e+00
2.666656e+00
2.708324e+00
2.645854e+00
2.645817e+00
2.729188e+00
2.729152e+00
2.666657e+00
2.708325e+00
2.645852e+00
2.645819e+00
2.729186e+00
2.729155e+00
2.666657e+00
2.708325e+00
2.645850e+00
2.645821e+00
2.729183e+00
2.729157e+00
2.666658e+00
2.708326e+00
2.645846e+00
2.645824e+00
2.729181e+00
2.729157e+00
2.666659e+00
2.708327e+00
2.645843e+00
2.645825e+00
2.729179e+00
2.729156e+00
2.666660e+00
2.708328e+00
2.645842e+00
2.645824e+00
2.729176e+00
2.729156e+00
2.666661e+00
2.708328e+00
2.645841e+00
2.645823e+00
2.729175e+00
2.729156e+00
2.666661e+00
2.708328e+00
2.645841e+00
2.645823e+00
2.729175e+00
2.729155e+00
2.666662e+00
2.708328e+00
2.645841e+00
2.645823e+00
2.729175e+00
2.729155e+00
2.666662e+00
2.708329e+00
2.645842e+00
2.645822e+00
2.729176e+00
2.729154e+00
2.666662e+00
2.708329e+00
2.645843e+00
2.645821e+00
2.729176e+00
2.729154e+00
2.666662e+00
2.708328e+00
2.645844e+00
2.645821e+00
2.729177e+00
2.729155e+00
2.666662e+00
2.708328e+00
2.645846e+00
2.645821e+00
2.729179e+00
2.729155e+00
2.666661e+00
2.708328e+00
2.645846e+00
2.645821e+00
2.729179e+00
2.729157e+00
2.666661e+00
2.708328e+00
2.645845e+00
2.645823e+00
2.729178e+00
2.729158e+00
2.666661e+00
2.708328e+00
2.645845e+00
2.645824e+00
2.729178e+00
2.729159e+00
2.666661e+00
2.708327e+00
2.645844e+00
2.645825e+00
2.729178e+00
2.729159e+00
2.666660e+00
2.708326e+00
2.645844e+00
2.645825e+00
2.729178e+00
2.729158e+00
2.666660e+00
2.708326e+00
2.645844e+00
2.645824e+00
2.729179e+00
2.729156e+00
2.666659e+00
2.708324e+00
2.645843e+00
2.645822e+00
2.729179e+00
2.729154e+00
2.666658e+00
2.708325e+00
2.645840e+00
2.645823e+00
2.604186e+00
2.604148e+00
2.541659e+00
2.583323e+00
2.520847e+00
2.520821e+00
2.604185e+00
2.604147e+00
2.541657e+00
2.583324e+00
2.520849e+00
2.520817e+00
2.604186e+00
2.604148e+00
2.541658e+00
2.583325e+00
2.520851e+00
2.520815e+00
2.604186e+00
2.604149e+00
2.541658e+00
2.583326e+00
2.520850e+00
2.520816e+00
2.604185e+00
2.604152e+00
2.541659e+00
2.583326e+00
2.520849e+00
2.520819e+00
2.604182e+00
2.604154e+00
2.541659e+00
2.583327e+00
2.520846e+00
2.520821e+00
2.604180e+00
2.604157e+00
2.541659e+00
2.583327e+00
2.520844e+00
2.520824e+00
2.604177e+00
2.604158e+00
2.541660e+00
2.583327e+00
2.520842e+00
2.520825e+00
2.604177e+00
2.604158e+00
2.541660e+00
2.583327e+00
2.520841e+00
2.520825e+00
2.604175e+00
2.604157e+00
2.541660e+00
2.583327e+00
2.520840e+00
2.520824e+00
2.604174e+00
2.604156e+00
2.541660e+00
2.583327e+00
2.520840e+00
2.520823e+00
2.604174e+00
2.604156e+00
2.541661e+00
2.583328e+00
2.520840e+00
2.520823e+00
2.604175e+00
2.604155e+00
2.541661e+00
2.583328e+00
2.520840e+00
2.520822e+00
2.604175e+00
2.604154e+00
2.541662e+00
2.583329e+00
2.520841e+00
2.520821e+00
2.604176e+00
2.604153e+00
2.541662e+00
2.583329e+00
2.520843e+00
2.520820e+00
2.604177e+00
2.604153e+00
2.541663e+00
2.583329e+00
2.520844e+00
2.520819e+00
2.604178e+00
2.604154e+00
2.541663e+00
2.583330e+00
2.520844e+00
2.520820e+00
2.604178e+00
2.604155e+00
2.541663e+00
2.583330e+00
2.520843e+00
2.520822e+00
2.604177e+00
2.604156e+00
2.541663e+00
2.583329e+00
2.520842e+00
2.520823e+00
2.604176e+00
2.604157e+00
2.541662e+00
2.583329e+00
2.520841e+00
2.520823e+00
2.604176e+00
2.604156e+00
2.541662e+00
2.583328e+00
2.520840e+00
2.520823e+00
2.604175e+00
2.604155e+00
2.541661e+00
2.583327e+00
2.520839e+00
2.520823e+00
2.604175e+00
2.604153e+00
2.541661e+00
2.583327e+00
2.520837e+00
2.520822e+00
2.604174e+00
2.604158e+00
2.541660e+00
2.583330e+00
2.520836e+00
2.520827e+00
2.479183e+00
2.479153e+00
2.416660e+00
2.458325e+00
2.395843e+00
2.395824e+00
2.479180e+00
2.479149e+00
2.416660e+00
2.458325e+00
2.395845e+00
2.395820e+00
2.479182e+00
2.479148e+00
2.416660e+00
2.458326e+00
2.395847e+00
2.395816e+00
2.479182e+00
2.479149e+00
2.416660e+00
2.458327e+00
2.395847e+00
2.395816e+00
2.479181e+00
2.479151e+00
2.416660e+00
2.458328e+00
2.395846e+00
2.395818e+00
2.479179e+00
2.479154e+00
2.416660e+00
2.458328e+00
2.395844e+00
2.395821e+00
2.479177e+00
2.479157e+00
2.416660e+00
2.458328e+00
2.395842e+00
2.395823e+00
2.479175e+00
2.479158e+00
2.416660e+00
2.458327e+00
2.395840e+00
2.395825e+00
2.479174e+00
2.479158e+00
2.416660e+00
2.458327e+00
2.395839e+00
2.395825e+00
2.479174e+00
2.479157e+00
2.416660e+00
2.458327e+00
2.395839e+00
2.395825e+00
2.479173e+00
2.479157e+00
2.416660e+00
2.458327e+00
2.395839e+00
2.395824e+00
2.479173e+00
2.479156e+00
2.416661e+00
2.458327e+00
2.395839e+00
2.395823e+00
2.479173e+00
2.479155e+00
2.416661e+00
2.458328e+00
2.395840e+00
2.395821e+00
2.479174e+00
2.479154e+00
2.416661e+00
2.458328e+00
2.395842e+00
2.395820e+00
2.479176e+00
2.479153e+00
2.416662e+00
2.458329e+00
2.395843e+00
2.395819e+00
2.479177e+00
2.479153e+00
2.416662e+00
2.458329e+00
2.395843e+00
2.395819e+00
2.479177e+00
2.479154e+00
2.416662e+00
2.458329e+00
2.395842e+00
2.395820e+00
2.479176e+00
2.479155e+00
2.416662e+00
2.458329e+00
2.395841e+00
2.395822e+00
2.479175e+00
2.479156e+00
2.416662e+00
2.458329e+00
2.395840e+00
2.395823e+00
2.479174e+00
2.479156e+00
2.416662e+00
2.458329e+00
2.395839e+00
2.395823e+00
2.479174e+00
2.479156e+00
2.416662e+00
2.458328e+00
2.395838e+00
2.395824e+00
2.479173e+00
2.479156e+00
2.416662e+00
2.458328e+00
2.395837e+00
2.395824e+00
2.479171e+00
2.479157e+00
2.416661e+00
2.458329e+00
2.395834e+00
2.395826e+00
2.479168e+00
2.479163e+00
2.416662e+00
2.458331e+00
2.395833e+00
2.395830e+00
2.354177e+00
2.354156e+00
2.291660e+00
2.333327e+00
2.270842e+00
2.270824e+00
2.354178e+00
2.354153e+00
2.291661e+00
2.333326e+00
2.270844e+00
2.270821e+00
2.354180e+00
2.354150e+00
2.291661e+00
2.333327e+00
2.270846e+00
2.270818e+00
2.354180e+00
2.354150e+00
2.291661e+00
2.333328e+00
2.270845e+00
2.270817e+00
2.354179e+00
2.354152e+00
2.291661e+00
2.333328e+00
2.270844e+00
2.270819e+00
2.354177e+00
2.354154e+00
2.291661e+00
2.333328e+00
2.270842e+00
2.270821e+00
2.354175e+00
2.354156e+00
2.291661e+00
2.333328e+00
2.270840e+00
2.270823e+00
2.354173e+00
2.354158e+00
2.291661e+00
2.333328e+00
2.270839e+00
2.270824e+00
2.354173e+00
2.354158e+00
2.291661e+00
2.333327e+00
2.270839e+00
2.270825e+00
2.354172e+00
2.354158e+00
2.291660e+00
2.333327e+00
2.270839e+00
2.270825e+00
2.354172e+00
2.354157e+00
2.291660e+00
2.333327e+00
2.270839e+00
2.270824e+00
2.354173e+00
2.354156e+00
2.291660e+00
2.333327e+00
2.270840e+00
2.270822e+00
2.354174e+00
2.354155e+00
2.291661e+00
2.333327e+00
2.270841e+00
2.270821e+00
2.354175e+00
2.354153e+00
2.291661e+00
2.333328e+00
2.270842e+00
2.270820e+00
2.354176e+00
2.354153e+00
2.291661e+00
2.333328e+00
2.270843e+00
2.270819e+00
2.354176e+00
2.354153e+00
2.291662e+00
2.333328e+00
2.270843e+00
2.270820e+00
2.354176e+00
2.354154e+00
2.291662e+00
2.333329e+00
2.270842e+00
2.270821e+00
2.354175e+00
2.354155e+00
2.291662e+00
2.333329e+00
2.270841e+00
2.270822e+00
2.354174e+00
2.354156e+00
2.291662e+00
2.333328e+00
2.270840e+00
2.270823e+00
2.354173e+00
2.354157e+00
2.291661e+00
2.333328e+00
2.270839e+00
2.270824e+00
2.354172e+00
2.354158e+00
2.291661e+00
2.333328e+00
2.270837e+00
2.270825e+00
2.354171e+00
2.354159e+00
2.291661e+00
2.333329e+00
2.270836e+00
2.270827e+00
2.354169e+00
2.354161e+00
2.291662e+00
2.333329e+00
2.270834e+00
2.270829e+00
2.354167e+00
2.354164e+00
2.291662e+00
2.333329e+00
2.270833e+00
2.270831e+00
2.229175e+00
2.229156e+00
2.166661e+00
2.208327e+00
2.145843e+00
2.145823e+00
2.229177e+00
2.229154e+00
2.166661e+00
2.208327e+00
2.145845e+00
2.145821e+00
2.229179e+00
2.229152e+00
2.166662e+00
2.208328e+00
2.145846e+00
2.145819e+00
2.229179e+00
2.229152e+00
2.166662e+00
2.208329e+00
2.145845e+00
2.145819e+00
2.229178e+00
2.229153e+00
2.166662e+00
2.208329e+00
2.145843e+00
2.145820e+00
2.229176e+00
2.229155e+00
2.166662e+00
2.208329e+00
2.145841e+00
2.145822e+00
2.229174e+00
2.229157e+00
2.166661e+00
2.208328e+00
2.145840e+00
2.145823e+00
2.229173e+00
2.229158e+00
2.166661e+00
2.208328e+00
2.145839e+00
2.145825e+00
2.229172e+00
2.229158e+00
2.166661e+00
2.208328e+00
2.145838e+00
2.145825e+00
2.229172e+00
2.229157e+00
2.166661e+00
2.208327e+00
2.145838e+00
2.145824e+00
2.229172e+00
2.229157e+00
2.166661e+00
2.208327e+00
2.145839e+00
2.145823e+00
2.229173e+00
2.229155e+00
2.166661e+00
2.208327e+00
2.145840e+00
2.145822e+00
2.229174e+00
2.229154e+00
2.166661e+00
2.208328e+00
2.145841e+00
2.145821e+00
2.229175e+00
2.229153e+00
2.166661e+00
2.208328e+00
2.145842e+00
2.145819e+00
2.229176e+00
2.229153e+00
2.166661e+00
2.208328e+00
2.145843e+00
2.145819e+00
2.229176e+00
2.229153e+00
2.166661e+00
2.208328e+00
2.145842e+00
2.145820e+00
2.229175e+00
2.229155e+00
2.166661e+00
2.208328e+00
2.145841e+00
2.145821e+00
2.229174e+00
2.229156e+00
2.166661e+00
2.208328e+00
2.145840e+00
2.145823e+00
2.229173e+00
2.229157e+00
2.166661e+00
2.208328e+00
2.145839e+00
2.145824e+00
2.229173e+00
2.229158e+00
2.166661e+00
2.208328e+00
2.145838e+00
2.145826e+00
2.229172e+00
2.229160e+00
2.166661e+00
2.208328e+00
2.145837e+00
2.145827e+00
2.229170e+00
2.229161e+00
2.166661e+00
2.208328e+00
2.145836e+00
2.145828e+00
2.229169e+00
2.229163e+00
2.166662e+00
2.208328e+00
2.145834e+00
2.145830e+00
2.229167e+00
2.229164e+00
2.166661e+00
2.208328e+00
2.145833e+00
2.145831e+00
2.104176e+00
2.104155e+00
2.041661e+00
2.083328e+00
2.020844e+00
2.020821e+00
2.104178e+00
2.104154e+00
2.041662e+00
2.083328e+00
2.020846e+00
2.020820e+00
2.104180e+00
2.104153e+00
2.041662e+00
2.083329e+00
2.020846e+00
2.020819e+00
2.104179e+00
2.104153e+00
2.041662e+00
2.083329e+00
2.020845e+00
2.020820e+00
2.104178e+00
2.104154e+00
2.041662e+00
2.083329e+00
2.020843e+00
2.020821e+00
2.104176e+00
2.104156e+00
2.041662e+00
2.083329e+00
2.020841e+00
2.020823e+00
2.104174e+00
2.104157e+00
2.041662e+00
2.083329e+00
2.020839e+00
2.020824e+00
2.104172e+00
2.104158e+00
2.041662e+00
2.083328e+00
2.020838e+00
2.020825e+00
2.104172e+00
2.104158e+00
2.041662e+00
2.083328e+00
2.020838e+00
2.020825e+00
2.104171e+00
2.104157e+00
2.041661e+00
2.083328e+00
2.020838e+00
2.020824e+00
2.104172e+00
2.104156e+00
2.041661e+00
2.083328e+00
2.020839e+00
2.020823e+00
2.104173e+00
2.104155e+00
2.041661e+00
2.083328e+00
2.020840e+00
2.020821e+00
2.104174e+00
2.104153e+00
2.041661e+00
2.083328e+00
2.020841e+00
2.020820e+00
2.104175e+00
2.104152e+00
2.041662e+00
2.083328e+00
2.020842e+00
2.020819e+00
2.104176e+00
2.104152e+00
2.041662e+00
2.083329e+00
2.020843e+00
2.020819e+00
2.104176e+00
2.104153e+00
2.041662e+00
2.083329e+00
2.020842e+00
2.020820e+00
2.104175e+00
2.104155e+00
2.041662e+00
2.083329e+00
2.020841e+00
2.020822e+00
2.104174e+00
2.104157e+00
2.041662e+00
2.083329e+00
2.020840e+00
2.020823e+00
2.104173e+00
2.104158e+00
2.041662e+00
2.083329e+00
2.020839e+00
2.020825e+00
2.104172e+00
2.104159e+00
2.041662e+00
2.083329e+00
2.020838e+00
2.020826e+00
2.104171e+00
2.104161e+00
2.041662e+00
2.083329e+00
2.020837e+00
2.020828e+00
2.104170e+00
2.104162e+00
2.041662e+00
2.083329e+00
2.020836e+00
2.020829e+00
2.104168e+00
2.104164e+00
2.041662e+00
2.083329e+00
2.020834e+00
2.020831e+00
2.104167e+00
2.104165e+00
2.041662e+00
2.083328e+00
2.020833e+00
2.020831e+00
1.979177e+00
1.979154e+00
1.916662e+00
1.958328e+00
1.895846e+00
1.895820e+00
1.979179e+00
1.979153e+00
1.916662e+00
1.958329e+00
1.895847e+00
1.895819e+00
1.979180e+00
1.979153e+00
1.916662e+00
1.958329e+00
1.895846e+00
1.895819e+00
1.979179e+00
1.979154e+00
1.916662e+00
1.958329e+00
1.895845e+00
1.895820e+00
1.979177e+00
1.979155e+00
1.916662e+00
1.958329e+00
1.895843e+00
1.895822e+00
1.979175e+00
1.979157e+00
1.916662e+00
1.958329e+00
1.895841e+00
1.895824e+00
1.979174e+00
1.979158e+00
1.916662e+00
1.958329e+00
1.895839e+00
1.895825e+00
1.979172e+00
1.979159e+00
1.916662e+00
1.958329e+00
1.895838e+00
1.895826e+00
1.979172e+00
1.979158e+00
1.916662e+00
1.958328e+00
1.895838e+00
1.895825e+00
1.979171e+00
1.979157e+00
1.916662e+00
1.958328e+00
1.895838e+00
1.895824e+00
1.979172e+00
1.979156e+00
1.916662e+00
1.958328e+00
1.895839e+00
1.895823e+00
1.979173e+00
1.979154e+00
1.916662e+00
1.958328e+00
1.895840e+00
1.895821e+00
1.979174e+00
1.979153e+00
1.916662e+00
1.958329e+00
1.895841e+00
1.895819e+00
1.979175e+00
1.979152e+00
1.916662e+00
1.958329e+00
1.895842e+00
1.895818e+00
1.979175e+00
1.979152e+00
1.916662e+00
1.958329e+00
1.895842e+00
1.895819e+00
1.979175e+00
1.979153e+00
1.916663e+00
1.958330e+00
1.895842e+00
1.895820e+00
1.979175e+00
1.979155e+00
1.916663e+00
1.958330e+00
1.895841e+00
1.895822e+00
1.979174e+00
1.979157e+00
1.916663e+00
1.958330e+00
1.895840e+00
1.895823e+00
1.979173e+00
1.979158e+00
1.916663e+00
1.958330e+00
1.895839e+00
1.895825e+00
1.979172e+00
1.979160e+00
1.916663e+00
1.958330e+00
1.895838e+00
1.895827e+00
1.979171e+00
1.979161e+00
1.916663e+00
1.958330e+00
1.895837e+00
1.895828e+00
1.979170e+00
1.979163e+00
1.916663e+00
1.958330e+00
1.895835e+00
1.895830e+00
1.979168e+00
1.979164e+00
1.916663e+00
1.958330e+00
1.895834e+00
1.895831e+00
1.979166e+00
1.979164e+00
1.916663e+00
1.958329e+00
1.895833e+00
1.895831e+00
1.854178e+00
1.854153e+00
1.791662e+00
1.833329e+00
1.770847e+00
1.770818e+00
1.854180e+00
1.854152e+00
1.791662e+00
1.833329e+00
1.770847e+00
1.770818e+00
1.854180e+00
1.854153e+00
1.791663e+00
1.833330e+00
1.770846e+00
1.770820e+00
1.854179e+00
1.854154e+00
1.791663e+00
1.833330e+00
1.770844e+00
1.770821e+00
1.854177e+00
1.854156e+00
1.791663e+00
1.833330e+00
1.770842e+00
1.770823e+00
1.854175e+00
1.854158e+00
1.791663e+00
1.833330e+00
1.770841e+00
1.770825e+00
1.854174e+00
1.854159e+00
1.791663e+00
1.833329e+00
1.770839e+00
1.770826e+00
1.854172e+00
1.854159e+00
1.791663e+00
1.833329e+00
1.770838e+00
1.770826e+00
1.854172e+00
1.854159e+00
1.791663e+00
1.833329e+00
1.770838e+00
1.770826e+00
1.854171e+00
1.854157e+00
1.791662e+00
1.833329e+00
1.770838e+00
1.770824e+00
1.854172e+00
1.854155e+00
1.791662e+00
1.833329e+00
1.770839e+00
1.770822e+00
1.854173e+00
1.854153e+00
1.791662e+00
1.833329e+00
1.770840e+00
1.770820e+00
1.854174e+00
1.854152e+00
1.791663e+00
1.833329e+00
1.770841e+00
1.770818e+00
1.854175e+00
1.854151e+00
1.791663e+00
1.833330e+00
1.770842e+00
1.770818e+00
1.854175e+00
1.854152e+00
1.791663e+00
1.833330e+00
1.770842e+00
1.770818e+00
1.854175e+00
1.854153e+00
1.791664e+00
1.833331e+00
1.770842e+00
1.770820e+00
1.854175e+00
1.854155e+00
1.791664e+00
1.833331e+00
1.770841e+00
1.770822e+00
1.854173e+00
1.854157e+00
1.791664e+00
1.833331e+00
1.770840e+00
1.770824e+00
1.854172e+00
1.854159e+00
1.791664e+00
1.833331e+00
1.770838e+00
1.770825e+00
1.854171e+00
1.854160e+00
1.791665e+00
1.833331e+00
1.770837e+00
1.770827e+00
1.854170e+00
1.854161e+00
1.791665e+00
1.833331e+00
1.770836e+00
1.770828e+00
1.854169e+00
1.854163e+00
1.791665e+00
1.833331e+00
1.770835e+00
1.770829e+00
1.854167e+00
1.854164e+00
1.791665e+00
1.833331e+00
1.770834e+00
1.770830e+00
1.854166e+00
1.854164e+00
1.791664e+00
1.833331e+00
1.770833e+00
1.770830e+00
1.729180e+00
1.729151e+00
1.666663e+00
1.708329e+00
1.645848e+00
1.645817e+00
1.729181e+00
1.729152e+00
1.666662e+00
1.708330e+00
1.645846e+00
1.645818e+00
1.729180e+00
1.729153e+00
1.666663e+00
1.708330e+00
1.645845e+00
1.645820e+00
1.729179e+00
1.729155e+00
1.666663e+00
1.708330e+00
1.645844e+00
1.645822e+00
1.729177e+00
1.729157e+00
1.666663e+00
1.708330e+00
1.645842e+00
1.645824e+00
1.729175e+00
1.729158e+00
1.666663e+00
1.708330e+00
1.645840e+00
1.645825e+00
1.729173e+00
1.729160e+00
1.666663e+00
1.708330e+00
1.645839e+00
1.645826e+00
1.729172e+00
1.729160e+00
1.666663e+00
1.708330e+00
1.645838e+00
1.645827e+00
1.729171e+00
1.729159e+00
1.666663e+00
1.708329e+00
1.645838e+00
1.645826e+00
1.729171e+00
1.729157e+00
1.666663e+00
1.708329e+00
1.645838e+00
1.645824e+00
1.729172e+00
1.729155e+00
1.666663e+00
1.708329e+00
1.645838e+00
1.645822e+00
1.729173e+00
1.729153e+00
1.666663e+00
1.708329e+00
1.645840e+00
1.645819e+00
1.729174e+00
1.729151e+00
1.666663e+00
1.708330e+00
1.645841e+00
1.645818e+00
1.729175e+00
1.729151e+00
1.666664e+00
1.708331e+00
1.645842e+00
1.645817e+00
1.729175e+00
1.729152e+00
1.666664e+00
1.708331e+00
1.645842e+00
1.645818e+00
1.729175e+00
1.729153e+00
1.666665e+00
1.708332e+00
1.645841e+00
1.645820e+00
1.729174e+00
1.729155e+00
1.666665e+00
1.708333e+00
1.645840e+00
1.645822e+00
1.729173e+00
1.729157e+00
1.666666e+00
1.708333e+00
1.645839e+00
1.645824e+00
1.729172e+00
1.729159e+00
1.666666e+00
1.708333e+00
1.645837e+00
1.645825e+00
1.729170e+00
1.729160e+00
1.666666e+00
1.708333e+00
1.645836e+00
1.645827e+00
1.729169e+00
1.729161e+00
1.666666e+00
1.708333e+00
1.645835e+00
1.645828e+00
1.729168e+00
1.729162e+00
1.666666e+00
1.708333e+00
1.645834e+00
1.645829e+00
1.729167e+00
1.729163e+00
1.666666e+00
1.708333e+00
1.645833e+00
1.645829e+00
1.729166e+00
1.729162e+00
1.666666e+00
1.708332e+00
1.645833e+00
1.645829e+00
1.604182e+00
1.604150e+00
1.541664e+00
1.583330e+00
1.520848e+00
1.520816e+00
1.604180e+00
1.604152e+00
1.541663e+00
1.583330e+00
1.520845e+00
1.520819e+00
1.604179e+00
1.604154e+00
1.541663e+00
1.583330e+00
1.520844e+00
1.520821e+00
1.604178e+00
1.604155e+00
1.541663e+00
1.583330e+00
1.520843e+00
1.520822e+00
1.604176e+00
1.604157e+00
1.541663e+00
1.583331e+00
1.520841e+00
1.520824e+00
1.604174e+00
1.604159e+00
1.541664e+00
1.583331e+00
1.520839e+00
1.520826e+00
1.604173e+00
1.604160e+00
1.541664e+00
1.583330e+00
1.520838e+00
1.520827e+00
1.604172e+00
1.604160e+00
1.541664e+00
1.583330e+00
1.520837e+00
1.520827e+00
1.604171e+00
1.604159e+00
1.541664e+00
1.583330e+00
1.520837e+00
1.520827e+00
1.604171e+00
1.604157e+00
1.541663e+00
1.583329e+00
1.520837e+00
1.520825e+00
1.604172e+00
1.604155e+00
1.541663e+00
1.583329e+00
1.520838e+00
1.520822e+00
1.604173e+00
1.604152e+00
1.541663e+00
1.583330e+00
1.520839e+00
1.520819e+00
1.604174e+00
1.604151e+00
1.541664e+00
1.583330e+00
1.520841e+00
1.520817e+00
1.604175e+00
1.604150e+00
1.541664e+00
1.583331e+00
1.520841e+00
1.520817e+00
1.604175e+00
1.604152e+00
1.541665e+00
1.583333e+00
1.520841e+00
1.520818e+00
1.604174e+00
1.604153e+00
1.541666e+00
1.583333e+00
1.520841e+00
1.520820e+00
1.604173e+00
1.604155e+00
1.541667e+00
1.583334e+00
1.520839e+00
1.520822e+00
1.604172e+00
1.604157e+00
1.541667e+00
1.583334e+00
1.520838e+00
1.520824e+00
1.604171e+00
1.604159e+00
1.541667e+00
1.583334e+00
1.520836e+00
1.520825e+00
1.604169e+00
1.604160e+00
1.541667e+00
1.583334e+00
1.520835e+00
1.520827e+00
1.604168e+00
1.604161e+00
1.541667e+00
1.583334e+00
1.520834e+00
1.520828e+00
1.604167e+00
1.604162e+00
1.541667e+00
1.583334e+00
1.520832e+00
1.520828e+00
1.604166e+00
1.604162e+00
1.541667e+00
1.583334e+00
1.520832e+00
1.520828e+00
1.604166e+00
1.604161e+00
1.541667e+00
1.583334e+00
1.520833e+00
1.520828e+00
1.479182e+00
1.479149e+00
1.416664e+00
1.458331e+00
1.395846e+00
1.395816e+00
1.479178e+00
1.479152e+00
1.416663e+00
1.458330e+00
1.395844e+00
1.395819e+00
1.479177e+00
1.479154e+00
1.416664e+00
1.458331e+00
1.395843e+00
1.395821e+00
1.479176e+00
1.479156e+00
1.416664e+00
1.458331e+00
1.395841e+00
1.395823e+00
1.479175e+00
1.479158e+00
1.416664e+00
1.458331e+00
1.395840e+00
1.395825e+00
1.479173e+00
1.479160e+00
1.416664e+00
1.458331e+00
1.395838e+00
1.395827e+00
1.479172e+00
1.479161e+00
1.416664e+00
1.458331e+00
1.395837e+00
1.395828e+00
1.479171e+00
1.479161e+00
1.416664e+00
1.458331e+00
1.395837e+00
1.395828e+00
1.479171e+00
1.479160e+00
1.416664e+00
1.458330e+00
1.395837e+00
1.395827e+00
1.479171e+00
1.479157e+00
1.416664e+00
1.458330e+00
1.395837e+00
1.395825e+00
1.479171e+00
1.479155e+00
1.416664e+00
1.458330e+00
1.395838e+00
1.395822e+00
1.479172e+00
1.479152e+00
1.416664e+00
1.458330e+00
1.395839e+00
1.395819e+00
1.479174e+00
1.479150e+00
1.416664e+00
1.458331e+00
1.395840e+00
1.395817e+00
1.479174e+00
1.479150e+00
1.416665e+00
1.458332e+00
1.395841e+00
1.395816e+00
1.479174e+00
1.479151e+00
1.416666e+00
1.458334e+00
1.395841e+00
1.395818e+00
1.479174e+00
1.479153e+00
1.416667e+00
1.458335e+00
1.395840e+00
1.395820e+00
1.479173e+00
1.479155e+00
1.416668e+00
1.458335e+00
1.395838e+00
1.395822e+00
1.479171e+00
1.479157e+00
1.416668e+00
1.458335e+00
1.395837e+00
1.395824e+00
1.479170e+00
1.479159e+00
1.416668e+00
1.458335e+00
1.395835e+00
1.395825e+00
1.479168e+00
1.479160e+00
1.416668e+00
1.458335e+00
1.395834e+00
1.395827e+00
1.479167e+00
1.479161e+00
1.416668e+00
1.458335e+00
1.395832e+00
1.395828e+00
1.479166e+00
1.479161e+00
1.416668e+00
1.458335e+00
1.395831e+00
1.395828e+00
1.479165e+00
1.479161e+00
1.416668e+00
1.458334e+00
1.395831e+00
1.395828e+00
1.479165e+00
1.479161e+00
1.416668e+00
1.458335e+00
1.395832e+00
1.395828e+00
1.354181e+00
1.354149e+00
1.291665e+00
1.333332e+00
1.270845e+00
1.270816e+00
1.354177e+00
1.354152e+00
1.291664e+00
1.333331e+00
1.270843e+00
1.270819e+00
1.354176e+00
1.354154e+00
1.291664e+00
1.333331e+00
1.270842e+00
1.270821e+00
1.354175e+00
1.354157e+00
1.291664e+00
1.333331e+00
1.270840e+00
1.270823e+00
1.354173e+00
1.354159e+00
1.291664e+00
1.333331e+00
1.270838e+00
1.270826e+00
1.354172e+00
1.354160e+00
1.291665e+00
1.333331e+00
1.270837e+00
1.270827e+00
1.354171e+00
1.354161e+00
1.291665e+00
1.333331e+00
1.270836e+00
1.270828e+00
1.354170e+00
1.354161e+00
1.291665e+00
1.333331e+00
1.270836e+00
1.270828e+00
1.354170e+00
1.354160e+00
1.291665e+00
1.333331e+00
1.270836e+00
1.270827e+00
1.354170e+00
1.354158e+00
1.291664e+00
1.333330e+00
1.270836e+00
1.270825e+00
1.354171e+00
1.354154e+00
1.291664e+00
1.333330e+00
1.270837e+00
1.270822e+00
1.354172e+00
1.354151e+00
1.291664e+00
1.333331e+00
1.270839e+00
1.270819e+00
1.354173e+00
1.354150e+00
1.291665e+00
1.333332e+00
1.270840e+00
1.270817e+00
1.354174e+00
1.354150e+00
1.291666e+00
1.333333e+00
1.270840e+00
1.270816e+00
1.354174e+00
1.354151e+00
1.291667e+00
1.333335e+00
1.270840e+00
1.270818e+00
1.354173e+00
1.354153e+00
1.291668e+00
1.333336e+00
1.270839e+00
1.270820e+00
1.354172e+00
1.354155e+00
1.291669e+00
1.333336e+00
1.270837e+00
1.270822e+00
1.354170e+00
1.354157e+00
1.291669e+00
1.333336e+00
1.270835e+00
1.270824e+00
1.354169e+00
1.354159e+00
1.291669e+00
1.333336e+00
1.270834e+00
1.270826e+00
1.354167e+00
1.354160e+00
1.291669e+00
1.333336e+00
1.270832e+00
1.270827e+00
1.354166e+00
1.354161e+00
1.291669e+00
1.333336e+00
1.270831e+00
1.270827e+00
1.354164e+00
1.354161e+00
1.291669e+00
1.333336e+00
1.270830e+00
1.270828e+00
1.354164e+00
1.354161e+00
1.291669e+00
1.333335e+00
1.270830e+00
1.270828e+00
1.354164e+00
1.354161e+00
1.291669e+00
1.333336e+00
1.270831e+00
1.270828e+00
1.229180e+00
1.229150e+00
1.166666e+00
1.208332e+00
1.145843e+00
1.145817e+00
1.229176e+00
1.229152e+00
1.166665e+00
1.208332e+00
1.145842e+00
1.145819e+00
1.229175e+00
1.229154e+00
1.166664e+00
1.208332e+00
1.145840e+00
1.145821e+00
1.229173e+00
1.229157e+00
1.166665e+00
1.208332e+00
1.145838e+00
1.145824e+00
1.229171e+00
1.229159e+00
1.166665e+00
1.208332e+00
1.145836e+00
1.145826e+00
1.229170e+00
1.229161e+00
1.166665e+00
1.208332e+00
1.145836e+00
1.145828e+00
1.229169e+00
1.229161e+00
1.166665e+00
1.208332e+00
1.145835e+00
1.145829e+00
1.229169e+00
1.229161e+00
1.166665e+00
1.208332e+00
1.145835e+00
1.145829e+00
1.229169e+00
1.229160e+00
1.166665e+00
1.208331e+00
1.145835e+00
1.145828e+00
1.229170e+00
1.229158e+00
1.166665e+00
1.208331e+00
1.145836e+00
1.145825e+00
1.229171e+00
1.229155e+00
1.166665e+00
1.208331e+00
1.145837e+00
1.145822e+00
1.229172e+00
1.229151e+00
1.166665e+00
1.208331e+00
1.145838e+00
1.145819e+00
1.229173e+00
1.229150e+00
1.166666e+00
1.208333e+00
1.145839e+00
1.145817e+00
1.229173e+00
1.229150e+00
1.166667e+00
1.208334e+00
1.145840e+00
1.145816e+00
1.229173e+00
1.229151e+00
1.166668e+00
1.208336e+00
1.145839e+00
1.145818e+00
1.229172e+00
1.229154e+00
1.166669e+00
1.208337e+00
1.145837e+00
1.145820e+00
1.229171e+00
1.229156e+00
1.166670e+00
1.208337e+00
1.145836e+00
1.145822e+00
1.229169e+00
1.229157e+00
1.166670e+00
1.208337e+00
1.145834e+00
1.145824e+00
1.229167e+00
1.229159e+00
1.166670e+00
1.208337e+00
1.145832e+00
1.145826e+00
1.229166e+00
1.229160e+00
1.166670e+00
1.208337e+00
1.145831e+00
1.145827e+00
1.229164e+00
1.229161e+00
1.166670e+00
1.208337e+00
1.145830e+00
1.145828e+00
1.229163e+00
1.229161e+00
1.166670e+00
1.208336e+00
1.145829e+00
1.145828e+00
1.229163e+00
1.229160e+00
1.166670e+00
1.208336e+00
1.145829e+00
1.145827e+00
1.229163e+00
1.229161e+00
1.166670e+00
1.208337e+00
1.145830e+00
1.145827e+00
1.104178e+00
1.104150e+00
1.041666e+00
1.083332e+00
1.020843e+00
1.020817e+00
1.104175e+00
1.104152e+00
1.041666e+00
1.083332e+00
1.020842e+00
1.020819e+00
1.104174e+00
1.104155e+00
1.041665e+00
1.083332e+00
1.020838e+00
1.020822e+00
1.104172e+00
1.104158e+00
1.041665e+00
1.083332e+00
1.020836e+00
1.020825e+00
1.104170e+00
1.104160e+00
1.041665e+00
1.083332e+00
1.020835e+00
1.020827e+00
1.104169e+00
1.104161e+00
1.041666e+00
1.083332e+00
1.020834e+00
1.020829e+00
1.104168e+00
1.104162e+00
1.041666e+00
1.083332e+00
1.020834e+00
1.020829e+00
1.104168e+00
1.104162e+00
1.041666e+00
1.083332e+00
1.020834e+00
1.020829e+00
1.104168e+00
1.104161e+00
1.041666e+00
1.083332e+00
1.020834e+00
1.020828e+00
1.104169e+00
1.104158e+00
1.041666e+00
1.083331e+00
1.020835e+00
1.020826e+00
1.104170e+00
1.104155e+00
1.041665e+00
1.083331e+00
1.020836e+00
1.020822e+00
1.104171e+00
1.104152e+00
1.041666e+00
1.083332e+00
1.020838e+00
1.020819e+00
1.104172e+00
1.104150e+00
1.041666e+00
1.083333e+00
1.020839e+00
1.020817e+00
1.104173e+00
1.104150e+00
1.041667e+00
1.083335e+00
1.020839e+00
1.020817e+00
1.104172e+00
1.104152e+00
1.041669e+00
1.083336e+00
1.020838e+00
1.020818e+00
1.104171e+00
1.104154e+00
1.041670e+00
1.083337e+00
1.020836e+00
1.020821e+00
1.104169e+00
1.104156e+00
1.041671e+00
1.083338e+00
1.020834e+00
1.020823e+00
1.104167e+00
1.104158e+00
1.041671e+00
1.083338e+00
1.020832e+00
1.020825e+00
1.104166e+00
1.104159e+00
1.041671e+00
1.083338e+00
1.020831e+00
1.020826e+00
1.104164e+00
1.104160e+00
1.041671e+00
1.083338e+00
1.020829e+00
1.020827e+00
1.104163e+00
1.104161e+00
1.041671e+00
1.083338e+00
1.020828e+00
1.020828e+00
1.104162e+00
1.104161e+00
1.041671e+00
1.083337e+00
1.020828e+00
1.020828e+00
1.104162e+00
1.104160e+00
1.041671e+00
1.083337e+00
1.020828e+00
1.020827e+00
1.104162e+00
1.104160e+00
1.041671e+00
1.083338e+00
1.020830e+00
1.020826e+00
9.791775e-01
9.791502e-01
9.166666e-01
9.583329e-01
8.958420e-01
8.958167e-01
9.791751e-01
9.791520e-01
9.166663e-01
9.583328e-01
8.958405e-01
8.958192e-01
9.791726e-01
9.791557e-01
9.166652e-01
9.583327e-01
8.958366e-01
8.958229e-01
9.791698e-01
9.791588e-01
9.166656e-01
9.583327e-01
8.958345e-01
8.958262e-01
9.791681e-01
9.791608e-01
9.166658e-01
9.583328e-01
8.958335e-01
8.958281e-01
9.791673e-01
9.791619e-01
9.166660e-01
9.583328e-01
8.958331e-01
8.958291e-01
9.791670e-01
9.791623e-01
9.166661e-01
9.583328e-01
8.958330e-01
8.958295e-01
9.791671e-01
9.791621e-01
9.166662e-01
9.583326e-01
8.958331e-01
8.958293e-01
9.791674e-01
9.791609e-01
9.166662e-01
9.583323e-01
8.958335e-01
8.958283e-01
9.791681e-01
9.791586e-01
9.166661e-01
9.583319e-01
8.958342e-01
8.958262e-01
9.791693e-01
9.791553e-01
9.166660e-01
9.583319e-01
8.958353e-01
8.958230e-01
9.791707e-01
9.791519e-01
9.166663e-01
9.583327e-01
8.958369e-01
8.958195e-01
9.791718e-01
9.791500e-01
9.166671e-01
9.583341e-01
8.958378e-01
8.958173e-01
9.791719e-01
9.791502e-01
9.166682e-01
9.583358e-01
8.958376e-01
8.958172e-01
9.791711e-01
9.791521e-01
9.166694e-01
9.583372e-01
8.958364e-01
8.958189e-01
9.791696e-01
9.791545e-01
9.166705e-01
9.583381e-01
8.958345e-01
8.958214e-01
9.791677e-01
9.791567e-01
9.166712e-01
9.583385e-01
8.958324e-01
8.958238e-01
9.791658e-01
9.791585e-01
9.166716e-01
9.583386e-01
8.958306e-01
8.958257e-01
9.791641e-01
9.791597e-01
9.166717e-01
9.583386e-01
8.958290e-01
8.958270e-01
9.791627e-01
9.791606e-01
9.166717e-01
9.583384e-01
8.958279e-01
8.958278e-01
9.791616e-01
9.791610e-01
9.166716e-01
9.583382e-01
8.958271e-01
8.958282e-01
9.791609e-01
9.791607e-01
9.166715e-01
9.583379e-01
8.958269e-01
8.958279e-01
9.791613e-01
9.791600e-01
9.166717e-01
9.583384e-01
8.958280e-01
8.958269e-01
9.791614e-01
9.791592e-01
9.166717e-01
9.583387e-01
8.958307e-01
8.958251e-01
8.541773e-01
8.541502e-01
7.916669e-01
8.333333e-01
7.708405e-01
7.708178e-01
8.541742e-01
8.541529e-01
7.916668e-01
8.333333e-01
7.708388e-01
7.708207e-01
8.541709e-01
8.541572e-01
7.916656e-01
8.333331e-01
7.708347e-01
7.708247e-01
8.541681e-01
8.541600e-01
7.916661e-01
8.333331e-01
7.708331e-01
7.708275e-01
8.541668e-01
8.541616e-01
7.916663e-01
8.333331e-01
7.708325e-01
7.708288e-01
8.541662e-01
8.541624e-01
7.916664e-01
8.333331e-01
7.708323e-01
7.708296e-01
8.541661e-01
8.541627e-01
7.916665e-01
8.333331e-01
7.708323e-01
7.708299e-01
8.541662e-01
8.541625e-01
7.916665e-01
8.333330e-01
7.708325e-01
7.708297e-01
8.541667e-01
8.541614e-01
7.916665e-01
8.333327e-01
7.708328e-01
7.708288e-01
8.541674e-01
8.541592e-01
7.916664e-01
8.333324e-01
7.708335e-01
7.708268e-01
8.541686e-01
8.541559e-01
7.916665e-01
8.333324e-01
7.708346e-01
7.708237e-01
8.541701e-01
8.541525e-01
7.916669e-01
8.333333e-01
7.708362e-01
7.708202e-01
8.541711e-01
8.541506e-01
7.916677e-01
8.333348e-01
7.708370e-01
7.708181e-01
8.541711e-01
8.541509e-01
7.916688e-01
8.333364e-01
7.708365e-01
7.708181e-01
8.541700e-01
8.541529e-01
7.916701e-01
8.333378e-01
7.708351e-01
7.708199e-01
8.541683e-01
8.541553e-01
7.916711e-01
8.333386e-01
7.708331e-01
7.708225e-01
8.541663e-01
8.541576e-01
7.916717e-01
8.333390e-01
7.708310e-01
7.708248e-01
8.541644e-01
8.541593e-01
7.916720e-01
8.333390e-01
7.708292e-01
7.708266e-01
8.541627e-01
8.541605e-01
7.916721e-01
8.333389e-01
7.708279e-01
7.708278e-01
8.541615e-01
8.541613e-01
7.916721e-01
8.333388e-01
7.708269e-01
7.708285e-01
8.541605e-01
8.541616e-01
7.916720e-01
8.333385e-01
7.708263e-01
7.708288e-01
8.541601e-01
8.541610e-01
7.916719e-01
8.333382e-01
7.708262e-01
7.708285e-01
8.541609e-01
8.541600e-01
7.916722e-01
8.333389e-01
7.708276e-01
7.708273e-01
8.541617e-01
8.541578e-01
7.916723e-01
8.333394e-01
7.708298e-01
7.708249e-01
7.291761e-01
7.291521e-01
6.666671e-01
7.083333e-01
6.458385e-01
6.458204e-01
7.291730e-01
7.291548e-01
6.666669e-01
7.083334e-01
6.458367e-01
6.458230e-01
7.291691e-01
7.291591e-01
6.666658e-01
7.083331e-01
6.458332e-01
6.458268e-01
7.291668e-01
7.291613e-01
6.666663e-01
7.083332e-01
6.458323e-01
6.458288e-01
7.291659e-01
7.291624e-01
6.666665e-01
7.083333e-01
6.458320e-01
6.458296e-01
7.291656e-01
7.291630e-01
6.666666e-01
7.083333e-01
6.458319e-01
6.458301e-01
7.291655e-01
7.291633e-01
6.666666e-01
7.083332e-01
6.458319e-01
6.458304e-01
7.291657e-01
7.291630e-01
6.666667e-01
7.083331e-01
6.458321e-01
6.458302e-01
7.291661e-01
7.291620e-01
6.666667e-01
7.083329e-01
6.458324e-01
6.458294e-01
7.291669e-01
7.291599e-01
6.666667e-01
7.083326e-01
6.458329e-01
6.458276e-01
7.291681e-01
7.291568e-01
6.666668e-01
7.083328e-01
6.458340e-01
6.458246e-01
7.291695e-01
7.291534e-01
6.666673e-01
7.083338e-01
6.458355e-01
6.458212e-01
7.291705e-01
7.291515e-01
6.666682e-01
7.083353e-01
6.458361e-01
6.458191e-01
7.291702e-01
7.291519e-01
6.666693e-01
7.083370e-01
6.458354e-01
6.458193e-01
7.291689e-01
7.291540e-01
6.666706e-01
7.083383e-01
6.458337e-01
6.458213e-01
7.291670e-01
7.291565e-01
6.666715e-01
7.083390e-01
6.458317e-01
6.458238e-01
7.291650e-01
7.291587e-01
6.666721e-01
7.083392e-01
6.458298e-01
6.458260e-01
7.291631e-01
7.291604e-01
6.666723e-01
7.083392e-01
6.458282e-01
6.458277e-01
7.291616e-01
7.291615e-01
6.666724e-01
7.083391e-01
6.458270e-01
6.458288e-01
7.291605e-01
7.291621e-01
6.666723e-01
7.083389e-01
6.458262e-01
6.458294e-01
7.291598e-01
7.291624e-01
6.666722e-01
7.083386e-01
6.458257e-01
6.458297e-01
7.291595e-01
7.291618e-01
6.666720e-01
7.083383e-01
6.458256e-01
6.458294e-01
7.291605e-01
7.291605e-01
6.666723e-01
7.083390e-01
6.458271e-01
6.458282e-01
7.291617e-01
7.291584e-01
6.666724e-01
7.083394e-01
6.458280e-01
6.458266e-01
6.041740e-01
6.041551e-01
5.416668e-01
5.833329e-01
5.208360e-01
5.208244e-01
6.041713e-01
6.041575e-01
5.416666e-01
5.833332e-01
5.208348e-01
5.208259e-01
6.041675e-01
6.041612e-01
5.416658e-01
5.833329e-01
5.208322e-01
5.208290e-01
6.041660e-01
6.041626e-01
5.416663e-01
5.833331e-01
5.208320e-01
5.208300e-01
6.041655e-01
6.041633e-01
5.416665e-01
5.833332e-01
5.208319e-01
5.208304e-01
6.041653e-01
6.041637e-01
5.416665e-01
5.833332e-01
5.208318e-01
5.208307e-01
6.041653e-01
6.041639e-01
5.416666e-01
5.833332e-01
5.208318e-01
5.208309e-01
6.041655e-01
6.041636e-01
5.416666e-01
5.833331e-01
5.208319e-01
5.208308e-01
6.041658e-01
6.041627e-01
5.416667e-01
5.833330e-01
5.208321e-01
5.208301e-01
6.041665e-01
6.041609e-01
5.416667e-01
5.833328e-01
5.208325e-01
5.208285e-01
6.041676e-01
6.041578e-01
5.416669e-01
5.833330e-01
5.208335e-01
5.208257e-01
6.041690e-01
6.041545e-01
5.416676e-01
5.833342e-01
5.208348e-01
5.208223e-01
6.041699e-01
6.041526e-01
5.416686e-01
5.833358e-01
5.208352e-01
5.208204e-01
6.041693e-01
6.041533e-01
5.416697e-01
5.833374e-01
5.208340e-01
5.208209e-01
6.041677e-01
6.041554e-01
5.416710e-01
5.833386e-01
5.208323e-01
5.208229e-01
6.041657e-01
6.041579e-01
5.416719e-01
5.833393e-01
5.208304e-01
5.208254e-01
6.041637e-01
6.041600e-01
5.416724e-01
5.833395e-01
5.208287e-01
5.208274e-01
6.041620e-01
6.041615e-01
5.416726e-01
5.833394e-01
5.208274e-01
5.208289e-01
6.041608e-01
6.041625e-01
5.416726e-01
5.833392e-01
5.208264e-01
5.208298e-01
6.041599e-01
6.041631e-01
5.416725e-01
5.833389e-01
5.208258e-01
5.208304e-01
6.041593e-01
6.041633e-01
5.416723e-01
5.833387e-01
5.208254e-01
5.208307e-01
6.041591e-01
6.041629e-01
5.416721e-01
5.833384e-01
5.208250e-01
5.208306e-01
6.041600e-01
6.041615e-01
5.416724e-01
5.833391e-01
5.208261e-01
5.208297e-01
6.041606e-01
6.041607e-01
5.416723e-01
5.833396e-01
5.208254e-01
5.208296e-01
4.791713e-01
4.791591e-01
4.166664e-01
4.583324e-01
3.958339e-01
3.958285e-01
4.791694e-01
4.791605e-01
4.166662e-01
4.583328e-01
3.958334e-01
3.958287e-01
4.791663e-01
4.791633e-01
4.166657e-01
4.583326e-01
3.958318e-01
3.958309e-01
4.791656e-01
4.791638e-01
4.166662e-01
4.583328e-01
3.958321e-01
3.958311e-01
4.791655e-01
4.791641e-01
4.166663e-01
4.583330e-01
3.958321e-01
3.958312e-01
4.791654e-01
4.791644e-01
4.166664e-01
4.583330e-01
3.958320e-01
3.958314e-01
4.791654e-01
4.791645e-01
4.166664e-01
4.583331e-01
3.958320e-01
3.958316e-01
4.791655e-01
4.791643e-01
4.166665e-01
4.583330e-01
3.958320e-01
3.958315e-01
4.791657e-01
4.791636e-01
4.166665e-01
4.583329e-01
3.958320e-01
3.958310e-01
4.791663e-01
4.791619e-01
4.166667e-01
4.583328e-01
3.958322e-01
3.958296e-01
4.791672e-01
4.791591e-01
4.166670e-01
4.583332e-01
3.958329e-01
3.958271e-01
4.791686e-01
4.791558e-01
4.166678e-01
4.583345e-01
3.958339e-01
3.958239e-01
4.791692e-01
4.791540e-01
4.166690e-01
4.583363e-01
3.958340e-01
3.958220e-01
4.791681e-01
4.791549e-01
4.166703e-01
4.583380e-01
3.958324e-01
3.958229e-01
4.791663e-01
4.791571e-01
4.166716e-01
4.583391e-01
3.958308e-01
3.958249e-01
4.791643e-01
4.791594e-01
4.166725e-01
4.583397e-01
3.958290e-01
3.958271e-01
4.791625e-01
4.791612e-01
4.166729e-01
4.583398e-01
3.958276e-01
3.958288e-01
4.791611e-01
4.791626e-01
4.166730e-01
4.583397e-01
3.958266e-01
3.958300e-01
4.791600e-01
4.791634e-01
4.166730e-01
4.583395e-01
3.958259e-01
3.958308e-01
4.791593e-01
4.791640e-01
4.166728e-01
4.583393e-01
3.958255e-01
3.958313e-01
4.791588e-01
4.791643e-01
4.166726e-01
4.583391e-01
3.958250e-01
3.958316e-01
4.791586e-01
4.791640e-01
4.166725e-01
4.583388e-01
3.958244e-01
3.958318e-01
4.791591e-01
4.791630e-01
4.166727e-01
4.583396e-01
3.958248e-01
3.958312e-01
4.791587e-01
4.791637e-01
4.166726e-01
4.583401e-01
3.958241e-01
3.958319e-01
3.541684e-01
3.541626e-01
2.916663e-01
3.333322e-01
2.708328e-01
2.708313e-01
3.541677e-01
3.541631e-01
2.916661e-01
3.333327e-01
2.708326e-01
2.708309e-01
3.541655e-01
3.541649e-01
2.916658e-01
3.333325e-01
2.708320e-01
2.708322e-01
3.541657e-01
3.541647e-01
2.916662e-01
3.333327e-01
2.708325e-01
2.708319e-01
3.541658e-01
3.541649e-01
2.916662e-01
3.333329e-01
2.708325e-01
2.708320e-01
3.541657e-01
3.541651e-01
2.916663e-01
3.333329e-01
2.708324e-01
2.708321e-01
3.541657e-01
3.541652e-01
2.916663e-01
3.333329e-01
2.708323e-01
2.708322e-01
3.541657e-01
3.541651e-01
2.916664e-01
3.333329e-01
2.708322e-01
2.708322e-01
3.541658e-01
3.541645e-01
2.916664e-01
3.333329e-01
2.708321e-01
2.708319e-01
3.541661e-01
3.541632e-01
2.916666e-01
3.333329e-01
2.708321e-01
2.708308e-01
3.541669e-01
3.541606e-01
2.916671e-01
3.333335e-01
2.708323e-01
2.708288e-01
3.541680e-01
3.541575e-01
2.916681e-01
3.333349e-01
2.708326e-01
2.708259e-01
3.541682e-01
3.541559e-01
2.916695e-01
3.333370e-01
2.708321e-01
2.708244e-01
3.541666e-01
3.541570e-01
2.916711e-01
3.333387e-01
2.708305e-01
2.708255e-01
3.541647e-01
3.541589e-01
2.916725e-01
3.333398e-01
2.708290e-01
2.708271e-01
3.541628e-01
3.541610e-01
2.916733e-01
3.333403e-01
2.708276e-01
2.708289e-01
3.541613e-01
3.541625e-01
2.916736e-01
3.333404e-01
2.708266e-01
2.708302e-01
3.541601e-01
3.541636e-01
2.916737e-01
3.333403e-01
2.708259e-01
2.708311e-01
3.541594e-01
3.541643e-01
2.916736e-01
3.333401e-01
2.708255e-01
2.708317e-01
3.541588e-01
3.541647e-01
2.916735e-01
3.333399e-01
2.708252e-01
2.708320e-01
3.541584e-01
3.541651e-01
2.916733e-01
3.333397e-01
2.708247e-01
2.708324e-01
3.541580e-01
3.541652e-01
2.916731e-01
3.333395e-01
2.708241e-01
2.708328e-01
3.541581e-01
3.541647e-01
2.916733e-01
3.333401e-01
2.708242e-01
2.708324e-01
3.541573e-01
3.541657e-01
2.916732e-01
3.333404e-01
2.708238e-01
2.708331e-01
2.291666e-01
2.291651e-01
1.666665e-01
2.083324e-01
1.458324e-01
1.458331e-01
2.291668e-01
2.291650e-01
1.666663e-01
2.083328e-01
1.458325e-01
1.458325e-01
2.291653e-01
2.291658e-01
1.666662e-01
2.083327e-01
1.458326e-01
1.458328e-01
2.291660e-01
2.291655e-01
1.666663e-01
2.083329e-01
1.458329e-01
1.458326e-01
2.291661e-01
2.291656e-01
1.666663e-01
2.083329e-01
1.458329e-01
1.458326e-01
2.291660e-01
2.291657e-01
1.666664e-01
2.083329e-01
1.458328e-01
1.458327e-01
2.291660e-01
2.291658e-01
1.666664e-01
2.083330e-01
1.458327e-01
1.458328e-01
2.291659e-01
2.291658e-01
1.666664e-01
2.083330e-01
1.458326e-01
1.458328e-01
2.291659e-01
2.291655e-01
1.666664e-01
2.083329e-01
1.458324e-01
1.458327e-01
2.291661e-01
2.291644e-01
1.666666e-01
2.083331e-01
1.458320e-01
1.458320e-01
2.291665e-01
2.291624e-01
1.666671e-01
2.083337e-01
1.458316e-01
1.458306e-01
2.291672e-01
2.291598e-01
1.666683e-01
2.083354e-01
1.458307e-01
1.458287e-01
2.291666e-01
2.291586e-01
1.666701e-01
2.083378e-01
1.458295e-01
1.458279e-01
2.291647e-01
2.291596e-01
1.666722e-01
2.083396e-01
1.458282e-01
1.458286e-01
2.291628e-01
2.291610e-01
1.666736e-01
2.083407e-01
1.458270e-01
1.458297e-01
2.291612e-01
2.291627e-01
1.666743e-01
2.083411e-01
1.458262e-01
1.458308e-01
2.291601e-01
2.291638e-01
1.666745e-01
2.083411e-01
1.458257e-01
1.458316e-01
2.291593e-01
2.291646e-01
1.666745e-01
2.083410e-01
1.458254e-01
1.458321e-01
2.291588e-01
2.291651e-01
1.666744e-01
2.083408e-01
1.458251e-01
1.458324e-01
2.291584e-01
2.291655e-01
1.666742e-01
2.083407e-01
1.458250e-01
1.458327e-01
2.291581e-01
2.291659e-01
1.666741e-01
2.083405e-01
1.458247e-01
1.458330e-01
2.291577e-01
2.291662e-01
1.666739e-01
2.083403e-01
1.458241e-01
1.458334e-01
2.291576e-01
2.291658e-01
1.666740e-01
2.083409e-01
1.458243e-01
1.458330e-01
2.291569e-01
2.291665e-01
1.666740e-01
2.083408e-01
1.458245e-01
1.458333e-01
1.041657e-01
1.041666e-01
4.166701e-02
8.333297e-02
2.083273e-02
2.083381e-02
1.041663e-01
1.041663e-01
4.166666e-02
8.333313e-02
2.083315e-02
2.083348e-02
1.041659e-01
1.041663e-01
4.166670e-02
8.333320e-02
2.083326e-02
2.083295e-02
1.041664e-01
1.041661e-01
4.166664e-02
8.333315e-02
2.083325e-02
2.083318e-02
1.041664e-01
1.041662e-01
4.166660e-02
8.333315e-02
2.083325e-02
2.083320e-02
1.041664e-01
1.041663e-01
4.166659e-02
8.333315e-02
2.083323e-02
2.083323e-02
1.041663e-01
1.041663e-01
4.166659e-02
8.333316e-02
2.083319e-02
2.083326e-02
1.041662e-01
1.041664e-01
4.166661e-02
8.333318e-02
2.083311e-02
2.083328e-02
1.041662e-01
1.041663e-01
4.166665e-02
8.333321e-02
2.083292e-02
2.083329e-02
1.041662e-01
1.041657e-01
4.166679e-02
8.333342e-02
2.083237e-02
2.083316e-02
1.041662e-01
1.041646e-01
4.166729e-02
8.333414e-02
2.083132e-02
2.083283e-02
1.041661e-01
1.041630e-01
4.166850e-02
8.333612e-02
2.082843e-02
2.083239e-02
1.041643e-01
1.041623e-01
4.167113e-02
8.333880e-02
2.082711e-02
2.083249e-02
1.041625e-01
1.041628e-01
4.167331e-02
8.334051e-02
2.082601e-02
2.083252e-02
1.041610e-01
1.041637e-01
4.167449e-02
8.334135e-02
2.082550e-02
2.083266e-02
1.041598e-01
1.041646e-01
4.167496e-02
8.334154e-02
2.082528e-02
2.083278e-02
1.041592e-01
1.041652e-01
4.167499e-02
8.334151e-02
2.082519e-02
2.083294e-02
1.041588e-01
1.041657e-01
4.167493e-02
8.334142e-02
2.082515e-02
2.083306e-02
1.041585e-01
1.041659e-01
4.167484e-02
8.334132e-02
2.082515e-02
2.083316e-02
1.041584e-01
1.041662e-01
4.167475e-02
8.334123e-02
2.082516e-02
2.083323e-02
1.041581e-01
1.041665e-01
4.167464e-02
8.334121e-02
2.082486e-02
2.083337e-02
1.041578e-01
1.041669e-01
4.167453e-02
8.334092e-02
2.082528e-02
2.083360e-02
1.041579e-01
1.041664e-01
4.167450e-02
8.334128e-02
2.082534e-02
2.083294e-02
1.041577e-01
1.041668e-01
4.167452e-02
6.250780e-02
1.249911e-01
0.000000e+00
