1.000000e+00
3.000000e-01
1.000000e+00 0.000000e+00
taylor-hood
rect_fit
2.450000e-01 0.000000e+00
2.450000e-01 0.000000e+00
2.450000e-01 0.000000e+00
2.450000e-01 0.000000e+00
0.000000e+00 0.000000e+00
0.000000e+00 0.000000e+00
0.000000e+00 0.000000e+00
0.000000e+00 0.000000e+00
2.450000e-01 -3.678651e-14
2.450000e-01 -8.859889e-14
2.450000e-01 -1.102009e-13
2.450000e-01 -1.391162e-13
2.450000e-01 -1.846279e-13
2.450000e-01 -2.538369e-13
2.450000e-01 -2.881600e-13
2.450000e-01 -2.832481e-13
2.450000e-01 -2.752419e-13
2.450000e-01 -2.690250e-13
2.450000e-01 -2.551631e-13
2.450000e-01 -2.402641e-13
2.450000e-01 -2.169825e-13
2.450000e-01 -1.997202e-13
2.450000e-01 -1.731620e-13
2.450000e-01 -1.418172e-13
2.450000e-01 -1.279645e-13
2.450000e-01 -5.214563e-14
2.450000e-01 -3.941659e-14
2.450000e-01 3.838874e-15
2.450000e-01 -2.790548e-14
2.450000e-01 -3.223302e-14
2.450000e-01 -1.269260e-14
2.450000e-01 -7.051907e-14
2.450000e-01 -9.640555e-14
2.450000e-01 -1.248417e-13
2.450000e-01 -1.519846e-13
2.450000e-01 -2.240609e-13
2.450000e-01 -2.826807e-13
2.450000e-01 -2.870245e-13
2.450000e-01 -2.820296e-13
2.450000e-01 -2.749892e-13
2.450000e-01 -2.644085e-13
2.450000e-01 -2.501375e-13
2.450000e-01 -2.319262e-13
2.450000e-01 -2.119576e-13
2.450000e-01 -1.890051e-13
2.450000e-01 -1.608710e-13
2.450000e-01 -1.136252e-13
2.450000e-01 -1.082453e-13
2.450000e-01 -4.819964e-14
2.450000e-01 -2.236627e-14
2.450000e-01 5.218451e-15
2.450000e-01 -4.147550e-14
2.450000e-01 -2.568340e-14
2.450000e-01 0.000000e+00
2.450000e-01 0.000000e+00
2.450000e-01 0.000000e+00
2.450000e-01 0.000000e+00
2.450000e-01 0.000000e+00
2.450000e-01 0.000000e+00
2.450000e-01 0.000000e+00
2.450000e-01 0.000000e+00
2.450000e-01 0.000000e+00
2.450000e-01 2.376487e-14
2.450000e-01 1.358246e-14
2.450000e-01 -1.578772e-14
2.450000e-01 -4.619261e-14
2.450000e-01 -8.120411e-14
2.450000e-01 -1.134538e-13
2.450000e-01 -1.412483e-13
2.450000e-01 -1.720012e-13
2.450000e-01 -1.984864e-13
2.450000e-01 -2.238520e-13
2.450000e-01 -2.429679e-13
2.450000e-01 -2.607246e-13
2.450000e-01 -2.711046e-13
2.450000e-01 -2.790900e-13
2.450000e-01 -2.803406e-13
2.450000e-01 -2.709999e-13
2.450000e-01 -2.409264e-13
2.450000e-01 -1.981188e-13
2.450000e-01 -1.665984e-13
2.450000e-01 -1.444733e-13
2.450000e-01 -1.354988e-13
2.450000e-01 -7.176771e-14
2.450000e-01 2.081226e-14
2.450000e-01 3.481765e-14
2.450000e-01 -1.886532e-15
2.450000e-01 -3.020487e-14
2.450000e-01 -6.295609e-14
2.450000e-01 -9.682251e-14
2.450000e-01 -1.267510e-13
2.450000e-01 -1.552220e-13
2.450000e-01 -1.848360e-13
2.450000e-01 -2.105831e-13
2.450000e-01 -2.333980e-13
2.450000e-01 -2.514691e-13
2.450000e-01 -2.661758e-13
2.450000e-01 -2.753754e-13
2.450000e-01 -2.810257e-13
2.450000e-01 -2.776047e-13
2.450000e-01 -2.599241e-13
2.450000e-01 -2.252503e-13
2.450000e-01 -1.890969e-13
2.450000e-01 -1.592223e-13
2.450000e-01 -1.316296e-13
2.450000e-01 -1.243170e-13
2.450000e-01 -4.860741e-14
2.450000e-01 0.000000e+00
2.450000e-01 0.000000e+00
2.450000e-01 0.000000e+00
2.450000e-01 0.000000e+00
2.450000e-01 0.000000e+00
2.450000e-01 0.000000e+00
2.450000e-01 0.000000e+00
2.450000e-01 0.000000e+00
2.450000e-01 0.000000e+00
2.381944e-01 0.000000e+00
2.177778e-01 0.000000e+00
1.837500e-01 0.000000e+00
1.361111e-01 0.000000e+00
7.486111e-02 0.000000e+00
2.432986e-01 0.000000e+00
2.296875e-01 0.000000e+00
2.024653e-01 0.000000e+00
1.616319e-01 0.000000e+00
1.071875e-01 0.000000e+00
3.913195e-02 0.000000e+00
0.000000e+00 0.000000e+00
0.000000e+00 0.000000e+00
0.000000e+00 0.000000e+00
0.000000e+00 0.000000e+00
0.000000e+00 0.000000e+00
0.000000e+00 0.000000e+00
0.000000e+00 0.000000e+00
0.000000e+00 0.000000e+00
0.000000e+00 0.000000e+00
0.000000e+00 0.000000e+00
0.000000e+00 0.000000e+00
0.000000e+00 0.000000e+00
0.000000e+00 0.000000e+00
0.000000e+00 0.000000e+00
0.000000e+00 0.000000e+00
0.000000e+00 0.000000e+00
0.000000e+00 0.000000e+00
0.000000e+00 0.000000e+00
0.000000e+00 0.000000e+00
0.000000e+00 0.000000e+00
0.000000e+00 0.000000e+00
0.000000e+00 0.000000e+00
0.000000e+00 0.000000e+00
0.000000e+00 0.000000e+00
0.000000e+00 0.000000e+00
0.000000e+00 0.000000e+00
0.000000e+00 0.000000e+00
0.000000e+00 0.000000e+00
0.000000e+00 0.000000e+00
0.000000e+00 0.000000e+00
0.000000e+00 0.000000e+00
0.000000e+00 0.000000e+00
0.000000e+00 0.000000e+00
0.000000e+00 0.000000e+00
0.000000e+00 0.000000e+00
0.000000e+00 0.000000e+00
0.000000e+00 0.000000e+00
0.000000e+00 0.000000e+00
0.000000e+00 0.000000e+00
0.000000e+00 0.000000e+00
0.000000e+00 0.000000e+00
0.000000e+00 0.000000e+00
0.000000e+00 0.000000e+00
0.000000e+00 0.000000e+00
0.000000e+00 0.000000e+00
2.381944e-01 0.000000e+00
2.177778e-01 0.000000e+00
1.837500e-01 0.000000e+00
1.361111e-01 0.000000e+00
7.486111e-02 0.000000e+00
2.432986e-01 0.000000e+00
2.296875e-01 0.000000e+00
2.024653e-01 0.000000e+00
1.616319e-01 0.000000e+00
1.071875e-01 0.000000e+00
3.913195e-02 0.000000e+00
7.486111e-02 0.000000e+00
1.361111e-01 0.000000e+00
1.837500e-01 0.000000e+00
2.177778e-01 0.000000e+00
2.381944e-01 0.000000e+00
3.913195e-02 0.000000e+00
1.071875e-01 0.000000e+00
1.616319e-01 0.000000e+00
2.024653e-01 0.000000e+00
2.296875e-01 0.000000e+00
2.432986e-01 0.000000e+00
0.000000e+00 0.000000e+00
0.000000e+00 0.000000e+00
0.000000e+00 0.000000e+00
0.000000e+00 0.000000e+00
0.000000e+00 0.000000e+00
0.000000e+00 0.000000e+00
0.000000e+00 0.000000e+00
0.000000e+00 0.000000e+00
0.000000e+00 0.000000e+00
0.000000e+00 0.000000e+00
0.000000e+00 0.000000e+00
0.000000e+00 0.000000e+00
0.000000e+00 0.000000e+00
0.000000e+00 0.000000e+00
0.000000e+00 0.000000e+00
0.000000e+00 0.000000e+00
0.000000e+00 0.000000e+00
0.000000e+00 0.000000e+00
0.000000e+00 0.000000e+00
0.000000e+00 0.000000e+00
0.000000e+00 0.000000e+00
0.000000e+00 0.000000e+00
0.000000e+00 0.000000e+00
0.000000e+00 0.000000e+00
0.000000e+00 0.000000e+00
0.000000e+00 0.000000e+00
0.000000e+00 0.000000e+00
0.000000e+00 0.000000e+00
0.000000e+00 0.000000e+00
0.000000e+00 0.000000e+00
0.000000e+00 0.000000e+00
0.000000e+00 0.000000e+00
0.000000e+00 0.000000e+00
0.000000e+00 0.000000e+00
0.000000e+00 0.000000e+00
0.000000e+00 0.000000e+00
0.000000e+00 0.000000e+00
0.000000e+00 0.000000e+00
0.000000e+00 0.000000e+00
0.000000e+00 0.000000e+00
0.000000e+00 0.000000e+00
0.000000e+00 0.000000e+00
0.000000e+00 0.000000e+00
0.000000e+00 0.000000e+00
0.000000e+00 0.000000e+00
7.486111e-02 0.000000e+00
1.361111e-01 0.000000e+00
1.837500e-01 0.000000e+00
2.177778e-01 0.000000e+00
2.381944e-01 0.000000e+00
3.913195e-02 0.000000e+00
1.071875e-01 0.000000e+00
1.616319e-01 0.000000e+00
2.024653e-01 0.000000e+00
2.296875e-01 0.000000e+00
2.432986e-01 0.000000e+00
2.450000e-01 -5.547928e-14
2.450000e-01 -4.908913e-15
2.450000e-01 -3.483844e-14
2.450000e-01 -1.568701e-13
2.450000e-01 -2.273027e-13
2.450000e-01 -1.914215e-13
2.450000e-01 -2.799509e-13
2.450000e-01 -2.406277e-13
2.450000e-01 -2.734026e-13
2.450000e-01 -1.314775e-13
2.450000e-01 -2.499281e-13
2.450000e-01 -5.880405e-14
2.450000e-01 -1.723580e-13
2.450000e-01 -2.683453e-13
2.450000e-01 -1.611962e-13
2.450000e-01 -2.886637e-13
2.450000e-01 -2.729129e-13
2.450000e-01 -2.094984e-13
2.450000e-01 2.063995e-14
2.450000e-01 -1.080347e-13
2.450000e-01 2.423390e-14
2.450000e-01 -9.112482e-14
2.450000e-01 -1.227319e-14
2.450000e-01 -1.564531e-14
2.450000e-01 -4.907894e-14
2.450000e-01 -2.930659e-14
2.450000e-01 4.528555e-15
2.450000e-01 -6.609628e-14
2.450000e-01 -8.525947e-14
2.450000e-01 -1.045957e-13
2.450000e-01 -1.176421e-13
2.450000e-01 -1.281841e-13
2.450000e-01 -1.273131e-13
2.450000e-01 -1.454524e-13
2.450000e-01 -1.619526e-13
2.450000e-01 -1.775138e-13
2.450000e-01 -1.923634e-13
2.450000e-01 -2.064489e-13
2.450000e-01 -2.182626e-13
2.450000e-01 -2.309844e-13
2.450000e-01 -2.403476e-13
2.450000e-01 -2.512383e-13
2.450000e-01 -2.581791e-13
2.450000e-01 -2.672270e-13
2.450000e-01 -2.722308e-13
2.450000e-01 -2.795263e-13
2.450000e-01 -2.821059e-13
2.450000e-01 -2.877251e-13
2.450000e-01 -2.875460e-13
2.450000e-01 -2.914743e-13
2.450000e-01 -2.872846e-13
2.450000e-01 -2.865780e-13
2.450000e-01 -2.826108e-13
2.450000e-01 -2.555455e-13
2.450000e-01 -2.297899e-13
2.450000e-01 -2.004865e-13
2.450000e-01 -1.697628e-13
2.450000e-01 -1.570413e-13
2.450000e-01 -1.400358e-13
2.450000e-01 -1.268833e-13
2.450000e-01 -1.045142e-13
2.450000e-01 -1.189189e-13
2.450000e-01 -1.450962e-13
2.450000e-01 -2.236866e-13
2.450000e-01 -1.117442e-13
2.450000e-01 1.715047e-15
2.450000e-01 -2.865789e-13
2.450000e-01 -3.051652e-14
2.450000e-01 -3.493880e-14
2.450000e-01 -2.827152e-13
2.450000e-01 -1.018133e-13
2.450000e-01 -2.583072e-13
2.450000e-01 -2.177391e-13
2.450000e-01 -1.605650e-13
2.450000e-01 -1.469774e-13
2.450000e-01 -2.321206e-13
2.450000e-01 -1.839841e-13
2.450000e-01 -2.641425e-13
2.450000e-01 -2.776732e-13
2.450000e-01 -2.895891e-13
2.450000e-01 -6.756103e-14
2.450000e-01 -5.684218e-14
2.450000e-01 -1.077292e-13
2.450000e-01 -1.297821e-14
2.450000e-01 -8.019033e-15
2.450000e-01 -4.242828e-14
2.450000e-01 1.183982e-16
2.450000e-01 -9.182600e-14
2.450000e-01 -1.088012e-13
2.450000e-01 -8.187665e-14
2.450000e-01 -3.494910e-14
2.450000e-01 6.566475e-15
2.450000e-01 -3.556416e-14
2.450000e-01 -4.295428e-15
2.450000e-01 -9.752316e-15
2.450000e-01 -4.983864e-14
2.450000e-01 -1.069564e-13
2.450000e-01 -1.391340e-13
2.450000e-01 -1.765464e-13
2.450000e-01 -2.032525e-13
2.450000e-01 -2.274570e-13
2.450000e-01 4.709787e-15
2.450000e-01 -2.465282e-13
2.450000e-01 -1.629123e-13
2.450000e-01 -1.175692e-13
2.450000e-01 -2.631045e-13
2.450000e-01 -2.744178e-13
2.450000e-01 -2.821759e-13
2.450000e-01 -2.825769e-13
2.450000e-01 -1.169708e-13
2.450000e-01 -2.795161e-13
2.450000e-01 -2.558559e-13
2.450000e-01 -2.540280e-13
2.450000e-01 -2.879730e-13
2.450000e-01 -2.283970e-13
2.450000e-01 -2.557657e-13
2.450000e-01 -2.008016e-13
2.450000e-01 -2.015885e-13
2.450000e-01 -1.586290e-13
2.450000e-01 -1.964647e-13
2.450000e-01 -8.408150e-14
2.450000e-01 -8.534785e-14
2.450000e-01 -5.642750e-14
2.450000e-01 1.384913e-14
2.450000e-01 1.833791e-15
2.450000e-01 1.650415e-15
2.450000e-01 -7.391075e-14
2.450000e-01 -9.966063e-14
2.450000e-01 1.798560e-15
2.450000e-01 -2.032277e-14
2.450000e-01 -1.358611e-13
2.450000e-01 -1.394515e-13
2.450000e-01 -1.870209e-13
2.450000e-01 -1.651797e-13
2.450000e-01 -1.749956e-13
2.450000e-01 -1.125927e-13
2.450000e-01 -1.107312e-13
2.450000e-01 -1.424818e-13
2.450000e-01 -1.351480e-13
2.450000e-01 -1.501470e-13
2.450000e-01 -2.082227e-13
2.450000e-01 -2.304322e-13
2.450000e-01 -2.792718e-13
2.450000e-01 -2.634726e-13
2.450000e-01 -2.762522e-13
2.450000e-01 -1.640305e-13
2.450000e-01 -1.586540e-13
2.450000e-01 -2.811295e-13
2.450000e-01 -2.819644e-13
2.450000e-01 -1.033129e-13
2.450000e-01 -8.298636e-14
2.450000e-01 -2.890049e-13
2.450000e-01 -2.907884e-13
2.450000e-01 -2.902883e-13
2.450000e-01 2.081265e-15
2.450000e-01 1.328590e-15
2.450000e-01 -1.491398e-13
2.450000e-01 -1.351579e-13
2.450000e-01 -1.093715e-13
2.450000e-01 -1.215776e-13
2.450000e-01 -1.518244e-13
2.450000e-01 -1.227327e-13
2.450000e-01 -1.279403e-13
2.450000e-01 -2.838060e-13
2.450000e-01 -2.761589e-13
2.450000e-01 -1.636509e-13
2.450000e-01 -2.136326e-13
2.450000e-01 -1.961926e-13
2.450000e-01 -2.705257e-13
2.450000e-01 -2.767099e-13
2.450000e-01 -2.739088e-13
2.450000e-01 -2.481857e-13
2.450000e-01 -2.404688e-13
2.450000e-01 -2.873764e-13
2.450000e-01 -2.803520e-13
2.450000e-01 -2.550682e-13
2.450000e-01 -1.782197e-13
2.450000e-01 -2.616288e-13
2.450000e-01 -2.496399e-13
2.450000e-01 -2.362092e-13
2.450000e-01 -2.463654e-13
2.450000e-01 -2.416852e-13
2.450000e-01 -2.890642e-13
2.450000e-01 -2.906921e-13
2.450000e-01 -2.856925e-13
2.450000e-01 -2.865577e-13
2.450000e-01 -2.685133e-13
2.450000e-01 -2.874071e-13
2.450000e-01 -2.237564e-13
2.450000e-01 -2.067547e-13
2.450000e-01 -2.786211e-13
2.450000e-01 -2.817249e-13
2.450000e-01 -2.831227e-13
2.450000e-01 -2.749572e-13
2.450000e-01 -2.632352e-13
2.450000e-01 -2.662529e-13
2.450000e-01 -1.192045e-15
2.450000e-01 4.144751e-15
2.450000e-01 -1.847346e-13
2.450000e-01 -1.992286e-13
2.450000e-01 -1.926206e-13
2.450000e-01 -2.448697e-13
2.450000e-01 -2.502911e-13
2.450000e-01 -2.654523e-13
2.450000e-01 -2.180820e-15
2.450000e-01 2.122949e-15
2.450000e-01 -2.553158e-13
2.450000e-01 -2.247349e-13
2.450000e-01 -2.300118e-13
2.450000e-01 -1.701166e-13
2.450000e-01 -1.484590e-13
2.450000e-01 -2.308996e-13
2.450000e-01 -1.988871e-13
2.450000e-01 -2.054820e-13
2.450000e-01 -1.243989e-13
2.450000e-01 -1.385745e-13
2.450000e-01 -1.310076e-13
2.450000e-01 -2.125201e-13
2.450000e-01 -1.690411e-13
2.450000e-01 -1.766624e-13
2.450000e-01 -6.329720e-14
2.450000e-01 -7.153761e-14
2.450000e-01 -6.427989e-14
2.450000e-01 -1.558485e-13
2.450000e-01 -1.660601e-13
2.450000e-01 -1.794592e-13
2.450000e-01 -1.412602e-13
2.450000e-01 -1.459678e-13
2.450000e-01 -1.176388e-13
2.450000e-01 -1.126938e-13
2.450000e-01 -8.868567e-14
2.450000e-01 -1.081066e-13
2.450000e-01 -1.149831e-13
2.450000e-01 -1.098513e-13
2.450000e-01 -1.172653e-13
2.450000e-01 -1.532890e-13
2.450000e-01 -1.277291e-13
2.450000e-01 -1.160654e-13
2.450000e-01 -1.071950e-13
2.450000e-01 -5.059035e-15
2.450000e-01 -5.592146e-15
2.450000e-01 6.572394e-15
2.450000e-01 -1.326801e-14
2.450000e-01 7.738071e-15
2.450000e-01 3.366751e-14
2.450000e-01 -1.157425e-13
2.450000e-01 -5.979801e-14
2.450000e-01 -2.033763e-14
2.450000e-01 -2.591105e-14
2.450000e-01 -1.340246e-14
2.450000e-01 2.025343e-14
2.450000e-01 -4.806845e-15
2.450000e-01 -1.906519e-14
2.450000e-01 -2.336638e-14
2.450000e-01 -1.899152e-14
2.450000e-01 -1.332284e-13
2.450000e-01 -1.302098e-13
2.450000e-01 -1.223464e-13
2.450000e-01 -1.199867e-13
2.450000e-01 -2.291065e-13
2.450000e-01 -1.103197e-13
2.450000e-01 -1.158386e-13
2.450000e-01 -1.990067e-15
2.450000e-01 1.145222e-15
2.450000e-01 -7.347690e-15
2.450000e-01 9.523682e-15
2.450000e-01 -2.091601e-14
2.450000e-01 -1.103658e-14
2.450000e-01 -2.906811e-13
2.450000e-01 -1.095945e-13
2.450000e-01 -4.446266e-14
2.450000e-01 -6.712301e-14
2.450000e-01 -5.887194e-14
2.450000e-01 -7.659561e-14
2.450000e-01 -8.540141e-14
2.450000e-01 -7.962005e-14
2.450000e-01 -2.840809e-13
2.450000e-01 -1.692877e-13
2.450000e-01 -1.393479e-13
2.450000e-01 -2.596967e-13
2.450000e-01 -6.634858e-14
2.450000e-01 -3.989682e-14
2.450000e-01 -5.407980e-14
2.450000e-01 -2.192229e-13
2.450000e-01 -1.598545e-13
2.450000e-01 -1.586747e-13
2.450000e-01 -2.042764e-13
2.450000e-01 -9.415130e-14
2.450000e-01 -4.192455e-14
2.450000e-01 -5.116717e-14
2.450000e-01 -1.615595e-13
2.450000e-01 -1.856141e-13
2.450000e-01 -3.196788e-14
2.450000e-01 -3.919002e-14
2.450000e-01 -2.467801e-13
2.450000e-01 -2.294353e-13
2.450000e-01 -2.413705e-13
2.450000e-01 -2.265604e-13
2.450000e-01 -2.460351e-13
2.450000e-01 -2.062230e-13
2.450000e-01 -2.207904e-13
2.450000e-01 -2.042404e-13
2.450000e-01 -1.811548e-13
2.450000e-01 -1.959254e-13
2.450000e-01 -5.172976e-14
2.450000e-01 -2.575976e-13
2.450000e-01 -2.610177e-13
2.450000e-01 -1.524227e-13
2.450000e-01 -1.682668e-13
2.450000e-01 -1.752074e-13
2.450000e-01 -2.599491e-13
2.450000e-01 -1.528729e-13
2.450000e-01 -2.149936e-13
2.450000e-01 -2.729625e-13
2.450000e-01 -2.695748e-13
2.450000e-01 -2.699337e-13
2.450000e-01 -2.443213e-13
2.450000e-01 -2.893170e-13
2.450000e-01 -2.854565e-13
2.450000e-01 -2.855251e-13
2.450000e-01 -2.900900e-13
2.450000e-01 -2.904662e-13
2.450000e-01 -2.880458e-13
2.450000e-01 -2.854231e-13
2.450000e-01 -2.884900e-13
2.450000e-01 -2.855128e-13
2.450000e-01 -2.763049e-13
2.450000e-01 -2.814391e-13
2.450000e-01 -2.775648e-13
2.450000e-01 -2.430633e-13
2.450000e-01 -2.829279e-13
2.450000e-01 -2.771085e-13
2.450000e-01 -2.915951e-13
2.450000e-01 -2.681991e-13
2.450000e-01 -2.782968e-13
2.450000e-01 -2.720436e-13
2.450000e-01 -2.675139e-13
2.450000e-01 -2.703455e-13
2.450000e-01 -2.763598e-13
2.450000e-01 -2.806040e-13
2.450000e-01 -2.781519e-13
2.450000e-01 -4.639226e-14
2.450000e-01 -2.631984e-13
2.450000e-01 -2.656984e-13
2.450000e-01 -2.552813e-13
2.450000e-01 -2.462339e-13
2.450000e-01 -2.496392e-13
2.450000e-01 -2.363286e-13
2.450000e-01 -2.250768e-13
2.450000e-01 -2.298932e-13
2.450000e-01 -2.129525e-13
2.450000e-01 -1.996965e-13
2.450000e-01 -2.057052e-13
2.450000e-01 -1.855557e-13
2.450000e-01 -1.699362e-13
2.450000e-01 -1.780116e-13
2.450000e-01 -1.532468e-13
2.450000e-01 -1.370230e-13
2.450000e-01 -1.436382e-13
2.450000e-01 -1.240575e-13
2.450000e-01 -1.195025e-13
2.450000e-01 -1.222124e-13
2.450000e-01 -1.200037e-13
2.450000e-01 -1.024730e-13
2.450000e-01 -1.115236e-13
2.450000e-01 -9.443363e-14
2.450000e-01 -7.537794e-14
2.450000e-01 -8.219733e-14
2.450000e-01 -5.454615e-14
2.450000e-01 -5.792074e-14
2.450000e-01 -4.853432e-14
2.450000e-01 -2.460201e-14
2.450000e-01 -1.886726e-14
2.450000e-01 -2.706288e-14
2.450000e-01 -2.725982e-14
2.450000e-01 -2.433354e-15
2.450000e-01 -2.717785e-15
2.450000e-01 -1.004979e-13
2.450000e-01 -5.566716e-14
2.450000e-01 -5.615304e-14
2.450000e-01 -1.036327e-13
2.450000e-01 -1.181496e-13
2.450000e-01 -1.334659e-13
2.450000e-01 -1.248444e-13
2.450000e-01 -1.226850e-13
2.450000e-01 -1.038667e-13
2.450000e-01 -2.067221e-15
2.450000e-01 2.125467e-15
2.450000e-01 -2.569921e-14
2.450000e-01 -2.349094e-14
2.450000e-01 -4.813483e-15
2.450000e-01 -2.012614e-15
2.450000e-01 -8.495465e-15
2.450000e-01 -4.988753e-14
2.450000e-01 -2.809084e-15
2.450000e-01 -5.969671e-15
2.450000e-01 -1.307829e-14
2.450000e-01 -2.171168e-14
2.450000e-01 -1.125914e-13
2.450000e-01 -9.408010e-14
2.450000e-01 -1.321399e-13
2.450000e-01 -1.217739e-13
2.450000e-01 -6.899708e-14
2.450000e-01 -9.132008e-14
2.450000e-01 -2.110169e-14
2.450000e-01 -4.964107e-14
2.450000e-01 -5.118603e-15
2.450000e-01 -1.413096e-14
2.450000e-01 -4.442052e-14
2.450000e-01 -2.034320e-14
2.450000e-01 1.232832e-14
2.450000e-01 4.291469e-15
2.450000e-01 -1.553508e-13
2.450000e-01 -1.374461e-13
2.450000e-01 -1.293913e-14
2.450000e-01 4.027922e-15
2.450000e-01 -4.526098e-15
2.450000e-01 -2.458906e-14
2.450000e-01 -5.329583e-16
2.450000e-01 1.191462e-14
2.450000e-01 -6.151967e-14
2.450000e-01 -9.152223e-14
2.450000e-01 -6.537406e-14
2.450000e-01 -1.117723e-13
2.450000e-01 -1.611278e-13
2.450000e-01 -1.258389e-13
2.450000e-01 -9.241127e-14
2.450000e-01 8.306668e-15
2.450000e-01 3.631268e-15
2.450000e-01 -5.949287e-14
2.450000e-01 1.224649e-14
2.450000e-01 -2.047353e-14
2.450000e-01 -1.422446e-13
2.450000e-01 -7.668421e-14
2.450000e-01 -4.679654e-14
2.450000e-01 -2.799215e-13
2.450000e-01 -2.810802e-13
2.450000e-01 -1.130508e-13
2.450000e-01 -1.954836e-14
2.450000e-01 -3.005002e-14
2.450000e-01 -4.228553e-14
2.450000e-01 -1.968809e-14
2.450000e-01 -1.607601e-13
2.450000e-01 -1.189461e-13
2.450000e-01 -1.034419e-13
2.450000e-01 -3.912640e-14
2.450000e-01 -1.546366e-13
2.450000e-01 -1.634261e-13
2.450000e-01 -1.696818e-13
2.450000e-01 -1.821904e-13
2.450000e-01 -1.910839e-13
2.450000e-01 -1.956344e-13
2.450000e-01 -2.077619e-13
2.450000e-01 -2.160335e-13
2.450000e-01 -2.199543e-13
2.450000e-01 -2.307394e-13
2.450000e-01 -2.375969e-13
2.450000e-01 -2.402595e-13
2.450000e-01 -2.490859e-13
2.450000e-01 -2.553065e-13
2.450000e-01 -2.575090e-13
2.450000e-01 -2.646790e-13
2.450000e-01 -1.524432e-13
2.450000e-01 -2.694526e-13
2.450000e-01 -2.703160e-13
2.450000e-01 -1.706514e-13
2.450000e-01 -1.848107e-13
2.450000e-01 -2.750022e-13
2.450000e-01 -1.982941e-13
2.450000e-01 -2.789279e-13
2.450000e-01 -2.788559e-13
2.450000e-01 -2.109079e-13
2.450000e-01 -2.810930e-13
2.450000e-01 -2.231021e-13
2.450000e-01 -2.833823e-13
2.450000e-01 -2.809928e-13
2.450000e-01 -2.339819e-13
2.450000e-01 -2.808693e-13
2.450000e-01 -2.436268e-13
2.450000e-01 -2.814226e-13
2.450000e-01 -2.793696e-13
2.450000e-01 -2.524574e-13
2.450000e-01 -2.606700e-13
2.450000e-01 -2.676839e-13
2.450000e-01 -2.734271e-13
2.450000e-01 -2.781983e-13
2.450000e-01 -2.822141e-13
2.450000e-01 -2.847178e-13
2.450000e-01 -2.853880e-13
2.450000e-01 -2.845554e-13
2.450000e-01 -2.826335e-13
2.450000e-01 -1.076997e-14
2.450000e-01 -3.565129e-14
2.450000e-01 4.437444e-15
2.450000e-01 -1.033273e-13
2.450000e-01 -1.188911e-13
2.450000e-01 -1.176504e-13
2.388811e-01 1.561350e-10
7.663852e-02 -3.455996e-11
7.978084e-02 1.012926e-10
7.460661e-02 -8.232065e-11
2.376499e-01 -3.624229e-10
2.375103e-01 -3.308595e-11
2.370330e-01 -1.280294e-10
1.639151e-01 7.332263e-11
1.608817e-01 1.241054e-10
7.245496e-02 -3.213714e-10
8.098679e-02 5.037059e-10
2.387040e-01 7.587225e-11
2.383750e-01 -6.755036e-12
2.386813e-01 4.903796e-10
2.384202e-01 -7.865818e-11
7.312179e-02 -8.975820e-11
7.319511e-02 -1.233012e-10
8.244619e-02 2.472773e-10
2.382893e-01 -1.199807e-10
2.292182e-01 1.492857e-11
7.553977e-02 9.880014e-10
7.269127e-02 -1.570776e-10
1.319218e-01 -4.815834e-10
1.324327e-01 -4.609840e-10
1.790252e-01 -6.829123e-10
1.796710e-01 -5.883956e-10
1.787171e-01 -1.628480e-10
2.136937e-01 -7.177677e-10
2.161224e-01 2.891269e-11
2.366396e-01 -3.695127e-10
1.333463e-01 -2.855728e-10
1.806179e-01 -3.438023e-10
2.148132e-01 -4.563645e-10
2.149971e-01 -8.713762e-11
1.814266e-01 -2.451298e-10
2.158248e-01 -3.515133e-10
1.817250e-01 -2.715535e-10
1.339678e-01 -1.972799e-10
2.162587e-01 -3.039206e-10
1.824213e-01 -2.325183e-10
2.166969e-01 -2.405478e-10
1.837526e-01 -1.990324e-10
2.373075e-01 -3.129959e-10
2.174891e-01 -2.345124e-10
1.847027e-01 -1.887585e-10
2.177718e-01 -1.682034e-10
1.854619e-01 -1.067659e-10
1.375891e-01 -1.279415e-10
2.183617e-01 -7.435672e-11
1.862367e-01 -4.928438e-11
1.404168e-01 -4.349397e-11
1.403597e-01 -3.572289e-11
1.868328e-01 -1.438104e-11
1.413977e-01 -3.352734e-11
1.874506e-01 6.673751e-11
1.431551e-01 2.076595e-11
1.882913e-01 2.700243e-10
1.431839e-01 1.384328e-10
1.888193e-01 5.428753e-10
2.198514e-01 5.133135e-10
1.440044e-01 4.106885e-10
1.898847e-01 7.515754e-10
1.448812e-01 6.818969e-10
1.906196e-01 8.675409e-10
1.458323e-01 7.591727e-10
1.907302e-01 7.035419e-10
1.465574e-01 5.986886e-10
1.914752e-01 1.262525e-10
1.503643e-01 4.554770e-11
8.729301e-02 -7.488656e-10
1.892807e-01 1.438763e-10
8.140950e-02 5.926870e-10
8.048624e-02 4.747455e-12
7.816194e-02 -1.041429e-11
8.021541e-02 3.362135e-10
2.193063e-01 -5.230491e-12
1.332513e-01 8.453434e-11
2.387086e-01 -4.781502e-10
2.381288e-01 -7.551079e-11
7.284620e-02 -2.003388e-10
2.378534e-01 -7.716825e-11
7.868886e-02 2.246845e-12
1.335743e-01 -1.902770e-10
1.361475e-01 -1.466933e-10
1.386064e-01 -1.015191e-10
7.591343e-02 -4.148559e-11
1.336333e-01 -1.919459e-10
2.387773e-01 8.910404e-11
2.387605e-01 5.108627e-10
7.296358e-02 -1.081292e-10
7.679495e-02 1.066895e-12
2.190236e-01 -1.530598e-11
7.329533e-02 -9.180816e-11
2.385410e-01 3.784542e-11
2.017698e-01 1.958144e-10
2.149383e-01 -5.893674e-10
2.197653e-01 1.744172e-10
2.383018e-01 4.939278e-10
2.387122e-01 2.188700e-10
2.374774e-01 7.195039e-11
2.379468e-01 -1.612848e-10
2.199819e-01 6.636868e-10
2.289737e-01 2.512708e-10
2.200893e-01 -6.752846e-11
1.091267e-01 1.485904e-11
2.201694e-01 7.791543e-10
2.024653e-01 6.075412e-11
2.207892e-01 6.159587e-10
2.207012e-01 2.270204e-10
1.821078e-01 1.244816e-10
1.108170e-01 1.466206e-10
2.416368e-01 -2.074180e-10
2.416125e-01 3.191230e-10
5.443391e-02 -1.312842e-11
5.736170e-02 -2.899398e-10
2.188445e-01 1.107321e-10
2.177778e-01 2.591031e-10
1.436385e-01 -6.937970e-11
1.353902e-01 1.292648e-10
1.165009e-01 3.277081e-10
1.484702e-01 2.877552e-10
1.186877e-01 1.054719e-10
4.604023e-02 -1.466350e-10
4.604023e-02 -6.756858e-10
2.282049e-01 -1.328005e-10
2.291522e-01 2.016976e-10
2.376812e-01 4.579356e-10
2.272852e-01 -6.215109e-10
2.149203e-01 -4.263346e-10
1.208310e-01 -6.715193e-12
8.487877e-02 1.077394e-10
1.148952e-01 6.430740e-10
1.453573e-01 7.615495e-10
1.154380e-01 6.506376e-10
4.275283e-02 1.384557e-10
4.275283e-02 1.700932e-10
8.192825e-02 3.689911e-10
1.160404e-01 6.678074e-10
4.332968e-02 1.185952e-10
2.429099e-01 -6.876743e-11
2.429099e-01 -2.044584e-11
1.133914e-01 7.280771e-11
1.435945e-01 3.026455e-10
1.138584e-01 2.476543e-10
4.208965e-02 9.048556e-12
4.208965e-02 1.861533e-10
2.281680e-01 -4.109374e-10
2.148758e-01 -4.915782e-10
2.282147e-01 -3.320777e-10
1.156259e-01 7.261039e-10
8.119821e-02 5.187717e-10
7.265224e-02 -1.481000e-10
2.963574e-02 2.163194e-10
4.124374e-02 -8.177573e-11
4.124374e-02 3.752107e-11
2.431194e-01 3.639766e-10
2.431194e-01 -9.624180e-11
4.223995e-02 -9.009684e-11
7.958877e-02 -1.059555e-11
2.368375e-01 -4.667310e-10
2.269943e-01 -5.783481e-10
8.060133e-02 3.887562e-10
1.145518e-01 4.914743e-10
2.169562e-01 2.497448e-10
2.297683e-01 3.139389e-10
4.332968e-02 -1.651912e-10
4.223995e-02 6.610972e-11
1.103843e-01 -9.110724e-11
1.408793e-01 -3.952055e-11
1.109738e-01 1.543545e-11
2.430083e-01 -6.926251e-10
4.251792e-02 2.209326e-10
8.013373e-02 5.027295e-11
1.137063e-01 1.164333e-10
2.371529e-01 -3.363380e-10
2.274678e-01 -4.947199e-10
1.140520e-01 3.499529e-10
7.999820e-02 1.957063e-10
2.430769e-01 -2.053649e-10
2.430769e-01 -1.234021e-10
2.373927e-01 1.720103e-10
2.431625e-01 1.002564e-10
2.431276e-01 -1.901720e-11
2.374093e-01 -2.781156e-10
2.284427e-01 -2.371360e-10
2.282926e-01 -2.989561e-10
4.019722e-02 -7.350775e-11
4.019722e-02 3.720486e-11
4.251792e-02 4.797322e-11
4.184862e-02 1.264402e-10
2.286063e-01 -2.125485e-10
2.160422e-01 -3.097788e-10
4.095225e-02 -7.165810e-11
7.747914e-02 -2.229941e-11
4.095225e-02 6.479766e-11
7.740109e-02 -2.447270e-11
1.110661e-01 4.065303e-11
4.184862e-02 -6.673779e-11
1.079063e-01 -1.526080e-10
1.380984e-01 -1.224099e-10
1.084817e-01 -5.233322e-11
4.011092e-02 7.380521e-11
7.766526e-02 -2.334835e-11
2.433438e-01 6.308829e-11
2.382525e-01 -3.915599e-11
2.432822e-01 -4.174412e-11
1.118897e-01 -8.528677e-11
2.294560e-01 -1.411526e-10
2.297502e-01 -2.023175e-10
2.170944e-01 -2.126234e-10
2.432367e-01 -7.745894e-11
2.432367e-01 -1.028854e-10
2.376828e-01 -9.446457e-11
2.288621e-01 -2.024286e-10
2.300419e-01 -1.189057e-12
2.298580e-01 -1.018939e-10
4.011092e-02 -1.085606e-10
3.971121e-02 -4.444374e-11
3.971121e-02 3.194945e-11
1.820737e-01 -2.545373e-10
1.597728e-01 -2.490137e-10
1.593672e-01 -2.597961e-10
2.431625e-01 -6.957145e-11
2.375639e-01 -3.974829e-10
2.290265e-01 -2.114412e-10
2.381397e-01 -5.362868e-11
2.280380e-01 -2.117082e-10
3.899200e-02 5.370306e-11
7.570255e-02 -5.048723e-11
7.526065e-02 -8.439774e-11
1.084929e-01 -2.811048e-11
2.432133e-01 -6.860246e-11
2.432133e-01 -1.493862e-10
1.461951e-01 7.412138e-10
1.094625e-01 -1.152239e-10
1.051286e-01 -9.886875e-11
1.052782e-01 -1.965406e-10
7.312949e-02 -9.065519e-11
2.432822e-01 1.967347e-11
2.164782e-01 -2.785924e-10
2.380381e-01 -1.160843e-10
1.064262e-01 -8.118210e-11
1.076818e-01 -1.713428e-10
7.452046e-02 -7.317852e-11
3.899200e-02 -1.345072e-10
3.817664e-02 5.964160e-11
1.595139e-01 -2.675104e-10
1.338006e-01 -2.001244e-10
1.608753e-01 -2.149761e-10
1.348940e-01 -1.815806e-10
2.072559e-01 6.734356e-10
2.207452e-01 4.846623e-10
2.072010e-01 5.093729e-10
1.771910e-01 9.897527e-11
1.540594e-01 5.721652e-11
1.681539e-01 1.054777e-10
1.337711e-01 -1.842179e-10
1.049079e-01 -1.821098e-10
2.302904e-01 -3.331433e-11
2.384583e-01 2.360441e-11
2.304146e-01 5.277904e-11
1.050123e-01 -1.708975e-10
2.186937e-01 -3.378594e-11
1.050906e-01 -1.018606e-10
2.191651e-01 -1.266950e-12
2.305206e-01 -3.561681e-11
2.433550e-01 2.341757e-11
2.431276e-01 -1.854767e-11
1.431695e-01 8.143705e-11
1.136900e-01 -5.823897e-11
1.444433e-01 5.584659e-10
2.308150e-01 7.400701e-11
2.387081e-01 1.730682e-10
2.308211e-01 2.663314e-10
1.050124e-01 -9.999919e-11
7.307936e-02 -1.017710e-10
2.313319e-01 4.002474e-10
2.312989e-01 1.193377e-10
2.198083e-01 3.209447e-10
2.308534e-01 3.488239e-10
1.568724e-01 -4.238966e-10
1.325875e-01 -1.093210e-10
1.574601e-01 -8.798530e-11
1.403883e-01 -3.140867e-11
1.110984e-01 -1.038149e-10
1.723742e-01 2.427034e-10
1.903835e-01 9.219943e-11
1.711035e-01 1.682271e-10
1.048846e-01 -2.349267e-10
1.334603e-01 -2.147057e-10
7.257314e-02 -1.749872e-10
1.038601e-01 -1.934684e-10
1.037531e-01 -4.087862e-10
1.707138e-01 5.072144e-10
3.781110e-02 -6.808552e-11
3.794060e-02 1.312230e-10
2.143192e-01 -7.101620e-10
1.978262e-01 -4.894444e-10
1.993347e-01 -6.008342e-11
7.302070e-02 -1.583046e-10
1.047271e-01 -1.896940e-10
1.960952e-01 8.235250e-11
1.847313e-01 7.389301e-11
1.128881e-01 6.408571e-11
2.433550e-01 -9.903857e-11
2.381855e-01 -1.497563e-10
2.433223e-01 5.387788e-10
2.433223e-01 1.055533e-10
2.430083e-01 8.599426e-11
3.950541e-02 8.764562e-10
3.950541e-02 1.261907e-10
7.411849e-02 3.711314e-11
1.058920e-01 3.811635e-10
1.046040e-01 -1.009177e-11
1.570502e-01 -6.256862e-10
1.788712e-01 -5.653128e-10
2.434703e-01 -1.928369e-10
2.434272e-01 2.346696e-10
2.387952e-01 -2.045704e-10
3.794060e-02 -2.680339e-10
2.306432e-01 4.600089e-11
2.386228e-01 1.973814e-11
2.385007e-01 -4.927088e-10
2.434272e-01 -4.209763e-10
1.368695e-01 -1.387704e-10
1.702758e-01 7.376982e-10
1.911034e-01 4.816664e-10
1.699602e-01 8.751566e-10
2.195363e-01 5.517596e-11
1.104866e-01 3.996366e-11
1.328899e-01 -3.675727e-10
1.042157e-01 -3.365177e-10
1.979562e-01 -7.679212e-10
1.040388e-01 -3.273902e-10
7.265064e-02 -2.479672e-10
2.071336e-01 -5.228398e-11
2.062145e-01 -6.029295e-12
1.698952e-01 9.181650e-10
1.906749e-01 8.367949e-10
2.293940e-01 -1.811825e-10
1.321774e-01 -4.621603e-10
1.572756e-01 -6.389144e-10
1.694818e-01 9.316466e-10
3.781110e-02 -6.605467e-12
2.075123e-01 1.441123e-10
2.203962e-01 1.406003e-11
3.821686e-02 -1.120506e-10
3.802553e-02 1.633758e-11
1.422783e-01 -2.472360e-11
3.802553e-02 -1.532601e-10
1.593405e-01 -2.514161e-10
1.591678e-01 -2.582897e-10
3.821686e-02 4.836948e-11
3.808988e-02 -1.152706e-10
3.808988e-02 3.910889e-11
1.850829e-01 -1.546540e-10
1.637223e-01 -1.164298e-10
1.632797e-01 -1.532311e-10
2.434203e-01 2.212406e-10
2.387210e-01 3.312688e-10
2.434401e-01 9.943999e-11
2.434401e-01 3.610889e-10
2.434443e-01 -2.650456e-10
2.434443e-01 3.247294e-10
2.434703e-01 6.102350e-10
2.388293e-01 2.255960e-10
3.817664e-02 -1.498174e-10
2.434203e-01 1.892178e-10
2.434260e-01 -5.066334e-11
2.434260e-01 6.107843e-11
2.433438e-01 -5.825447e-11
2.387294e-01 5.258156e-10
1.690496e-01 8.168376e-10
1.902528e-01 8.597703e-10
1.686681e-01 6.878912e-10
1.628343e-01 -1.822468e-10
1.885556e-01 4.163482e-10
2.056535e-01 4.191852e-10
2.058736e-01 5.502317e-10
1.680429e-01 5.500348e-10
1.893533e-01 6.584816e-10
1.676851e-01 3.871549e-10
1.673758e-01 2.605491e-10
1.673633e-01 1.378676e-10
1.668725e-01 6.606864e-11
1.878717e-01 1.580970e-10
1.871421e-01 6.957863e-12
2.047052e-01 1.002122e-11
2.049625e-01 3.197266e-11
1.645150e-01 -8.086244e-11
1.395136e-01 -7.742034e-11
1.661043e-01 -3.099599e-12
1.657431e-01 -1.806772e-11
1.652897e-01 -3.892095e-11
1.649413e-01 -4.326810e-11
1.865352e-01 -3.653438e-11
1.858499e-01 -7.943155e-11
1.649663e-01 -5.532363e-11
2.180676e-01 -1.208300e-10
2.296361e-01 -9.716353e-11
2.035436e-01 -9.908985e-11
2.038674e-01 -6.716709e-11
2.031769e-01 -1.474929e-10
2.028591e-01 -1.827386e-10
1.842286e-01 -2.112421e-10
1.622810e-01 -1.918750e-10
2.026836e-01 -2.220610e-10
2.176306e-01 -2.096828e-10
1.616494e-01 -1.914747e-10
2.022863e-01 -2.153384e-10
1.830888e-01 -2.071764e-10
2.017948e-01 -2.113493e-10
2.012369e-01 -2.298767e-10
2.009651e-01 -2.374338e-10
1.810229e-01 -2.499191e-10
1.586989e-01 -2.933307e-10
1.815759e-01 -2.770197e-10
2.006734e-01 -2.787521e-10
2.004045e-01 -2.922303e-10
2.002793e-01 -3.006718e-10
1.594229e-01 7.679041e-11
1.804236e-01 9.479075e-11
2.154124e-01 -2.428166e-10
2.279802e-01 -3.467228e-11
1.994285e-01 -2.661977e-10
1.997691e-01 -1.984278e-10
1.993152e-01 -4.487844e-10
2.149052e-01 -2.130639e-10
1.801453e-01 -5.091367e-10
1.989170e-01 -6.265085e-10
1.585985e-01 -3.849967e-10
2.045284e-01 -2.439220e-11
2.042801e-01 -3.203110e-11
1.793485e-01 -7.016613e-10
1.576485e-01 -6.054190e-10
1.580512e-01 -4.890868e-10
2.308793e-01 6.235969e-10
2.309386e-01 5.784567e-10
7.320857e-02 -1.069497e-10
2.433255e-01 -9.721136e-11
2.433255e-01 -3.325152e-10
3.827184e-02 -8.906505e-11
3.827184e-02 4.645071e-11
2.433853e-01 -6.145325e-11
2.433853e-01 1.065370e-10
1.987237e-01 -7.735093e-10
2.309498e-01 6.424762e-10
2.200757e-01 7.185592e-10
2.055997e-01 2.434775e-10
2.052498e-01 1.412519e-10
2.308897e-01 6.343018e-10
2.387364e-01 3.474129e-10
2.310215e-01 5.847117e-10
1.989944e-01 -6.650759e-10
2.434280e-01 -8.836096e-11
2.434280e-01 1.066000e-10
2.341714e-01 -2.876413e-11
2.238854e-01 5.134793e-11
2.312545e-01 3.588057e-10
2.204803e-01 6.573479e-10
2.281070e-01 7.892797e-11
2.199167e-01 6.691550e-10
1.470303e-01 -4.971583e-12
2.102345e-01 9.589330e-11
1.931513e-01 9.185201e-11
2.295006e-01 -1.987578e-10
2.059550e-01 6.323484e-10
1.830114e-01 1.660167e-10
1.923981e-01 2.447733e-10
1.718799e-01 1.282926e-10
1.505245e-01 9.265358e-11
1.741797e-01 6.021268e-11
1.727684e-01 4.609962e-11
1.488955e-01 6.518813e-12
2.102345e-01 2.324486e-10
2.017829e-01 2.818742e-10
2.171870e-01 1.865722e-10
2.064000e-01 7.065589e-10
2.237443e-01 5.841110e-11
2.340703e-01 9.154052e-11
1.229919e-01 3.248165e-11
9.247504e-02 -3.722851e-10
2.065166e-01 7.653118e-10
2.306300e-01 -3.098390e-11
2.309400e-01 -1.620700e-10
2.311704e-01 -1.911574e-11
1.935330e-01 2.946479e-11
2.105469e-01 3.202889e-11
2.068240e-01 8.095255e-10
2.072098e-01 7.508511e-10
2.007493e-01 2.176929e-10
1.365479e-01 6.004652e-11
2.173053e-01 9.543255e-11
2.342393e-01 2.176939e-10
2.238854e-01 1.868449e-10
1.237940e-01 5.389834e-12
1.390289e-01 1.270491e-10
2.441592e-01 -2.799512e-10
2.441592e-01 1.930278e-10
2.441531e-01 -2.559846e-10
2.441531e-01 2.894622e-10
2.807064e-02 1.270265e-10
2.807064e-02 -5.310186e-10
2.963574e-02 -7.125087e-11
1.170162e-01 -1.979342e-10
2.400657e-01 5.335858e-11
9.337195e-02 4.864721e-10
2.400510e-01 -2.813423e-11
6.479223e-02 -3.269570e-10
6.621846e-02 4.459238e-10
2.401115e-01 2.455604e-10
1.070884e-01 2.865806e-10
1.343234e-01 2.259549e-10
2.365711e-01 -2.024041e-10
1.603607e-01 6.517104e-11
2.301592e-01 4.174554e-11
2.194707e-01 -1.331645e-11
2.400916e-01 1.341069e-10
6.514163e-02 2.814488e-10
2.341305e-01 1.982447e-10
2.242176e-01 1.943996e-10
9.929237e-02 -4.988215e-11
8.520700e-02 -1.787726e-10
9.279648e-02 2.042707e-10
1.226107e-01 2.343989e-10
1.485571e-01 1.204883e-10
1.278022e-01 -7.593146e-11
2.364625e-01 4.230567e-10
8.293390e-02 1.495048e-10
2.054436e-01 6.049003e-11
2.111502e-01 1.282531e-10
7.255053e-02 3.153471e-10
7.414354e-02 1.332384e-10
2.382898e-01 -3.151782e-11
2.386957e-01 -3.120072e-10
7.774314e-02 -4.395697e-11
2.374582e-01 1.773567e-10
7.683836e-02 -1.083402e-10
2.043431e-01 1.918750e-11
2.025288e-01 8.954091e-11
2.380722e-01 -4.218121e-11
7.482541e-02 8.930803e-11
2.378702e-01 -4.497577e-11
7.679164e-02 4.235760e-11
7.351088e-02 2.226044e-10
7.904307e-02 -1.191093e-10
2.386200e-01 -2.032053e-10
2.382900e-01 -2.012372e-10
2.377129e-01 -7.670578e-12
2.387366e-01 2.132703e-10
7.633608e-02 1.067231e-09
7.395594e-02 -5.655044e-10
2.380363e-01 1.911395e-10
2.370143e-01 1.368616e-10
7.249394e-02 2.255732e-10
1.321174e-01 5.318651e-10
1.326928e-01 5.317704e-10
1.805403e-01 6.550422e-10
1.814374e-01 6.268665e-10
1.787606e-01 4.860526e-10
1.338608e-01 4.784164e-10
1.810731e-01 5.122363e-10
2.137735e-01 4.790871e-10
2.144205e-01 3.494591e-10
2.165619e-01 4.355698e-10
2.157618e-01 3.052128e-10
1.815218e-01 3.228102e-10
2.155283e-01 9.512947e-11
1.819240e-01 1.632265e-10
2.165282e-01 7.015171e-11
1.827255e-01 1.183769e-10
2.164240e-01 1.292485e-11
1.832603e-01 4.787933e-11
2.171887e-01 5.906158e-12
1.840122e-01 1.671559e-11
2.174139e-01 -3.422140e-11
1.845537e-01 -1.559959e-11
1.367024e-01 3.963544e-11
1.351497e-01 9.937603e-11
2.176302e-01 -4.631779e-11
1.851843e-01 -8.511924e-11
1.384793e-01 8.317915e-12
1.393210e-01 -4.213680e-11
1.855380e-01 -1.695970e-10
1.399460e-01 -1.055226e-10
1.863390e-01 -2.318710e-10
1.407506e-01 -1.555315e-10
1.869018e-01 -2.940787e-10
1.414596e-01 -2.350097e-10
1.874996e-01 -3.890378e-10
1.406358e-01 -2.979947e-10
1.878064e-01 -5.430636e-10
1.420392e-01 -4.072901e-10
1.884380e-01 -5.365677e-10
1.431716e-01 -3.160908e-10
1.889312e-01 -3.407062e-10
1.442620e-01 -3.833890e-10
1.900607e-01 1.550110e-10
1.473902e-01 1.317182e-10
8.064072e-02 -2.438554e-10
8.306132e-02 -2.325487e-10
1.383567e-01 1.614707e-10
2.189998e-01 -2.475342e-10
2.366586e-01 2.391927e-11
2.167846e-01 4.330694e-10
7.813431e-02 -1.220754e-10
1.316389e-01 2.765592e-10
1.318220e-01 3.529585e-11
2.386200e-01 4.660572e-10
2.196701e-01 2.068067e-10
1.824697e-01 2.344270e-10
2.195456e-01 -4.495631e-10
7.713833e-02 -3.529270e-11
2.374986e-01 3.522770e-11
7.598280e-02 -4.977784e-12
7.716295e-02 -1.645007e-10
2.379310e-01 -7.223156e-11
2.378084e-01 1.435923e-10
2.377105e-01 2.871980e-13
2.380203e-01 -4.020249e-11
1.369875e-01 3.472502e-11
7.484497e-02 1.336432e-11
1.356163e-01 7.018507e-11
7.385574e-02 3.590581e-11
1.343362e-01 1.557790e-10
2.185672e-01 -2.176961e-10
7.329495e-02 3.379551e-10
7.396984e-02 2.843576e-10
2.386682e-01 -1.575148e-10
2.385680e-01 -1.825156e-10
1.347581e-01 3.198974e-10
2.191946e-01 -2.950034e-10
2.386144e-01 -2.149223e-10
2.200109e-01 -7.704994e-11
2.196256e-01 -5.830713e-10
2.198934e-01 -4.484163e-10
2.181896e-01 -1.639758e-10
1.880402e-01 -5.975306e-11
2.291655e-01 -1.609234e-10
2.292016e-01 2.474989e-10
9.547256e-02 1.188784e-09
1.699201e-01 1.259177e-10
8.332722e-02 1.241573e-10
1.727109e-01 1.885611e-11
2.414586e-01 4.558352e-10
2.415946e-01 -4.336904e-10
2.163666e-01 2.486499e-10
2.188379e-01 -3.396513e-11
4.545617e-02 1.140223e-09
4.382071e-02 -5.287233e-10
7.912117e-02 -2.705612e-10
4.382071e-02 8.578123e-10
4.367244e-02 -3.481176e-10
4.367244e-02 -7.072888e-11
1.142770e-01 5.119476e-10
1.091156e-01 7.926253e-10
1.429234e-01 -3.934152e-11
2.429147e-01 2.000116e-10
2.429147e-01 3.378702e-11
1.120739e-01 -1.772557e-10
1.126977e-01 -2.913103e-10
1.437175e-01 -2.987983e-10
1.172503e-01 -6.646089e-11
7.971580e-02 -4.795842e-11
4.232571e-02 -9.309450e-11
4.232571e-02 -7.718992e-11
3.994414e-02 5.151895e-11
1.413387e-01 -3.385437e-10
1.107753e-01 -2.110098e-10
1.115726e-01 -3.254067e-10
1.116170e-01 -2.851027e-10
7.810433e-02 -1.308298e-10
1.651301e-01 -1.189956e-10
1.690754e-01 -2.809177e-13
1.120832e-01 -1.347838e-10
1.410481e-01 -2.631090e-10
2.431782e-01 6.748275e-11
2.371947e-01 7.616000e-11
4.022116e-02 -9.642420e-11
7.996450e-02 -1.359946e-10
2.278292e-01 2.636723e-10
2.270385e-01 3.499675e-10
1.563660e-01 6.474945e-11
1.806036e-01 -8.652651e-11
2.286825e-01 3.065894e-10
2.161632e-01 3.785705e-10
2.283802e-01 2.829944e-10
2.275453e-01 3.341535e-10
2.272843e-01 2.831863e-10
2.368375e-01 7.934218e-11
1.809896e-01 6.648006e-10
2.008810e-01 5.320508e-10
2.005078e-01 5.724261e-10
1.106444e-01 -3.084753e-11
1.110999e-01 -1.703228e-10
1.403487e-01 -1.281769e-10
2.430036e-01 2.852911e-10
1.137684e-01 -3.442695e-10
7.874497e-02 -1.261715e-10
4.093697e-02 -1.067144e-10
4.093697e-02 6.010875e-11
2.152981e-01 4.424758e-10
2.289549e-01 2.442593e-10
1.154689e-01 -1.913646e-10
2.376343e-01 1.571042e-10
2.289422e-01 3.397422e-10
4.022116e-02 1.641194e-10
2.286018e-01 1.189425e-11
2.160304e-01 5.972757e-11
2.289757e-01 3.695442e-11
1.093893e-01 8.165846e-11
1.098647e-01 -5.259427e-11
1.389006e-01 -1.157851e-11
4.038672e-02 -8.529752e-11
4.038672e-02 7.150323e-11
7.890638e-02 -1.979623e-10
4.040031e-02 -1.647806e-10
1.116768e-01 -2.435047e-10
7.858900e-02 -1.206171e-10
1.339769e-01 9.374629e-11
1.110189e-01 -4.724069e-10
1.086526e-01 2.117387e-10
1.131266e-01 -2.575743e-10
2.284102e-01 1.746266e-10
2.374784e-01 1.173053e-10
2.282845e-01 2.089760e-10
2.154016e-01 2.811834e-10
2.431246e-01 4.483168e-11
2.431246e-01 -2.173903e-11
2.290890e-01 -3.290694e-11
2.168077e-01 -7.285106e-13
2.293750e-01 1.789924e-11
3.974943e-02 -6.364861e-11
3.974943e-02 7.202312e-11
7.793878e-02 -6.521821e-11
1.112750e-01 -9.812118e-11
1.103735e-01 -1.210184e-10
7.744087e-02 -3.309200e-11
2.376856e-01 -3.251318e-11
2.283224e-01 8.660925e-11
1.986460e-01 5.478749e-10
1.372368e-01 2.128637e-10
1.178184e-01 2.355751e-10
1.165957e-01 7.847332e-10
2.007419e-01 5.402911e-10
2.166733e-01 4.445783e-10
4.143983e-02 3.454805e-11
4.072075e-02 -6.599804e-11
2.432328e-01 3.826775e-12
2.432328e-01 2.698924e-12
1.075043e-01 1.091817e-10
1.076650e-01 1.922475e-11
1.368450e-01 3.708518e-11
2.288564e-01 2.767078e-11
2.377906e-01 1.870257e-11
7.696503e-02 7.073475e-12
1.100201e-01 1.602954e-11
2.431776e-01 3.065426e-11
2.431776e-01 1.256821e-12
1.090263e-01 -3.180711e-11
7.638746e-02 3.933844e-11
2.378925e-01 -4.869315e-11
2.288173e-01 3.564069e-11
3.912307e-02 -7.589789e-11
3.912307e-02 5.893415e-11
4.019539e-02 -4.473032e-11
4.072075e-02 7.854379e-11
2.296232e-01 -6.405632e-11
2.175222e-01 -3.962689e-11
2.297040e-01 -6.126839e-13
2.293360e-01 -3.823520e-11
2.380463e-01 -8.592433e-13
2.300554e-01 -1.838811e-10
2.299136e-01 -2.380482e-10
2.183787e-01 -2.108737e-10
1.063240e-01 1.519912e-10
1.065863e-01 6.653227e-11
1.353831e-01 8.482726e-11
2.432176e-01 -8.636311e-11
2.431145e-01 4.765924e-11
2.381557e-01 -4.775466e-11
2.294206e-01 -6.158938e-13
1.075131e-01 1.001333e-12
7.483519e-02 4.750613e-11
2.290259e-01 2.743276e-10
3.911231e-02 -3.891022e-11
7.540459e-02 4.286210e-11
4.019539e-02 1.057361e-10
2.432021e-01 8.743179e-11
2.432021e-01 5.627785e-11
2.433225e-01 9.302345e-11
2.381116e-01 -1.105757e-11
2.433225e-01 -1.890696e-10
2.381117e-01 -1.477433e-10
2.432551e-01 -3.386532e-11
2.432551e-01 3.256444e-11
2.296468e-01 -9.680207e-11
3.857944e-02 -8.714826e-11
3.857944e-02 5.150501e-11
8.533313e-02 3.052105e-10
2.156452e-01 1.913473e-10
2.432681e-01 -9.588386e-11
2.432176e-01 3.640753e-11
1.081852e-01 7.560969e-11
2.164761e-01 5.129746e-11
3.873751e-02 -3.785530e-11
7.449444e-02 5.462618e-11
3.911231e-02 1.275535e-10
1.061944e-01 5.480845e-11
7.399967e-02 7.596299e-11
2.060198e-01 -2.365853e-10
2.199522e-01 -2.694731e-10
2.059465e-01 -3.608770e-10
2.173014e-01 -1.962763e-11
1.982922e-01 3.463287e-10
1.998586e-01 2.215538e-10
1.806285e-01 3.082063e-10
2.302643e-01 -2.671913e-10
2.384297e-01 -1.624451e-10
2.309315e-01 3.957082e-11
2.308875e-01 -2.379910e-10
2.187839e-01 -2.430779e-10
2.304260e-01 -1.905431e-10
1.042752e-01 -1.619494e-10
1.317305e-01 2.413368e-10
1.043772e-01 -4.373856e-10
2.431145e-01 1.296650e-10
3.864210e-02 -1.037440e-11
3.864210e-02 6.034011e-11
2.305381e-01 -2.130882e-10
2.305338e-01 -3.102480e-10
2.386172e-01 -1.749602e-10
2.431782e-01 -1.413283e-11
2.377608e-01 7.276786e-11
2.432681e-01 6.682693e-11
2.433225e-01 -1.067883e-10
1.601484e-01 1.559197e-10
1.597911e-01 2.022980e-10
1.347433e-01 1.117502e-10
2.432591e-01 -5.515937e-11
2.434050e-01 8.594998e-11
2.383314e-01 4.506846e-10
1.069021e-01 9.896108e-11
2.307164e-01 2.375861e-10
2.302860e-01 1.012231e-10
7.374044e-02 1.890681e-10
1.058190e-01 2.864459e-10
1.060258e-01 2.545950e-10
2.193704e-01 -3.585527e-10
2.306654e-01 -3.182610e-10
3.873751e-02 1.341628e-10
3.839012e-02 -2.200018e-11
7.368335e-02 8.978023e-11
1.055821e-01 1.509978e-10
1.345472e-01 2.152215e-10
1.569839e-01 6.095376e-10
1.567727e-01 4.308917e-10
1.318783e-01 4.253344e-10
1.817231e-01 2.295920e-10
1.595576e-01 2.739695e-10
2.294355e-01 -9.808081e-11
2.304652e-01 -2.782217e-10
2.385940e-01 -1.589173e-10
2.062806e-01 2.828666e-10
2.198408e-01 1.285770e-10
2.064917e-01 7.529021e-11
1.411054e-01 -1.852059e-10
1.682209e-01 -4.285390e-10
1.688837e-01 -2.042075e-10
1.894974e-01 -1.920484e-10
2.190973e-01 -2.704484e-10
1.842833e-01 -4.557473e-12
1.621684e-01 2.373938e-11
1.624843e-01 9.095012e-12
1.458323e-01 3.816945e-12
1.702478e-01 5.952707e-11
3.863446e-02 -1.003273e-10
3.863446e-02 -3.950609e-10
3.994414e-02 5.647458e-10
2.430036e-01 5.856804e-10
2.432591e-01 -6.209699e-10
7.252224e-02 3.465381e-10
1.039057e-01 4.730304e-10
1.038801e-01 3.372073e-10
3.827164e-02 2.703688e-11
7.363256e-02 3.163022e-10
3.839012e-02 8.041938e-11
1.829932e-01 7.818825e-11
1.608186e-01 1.014614e-10
1.611299e-01 7.078856e-11
1.396337e-01 -7.181500e-11
3.786347e-02 2.872668e-11
3.783246e-02 -2.776428e-14
1.589306e-01 2.668839e-10
1.590103e-01 1.238118e-10
7.322572e-02 1.453317e-10
1.036128e-01 2.700137e-10
1.580136e-01 7.233787e-10
1.796535e-01 6.185209e-10
1.332776e-01 4.820593e-10
1.045640e-01 4.837074e-10
1.052180e-01 3.713122e-10
3.783246e-02 -3.562903e-11
1.978935e-01 4.970729e-10
2.140978e-01 4.331549e-10
8.604831e-02 5.302220e-10
6.122042e-02 6.120113e-10
7.136483e-02 1.072697e-09
1.057376e-01 1.275632e-10
1.620436e-01 3.172875e-11
1.631372e-01 1.196588e-12
1.377347e-01 3.036813e-11
2.434342e-01 2.629231e-10
2.386785e-01 3.564567e-10
2.434050e-01 -1.378433e-10
1.677454e-01 -4.548719e-10
1.042276e-01 3.720825e-10
7.292295e-02 3.353518e-10
2.010522e-01 2.220001e-10
1.606140e-01 1.289855e-10
1.616059e-01 5.473617e-11
1.361600e-01 5.239472e-11
4.143983e-02 -7.620378e-11
4.040031e-02 9.742996e-11
1.929827e-01 1.466849e-10
2.097876e-01 1.807940e-10
1.055226e-01 4.478416e-10
2.308444e-01 9.041670e-11
1.674563e-01 -5.165268e-10
1.886849e-01 -4.669233e-10
2.386819e-01 -2.887568e-10
2.307564e-01 -4.568593e-10
2.307358e-01 -5.040670e-10
1.324053e-01 5.129199e-10
1.582663e-01 6.946715e-10
1.518449e-01 5.988506e-11
1.537989e-01 5.239282e-11
1.597431e-01 3.896839e-10
2.197597e-01 -5.395491e-10
2.308362e-01 -3.384356e-10
1.553448e-01 8.764053e-11
1.669628e-01 -5.520666e-10
1.426062e-01 -3.774464e-10
3.827164e-02 7.433700e-11
3.786347e-02 -3.442163e-12
2.433225e-01 -3.344397e-12
2.434239e-01 7.195207e-12
2.434170e-01 -3.228104e-10
2.434170e-01 1.114047e-10
2.434239e-01 -3.040863e-10
2.434050e-01 -1.956622e-10
2.434050e-01 1.727925e-11
2.434342e-01 -2.559287e-10
2.387025e-01 -5.115986e-11
1.665925e-01 -5.548762e-10
1.881226e-01 -5.764214e-10
1.876531e-01 -4.666872e-10
2.052603e-01 -4.857915e-10
2.051325e-01 -4.345725e-10
1.659810e-01 -4.655024e-10
1.658009e-01 -4.051246e-10
1.661600e-01 -3.529600e-10
1.658105e-01 -3.092503e-10
1.872011e-01 -3.412300e-10
1.866208e-01 -2.550355e-10
2.045424e-01 -2.511482e-10
2.043078e-01 -2.639839e-10
1.655007e-01 -2.526600e-10
2.040379e-01 -2.029100e-10
1.651720e-01 -2.199006e-10
1.859392e-01 -1.961976e-10
2.037037e-01 -2.150867e-10
1.648202e-01 -1.885585e-10
1.643529e-01 -1.476419e-10
1.640793e-01 -1.170999e-10
1.638732e-01 -6.983742e-11
1.853613e-01 -1.282648e-10
1.848695e-01 -3.901962e-11
1.635047e-01 -4.101726e-11
2.027088e-01 -5.123814e-11
2.029728e-01 -6.216433e-11
2.025745e-01 -2.550340e-11
2.023479e-01 -3.125272e-11
1.836369e-01 3.649342e-11
2.022081e-01 7.975688e-12
2.018936e-01 3.406377e-12
2.014195e-01 2.354245e-11
2.011950e-01 4.711881e-11
1.823254e-01 1.448626e-10
2.012595e-01 9.091925e-11
2.009241e-01 9.858742e-11
2.003053e-01 1.213124e-10
2.001361e-01 2.029274e-10
2.307264e-01 -4.749249e-10
2.386551e-01 -2.997819e-10
2.002803e-01 3.054144e-10
2.000921e-01 4.064553e-10
1.812977e-01 4.352265e-10
1.812554e-01 5.927882e-10
2.005900e-01 4.678823e-10
1.587876e-01 7.099526e-10
1.592999e-01 6.483413e-10
1.590885e-01 5.846334e-10
2.433920e-01 -1.921208e-10
2.433920e-01 4.418272e-11
2.195856e-01 -5.311509e-10
1.594834e-01 4.937986e-10
2.049134e-01 -3.324995e-10
2.046640e-01 -3.128853e-10
1.343099e-01 3.834299e-10
2.434036e-01 1.108356e-11
2.434036e-01 -1.818367e-10
2.331062e-02 4.648585e-10
2.053104e-01 -5.848381e-10
2.179107e-01 -1.045851e-10
2.034682e-01 -1.593304e-10
2.033205e-01 -1.408731e-10
2.113961e-01 5.473859e-11
1.945721e-01 8.981624e-11
1.935679e-01 3.222068e-11
2.105755e-01 7.060645e-11
2.055737e-01 -5.468058e-10
2.057409e-01 -5.187416e-10
1.890550e-01 1.890609e-10
2.054356e-01 1.791854e-10
7.867458e-02 -1.025024e-10
1.965344e-01 -4.226897e-11
1.896570e-01 -1.887810e-11
2.341496e-01 -9.872094e-11
2.238550e-01 -1.123317e-11
2.238758e-01 1.278505e-10
2.341645e-01 2.416969e-10
2.181907e-01 -6.875621e-12
2.174810e-01 5.118294e-11
1.770109e-01 5.611837e-11
2.441486e-01 -4.513980e-10
2.441486e-01 2.560515e-10
2.441146e-01 6.544879e-11
2.441146e-01 3.978887e-10
1.783447e-01 4.866637e-11
2.399586e-01 1.362757e-10
2.400402e-01 1.084033e-11
2.192557e-01 8.944828e-11
2.299698e-01 -1.202207e-11
2.331062e-02 -8.425740e-11
1.873778e-01 1.713887e-10
1.763383e-01 1.097077e-10
2.399729e-01 -2.027629e-10
2.394592e-01 8.969650e-11
2.340501e-01 -1.735343e-10
2.243241e-01 -1.365548e-10
2.334379e-01 1.672560e-10
2.232576e-01 1.773651e-10
2.119883e-01 -4.354223e-11
2.049180e-01 2.158892e-11
2.365184e-01 -4.227429e-10
2.364251e-01 4.831022e-10
6.045147e-02 1.067700e-10
