1.000000e+00
1.000000e-01
1.000000e+00 0.000000e+00
taylor-hood
rectangle
0.000000e+00 0.000000e+00
0.000000e+00 0.000000e+00
0.000000e+00 0.000000e+00
0.000000e+00 0.000000e+00
0.000000e+00 0.000000e+00
0.000000e+00 0.000000e+00
0.000000e+00 0.000000e+00
0.000000e+00 0.000000e+00
0.000000e+00 0.000000e+00
0.000000e+00 0.000000e+00
0.000000e+00 0.000000e+00
0.000000e+00 0.000000e+00
0.000000e+00 0.000000e+00
0.000000e+00 0.000000e+00
0.000000e+00 0.000000e+00
0.000000e+00 0.000000e+00
0.000000e+00 0.000000e+00
0.000000e+00 0.000000e+00
0.000000e+00 0.000000e+00
0.000000e+00 0.000000e+00
0.000000e+00 0.000000e+00
0.000000e+00 0.000000e+00
0.000000e+00 0.000000e+00
0.000000e+00 0.000000e+00
0.000000e+00 0.000000e+00
0.000000e+00 0.000000e+00
0.000000e+00 0.000000e+00
0.000000e+00 0.000000e+00
0.000000e+00 0.000000e+00
0.000000e+00 0.000000e+00
0.000000e+00 0.000000e+00
0.000000e+00 0.000000e+00
0.000000e+00 0.000000e+00
0.000000e+00 0.000000e+00
0.000000e+00 0.000000e+00
0.000000e+00 0.000000e+00
0.000000e+00 0.000000e+00
0.000000e+00 0.000000e+00
0.000000e+00 0.000000e+00
0.000000e+00 0.000000e+00
0.000000e+00 0.000000e+00
0.000000e+00 0.000000e+00
0.000000e+00 0.000000e+00
0.000000e+00 0.000000e+00
0.000000e+00 0.000000e+00
0.000000e+00 0.000000e+00
0.000000e+00 0.000000e+00
0.000000e+00 0.000000e+00
0.000000e+00 0.000000e+00
1.111400e-01 0.000000e+00
2.044880e-01 0.000000e+00
2.800459e-01 0.000000e+00
3.378176e-01 0.000000e+00
3.777724e-01 0.000000e+00
4.000311e-01 0.000000e+00
4.050050e-01 0.000000e+00
4.050055e-01 0.000000e+00
4.000524e-01 0.000000e+00
3.777426e-01 0.000000e+00
3.377557e-01 0.000000e+00
2.799815e-01 0.000000e+00
2.044318e-01 0.000000e+00
1.111042e-01 0.000000e+00
5.779427e-02 0.000000e+00
1.600378e-01 0.000000e+00
2.444907e-01 0.000000e+00
3.111556e-01 0.000000e+00
3.600188e-01 0.000000e+00
3.911340e-01 0.000000e+00
4.041341e-01 0.000000e+00
4.050065e-01 0.000000e+00
4.041866e-01 0.000000e+00
3.911080e-01 0.000000e+00
3.599700e-01 0.000000e+00
3.110904e-01 0.000000e+00
2.444289e-01 0.000000e+00
1.599902e-01 0.000000e+00
5.777402e-02 0.000000e+00
0.000000e+00 0.000000e+00
0.000000e+00 0.000000e+00
0.000000e+00 0.000000e+00
0.000000e+00 0.000000e+00
0.000000e+00 0.000000e+00
0.000000e+00 0.000000e+00
0.000000e+00 0.000000e+00
0.000000e+00 0.000000e+00
0.000000e+00 0.000000e+00
0.000000e+00 0.000000e+00
0.000000e+00 0.000000e+00
0.000000e+00 0.000000e+00
0.000000e+00 0.000000e+00
0.000000e+00 0.000000e+00
0.000000e+00 0.000000e+00
0.000000e+00 0.000000e+00
0.000000e+00 0.000000e+00
0.000000e+00 0.000000e+00
0.000000e+00 0.000000e+00
0.000000e+00 0.000000e+00
0.000000e+00 0.000000e+00
0.000000e+00 0.000000e+00
0.000000e+00 0.000000e+00
0.000000e+00 0.000000e+00
0.000000e+00 0.000000e+00
0.000000e+00 0.000000e+00
0.000000e+00 0.000000e+00
0.000000e+00 0.000000e+00
0.000000e+00 0.000000e+00
0.000000e+00 0.000000e+00
0.000000e+00 0.000000e+00
0.000000e+00 0.000000e+00
0.000000e+00 0.000000e+00
0.000000e+00 0.000000e+00
0.000000e+00 0.000000e+00
0.000000e+00 0.000000e+00
0.000000e+00 0.000000e+00
0.000000e+00 0.000000e+00
0.000000e+00 0.000000e+00
0.000000e+00 0.000000e+00
0.000000e+00 0.000000e+00
0.000000e+00 0.000000e+00
0.000000e+00 0.000000e+00
0.000000e+00 0.000000e+00
0.000000e+00 0.000000e+00
1.110995e-01 0.000000e+00
2.044253e-01 0.000000e+00
2.799767e-01 0.000000e+00
3.377561e-01 0.000000e+00
3.777424e-01 0.000000e+00
4.000881e-01 0.000000e+00
4.050090e-01 0.000000e+00
4.050103e-01 0.000000e+00
4.001395e-01 0.000000e+00
3.777894e-01 0.000000e+00
3.377989e-01 0.000000e+00
2.800129e-01 0.000000e+00
2.044523e-01 0.000000e+00
1.111149e-01 0.000000e+00
5.777138e-02 0.000000e+00
1.599842e-01 0.000000e+00
2.444229e-01 0.000000e+00
3.110877e-01 0.000000e+00
3.599716e-01 0.000000e+00
3.911305e-01 0.000000e+00
4.041721e-01 0.000000e+00
4.050097e-01 0.000000e+00
4.041865e-01 0.000000e+00
3.911775e-01 0.000000e+00
3.600175e-01 0.000000e+00
3.111275e-01 0.000000e+00
2.444548e-01 0.000000e+00
1.600057e-01 0.000000e+00
5.777969e-02 0.000000e+00
8.555137e-02 1.210745e-07
1.066480e-01 3.018699e-07
8.383004e-02 2.313519e-07
1.047581e-01 2.130407e-07
4.050074e-01 -2.558353e-06
4.050096e-01 1.184887e-06
8.831412e-02 -1.181944e-06
9.527964e-02 4.623789e-07
1.068805e-01 4.237009e-07
1.059187e-01 -3.330200e-07
3.595048e-01 1.593910e-06
3.607589e-01 7.675502e-06
3.599737e-01 -1.977506e-06
3.593194e-01 -6.042457e-06
1.006421e-01 5.959383e-07
9.874529e-02 -3.172995e-06
9.906039e-02 3.035203e-07
1.010552e-01 3.017952e-07
9.926213e-02 -3.171476e-07
8.800109e-02 2.944961e-07
8.702779e-02 -6.362491e-07
9.995932e-02 4.482983e-07
2.483008e-01 -3.160808e-06
2.444544e-01 9.929754e-07
2.452016e-01 -3.407460e-06
2.460002e-01 1.564916e-06
8.402985e-02 -5.473949e-07
9.999855e-02 3.127163e-07
8.267620e-02 2.598030e-07
1.011226e-01 -1.501866e-06
3.109752e-01 3.240091e-06
3.376172e-01 4.539912e-06
3.776364e-01 4.074280e-06
3.598441e-01 5.337844e-06
3.909070e-01 7.694670e-06
3.775477e-01 5.664380e-06
3.998320e-01 4.192198e-06
3.908567e-01 6.397766e-06
4.044494e-01 1.508416e-06
3.998000e-01 4.113814e-06
4.050096e-01 4.275966e-06
4.044134e-01 2.281242e-06
4.050094e-01 4.589768e-06
4.050095e-01 4.820816e-06
4.050093e-01 4.816476e-06
4.050094e-01 5.023839e-06
4.046728e-01 5.647115e-06
4.046538e-01 4.209032e-06
4.050093e-01 5.194916e-06
4.050094e-01 5.201068e-06
4.050094e-01 5.329918e-06
4.046801e-01 5.255360e-06
4.050093e-01 5.382637e-06
4.050092e-01 5.417623e-06
4.050092e-01 5.261644e-06
4.046734e-01 6.159073e-06
4.050094e-01 4.753482e-06
4.050087e-01 4.794541e-06
4.050089e-01 4.026681e-06
4.046887e-01 4.555920e-06
4.050096e-01 2.828761e-06
4.050079e-01 2.899163e-06
4.050085e-01 1.235227e-06
4.047000e-01 2.547733e-06
4.050099e-01 -1.136350e-06
4.050069e-01 -1.077554e-06
4.009676e-01 -2.280624e-06
4.047147e-01 -2.712218e-06
3.905911e-01 5.340827e-06
3.928709e-01 -2.721553e-06
4.010075e-01 -6.855611e-06
3.804950e-01 -5.340720e-06
3.804350e-01 -1.081392e-06
4.050094e-01 3.909954e-06
4.050101e-01 -7.155611e-06
3.929266e-01 -7.643668e-06
3.638049e-01 -7.485227e-06
3.596465e-01 5.055536e-06
3.427093e-01 -3.949117e-06
3.173852e-01 -5.304285e-06
3.805825e-01 -1.183752e-05
4.010763e-01 -1.878430e-05
3.109672e-01 3.886320e-06
2.876259e-01 -2.720613e-06
3.930254e-01 -1.885363e-05
3.639657e-01 -1.611381e-05
4.047651e-01 -8.207156e-06
2.537398e-01 -3.343154e-06
4.044696e-01 1.787971e-06
3.172133e-01 -1.771609e-06
2.536398e-01 -1.027009e-06
2.874475e-01 -2.801016e-07
2.877317e-01 -6.317151e-06
4.050101e-01 -1.397981e-05
4.050081e-01 -1.751815e-05
4.050059e-01 -1.400066e-05
4.042689e-01 -3.953496e-05
3.992266e-01 -4.662529e-05
3.899634e-01 -7.258962e-05
3.762236e-01 -4.743454e-05
3.898766e-01 -3.296266e-05
3.576981e-01 -3.339362e-05
3.357052e-01 -3.741993e-05
3.761915e-01 -2.346380e-05
3.352678e-01 -2.188876e-05
3.582523e-01 -1.535714e-05
3.070091e-01 -1.328584e-05
3.358469e-01 -8.935915e-06
2.737335e-01 -1.627861e-05
2.745267e-01 -6.961015e-06
3.089265e-01 -4.171343e-06
3.584224e-01 -4.273493e-06
3.362563e-01 -9.903402e-07
2.792994e-01 -1.205412e-06
3.105253e-01 7.863788e-07
3.585873e-01 1.694726e-06
3.366099e-01 2.677230e-06
2.791435e-01 1.567854e-06
3.092751e-01 2.830052e-06
3.585677e-01 4.093519e-06
3.364978e-01 3.795075e-06
2.784030e-01 2.413786e-06
3.101491e-01 2.931057e-06
3.587101e-01 4.079839e-06
3.367098e-01 3.120853e-06
2.797624e-01 2.158324e-06
3.104693e-01 2.486551e-06
3.765551e-01 3.680110e-06
3.991774e-01 -1.517632e-05
2.461269e-01 1.614772e-06
2.801009e-01 2.238390e-06
1.919298e-01 1.054734e-06
2.451242e-01 1.982686e-06
3.106502e-01 3.195766e-06
2.800703e-01 2.948175e-06
4.002537e-01 -8.155367e-06
4.016459e-01 -6.879200e-05
2.160261e-01 -8.359903e-08
2.541042e-01 5.764727e-07
3.170249e-01 7.972783e-07
2.873103e-01 1.504304e-06
3.421973e-01 2.134066e-06
3.167316e-01 2.551957e-06
3.631646e-01 3.306675e-06
3.419672e-01 3.490498e-06
2.869381e-01 2.450253e-06
3.164491e-01 3.250289e-06
3.629609e-01 4.370835e-06
3.417123e-01 3.938032e-06
2.866161e-01 2.763690e-06
3.161446e-01 3.477843e-06
2.524715e-01 2.233475e-06
2.862611e-01 3.082832e-06
3.414441e-01 4.246958e-06
3.158234e-01 4.090644e-06
3.625193e-01 5.215087e-06
3.411719e-01 5.324115e-06
2.867226e-01 3.833809e-06
3.163418e-01 5.207650e-06
3.625774e-01 6.516910e-06
3.408851e-01 6.407462e-06
2.844939e-01 4.539218e-06
3.131814e-01 5.647829e-06
3.619198e-01 6.971491e-06
3.402989e-01 6.399047e-06
3.791296e-01 7.156062e-06
2.822782e-01 4.505699e-06
3.141951e-01 5.164635e-06
2.496756e-01 3.207799e-06
3.920377e-01 8.740088e-06
4.004542e-01 4.728658e-06
3.919271e-01 6.958309e-06
4.045944e-01 3.483316e-06
4.003934e-01 5.131318e-06
3.798210e-01 4.538572e-06
3.900219e-01 5.198038e-06
3.795156e-01 5.063190e-06
3.800513e-01 2.599663e-06
2.191095e-01 9.048613e-07
2.193756e-01 -3.542573e-06
2.544075e-01 -6.079988e-06
2.183313e-01 1.790026e-06
2.277305e-01 1.754179e-06
2.029918e-01 2.393254e-06
2.057808e-01 1.159871e-06
2.059169e-01 1.610392e-06
2.451956e-01 2.500233e-06
3.763754e-01 -1.901453e-05
1.729974e-01 -4.264440e-07
1.265238e-01 -1.575521e-08
1.763849e-01 -1.600952e-06
1.624262e-01 1.106757e-06
2.026918e-01 1.774218e-06
1.578388e-01 1.010641e-06
1.693867e-01 1.538701e-06
1.609463e-01 1.538898e-06
2.827891e-01 3.585904e-06
3.788803e-01 6.852341e-06
2.422241e-01 2.450316e-06
2.474535e-01 3.577990e-06
2.096475e-01 2.503602e-06
1.048032e-01 6.307372e-07
3.992649e-01 6.383915e-06
3.900665e-01 2.142180e-06
2.027354e-01 1.421247e-06
2.794032e-01 3.339298e-06
3.922722e-01 5.660451e-06
3.373358e-01 4.308577e-06
3.914545e-01 -3.055327e-06
3.592990e-01 3.847872e-06
4.050091e-01 2.084714e-06
3.925013e-01 5.430293e-06
3.924907e-01 4.612705e-06
4.043082e-01 5.702332e-06
1.714303e-01 -2.682339e-06
2.164896e-01 -4.068305e-06
2.860344e-01 -7.718198e-06
3.133595e-01 -3.833144e-06
3.417365e-01 -1.334683e-05
3.808512e-01 -1.751931e-05
4.046205e-01 5.259020e-06
2.793595e-01 2.314501e-06
4.043578e-01 4.911845e-06
3.994722e-01 6.740071e-06
3.375419e-01 4.888493e-06
3.988171e-01 -3.457544e-06
3.910462e-01 1.529053e-05
4.045158e-01 -1.028043e-06
3.119773e-01 1.074295e-06
2.135333e-01 1.845576e-06
3.110559e-01 -4.902886e-06
2.799835e-01 -1.142355e-05
2.042360e-01 -6.616789e-06
2.446176e-01 -1.553441e-05
3.108085e-01 -2.603845e-05
1.596659e-01 -6.574045e-06
2.034544e-01 -1.299385e-05
1.538347e-01 -7.083482e-06
2.375032e-01 -1.651011e-05
1.925951e-01 -8.829475e-06
2.283216e-01 -8.103848e-06
1.995198e-01 -3.651082e-06
2.435588e-01 -2.932584e-06
1.924426e-01 -6.563265e-07
3.054547e-01 -2.582225e-05
3.637615e-01 -2.585203e-06
2.132653e-01 -1.432716e-06
3.773211e-01 4.954113e-06
4.050095e-01 2.873629e-06
2.791276e-01 -2.456539e-05
2.537963e-01 1.633205e-06
2.122192e-01 1.336343e-06
1.740926e-01 7.721170e-07
1.630827e-01 8.384978e-07
2.410156e-01 1.884267e-06
2.445882e-01 1.784410e-06
2.004179e-01 1.224079e-06
1.611505e-01 7.614678e-07
1.560108e-01 6.772550e-07
2.426562e-01 1.629244e-06
2.052334e-01 8.056962e-07
3.909640e-01 2.041072e-05
4.045396e-01 1.327181e-05
4.050101e-01 -1.017843e-05
1.720816e-01 1.025211e-06
3.898755e-01 -1.232389e-05
4.042325e-01 -7.642245e-06
3.993132e-01 -7.487298e-06
4.050061e-01 -7.132140e-06
4.043340e-01 -2.259168e-06
3.994625e-01 1.734261e-06
3.901445e-01 -1.679445e-06
4.007379e-01 5.545776e-06
3.923988e-01 8.298840e-06
3.764274e-01 3.985109e-06
3.901747e-01 6.258786e-06
3.994436e-01 4.028904e-06
4.042252e-01 -1.775232e-05
9.528223e-02 2.358639e-07
2.533870e-01 2.681881e-06
2.179442e-01 2.246228e-06
3.763544e-01 -8.297404e-06
4.043692e-01 4.038960e-06
3.998931e-01 4.059363e-06
9.641573e-02 -6.068554e-09
3.423914e-01 -5.998259e-07
4.008704e-01 5.173913e-06
3.796532e-01 5.792255e-06
3.799197e-01 4.323386e-06
4.050081e-01 -1.052237e-05
3.627449e-01 4.345460e-06
3.588242e-01 3.183917e-06
3.764863e-01 5.136186e-06
9.911563e-02 -2.348605e-06
1.071851e-01 -9.705295e-07
8.810450e-02 3.401332e-07
9.528279e-02 2.785357e-07
3.428148e-01 -9.064229e-06
3.901650e-01 3.172615e-06
4.050082e-01 -3.826108e-06
4.043414e-01 2.258351e-06
3.633015e-01 9.471191e-07
4.050101e-01 2.084833e-06
3.369474e-01 3.030016e-06
3.927879e-01 1.181775e-06
4.047240e-01 -8.955908e-06
3.994345e-01 9.712877e-08
3.765625e-01 1.566859e-07
3.109105e-01 3.969975e-06
4.008943e-01 2.288336e-06
4.007691e-01 3.670349e-06
4.005757e-01 3.786465e-06
3.618963e-01 6.306464e-06
3.923338e-01 5.095742e-06
3.582165e-01 -3.731311e-05
3.768534e-01 3.709538e-06
3.171016e-01 -9.942761e-06
3.398567e-01 4.559578e-06
3.792132e-01 7.335436e-06
3.370336e-01 -1.537318e-05
4.050092e-01 4.270548e-06
4.045720e-01 2.680992e-06
4.050092e-01 3.418482e-06
4.050098e-01 3.423461e-06
4.006851e-01 4.128678e-06
1.751924e-01 1.273296e-06
1.614088e-01 4.942693e-07
1.605295e-01 -1.331586e-06
1.592261e-01 6.284062e-07
1.620196e-01 -1.708952e-06
2.442580e-01 3.038763e-07
1.655266e-01 2.905822e-07
8.532757e-02 -7.071709e-07
8.830770e-02 1.918185e-07
2.508760e-01 3.316689e-06
4.050028e-01 -7.539649e-06
8.924135e-02 -4.475301e-07
8.599100e-02 2.530628e-07
1.718202e-01 7.804060e-07
8.402263e-02 3.674862e-07
8.485954e-02 -8.348756e-08
1.726458e-01 9.989186e-07
1.729700e-01 1.753930e-07
1.713602e-01 -1.551402e-06
7.645560e-02 1.694691e-07
7.698723e-02 2.540477e-07
7.489154e-02 -1.490576e-06
4.049963e-01 -1.730869e-06
7.448523e-02 2.402172e-07
7.230661e-02 1.511594e-07
7.188909e-02 -1.609084e-06
1.575174e-01 -4.573668e-06
1.690320e-01 1.516133e-06
7.307060e-02 3.259667e-07
8.182386e-02 2.147981e-07
8.161656e-02 1.114018e-07
7.630326e-02 -2.184827e-07
8.163600e-02 -3.679603e-07
7.869565e-02 1.162042e-07
1.491686e-01 4.371588e-07
1.461541e-01 -1.884317e-06
1.490821e-01 1.056521e-06
1.512853e-01 8.411600e-07
4.050041e-01 -1.325520e-05
1.451671e-01 9.529436e-07
1.525151e-01 -1.669463e-06
7.778642e-02 4.417317e-08
1.656096e-01 9.037737e-07
3.848735e-01 9.396123e-06
1.590668e-01 -3.329449e-06
1.458584e-01 5.832684e-07
1.458588e-01 6.264433e-07
9.528250e-02 2.542298e-07
1.309835e-01 4.199930e-07
1.575450e-01 4.709884e-07
1.812989e-01 7.954872e-07
1.587077e-01 6.800377e-07
1.345857e-01 5.052726e-07
1.840289e-01 9.586128e-07
1.479632e-01 -5.411905e-07
1.466596e-01 -1.984327e-07
9.784050e-02 -1.432483e-07
4.026714e-01 -5.810588e-05
4.043374e-01 -5.341227e-06
4.049195e-01 -1.653858e-05
1.553415e-01 -3.680346e-06
1.825091e-01 -6.985138e-06
1.311775e-01 -3.536003e-06
2.913479e-01 -9.817843e-06
2.522977e-01 -7.778192e-06
2.705433e-01 -1.092875e-05
1.597873e-01 7.553607e-07
1.329531e-01 5.432399e-07
1.883475e-01 1.089352e-06
1.405215e-01 -4.229280e-07
1.936109e-01 -8.425599e-07
1.625631e-01 -8.140985e-07
3.806728e-01 -1.904614e-05
3.874676e-01 -1.780010e-05
3.729664e-01 -1.888364e-05
1.423337e-01 -8.170093e-07
1.952304e-01 -1.563558e-06
1.859737e-01 2.021445e-06
1.600301e-01 1.461824e-06
1.336008e-01 1.050538e-06
1.296782e-01 6.217298e-07
1.808490e-01 1.221968e-06
1.539947e-01 7.548868e-07
1.588891e-01 9.499842e-07
1.847081e-01 1.366569e-06
1.353683e-01 7.321535e-07
2.039374e-01 1.328520e-06
1.643478e-01 8.743323e-07
2.050905e-01 1.377143e-06
2.327624e-01 -3.907672e-06
2.532545e-01 -5.721347e-06
2.678161e-01 -5.441585e-06
1.935857e-01 1.040128e-06
1.388266e-01 5.345839e-07
9.173358e-02 2.316528e-07
1.203779e-01 4.217666e-07
2.068456e-01 -2.139058e-06
1.894172e-01 -2.581544e-06
2.065570e-01 2.514777e-06
2.290583e-01 3.049117e-06
2.269085e-01 1.610067e-06
3.684264e-01 -2.822959e-06
3.774994e-01 1.034000e-05
3.843290e-01 3.208164e-06
4.049398e-01 3.587049e-06
4.028292e-01 4.106032e-05
3.907504e-01 -1.756793e-05
3.961777e-01 1.515680e-05
2.391430e-01 -5.297996e-06
2.141921e-01 -5.589340e-06
1.188487e-01 -3.687005e-06
8.814279e-02 -1.593644e-06
1.544299e-01 1.392088e-06
1.824657e-01 1.968763e-06
1.316255e-01 1.031708e-06
3.534511e-01 -1.553886e-05
3.636054e-01 -1.702760e-05
8.736993e-02 2.903491e-07
1.176731e-01 5.826347e-07
2.561695e-01 -1.693461e-05
2.355933e-01 -1.264099e-05
2.157145e-01 -1.240932e-05
1.823922e-01 1.024737e-06
1.353512e-01 5.879156e-07
2.982892e-01 5.105930e-06
2.825223e-01 4.623371e-06
2.654090e-01 4.086122e-06
4.028899e-01 3.576354e-05
4.049531e-01 -4.530653e-06
1.361130e-01 1.045430e-06
1.865122e-01 1.969795e-06
2.344377e-01 1.823109e-06
1.978345e-01 1.306896e-06
5.435936e-02 1.723442e-07
5.435970e-02 1.652324e-07
1.533931e-01 -1.733545e-06
1.827131e-01 -2.920792e-06
3.001422e-01 -6.958541e-06
2.829996e-01 -3.925635e-06
2.909779e-01 -1.509882e-05
2.518689e-01 -1.179357e-05
1.736208e-01 -8.166929e-06
1.479802e-01 -5.234519e-06
1.271479e-01 -4.421915e-06
1.320863e-01 7.636419e-07
1.830153e-01 1.440688e-06
1.539526e-01 1.042286e-06
4.049184e-01 -2.021569e-05
4.050091e-01 -1.384485e-05
1.365209e-01 -7.891718e-07
1.820258e-01 -1.108024e-06
3.979800e-01 -2.966199e-05
3.936180e-01 -2.503719e-05
2.348085e-01 2.763709e-06
1.941974e-01 1.894223e-06
2.121248e-01 2.381143e-06
1.349066e-01 4.764810e-07
1.819883e-01 8.940768e-07
4.923462e-02 1.275256e-07
1.000601e-01 5.429762e-07
1.213147e-01 6.209601e-07
9.211240e-02 3.360120e-07
1.522793e-01 7.090718e-07
1.812148e-01 9.939766e-07
1.309845e-01 5.206241e-07
1.282681e-01 4.962148e-07
1.787590e-01 9.469557e-07
1.808262e-01 1.382758e-06
1.296593e-01 7.392181e-07
1.828129e-01 -1.572223e-07
1.360546e-01 4.962465e-08
1.156720e-01 3.782212e-07
8.874048e-02 1.935765e-07
2.973173e-01 -1.349382e-06
3.260275e-01 -6.627385e-07
1.538283e-01 -7.512399e-06
1.793258e-01 -1.010103e-05
1.269729e-01 -5.188177e-06
1.300487e-01 -5.087629e-06
1.820986e-01 -9.770988e-06
4.050075e-01 -8.224304e-07
4.049517e-01 -7.161653e-07
3.960161e-01 9.701876e-06
4.001225e-01 3.495698e-05
2.736768e-01 -2.139507e-05
2.901413e-01 -2.084152e-05
8.564764e-02 -2.011001e-06
1.143056e-01 -3.973073e-06
2.108691e-01 -8.706385e-06
2.590568e-01 -2.087078e-05
2.926768e-01 -2.633547e-05
3.237343e-01 -3.390802e-05
3.095125e-01 -3.075080e-05
2.955409e-01 -2.646908e-05
3.365659e-01 -3.282942e-05
3.475109e-01 -4.075228e-05
4.003405e-01 -3.371698e-05
4.043388e-01 -3.737679e-05
4.037646e-01 -1.607769e-05
2.993245e-01 5.116797e-06
2.665933e-01 4.093255e-06
3.299253e-01 -1.188057e-05
3.427394e-01 -1.227070e-05
3.244563e-01 -2.208936e-05
3.481209e-01 -2.745791e-05
3.678508e-01 -3.077464e-05
3.587984e-01 -1.764536e-05
2.450922e-01 3.445169e-06
2.259125e-01 2.996109e-06
3.488313e-01 -7.564268e-06
1.324216e-01 -1.798566e-06
1.836315e-01 -3.631614e-06
1.399611e-01 2.598017e-07
1.894034e-01 4.746786e-07
4.050007e-01 -4.453539e-06
4.029803e-01 1.643835e-05
1.891344e-01 9.511013e-07
1.402365e-01 5.164167e-07
2.943773e-01 2.686892e-06
2.610843e-01 2.052064e-06
2.781515e-01 2.193333e-06
1.407862e-01 7.004563e-07
1.896025e-01 1.285962e-06
2.016403e-01 1.117989e-06
2.244293e-01 1.212525e-06
2.645878e-01 -1.647538e-06
3.490577e-01 -8.855732e-07
3.383210e-01 -3.926697e-06
3.212627e-01 -3.140675e-05
1.345684e-01 -9.719539e-07
9.763664e-02 -3.979710e-07
3.470257e-01 -2.695984e-05
3.210222e-01 -2.436880e-05
3.339792e-01 -3.011957e-05
1.825519e-01 9.054712e-07
1.315655e-01 4.402246e-07
6.621552e-02 -3.724192e-09
1.060546e-01 -6.823230e-08
4.367557e-02 -1.243315e-08
1.297244e-01 5.677513e-07
1.688567e-01 9.603664e-07
1.262193e-01 5.260966e-07
3.160672e-01 -1.017822e-05
3.021544e-01 -9.438126e-06
3.992924e-02 8.232072e-09
1.026462e-01 3.912453e-08
2.789377e-01 3.220863e-06
2.614152e-01 2.949422e-06
2.957548e-01 3.690200e-06
9.547877e-02 -1.860095e-07
1.306987e-01 -2.201358e-07
2.649989e-01 2.551846e-06
2.811864e-01 1.979951e-06
2.978806e-01 3.148128e-06
2.208726e-01 -1.524369e-05
2.435075e-01 -1.865618e-05
2.500965e-01 2.533429e-06
2.301434e-01 1.728578e-06
3.386075e-01 1.401977e-06
3.508099e-01 4.599246e-06
3.265357e-01 2.595274e-06
2.417380e-01 1.794906e-06
2.221467e-01 1.466148e-06
2.947235e-01 2.194841e-06
2.614794e-01 1.673702e-06
3.135493e-01 4.476994e-06
8.491144e-02 2.427601e-07
1.307253e-01 5.904975e-07
2.594543e-01 -4.692256e-06
2.222022e-01 -3.414584e-06
3.704126e-01 1.086092e-05
3.783229e-01 1.006124e-05
3.856886e-01 8.808096e-06
3.697696e-01 3.746115e-06
3.851975e-01 -1.519718e-05
4.049540e-01 8.509917e-07
4.028091e-01 2.508220e-05
3.069133e-01 -1.952712e-05
8.857744e-02 3.437487e-07
3.472245e-01 -3.719171e-05
3.962377e-01 -1.239467e-05
3.615571e-01 5.531862e-06
1.872260e-01 1.192743e-06
1.806523e-01 1.419349e-06
1.522454e-01 8.406123e-07
3.744336e-02 8.591206e-08
8.913609e-02 4.679949e-07
1.235796e-01 -9.902468e-07
1.159264e-01 -1.117972e-06
4.001482e-01 -2.985157e-06
2.229945e-01 2.115952e-06
2.022259e-01 1.653373e-06
4.050095e-01 4.921368e-06
4.048998e-01 2.385475e-06
4.049249e-01 5.084503e-06
1.977805e-01 -1.152246e-05
4.049208e-01 5.805194e-06
4.024416e-01 -1.174659e-05
4.040502e-01 6.886236e-07
3.971000e-01 9.731260e-06
3.923720e-01 5.579505e-06
3.865787e-01 7.307253e-06
2.241964e-01 1.397491e-06
2.433164e-01 2.033811e-06
2.624412e-01 1.656886e-06
4.006147e-01 5.303339e-06
3.970485e-01 2.979714e-06
4.031533e-01 -1.074357e-05
4.023461e-01 1.503556e-05
4.049648e-01 5.007191e-06
4.043318e-01 4.692232e-06
4.031000e-01 2.044570e-05
2.308719e-01 2.935009e-06
1.898190e-01 1.986901e-06
3.796874e-01 7.100351e-06
3.716622e-01 6.525418e-06
3.865027e-01 4.746559e-06
3.953548e-01 1.885883e-06
4.024069e-01 -9.023856e-06
3.994491e-01 6.557885e-06
3.969411e-01 7.721423e-06
4.040499e-01 3.737497e-06
4.049113e-01 6.769876e-06
3.771386e-01 4.137097e-06
3.844916e-01 6.367334e-06
3.688710e-01 4.954186e-06
2.433218e-01 2.552467e-06
3.686044e-01 3.062427e-06
3.842913e-01 2.704265e-06
2.957347e-01 3.014207e-06
2.613917e-01 2.626241e-06
3.953724e-01 1.087702e-05
4.024166e-01 2.144316e-05
3.867125e-01 4.218210e-06
3.925462e-01 4.725756e-06
3.972300e-01 3.008644e-06
3.490468e-01 4.599684e-06
3.595235e-01 4.815722e-06
3.690259e-01 4.515570e-06
3.282028e-01 -8.228123e-06
3.508839e-01 -1.146799e-05
4.007226e-01 6.025833e-06
4.032207e-01 -9.914669e-06
3.488540e-01 4.451998e-06
3.491405e-01 5.315671e-06
3.247785e-01 4.483397e-06
3.374757e-01 4.625549e-06
4.040232e-01 6.706029e-06
4.049019e-01 7.762352e-06
4.022846e-01 -1.013090e-05
2.493199e-01 3.522960e-06
4.023358e-01 2.127221e-05
4.049121e-01 3.373615e-06
3.709340e-01 -1.508475e-05
4.050094e-01 5.112315e-06
2.116147e-01 2.369370e-06
1.920320e-01 1.792744e-06
2.320765e-01 2.501460e-06
4.050088e-01 -6.371214e-06
4.049675e-01 5.123195e-06
4.043688e-01 4.262072e-06
4.031873e-01 2.037086e-05
3.971621e-01 7.277708e-06
3.993913e-01 5.466363e-06
3.953106e-01 1.869962e-06
4.024079e-01 -8.736886e-06
3.246661e-01 4.095553e-06
2.049659e-01 9.939863e-07
3.901895e-01 5.910767e-06
3.838841e-01 7.062691e-06
2.667279e-01 3.355542e-06
4.050094e-01 1.639086e-06
4.050099e-01 1.630323e-06
4.050096e-01 2.082496e-06
3.248491e-01 4.165653e-06
2.957392e-01 2.236386e-06
3.107382e-01 2.917023e-06
3.107121e-01 4.076511e-06
3.248046e-01 4.391736e-06
2.946097e-01 -2.473465e-06
2.619870e-01 -2.123175e-06
2.783508e-01 -3.665898e-06
1.554877e-01 -2.149324e-06
1.856658e-01 -2.448478e-06
1.402448e-01 -1.331797e-06
2.923829e-01 -5.710013e-06
2.230152e-01 1.958901e-06
3.913314e-01 -1.887901e-05
2.008542e-01 1.379428e-06
3.951742e-01 9.255888e-06
4.040024e-01 -5.118640e-06
4.048958e-01 2.212313e-06
4.023251e-01 -1.685210e-05
3.837932e-01 3.712931e-06
3.953633e-01 -1.377203e-06
3.839113e-01 2.167079e-07
3.902107e-01 1.053344e-06
3.861724e-01 8.364577e-06
3.969227e-01 1.028810e-05
3.921729e-01 6.777229e-06
3.764860e-01 -3.556022e-06
3.679301e-01 -6.852191e-06
3.838093e-01 -6.652935e-06
4.023805e-01 1.787470e-05
4.049051e-01 1.840793e-06
4.049425e-01 2.751532e-06
4.050098e-01 2.464500e-06
4.049423e-01 2.257028e-06
4.048750e-01 -6.989567e-06
4.022377e-01 6.374346e-06
3.996352e-01 5.285733e-06
3.955182e-01 3.414133e-07
4.049681e-01 5.269442e-06
4.031325e-01 -1.151502e-05
4.050094e-01 2.512772e-06
4.049147e-01 -4.342867e-06
4.050077e-01 -2.456757e-06
1.222465e-01 4.744458e-07
1.147625e-01 5.467721e-07
3.953548e-01 4.940230e-06
3.838990e-01 6.659964e-07
3.902950e-01 3.139407e-06
4.050094e-01 6.212675e-07
4.049545e-01 1.370038e-06
4.006866e-01 5.625621e-06
3.969653e-01 2.719486e-06
4.032286e-01 2.120821e-05
3.971644e-01 7.190631e-06
2.957245e-01 3.691692e-06
4.048692e-01 -2.163745e-06
4.050072e-01 -5.480519e-06
3.248463e-01 4.023542e-06
4.023861e-01 -1.115452e-05
3.994028e-01 3.331648e-06
2.799254e-01 1.422412e-06
4.050081e-01 -7.144754e-06
4.050071e-01 -8.827022e-06
4.050091e-01 -8.821922e-06
4.007485e-01 5.309825e-06
4.032452e-01 1.939270e-05
3.972420e-01 6.035105e-06
3.714103e-01 6.797408e-06
3.863918e-01 6.696319e-06
4.050091e-01 -5.489586e-06
4.049141e-01 7.042591e-06
4.040692e-01 5.943964e-06
3.952588e-01 -7.547568e-06
3.900167e-01 -7.341391e-06
2.387057e-01 -9.797958e-07
2.188778e-01 -1.558739e-06
3.953512e-01 8.192602e-06
4.050085e-01 3.448746e-06
4.049280e-01 3.706227e-06
4.049044e-01 5.506327e-06
3.866111e-01 5.280444e-06
4.049694e-01 4.551142e-06
4.032045e-01 -1.148152e-05
4.049485e-01 9.156930e-07
4.049472e-01 1.526224e-06
8.785872e-02 2.325666e-07
3.374524e-01 -4.179601e-06
3.245689e-01 -8.844729e-06
4.050084e-01 2.059926e-06
4.049016e-01 -9.699916e-07
4.049267e-01 7.584966e-07
4.050078e-01 6.750782e-08
3.692431e-01 4.866545e-06
3.492503e-01 5.019847e-06
3.597533e-01 5.525594e-06
4.049607e-01 4.079999e-06
4.050093e-01 4.091477e-06
4.049606e-01 4.261006e-06
3.680479e-01 -1.431003e-06
3.971573e-01 2.514678e-06
3.691549e-01 5.977993e-06
4.050100e-01 5.726974e-07
4.049486e-01 2.469389e-07
4.049697e-01 3.497987e-06
4.043940e-01 2.574584e-06
4.049543e-01 1.826522e-06
4.040508e-01 2.151681e-06
4.050094e-01 5.368461e-06
4.049302e-01 5.176412e-06
4.050094e-01 5.263145e-06
4.048659e-01 -1.439740e-05
4.049140e-01 -1.135658e-05
2.443126e-01 1.156958e-06
3.376207e-01 4.751015e-06
9.238750e-02 4.780063e-07
1.283509e-01 8.644055e-07
4.049155e-01 3.477372e-06
3.970640e-01 5.130742e-06
4.026349e-01 -1.033759e-05
4.041605e-01 2.807944e-06
4.049405e-01 3.229972e-06
4.023790e-01 1.543845e-05
2.627891e-01 6.051073e-07
2.960437e-01 1.227669e-06
3.961042e-01 2.020721e-05
3.999208e-01 1.669775e-05
4.027646e-01 -2.031135e-05
2.443420e-01 -9.243346e-06
2.628507e-01 -1.444505e-05
2.249937e-01 -1.068676e-05
4.050093e-01 3.147760e-06
4.050097e-01 3.146233e-06
4.050095e-01 3.419924e-06
4.048562e-01 -9.536540e-06
4.050071e-01 -1.225972e-05
3.993830e-01 -6.915172e-07
2.631260e-01 -6.613006e-06
2.253029e-01 -5.376410e-06
3.868043e-01 4.049916e-06
3.926466e-01 2.666006e-06
3.722115e-01 1.654355e-06
3.869845e-01 1.358009e-06
3.802441e-01 1.031666e-06
3.305070e-01 -2.764897e-06
3.426608e-01 -2.160794e-06
3.537766e-01 -3.177469e-06
2.043904e-01 -1.076028e-05
4.050089e-01 4.404241e-06
3.724319e-01 1.802133e-07
3.871478e-01 4.590598e-07
3.498572e-01 2.988223e-06
3.253876e-01 5.497548e-08
3.491862e-01 2.360450e-06
3.249953e-01 -2.020601e-06
3.973592e-01 -8.956319e-08
3.726354e-01 -2.016552e-06
3.536325e-01 -1.566918e-06
3.635992e-01 -8.143511e-07
2.154634e-01 -7.057664e-07
2.340487e-01 -1.272777e-06
3.849695e-01 1.935152e-05
4.050096e-01 4.091755e-06
4.050094e-01 4.272448e-06
3.957565e-01 9.835097e-06
3.907585e-01 4.882955e-06
3.960044e-01 1.106865e-05
4.026911e-01 -6.934451e-06
3.637673e-01 -4.569771e-06
3.726697e-01 -3.640150e-06
2.803034e-01 -3.856875e-06
2.960749e-01 -7.570919e-06
3.377020e-01 3.864592e-06
3.493546e-01 3.503281e-06
4.050091e-01 -1.225171e-05
4.049751e-01 -1.206083e-05
4.049741e-01 -1.033147e-05
2.711725e-01 -1.763141e-06
2.527154e-01 -2.048053e-06
2.246229e-01 -1.493891e-05
4.049604e-01 3.863579e-06
4.050093e-01 3.683118e-06
2.369003e-01 1.258719e-06
1.972106e-01 8.748274e-07
2.160460e-01 1.184915e-06
3.492849e-01 5.633346e-06
3.958626e-01 1.718419e-06
3.846513e-01 3.789061e-06
4.049750e-01 -8.625534e-06
2.634982e-01 9.370457e-07
2.965670e-01 7.030829e-07
2.631592e-01 -1.536427e-06
2.961029e-01 -2.147802e-06
2.270422e-01 -1.225576e-06
2.250090e-01 5.358362e-07
2.664564e-01 3.865335e-06
2.270995e-01 2.876429e-06
3.494396e-01 1.919384e-07
3.249481e-01 2.448958e-06
2.258156e-01 5.822718e-07
2.254220e-01 -1.395052e-06
2.551502e-01 1.205453e-06
2.710776e-01 1.631356e-06
2.586544e-01 2.259649e-06
2.647427e-01 2.325738e-06
3.899278e-01 -5.015179e-05
3.951073e-01 -4.180666e-05
3.835915e-01 -4.204782e-05
3.774596e-01 5.417245e-06
3.598387e-01 4.907415e-06
3.692916e-01 6.082234e-06
2.619952e-01 2.110190e-06
2.231734e-01 1.516316e-06
3.775724e-01 5.670284e-06
3.847792e-01 4.438854e-06
3.760211e-01 -3.437287e-05
3.675318e-01 -4.084525e-05
3.533762e-01 1.659318e-07
3.908661e-01 5.480580e-06
3.847479e-01 7.265366e-06
3.958843e-01 1.037760e-05
3.305861e-01 -4.666774e-06
3.030488e-01 -3.896802e-06
3.173314e-01 -3.379491e-06
2.948476e-01 2.698567e-06
2.795085e-01 2.355622e-06
3.997722e-01 5.763766e-06
4.026029e-01 -1.039032e-05
3.693513e-01 -2.329075e-06
2.369971e-01 -3.509425e-06
1.984397e-01 -2.469605e-06
2.170525e-01 -2.437877e-06
3.951346e-01 -7.170087e-05
3.836509e-01 -5.492798e-05
3.726891e-01 -6.651235e-06
3.538008e-01 -5.495826e-06
3.675138e-01 -2.803616e-05
3.579538e-01 -2.337289e-05
3.029559e-01 -2.281526e-06
2.875783e-01 -1.385057e-06
2.257094e-01 1.455243e-06
2.050449e-01 1.240673e-06
4.039263e-01 -2.454484e-05
4.021996e-01 -3.952727e-05
3.959031e-01 3.015625e-06
3.020732e-01 3.017690e-06
2.816153e-01 2.576898e-06
3.951492e-01 -4.354691e-06
3.836501e-01 -8.949040e-06
4.041449e-01 3.366511e-06
4.025698e-01 1.945111e-05
4.049265e-01 2.922349e-06
3.835820e-01 -2.648511e-05
3.473318e-01 -1.893691e-05
3.349737e-01 -1.474242e-05
3.217378e-01 -1.735172e-05
4.049340e-01 4.439413e-06
3.694456e-01 -6.569515e-07
3.691264e-01 3.239635e-06
4.049711e-01 2.356924e-06
4.032604e-01 -1.359082e-05
4.026146e-01 1.984723e-05
2.710772e-01 -6.920061e-07
2.353544e-01 -4.787011e-07
2.538464e-01 -1.676391e-07
3.692324e-01 3.562242e-06
3.849186e-01 -8.496696e-06
1.950630e-01 -2.944660e-07
1.502907e-01 -1.643338e-07
1.734373e-01 -4.337627e-08
2.712195e-01 -3.071996e-06
2.341019e-01 -2.267434e-06
3.848154e-01 7.714349e-06
2.877218e-01 -4.329145e-06
8.282773e-02 2.242879e-07
1.252855e-01 5.095639e-07
3.677622e-01 -1.967651e-05
3.220541e-01 -1.117332e-05
3.075990e-01 -8.210848e-06
3.427600e-01 -6.261572e-06
3.974415e-01 -4.125145e-06
3.871980e-01 -2.644815e-06
3.928450e-01 -1.533838e-06
3.581551e-01 -4.359848e-05
4.049367e-01 4.434165e-06
4.050095e-01 4.704864e-06
3.475962e-01 -1.173894e-05
4.050095e-01 4.426874e-06
3.028728e-01 -9.483807e-07
2.403334e-01 1.984574e-06
2.143959e-01 1.603970e-06
2.634440e-01 1.852628e-06
2.265237e-01 1.370917e-06
2.449077e-01 1.651332e-06
2.708792e-01 2.035791e-06
2.336383e-01 1.518047e-06
2.518575e-01 1.883876e-06
2.712225e-01 1.015536e-06
2.370627e-01 8.005444e-07
4.050094e-01 4.818477e-06
4.050093e-01 4.703273e-06
4.050062e-01 -9.707248e-07
4.049648e-01 4.828542e-06
4.043636e-01 5.025399e-06
3.231613e-01 -2.526487e-06
3.099091e-01 -1.232194e-06
3.872234e-01 -3.704466e-06
3.804804e-01 -2.887974e-06
3.303332e-01 -1.235022e-06
2.959414e-01 -1.793475e-05
2.799020e-01 -2.052042e-05
4.050093e-01 4.927492e-06
4.048593e-01 -2.524613e-05
4.023358e-01 -4.893225e-05
3.229385e-01 -6.384559e-06
3.025492e-01 2.027881e-06
2.873689e-01 2.088008e-06
3.023756e-01 2.536599e-06
3.298795e-01 3.025313e-06
3.165942e-01 2.986118e-06
3.240928e-01 1.807052e-06
3.100494e-01 2.067837e-06
2.953957e-01 1.296404e-06
4.049649e-01 4.922566e-06
2.954825e-01 2.544839e-06
2.627186e-01 1.991932e-06
2.356002e-01 2.057036e-07
2.712957e-01 2.255599e-07
3.777275e-01 -3.119898e-06
2.700840e-01 2.499822e-06
2.358321e-01 2.007572e-06
1.958458e-01 1.373984e-06
4.041796e-01 -1.421436e-07
4.049672e-01 4.835602e-06
4.031762e-01 2.247805e-05
3.991632e-01 -9.342495e-06
3.239008e-01 -3.658169e-08
2.954683e-01 -2.358198e-07
4.050093e-01 5.109620e-06
2.623954e-01 -2.052240e-05
3.296100e-01 3.593061e-06
3.163039e-01 3.361248e-06
2.260951e-01 2.045876e-06
2.059617e-01 1.766270e-06
3.022234e-01 2.866378e-06
2.649179e-01 2.203251e-06
3.235153e-01 2.783373e-06
4.050091e-01 -1.574156e-05
4.050081e-01 -1.398838e-05
4.050070e-01 -1.575078e-05
4.050094e-01 5.197393e-06
3.019091e-01 3.115127e-06
2.864458e-01 2.868662e-06
2.542091e-01 2.432381e-06
2.363146e-01 2.206302e-06
2.703257e-01 2.892655e-06
3.297492e-01 3.432572e-06
3.358888e-01 -4.359393e-06
3.478767e-01 -2.198227e-06
4.049672e-01 4.722067e-06
2.956546e-01 2.300537e-06
2.803735e-01 2.077014e-06
3.234540e-01 3.423388e-06
3.096618e-01 3.069044e-06
2.636240e-01 1.895286e-06
2.389405e-01 1.639060e-06
2.200206e-01 1.321609e-06
3.294696e-01 3.709485e-06
3.677659e-01 -4.472043e-05
3.950608e-01 -2.073686e-05
3.898528e-01 -2.107610e-05
4.050096e-01 3.656880e-06
2.698946e-01 2.629879e-06
3.366677e-01 1.194086e-06
3.481291e-01 2.475452e-06
4.006902e-01 8.546131e-06
2.988363e-01 4.855178e-06
2.840872e-01 4.153740e-06
3.967666e-01 5.021121e-06
4.030225e-01 -9.995522e-06
4.004777e-01 8.896775e-06
4.049570e-01 2.610726e-06
4.049574e-01 2.950732e-06
3.835783e-01 -1.942905e-05
3.762347e-01 -1.474632e-05
3.239733e-01 3.110953e-06
3.103770e-01 2.652031e-06
2.876740e-01 6.972081e-07
3.027072e-01 1.231154e-06
3.420911e-01 2.986785e-06
3.531074e-01 3.412345e-06
3.168914e-01 1.819214e-06
3.300051e-01 2.443160e-06
4.032846e-01 1.510390e-05
3.974091e-01 1.812098e-06
4.008627e-01 1.750757e-06
2.373494e-01 -4.763428e-06
2.151864e-01 -4.248998e-06
1.960907e-01 -3.234006e-06
3.728104e-01 -1.489276e-05
3.539382e-01 -1.186791e-05
3.638669e-01 -1.041535e-05
3.950641e-01 -1.803511e-05
3.015705e-01 3.579443e-06
2.866645e-01 3.416184e-06
3.974685e-01 -2.344195e-06
3.928998e-01 -5.983638e-06
4.032974e-01 -1.809383e-05
4.009084e-01 -2.383406e-06
3.994683e-01 -8.451014e-05
4.049717e-01 2.157246e-07
4.044083e-01 -1.805886e-06
2.712761e-01 -4.662118e-06
2.555075e-01 -4.841343e-06
4.312879e-02 6.147256e-08
4.312894e-02 5.987537e-08
5.433463e-02 4.918418e-08
5.433475e-02 6.542588e-08
5.535674e-02 8.174998e-08
5.535690e-02 7.791838e-08
4.404309e-02 3.638553e-08
4.404317e-02 2.828872e-08
5.233754e-02 8.326399e-08
5.233771e-02 7.734478e-08
5.126365e-02 8.213386e-08
5.126383e-02 8.081068e-08
2.705716e-01 3.230381e-06
2.361306e-01 2.474545e-06
2.542955e-01 3.045997e-06
4.021869e-01 -2.188261e-05
3.238579e-01 3.303460e-06
3.476898e-01 -6.749674e-06
3.290264e-01 4.640130e-06
3.017859e-01 3.969701e-06
3.160304e-01 4.605893e-06
3.418469e-01 3.822124e-06
3.528783e-01 4.121257e-06
3.017435e-01 3.270596e-06
3.872579e-01 -7.439548e-06
3.805370e-01 -8.386943e-06
4.050093e-01 5.275157e-06
4.033696e-01 -3.514548e-05
4.044328e-01 -1.690012e-05
4.049802e-01 -1.451048e-05
4.049404e-01 3.647268e-06
3.678535e-01 -1.129332e-05
4.049672e-01 5.515042e-06
4.043873e-01 5.381818e-06
4.049682e-01 5.321111e-06
4.049681e-01 5.350693e-06
2.631350e-01 2.458372e-06
2.451429e-01 2.280246e-06
2.260574e-01 1.821131e-06
3.479677e-01 2.837162e-07
3.710701e-01 6.832247e-06
3.861375e-01 6.550121e-06
3.791771e-01 7.480391e-06
3.838230e-01 5.887750e-06
3.900456e-01 4.326814e-06
3.241213e-01 2.678854e-06
3.481181e-01 3.317462e-06
3.361248e-01 3.500933e-06
4.050093e-01 4.469748e-06
4.049694e-01 4.090127e-06
3.629251e-01 4.377461e-06
3.719284e-01 4.439112e-06
3.480671e-01 4.260203e-06
3.681722e-01 4.532564e-06
3.765140e-01 4.596725e-06
4.050093e-01 5.388401e-06
4.049674e-01 5.371945e-06
4.984345e-02 -1.418486e-08
4.984345e-02 1.768311e-08
1.006012e-01 1.106959e-07
4.050093e-01 5.362041e-06
4.050093e-01 5.397018e-06
4.050093e-01 3.436623e-06
4.050089e-01 2.853893e-06
4.050093e-01 5.013930e-06
4.050090e-01 5.021001e-06
4.050091e-01 4.769782e-06
4.050092e-01 2.170380e-06
4.049710e-01 1.395227e-06
3.027712e-01 2.192128e-07
3.159914e-01 3.717672e-06
3.291750e-01 4.207640e-06
3.301404e-01 1.431752e-06
2.050873e-01 8.001223e-07
3.481459e-01 3.866283e-06
3.365823e-01 3.510095e-06
3.525108e-01 4.772657e-06
3.715576e-01 5.377753e-06
3.626183e-01 4.678788e-06
4.050092e-01 5.645407e-08
4.050085e-01 -1.113685e-06
3.991666e-01 -2.774756e-05
3.245459e-01 3.804799e-06
3.371535e-01 3.697908e-06
3.532119e-01 2.835280e-06
3.529941e-01 3.995737e-06
4.923576e-02 5.967539e-08
4.923590e-02 6.295623e-08
1.009917e-01 2.615191e-07
2.245694e-01 2.155643e-06
3.795760e-01 5.565503e-06
3.864440e-01 6.173244e-06
3.413120e-01 4.699214e-06
3.719850e-01 4.620427e-06
3.630927e-01 3.930823e-06
3.482426e-01 3.751383e-06
3.998225e-01 7.453572e-06
3.293231e-01 3.835174e-06
2.631514e-01 2.112600e-06
2.194800e-01 1.478026e-06
2.958128e-01 2.364387e-06
3.951930e-01 -1.100793e-06
3.838495e-01 1.677212e-06
3.587766e-01 3.510942e-06
3.527581e-01 4.236460e-06
3.718327e-01 4.637085e-06
3.523873e-01 5.198459e-06
3.680446e-01 3.384720e-06
3.586543e-01 3.321109e-06
4.049314e-01 5.139206e-06
3.681333e-01 4.126034e-06
3.993243e-01 2.179679e-06
3.291096e-01 5.823481e-06
3.010277e-01 4.906699e-06
3.148956e-01 5.513811e-06
4.534633e-02 7.976036e-08
4.534652e-02 7.575980e-08
5.137221e-02 -1.099134e-07
5.137203e-02 -5.869644e-08
3.020650e-01 4.508224e-06
3.292658e-01 5.335195e-06
3.720753e-01 3.627957e-06
4.050093e-01 5.331570e-06
3.682231e-01 2.867831e-06
3.483058e-01 2.946520e-06
3.799090e-01 4.909954e-06
3.680361e-01 3.548867e-06
3.838590e-01 3.431970e-06
3.765638e-01 4.841934e-06
3.273320e-01 6.068744e-06
3.135906e-01 5.518579e-06
3.243343e-01 3.115084e-06
3.486772e-01 3.274694e-06
4.049792e-01 -1.627653e-05
3.849097e-01 1.245826e-06
3.586457e-01 4.515057e-06
3.867549e-01 5.482081e-06
3.367877e-01 2.842204e-06
4.923605e-02 7.105450e-08
4.923621e-02 7.819139e-08
3.582945e-01 -9.042062e-06
3.716576e-01 4.416091e-06
3.526364e-01 4.233898e-06
3.680694e-01 5.211394e-06
3.721507e-01 3.220732e-06
3.799800e-01 3.752425e-06
4.540138e-02 9.266546e-08
4.540160e-02 8.579654e-08
5.564768e-02 -2.925216e-07
5.564719e-02 -2.108999e-07
4.049734e-01 -2.209032e-06
3.415859e-01 3.996593e-06
4.039562e-01 -8.973467e-06
3.170658e-01 -4.299198e-07
4.033106e-01 1.055795e-05
3.901474e-01 4.448937e-06
3.415666e-01 5.999301e-06
3.524196e-01 6.048274e-06
3.716364e-01 5.379781e-06
4.033453e-01 1.517662e-06
4.021894e-01 -3.755723e-06
3.302464e-01 1.938544e-07
3.632716e-01 2.403473e-06
2.631688e-01 2.760425e-06
3.625961e-01 5.797254e-06
3.867483e-01 3.626846e-06
3.585951e-01 -5.056121e-07
3.765897e-01 3.129260e-06
2.959100e-01 2.652356e-06
2.800339e-01 2.583364e-06
3.873587e-01 -1.600510e-05
5.129398e-02 -6.627167e-07
5.129266e-02 -5.682044e-07
3.030980e-01 -5.935690e-06
3.919490e-01 6.541811e-06
4.050092e-01 -2.367786e-06
4.551313e-02 -3.527125e-07
4.551238e-02 -2.717659e-07
4.923490e-02 1.196715e-07
3.957854e-01 -5.728251e-05
3.837139e-01 -3.976114e-05
5.496288e-02 -7.044141e-08
5.496270e-02 -1.040620e-07
5.548258e-02 1.080625e-07
5.548281e-02 1.151764e-07
4.049739e-01 -5.354662e-06
4.044177e-01 -7.428920e-06
3.959463e-01 1.143762e-05
3.909550e-01 6.297451e-06
3.974903e-01 -8.384039e-06
2.958957e-01 3.104243e-06
8.805281e-02 3.151036e-07
1.032364e-01 -5.995771e-07
4.026564e-01 1.860016e-05
3.872940e-01 -9.727503e-06
3.727392e-01 -9.391545e-06
3.765647e-01 2.301191e-06
3.838530e-01 5.069407e-06
3.276536e-01 6.103894e-06
5.174718e-02 1.182693e-07
5.174743e-02 1.169027e-07
4.482854e-02 -1.581017e-07
4.482812e-02 -1.814701e-07
3.277987e-01 5.831504e-06
3.108796e-01 3.617251e-06
3.532881e-01 1.603370e-06
3.422988e-01 8.820754e-07
3.975731e-01 -1.777091e-05
4.010161e-01 -1.763687e-05
4.049729e-01 -3.691821e-06
3.522894e-01 6.516550e-06
3.538487e-01 -8.084995e-06
3.306441e-01 -7.060433e-06
3.681219e-01 4.678513e-07
3.484140e-01 3.175226e-06
3.242507e-01 2.775494e-06
3.953056e-01 5.943902e-06
5.109572e-02 -8.438335e-07
5.109388e-02 -8.726246e-07
5.211481e-02 1.625722e-07
5.211515e-02 1.615338e-07
3.398293e-01 6.517394e-06
3.519237e-01 6.903655e-06
3.966834e-01 2.571946e-06
3.859634e-01 4.904003e-06
3.918144e-01 4.806956e-06
3.106641e-01 2.699678e-06
1.011093e-01 3.458387e-07
2.715900e-01 -6.395586e-06
9.170237e-02 3.957562e-07
9.782201e-02 -1.100214e-06
3.967242e-01 9.494300e-06
4.003820e-01 6.352335e-06
4.029871e-01 2.035097e-05
2.359801e-01 -5.254081e-06
1.945633e-01 -3.542896e-06
4.035719e-01 -4.146539e-05
3.929837e-01 -1.361335e-05
4.029693e-01 -9.909615e-06
4.042913e-01 5.131232e-06
3.975334e-01 -9.280989e-06
3.516573e-01 6.719788e-06
3.619010e-01 6.966230e-06
9.373798e-02 -1.708430e-06
3.790895e-01 6.909166e-06
3.709156e-01 5.620945e-06
3.860704e-01 7.994231e-06
2.628136e-01 2.944236e-06
3.924945e-01 4.355232e-06
2.990740e-01 4.542374e-06
3.921876e-01 4.935118e-06
4.033225e-01 -2.326816e-05
3.864811e-01 4.268200e-06
3.590646e-01 3.295928e-06
3.797064e-01 4.644380e-06
3.762895e-01 -4.589367e-05
3.965007e-01 2.292373e-06
3.174398e-01 -7.809317e-06
3.683930e-01 3.825449e-06
3.711183e-01 7.403042e-06
4.323502e-02 -1.639681e-07
4.323465e-02 -1.306434e-07
5.176839e-02 9.646175e-08
5.176857e-02 7.884974e-08
5.237479e-02 -3.243781e-07
5.237396e-02 -4.636848e-07
4.251654e-02 6.162539e-08
4.251672e-02 7.932001e-08
3.839781e-01 4.793158e-06
4.009485e-01 -7.246318e-06
2.960357e-01 3.444744e-06
2.802153e-01 3.253333e-06
2.706867e-01 -7.197198e-06
8.693071e-02 -2.305626e-06
3.710599e-01 7.336720e-06
1.337458e-01 -1.925799e-06
1.797473e-01 -3.579950e-06
3.516441e-01 6.613134e-06
3.106655e-01 -1.330397e-05
3.402423e-01 5.828432e-06
3.621947e-01 7.028324e-06
3.305131e-01 -9.726564e-06
4.050093e-01 4.445532e-06
4.049572e-01 3.226300e-06
1.848596e-01 1.619341e-06
1.591583e-01 1.274152e-06
4.043026e-01 3.455182e-06
3.029455e-01 -8.178078e-06
2.878522e-01 -8.042859e-06
3.514439e-01 5.182290e-06
3.275580e-01 5.196742e-06
4.049362e-01 2.825736e-06
1.328906e-01 4.397704e-07
9.471423e-02 2.451001e-07
4.029203e-01 1.661869e-05
4.030983e-01 2.091677e-05
4.049671e-01 4.583814e-06
1.186943e-01 8.435978e-07
9.151326e-02 2.604194e-07
1.239217e-01 4.895626e-07
4.031593e-01 -1.063445e-05
4.043493e-01 3.427528e-06
2.057817e-01 -2.682626e-06
2.252752e-01 6.544192e-07
2.622332e-01 9.310851e-07
1.368514e-01 1.705824e-07
1.834532e-01 3.289247e-07
1.363851e-01 -4.968636e-07
1.830233e-01 -8.462587e-07
1.823993e-01 4.170790e-07
1.357002e-01 2.493816e-07
1.837636e-01 -1.002394e-06
1.371843e-01 -5.675557e-07
1.463929e-01 1.079017e-07
1.915231e-01 1.726169e-07
1.308535e-01 -1.509777e-06
1.300643e-01 -1.592055e-06
8.617826e-02 -6.923452e-07
2.163153e-01 1.950758e-06
1.971179e-01 1.719096e-06
2.795792e-01 4.880322e-07
2.123613e-01 4.373254e-07
1.931653e-01 5.559837e-07
8.700583e-02 4.527736e-07
2.623164e-01 -3.001276e-07
2.192534e-01 -2.534583e-07
4.392438e-02 -1.908098e-07
4.550984e-02 4.917430e-08
8.693105e-02 1.550439e-07
4.550971e-02 5.518376e-08
1.333937e-01 7.580019e-07
1.333461e-01 7.070943e-07
4.392390e-02 -1.888719e-07
8.467899e-02 -6.485265e-07
2.682014e-01 3.935020e-06
8.735000e-02 3.409858e-07
8.582359e-02 2.257872e-07
2.693916e-01 3.619415e-06
2.858575e-01 4.282034e-06
8.545780e-02 -2.380078e-06
4.427688e-02 6.531116e-08
2.107496e-01 1.180428e-06
8.699685e-02 2.733122e-07
4.427671e-02 6.636248e-08
4.600754e-02 -1.020402e-07
4.600726e-02 -1.308534e-07
8.813558e-02 -5.479626e-07
1.973219e-01 1.532767e-06
2.105733e-01 1.476547e-06
4.323111e-02 1.062906e-07
8.334974e-02 3.208528e-07
4.323085e-02 9.556565e-08
2.091224e-01 -2.250721e-06
3.922655e-02 4.387858e-08
3.922643e-02 4.461532e-08
3.950693e-02 6.481685e-08
3.950711e-02 6.942568e-08
3.840169e-02 -4.301356e-07
3.994035e-01 3.185918e-05
4.033416e-01 6.141562e-06
3.840280e-02 -3.518766e-07
4.050041e-01 -7.218549e-07
1.233651e-01 1.412996e-07
3.818776e-02 6.183300e-08
1.207143e-01 -1.133317e-06
1.620649e-01 -2.189390e-06
3.818794e-02 6.112701e-08
3.704116e-02 3.742987e-08
3.704128e-02 4.311543e-08
3.682117e-02 -4.046894e-07
4.367552e-02 -2.762787e-08
3.936850e-01 2.465813e-05
3.928502e-01 2.633306e-06
3.682244e-02 -4.460858e-07
1.872285e-01 -2.548922e-06
3.744311e-02 8.603694e-08
3.814484e-01 1.580310e-05
4.206491e-02 5.706898e-08
4.206506e-02 5.624695e-08
3.992921e-02 1.335588e-08
3.914616e-02 -2.694051e-08
9.394705e-02 -1.680125e-07
4.195502e-02 1.924423e-08
9.654204e-02 8.308771e-08
9.656452e-02 -2.434487e-07
4.196588e-02 -4.983335e-08
9.510932e-02 8.566007e-08
4.040937e-02 1.206323e-08
4.049700e-01 -1.555792e-05
4.045266e-01 -3.510195e-05
4.050051e-01 -5.049673e-06
4.050065e-01 -8.859137e-06
3.914629e-02 -6.824431e-08
4.195496e-02 3.399260e-08
4.196567e-02 -1.250664e-07
4.040944e-02 3.750262e-08
1.269770e-01 2.210688e-07
8.168057e-02 8.556459e-08
1.633867e-01 1.036999e-06
1.205231e-01 5.433213e-07
1.378828e-01 1.050910e-06
1.334077e-01 9.246233e-07
1.574152e-01 3.812517e-07
1.855323e-01 6.610925e-07
1.248070e-01 -2.201101e-06
1.623128e-01 1.164060e-06
2.102446e-01 2.293341e-07
1.860919e-01 1.287149e-06
1.951222e-01 -5.488049e-06
4.050035e-01 -1.039770e-05
3.829071e-01 -1.569387e-05
3.733929e-01 -1.844203e-06
1.182422e-01 2.534448e-07
1.753908e-01 -6.486905e-06
1.290893e-01 -3.519036e-06
1.944074e-01 -6.411768e-06
1.194072e-01 6.506370e-07
4.050046e-01 -2.231783e-06
4.050071e-01 -1.171651e-05
4.050061e-01 -1.538742e-05
1.217619e-01 -9.548837e-07
1.589544e-01 -2.376576e-06
1.199720e-01 -6.598593e-07
1.229232e-01 2.708461e-07
1.203849e-01 3.237582e-07
1.232616e-01 -9.166603e-07
1.239805e-01 -2.587740e-06
1.617903e-01 5.974556e-07
1.195718e-01 5.082071e-07
1.574249e-01 1.239715e-06
1.154018e-01 6.483978e-07
1.195492e-01 3.156384e-07
8.017796e-02 -3.867017e-07
9.087483e-02 2.116293e-07
9.145527e-02 -8.372511e-07
8.068895e-02 1.925781e-07
1.165427e-01 -1.266767e-06
1.617945e-01 9.248052e-07
1.645982e-01 -1.664452e-06
1.228220e-01 7.406517e-07
1.582926e-01 -3.938301e-06
