1.000000e+00
3.000000e-01
1.000000e+00 0.000000e+00
taylor-hood
rectangle
0.000000e+00 0.000000e+00
0.000000e+00 0.000000e+00
0.000000e+00 0.000000e+00
0.000000e+00 0.000000e+00
0.000000e+00 0.000000e+00
0.000000e+00 0.000000e+00
0.000000e+00 0.000000e+00
0.000000e+00 0.000000e+00
0.000000e+00 0.000000e+00
0.000000e+00 0.000000e+00
0.000000e+00 0.000000e+00
0.000000e+00 0.000000e+00
0.000000e+00 0.000000e+00
0.000000e+00 0.000000e+00
0.000000e+00 0.000000e+00
0.000000e+00 0.000000e+00
0.000000e+00 0.000000e+00
0.000000e+00 0.000000e+00
0.000000e+00 0.000000e+00
0.000000e+00 0.000000e+00
0.000000e+00 0.000000e+00
0.000000e+00 0.000000e+00
0.000000e+00 0.000000e+00
0.000000e+00 0.000000e+00
0.000000e+00 0.000000e+00
0.000000e+00 0.000000e+00
0.000000e+00 0.000000e+00
0.000000e+00 0.000000e+00
0.000000e+00 0.000000e+00
0.000000e+00 0.000000e+00
0.000000e+00 0.000000e+00
0.000000e+00 0.000000e+00
0.000000e+00 0.000000e+00
0.000000e+00 0.000000e+00
0.000000e+00 0.000000e+00
0.000000e+00 0.000000e+00
0.000000e+00 0.000000e+00
0.000000e+00 0.000000e+00
0.000000e+00 0.000000e+00
0.000000e+00 0.000000e+00
0.000000e+00 0.000000e+00
0.000000e+00 0.000000e+00
0.000000e+00 0.000000e+00
0.000000e+00 0.000000e+00
0.000000e+00 0.000000e+00
0.000000e+00 0.000000e+00
0.000000e+00 0.000000e+00
0.000000e+00 0.000000e+00
0.000000e+00 0.000000e+00
8.444240e-02 0.000000e+00
1.511089e-01 0.000000e+00
1.999933e-01 0.000000e+00
2.311401e-01 0.000000e+00
2.443402e-01 0.000000e+00
2.449872e-01 0.000000e+00
2.449872e-01 0.000000e+00
2.449872e-01 0.000000e+00
2.449872e-01 0.000000e+00
2.447028e-01 0.000000e+00
2.311273e-01 0.000000e+00
1.999500e-01 0.000000e+00
1.510608e-01 0.000000e+00
8.440505e-02 0.000000e+00
4.444324e-02 0.000000e+00
1.199974e-01 0.000000e+00
1.777745e-01 0.000000e+00
2.177854e-01 0.000000e+00
2.399072e-01 0.000000e+00
2.449143e-01 0.000000e+00
2.449872e-01 0.000000e+00
2.449872e-01 0.000000e+00
2.449872e-01 0.000000e+00
2.449513e-01 0.000000e+00
2.399396e-01 0.000000e+00
2.177535e-01 0.000000e+00
1.777277e-01 0.000000e+00
1.199521e-01 0.000000e+00
4.441958e-02 0.000000e+00
0.000000e+00 0.000000e+00
0.000000e+00 0.000000e+00
0.000000e+00 0.000000e+00
0.000000e+00 0.000000e+00
0.000000e+00 0.000000e+00
0.000000e+00 0.000000e+00
0.000000e+00 0.000000e+00
0.000000e+00 0.000000e+00
0.000000e+00 0.000000e+00
0.000000e+00 0.000000e+00
0.000000e+00 0.000000e+00
0.000000e+00 0.000000e+00
0.000000e+00 0.000000e+00
0.000000e+00 0.000000e+00
0.000000e+00 0.000000e+00
0.000000e+00 0.000000e+00
0.000000e+00 0.000000e+00
0.000000e+00 0.000000e+00
0.000000e+00 0.000000e+00
0.000000e+00 0.000000e+00
0.000000e+00 0.000000e+00
0.000000e+00 0.000000e+00
0.000000e+00 0.000000e+00
0.000000e+00 0.000000e+00
0.000000e+00 0.000000e+00
0.000000e+00 0.000000e+00
0.000000e+00 0.000000e+00
0.000000e+00 0.000000e+00
0.000000e+00 0.000000e+00
0.000000e+00 0.000000e+00
0.000000e+00 0.000000e+00
0.000000e+00 0.000000e+00
0.000000e+00 0.000000e+00
0.000000e+00 0.000000e+00
0.000000e+00 0.000000e+00
0.000000e+00 0.000000e+00
0.000000e+00 0.000000e+00
0.000000e+00 0.000000e+00
0.000000e+00 0.000000e+00
0.000000e+00 0.000000e+00
0.000000e+00 0.000000e+00
0.000000e+00 0.000000e+00
0.000000e+00 0.000000e+00
0.000000e+00 0.000000e+00
0.000000e+00 0.000000e+00
8.445473e-02 0.000000e+00
1.511250e-01 0.000000e+00
2.000042e-01 0.000000e+00
2.311333e-01 0.000000e+00
2.443094e-01 0.000000e+00
2.449872e-01 0.000000e+00
2.449872e-01 0.000000e+00
2.449872e-01 0.000000e+00
2.449872e-01 0.000000e+00
2.443205e-01 0.000000e+00
2.311349e-01 0.000000e+00
1.999970e-01 0.000000e+00
1.511161e-01 0.000000e+00
8.444826e-02 0.000000e+00
4.445060e-02 0.000000e+00
1.200127e-01 0.000000e+00
1.777887e-01 0.000000e+00
2.177919e-01 0.000000e+00
2.398985e-01 0.000000e+00
2.449111e-01 0.000000e+00
2.449872e-01 0.000000e+00
2.449872e-01 0.000000e+00
2.449872e-01 0.000000e+00
2.449115e-01 0.000000e+00
2.398961e-01 0.000000e+00
2.177870e-01 0.000000e+00
1.777803e-01 0.000000e+00
1.200044e-01 0.000000e+00
4.444683e-02 0.000000e+00
6.541643e-02 -2.947727e-07
8.114224e-02 2.013126e-07
6.412802e-02 -1.156250e-07
7.974220e-02 -2.534468e-08
2.449872e-01 6.797719e-11
2.449872e-01 4.324879e-11
6.748310e-02 7.848340e-09
7.269831e-02 -9.461477e-08
8.131453e-02 3.291051e-07
8.059892e-02 -1.555842e-06
2.398789e-01 -7.496314e-07
2.402986e-01 -9.663717e-06
2.400260e-01 4.593460e-06
2.397529e-01 -1.612462e-05
7.669625e-02 -2.309607e-07
7.525863e-02 2.426560e-07
7.550723e-02 3.768379e-08
7.699500e-02 -1.513702e-07
7.565815e-02 -1.417948e-08
6.725653e-02 -6.336300e-08
6.651203e-02 -2.690305e-06
7.617573e-02 3.473210e-07
1.802316e-01 -2.316153e-05
1.777821e-01 -1.296229e-06
1.782360e-01 1.608687e-06
1.788094e-01 6.000587e-07
6.425052e-02 -4.042704e-06
7.620510e-02 2.010466e-07
6.327022e-02 -2.402908e-07
7.701951e-02 -1.975977e-08
2.176960e-01 4.945219e-06
2.310241e-01 4.076278e-06
2.443213e-01 3.267620e-06
2.399673e-01 3.152653e-06
2.449673e-01 5.659969e-08
2.443186e-01 3.221476e-07
2.449872e-01 1.234967e-10
2.449675e-01 2.741628e-08
2.449872e-01 1.471501e-10
2.449872e-01 1.647756e-10
2.449872e-01 1.676727e-10
2.449872e-01 1.898575e-10
2.449872e-01 1.856696e-10
2.449872e-01 1.978702e-10
2.449872e-01 1.990102e-10
2.449872e-01 2.089948e-10
2.449872e-01 1.873190e-10
2.449872e-01 2.065956e-10
2.449872e-01 2.172392e-10
2.449872e-01 2.173043e-10
2.449872e-01 2.238181e-10
2.449872e-01 2.283415e-10
2.449872e-01 2.277192e-10
2.449872e-01 2.287258e-10
2.449872e-01 2.320608e-10
2.449872e-01 2.300018e-10
2.449872e-01 2.347870e-10
2.449872e-01 2.349595e-10
2.449872e-01 2.365234e-10
2.449872e-01 2.382936e-10
2.449872e-01 2.355040e-10
2.449872e-01 2.356525e-10
2.449872e-01 2.328222e-10
2.449872e-01 2.340949e-10
2.449872e-01 2.267642e-10
2.449872e-01 2.266565e-10
2.449872e-01 2.248150e-10
2.449872e-01 2.195642e-10
2.449661e-01 3.193013e-07
2.449818e-01 1.062761e-08
2.449872e-01 2.049418e-10
2.446383e-01 -2.342383e-06
2.446238e-01 -1.170155e-06
2.449872e-01 1.480784e-10
2.449872e-01 2.070526e-10
2.449828e-01 1.370599e-08
2.412886e-01 -1.183610e-05
2.399065e-01 1.468580e-06
2.333168e-01 -1.015134e-05
2.211156e-01 -1.624735e-05
2.446764e-01 -6.037281e-06
2.449872e-01 1.619431e-10
2.176931e-01 2.844487e-06
2.045323e-01 -1.028674e-05
2.449829e-01 1.736271e-07
2.413859e-01 -4.102368e-05
2.449872e-01 1.988887e-10
1.837416e-01 -1.153530e-05
2.449872e-01 1.008683e-10
2.210261e-01 -7.986912e-06
1.836835e-01 -6.150372e-06
2.044298e-01 -5.247062e-06
2.045902e-01 -1.937944e-05
2.449872e-01 1.773115e-10
2.449872e-01 1.679806e-10
2.449872e-01 1.864543e-10
2.449872e-01 1.535291e-10
2.449872e-01 1.926698e-10
2.449565e-01 -1.132392e-06
2.441518e-01 -6.276257e-07
2.449579e-01 -1.067923e-07
2.392420e-01 8.046603e-07
2.301507e-01 1.871513e-06
2.441424e-01 4.404092e-07
2.299535e-01 -2.835330e-07
2.394298e-01 1.577531e-07
2.155463e-01 2.559346e-08
2.302233e-01 9.234458e-07
1.962030e-01 5.607537e-07
1.966913e-01 -1.694818e-07
2.165950e-01 -9.221161e-08
2.394959e-01 2.887566e-07
2.304131e-01 -2.617631e-08
1.995793e-01 -1.148239e-07
2.174613e-01 -2.363069e-07
2.395526e-01 7.855295e-07
2.305745e-01 -4.606778e-07
1.994851e-01 -2.128930e-07
2.167830e-01 -4.747286e-07
2.395469e-01 -1.705142e-06
2.305206e-01 -1.350369e-06
1.990377e-01 1.841764e-07
2.172546e-01 8.527194e-07
2.395860e-01 -1.629516e-06
2.306157e-01 5.342930e-07
1.998539e-01 8.777918e-07
2.174265e-01 1.203764e-06
2.441934e-01 -5.724712e-07
2.449872e-01 2.076947e-10
1.788629e-01 1.018970e-06
2.000565e-01 9.391277e-07
1.424886e-01 7.586883e-07
1.782151e-01 1.300277e-06
2.175232e-01 1.555770e-06
2.000377e-01 1.731584e-06
2.449872e-01 1.326952e-10
2.449872e-01 1.797283e-10
1.589851e-01 -3.431894e-06
1.839822e-01 -3.042549e-06
2.209264e-01 -3.237541e-06
2.043504e-01 -2.463633e-06
2.330848e-01 -1.174884e-07
2.207726e-01 -1.259030e-06
2.410542e-01 7.305256e-08
2.329831e-01 -8.946011e-07
2.041324e-01 -8.347443e-07
2.206244e-01 -3.614282e-07
2.409959e-01 -3.035120e-08
2.328718e-01 -5.324394e-07
2.039440e-01 -1.031442e-06
2.204656e-01 -1.435989e-06
1.829477e-01 -9.937205e-07
2.037366e-01 -7.297185e-07
2.327542e-01 -7.186620e-07
2.202979e-01 -2.699582e-07
2.408542e-01 1.094962e-07
2.326365e-01 -1.014906e-06
2.040099e-01 -2.897841e-07
2.205713e-01 -6.393513e-07
2.408817e-01 -2.543727e-06
2.325094e-01 -3.945829e-07
2.026959e-01 -1.514212e-06
2.189013e-01 -1.455566e-06
2.406662e-01 1.243593e-06
2.322503e-01 -3.944948e-07
2.444958e-01 -6.052354e-07
2.013814e-01 -1.470483e-06
2.194416e-01 -1.985219e-06
1.811697e-01 -1.424535e-06
2.449760e-01 1.204317e-07
2.449872e-01 1.215560e-10
2.449753e-01 3.211476e-08
2.449872e-01 9.865869e-11
2.449872e-01 7.105892e-11
2.445744e-01 -1.456890e-06
2.449606e-01 -2.318630e-07
2.445326e-01 -2.135906e-07
2.445897e-01 -1.633230e-06
1.610643e-01 -1.512673e-06
1.612271e-01 -1.255885e-05
1.841574e-01 -2.507921e-05
1.605473e-01 -5.280444e-07
1.668282e-01 -6.904664e-07
1.501374e-01 -8.291585e-07
1.520245e-01 6.359690e-07
1.521170e-01 1.155541e-06
1.782610e-01 1.733998e-06
2.442111e-01 2.100464e-06
1.292340e-01 -3.065430e-06
9.578419e-02 -1.231654e-06
1.316171e-01 -6.032391e-06
1.217316e-01 8.365402e-07
1.499100e-01 1.263920e-06
1.184554e-01 8.361912e-07
1.266998e-01 -8.124945e-07
1.206931e-01 -5.199507e-07
2.016898e-01 -2.669793e-06
2.444724e-01 -4.300553e-06
1.763357e-01 1.786464e-06
1.797391e-01 -8.911533e-07
1.546782e-01 -7.398682e-07
7.978496e-02 -2.167023e-07
2.449872e-01 2.165092e-10
2.449614e-01 1.871615e-07
1.499396e-01 1.477661e-06
1.996369e-01 2.112404e-06
2.449782e-01 -6.702705e-08
2.309002e-01 2.707693e-06
2.449669e-01 2.863244e-07
2.397902e-01 1.057829e-06
2.449872e-01 7.332959e-11
2.449790e-01 -3.957249e-08
2.449794e-01 4.643426e-08
2.449872e-01 2.110073e-10
1.281090e-01 -1.182095e-05
1.592674e-01 -2.259278e-05
2.035774e-01 -3.049733e-05
2.189680e-01 -2.010531e-05
2.328843e-01 -8.396574e-05
2.448589e-01 -2.589650e-07
2.449872e-01 1.508076e-10
1.996118e-01 1.864102e-06
2.449872e-01 2.205808e-10
2.449872e-01 2.288647e-10
2.309926e-01 2.302494e-06
2.449872e-01 7.625553e-11
2.449615e-01 1.702999e-07
2.449872e-01 3.778677e-11
2.182600e-01 -5.212228e-06
1.573209e-01 -1.790417e-06
2.177231e-01 -6.344816e-06
1.999629e-01 -1.432513e-07
1.509379e-01 -7.990830e-07
1.778629e-01 5.369849e-07
2.175938e-01 1.829151e-06
1.197378e-01 3.652417e-07
1.504137e-01 9.609102e-07
1.155743e-01 4.334708e-07
1.732477e-01 8.603099e-07
1.429429e-01 3.470501e-07
1.672063e-01 9.657529e-08
1.477324e-01 -9.486496e-09
1.772049e-01 -5.500672e-08
1.428464e-01 -6.805678e-08
2.146850e-01 1.341751e-06
2.412516e-01 -4.413085e-06
1.571142e-01 -6.251534e-06
2.442972e-01 -1.815400e-07
2.449872e-01 1.007580e-10
1.994574e-01 1.328022e-06
1.837881e-01 -1.221260e-06
1.564156e-01 -6.763846e-07
1.300136e-01 -6.979787e-07
1.222076e-01 -2.919114e-07
1.755632e-01 -5.873874e-07
1.778695e-01 4.664453e-07
1.483504e-01 1.139625e-07
1.208223e-01 3.117877e-07
1.171479e-01 -5.391407e-08
1.766191e-01 -2.308345e-07
1.516525e-01 -9.136616e-08
2.449628e-01 5.257664e-08
2.449872e-01 8.901362e-11
2.449872e-01 1.313954e-10
1.285969e-01 -5.006344e-07
2.449579e-01 1.443797e-07
2.449872e-01 2.197542e-10
2.449872e-01 2.232904e-10
2.449872e-01 2.084115e-10
2.449872e-01 2.342095e-10
2.449872e-01 2.340992e-10
2.449607e-01 1.559221e-07
2.449872e-01 1.980959e-10
2.449783e-01 2.214532e-08
2.441757e-01 -9.458862e-08
2.449607e-01 2.645814e-08
2.449872e-01 2.337663e-10
2.449872e-01 1.988025e-10
7.269170e-02 1.880565e-07
1.835331e-01 -2.657099e-07
1.602889e-01 -3.149298e-07
2.441664e-01 -8.723673e-07
2.449872e-01 2.325096e-10
2.449872e-01 7.324846e-11
7.353826e-02 -1.562345e-08
2.331741e-01 -5.212236e-06
2.449872e-01 2.264989e-10
2.445507e-01 -6.711279e-07
2.445769e-01 -2.452895e-07
2.449872e-01 1.957716e-10
2.409257e-01 -1.761953e-06
2.396200e-01 4.399336e-07
2.441906e-01 -4.793778e-08
7.554325e-02 9.724409e-08
8.154048e-02 -2.371274e-08
6.733464e-02 -3.199331e-08
7.269210e-02 1.996147e-07
2.333654e-01 -2.357539e-05
2.449602e-01 -2.155846e-08
2.449872e-01 2.185856e-10
2.449872e-01 2.355988e-10
2.411090e-01 -2.366038e-06
2.449872e-01 7.547801e-11
2.307234e-01 2.740711e-06
2.449808e-01 2.322076e-08
2.449872e-01 1.949154e-10
2.449872e-01 1.925719e-10
2.441963e-01 5.899621e-07
2.176630e-01 2.637182e-06
2.449872e-01 2.331842e-10
2.449872e-01 2.335575e-10
2.449872e-01 2.150427e-10
2.406531e-01 -1.350578e-06
2.449785e-01 1.231746e-07
2.394158e-01 1.350689e-07
2.442330e-01 -1.724113e-06
2.209580e-01 -3.361530e-05
2.320524e-01 -3.377581e-06
2.445059e-01 -1.544221e-06
2.307465e-01 -4.935372e-06
2.449872e-01 1.684026e-10
2.449872e-01 6.551271e-11
2.449872e-01 1.245261e-10
2.449872e-01 1.250466e-10
2.449872e-01 1.657367e-10
1.307953e-01 -1.604294e-07
1.210061e-01 5.466305e-07
1.203425e-01 -9.249475e-06
1.194703e-01 -9.518532e-07
1.214121e-01 -4.608130e-07
1.776583e-01 -4.899109e-08
1.239431e-01 -1.404489e-06
6.523149e-02 -3.961947e-06
6.748250e-02 -1.891205e-07
1.819326e-01 -8.274223e-07
2.449872e-01 1.025615e-10
6.817320e-02 -1.670643e-06
6.574970e-02 -1.350892e-07
1.284016e-01 5.247485e-07
6.427984e-02 -2.802369e-07
6.489489e-02 -7.110172e-07
1.289851e-01 6.841841e-07
1.292164e-01 -4.367440e-08
1.280776e-01 -5.501178e-08
5.857866e-02 7.781475e-08
5.897899e-02 2.064949e-07
5.738520e-02 4.248405e-08
2.449872e-01 5.166000e-11
5.709366e-02 2.322354e-07
5.545066e-02 -1.915945e-08
5.512829e-02 1.102647e-07
1.182220e-01 7.296345e-08
1.264423e-01 -3.798496e-07
5.603510e-02 -1.100158e-07
6.262091e-02 -6.972495e-08
6.246131e-02 -1.141849e-08
5.843741e-02 -2.042103e-06
6.245657e-02 1.025318e-08
6.027820e-02 -7.143587e-08
1.122352e-01 -7.560622e-07
1.100306e-01 -1.104965e-05
1.121804e-01 -1.492048e-07
1.137644e-01 -3.076458e-07
2.449872e-01 1.405662e-10
1.093636e-01 -7.316954e-07
1.146286e-01 -6.362766e-06
5.958174e-02 -3.512088e-07
1.240070e-01 -3.723848e-07
2.449002e-01 3.063025e-06
1.193325e-01 1.630046e-08
1.098429e-01 4.282764e-07
1.098432e-01 4.385119e-07
7.269190e-02 1.868870e-07
9.904419e-02 -6.064381e-08
1.182471e-01 -5.466612e-08
1.350771e-01 -1.069946e-07
1.190772e-01 4.110377e-07
1.016688e-01 2.794795e-07
1.369867e-01 4.908083e-07
1.113635e-01 -3.086672e-08
1.104232e-01 -3.649450e-08
7.459985e-02 -1.486588e-08
2.449872e-01 1.421602e-10
2.449872e-01 1.303818e-10
2.449872e-01 1.498712e-10
1.166393e-01 -1.506731e-07
1.358956e-01 3.385372e-08
9.916061e-02 6.993986e-08
2.066987e-01 1.074964e-07
1.828226e-01 1.243437e-07
1.942538e-01 1.036116e-07
1.198557e-01 -3.899067e-07
1.004854e-01 -2.172581e-07
1.400082e-01 -4.308897e-07
1.059796e-01 -2.340567e-06
1.436537e-01 -4.407689e-06
1.218269e-01 -3.709712e-06
2.444303e-01 -1.164830e-05
2.449550e-01 1.819833e-06
2.435546e-01 -4.116211e-05
1.072898e-01 -3.336786e-06
1.447709e-01 -6.262772e-06
1.383627e-01 -6.292148e-07
1.200373e-01 -4.757395e-07
1.009652e-01 -3.454320e-07
9.808986e-02 5.068010e-07
1.347597e-01 1.095124e-06
1.157008e-01 5.990756e-07
1.192066e-01 7.060679e-07
1.374610e-01 9.922283e-07
1.022382e-01 5.569220e-07
1.507739e-01 -4.442379e-07
1.231089e-01 -3.155600e-07
1.515632e-01 -5.035611e-07
1.701151e-01 -2.397050e-05
1.834128e-01 -2.891559e-05
1.925513e-01 -3.119556e-05
1.436445e-01 -7.301795e-07
1.047572e-01 -3.643419e-07
7.004229e-02 1.353085e-07
9.127564e-02 1.793805e-07
1.527152e-01 -1.441047e-05
1.407114e-01 -1.572389e-05
1.525742e-01 -7.773075e-07
1.677167e-01 -7.991921e-07
1.662805e-01 -5.260039e-07
2.424380e-01 -5.719587e-06
2.440241e-01 -1.993024e-06
2.447902e-01 4.239102e-06
2.449872e-01 3.729951e-11
2.449872e-01 3.648812e-11
2.448888e-01 6.799259e-07
2.449842e-01 6.660948e-09
1.743317e-01 -1.102655e-08
1.577410e-01 7.721581e-08
9.013041e-02 1.415634e-07
6.733788e-02 -2.495194e-08
1.160310e-01 -5.097818e-07
1.359120e-01 -6.932022e-07
9.952645e-02 -3.618283e-07
2.377219e-01 -6.495737e-05
2.411316e-01 -8.332902e-05
6.677741e-02 2.771787e-07
8.928594e-02 5.251771e-07
1.852768e-01 8.335992e-07
1.720016e-01 4.413024e-07
1.587609e-01 6.184898e-07
1.358412e-01 6.694269e-07
1.022258e-01 4.199647e-07
2.107004e-01 -1.785960e-06
2.015256e-01 -1.037561e-06
1.911036e-01 -1.252260e-06
2.449872e-01 1.150524e-10
2.449872e-01 1.059077e-10
1.027971e-01 -4.740273e-07
1.387418e-01 -7.606122e-07
1.712603e-01 -6.799494e-07
1.465822e-01 -5.393723e-07
4.185110e-02 -5.972340e-08
4.185099e-02 -5.540403e-08
1.152377e-01 -1.119530e-05
1.360391e-01 -1.646921e-05
2.117205e-01 -3.056924e-05
2.017664e-01 -2.715729e-05
2.064815e-01 5.406013e-08
1.825460e-01 1.608230e-07
1.296645e-01 4.329394e-07
1.113677e-01 2.182824e-07
9.623207e-02 2.477085e-07
9.984743e-02 5.898420e-07
1.362773e-01 1.077048e-06
1.156704e-01 7.732650e-07
2.449872e-01 1.688228e-10
2.449872e-01 1.547999e-10
1.030780e-01 -2.953585e-08
1.355866e-01 -4.610019e-08
2.449866e-01 6.968415e-08
2.449711e-01 1.610515e-07
1.715092e-01 -4.307913e-07
1.440751e-01 -3.193351e-07
1.563590e-01 -5.762672e-07
1.019023e-01 3.566363e-07
1.355584e-01 6.429115e-07
3.794459e-02 -3.067423e-08
7.626021e-02 -1.644093e-07
9.196364e-02 4.870422e-07
7.032530e-02 2.648960e-07
1.144695e-01 8.238597e-08
1.350170e-01 2.362733e-07
9.904404e-02 1.315435e-07
9.706006e-02 2.593281e-09
1.332939e-01 1.154376e-08
1.347436e-01 1.002134e-06
9.807595e-02 5.842514e-07
1.361381e-01 -7.196957e-08
1.027393e-01 -2.600872e-08
8.781279e-02 -4.021173e-08
6.780456e-02 -3.187703e-08
2.101032e-01 -1.380924e-05
2.255014e-01 -1.993622e-05
1.155634e-01 5.465155e-07
1.336755e-01 6.570540e-07
9.609868e-02 3.555345e-07
9.834124e-02 3.432407e-07
1.356133e-01 7.584194e-07
2.449872e-01 3.372703e-11
2.449872e-01 7.168218e-11
2.449840e-01 -6.961332e-08
2.449842e-01 8.045672e-09
1.961635e-01 1.056754e-06
2.059911e-01 1.121506e-06
6.548087e-02 1.153547e-07
8.679472e-02 2.586733e-07
1.554857e-01 1.593676e-07
1.870941e-01 1.075292e-06
2.074571e-01 1.031975e-06
2.243488e-01 2.620595e-06
2.168987e-01 1.449129e-06
2.090977e-01 1.652122e-06
2.305386e-01 1.649939e-06
2.353193e-01 3.186813e-06
2.449872e-01 1.050059e-10
2.449872e-01 1.178591e-10
2.449872e-01 8.399870e-11
2.112857e-01 -1.077354e-06
1.918373e-01 -8.885035e-07
2.274176e-01 -4.347828e-05
2.333287e-01 -3.860709e-05
2.247050e-01 4.777194e-07
2.355581e-01 -1.010240e-06
2.422821e-01 4.340048e-06
2.395281e-01 -3.960540e-06
1.782178e-01 -1.151507e-06
1.656285e-01 -9.953961e-07
2.358514e-01 -7.965257e-06
1.000657e-01 -1.032976e-07
1.366779e-01 -7.710074e-07
1.055765e-01 -2.615554e-08
1.407362e-01 -4.146516e-08
2.449872e-01 7.872885e-11
2.449872e-01 6.167039e-11
1.405470e-01 5.663517e-07
1.057745e-01 3.514208e-07
2.084484e-01 7.357276e-08
1.883833e-01 -2.949400e-08
1.988871e-01 -3.790696e-07
1.061730e-01 5.229044e-07
1.408722e-01 9.081305e-07
1.491907e-01 -1.047513e-07
1.646205e-01 -2.077564e-07
1.905385e-01 -1.580632e-05
2.359471e-01 -4.761667e-05
2.313483e-01 -1.501525e-05
2.230991e-01 1.281668e-06
1.016497e-01 -3.647842e-06
7.444267e-02 -1.597247e-06
2.351269e-01 1.225189e-06
2.229802e-01 1.228656e-06
2.293472e-01 1.410889e-06
1.359528e-01 1.040612e-06
9.946775e-02 2.413383e-07
5.084567e-02 -3.450023e-07
8.070241e-02 -9.834859e-07
3.369347e-02 -1.734454e-07
9.813128e-02 -2.862732e-07
1.263130e-01 -4.425052e-07
9.556727e-02 -2.372801e-07
2.204103e-01 -4.292453e-05
2.128526e-01 -3.168732e-05
3.082672e-02 -1.059797e-07
7.817417e-02 -6.992970e-07
1.993568e-01 2.186677e-06
1.885880e-01 1.769088e-06
2.092348e-01 2.040589e-06
7.283665e-02 -1.060216e-06
9.883451e-02 -1.720077e-06
1.908543e-01 -4.295806e-07
2.007348e-01 5.827440e-07
2.104747e-01 -2.358386e-06
1.622244e-01 9.456699e-07
1.771512e-01 1.239612e-06
1.814411e-01 -2.404959e-06
1.684416e-01 -1.526115e-06
2.314889e-01 -9.586024e-06
2.366569e-01 -5.199939e-06
2.257757e-01 -6.980215e-06
1.760220e-01 1.299347e-07
1.630945e-01 -4.939306e-09
2.086484e-01 -6.513334e-07
1.886318e-01 -4.001208e-07
2.190997e-01 -3.552195e-06
6.493976e-02 -1.328944e-07
9.886273e-02 -3.005687e-07
1.873599e-01 -1.608120e-07
1.631318e-01 -6.803983e-08
2.428635e-01 -1.041645e-05
2.441180e-01 -8.833847e-06
2.448584e-01 1.114783e-06
2.427503e-01 1.140048e-05
2.448086e-01 -1.580953e-05
2.449872e-01 2.455905e-11
2.449872e-01 2.852997e-11
2.154905e-01 4.116435e-07
6.768157e-02 2.747445e-07
2.352071e-01 8.248904e-07
2.449846e-01 1.249424e-08
2.404174e-01 -2.952877e-06
1.392424e-01 -1.428514e-06
1.346452e-01 -1.115019e-06
1.144660e-01 -8.099694e-07
2.892581e-02 -2.982632e-08
6.810937e-02 -1.531461e-07
9.359506e-02 -7.262172e-06
8.797385e-02 -7.361892e-06
2.449847e-01 4.149973e-08
1.636595e-01 1.430081e-06
1.495905e-01 1.298256e-06
2.449872e-01 2.035325e-10
2.449872e-01 2.023540e-10
2.449872e-01 2.086271e-10
1.465219e-01 6.542859e-07
2.449872e-01 1.935577e-10
2.449872e-01 1.999661e-10
2.449872e-01 1.954554e-10
2.449861e-01 2.944660e-09
2.449330e-01 -9.430461e-08
2.448931e-01 1.953020e-06
1.644620e-01 1.082348e-06
1.770444e-01 1.976451e-06
1.892313e-01 -3.827563e-07
2.449861e-01 -8.199659e-09
2.449861e-01 -8.208247e-09
2.449872e-01 2.019074e-10
2.449872e-01 2.009393e-10
2.449872e-01 2.121890e-10
2.449872e-01 2.160741e-10
2.449872e-01 2.093733e-10
1.689157e-01 -8.793618e-07
1.410396e-01 -5.951669e-07
2.442751e-01 -1.472891e-06
2.431461e-01 -7.761567e-06
2.448922e-01 -2.288799e-06
2.449839e-01 3.514852e-09
2.449872e-01 2.372984e-10
2.449839e-01 3.511309e-09
2.449861e-01 -8.189184e-09
2.449872e-01 2.343183e-10
2.449872e-01 2.342825e-10
2.439798e-01 2.095716e-07
2.448059e-01 3.816099e-06
2.425174e-01 -4.307799e-06
1.770482e-01 1.728922e-06
2.424589e-01 6.390468e-06
2.447934e-01 -4.355975e-06
2.092233e-01 2.528471e-06
1.885732e-01 2.297046e-06
2.449839e-01 3.507421e-09
2.449872e-01 2.276510e-10
2.448998e-01 -2.303582e-06
2.449360e-01 -2.490228e-07
2.449862e-01 -4.753893e-09
2.359424e-01 1.386741e-06
2.397639e-01 2.096363e-06
2.425565e-01 6.628011e-06
2.265870e-01 -3.738410e-05
2.366612e-01 -6.322906e-05
2.449862e-01 -4.746293e-09
2.449872e-01 2.277263e-10
2.358659e-01 3.418197e-06
2.359794e-01 3.464210e-06
2.248795e-01 3.074321e-06
2.309604e-01 2.621025e-06
2.449872e-01 2.166088e-10
2.449872e-01 2.145779e-10
2.449872e-01 2.207847e-10
1.809370e-01 -1.046177e-06
2.449872e-01 2.122202e-10
2.449872e-01 2.189582e-10
2.431258e-01 -2.884517e-05
2.449872e-01 2.136455e-10
1.560194e-01 -1.153493e-06
1.425828e-01 -1.209839e-06
1.697177e-01 -1.939861e-06
2.449872e-01 1.024129e-10
2.449872e-01 2.327177e-10
2.449872e-01 2.340296e-10
2.449872e-01 2.313479e-10
2.449862e-01 -4.737936e-09
2.449839e-01 -2.879395e-08
2.449839e-01 -2.878472e-08
2.449872e-01 2.272748e-10
2.248233e-01 2.127315e-06
1.514936e-01 -1.194811e-06
2.448852e-01 7.357108e-08
2.447690e-01 4.416163e-06
1.919251e-01 -2.301572e-06
2.449872e-01 5.839828e-11
2.449872e-01 6.223240e-11
2.449872e-01 7.588784e-11
2.249135e-01 7.115788e-06
2.092281e-01 1.397922e-06
2.175701e-01 2.883851e-06
2.175548e-01 2.347445e-06
2.248919e-01 2.289436e-06
2.085839e-01 1.462209e-07
1.889504e-01 2.687601e-08
1.990081e-01 -6.214673e-08
1.167720e-01 -3.555634e-08
1.381309e-01 -6.254298e-08
1.057813e-01 -4.208073e-08
2.072996e-01 -4.207236e-07
1.636733e-01 1.923196e-06
2.449698e-01 -3.562305e-08
1.486609e-01 -6.182788e-07
2.449839e-01 -2.880311e-08
2.449872e-01 2.251087e-10
2.449872e-01 2.308059e-10
2.449872e-01 2.345336e-10
2.447650e-01 -4.721009e-06
2.449839e-01 -2.487142e-09
2.447701e-01 -4.199331e-06
2.448860e-01 1.299968e-07
2.448779e-01 2.377476e-06
2.449858e-01 1.520000e-08
2.449274e-01 -2.588624e-07
2.438902e-01 1.754803e-07
2.422949e-01 5.565457e-06
2.447647e-01 -4.659385e-06
2.449872e-01 2.313609e-10
2.449872e-01 2.348696e-10
2.449872e-01 1.009982e-10
2.449872e-01 8.885970e-11
2.449872e-01 8.787403e-11
2.449872e-01 2.219605e-10
2.449872e-01 2.196156e-10
2.449846e-01 4.008411e-08
2.449846e-01 4.009223e-08
2.449872e-01 2.218876e-10
2.449872e-01 2.277801e-10
2.449872e-01 8.765784e-11
2.449872e-01 2.187376e-10
2.449872e-01 2.229598e-10
9.266640e-02 -4.381236e-07
8.715840e-02 -5.023032e-07
2.449839e-01 1.969587e-08
2.447705e-01 4.619340e-06
2.448911e-01 -4.810400e-07
2.449872e-01 2.153588e-11
2.449872e-01 4.306766e-11
2.449861e-01 1.560166e-08
2.449861e-01 1.559429e-08
2.449872e-01 2.293259e-10
2.449861e-01 1.560325e-08
2.092174e-01 2.611127e-06
2.449872e-01 2.146806e-10
2.449872e-01 2.140355e-10
2.249122e-01 3.397029e-06
2.449872e-01 2.381716e-10
2.449839e-01 -2.489620e-09
1.999512e-01 -1.472147e-06
2.449872e-01 2.082573e-10
2.449872e-01 2.026279e-10
2.449872e-01 2.010654e-10
2.449863e-01 6.015118e-09
2.449872e-01 2.372662e-10
2.449863e-01 6.017414e-09
2.430984e-01 5.226618e-06
2.448838e-01 -2.870846e-06
2.449872e-01 2.134621e-10
2.449872e-01 2.265946e-10
2.449872e-01 2.286156e-10
2.449839e-01 1.969639e-08
2.448820e-01 -2.591066e-07
1.740480e-01 -1.002274e-07
1.609030e-01 -4.602155e-08
2.449839e-01 -2.491565e-09
2.449872e-01 2.368713e-10
2.449872e-01 2.364780e-10
2.449872e-01 2.364432e-10
2.448964e-01 1.872944e-06
2.449872e-01 2.361792e-10
2.449872e-01 2.387459e-10
2.449872e-01 4.549677e-11
2.449872e-01 5.980650e-11
6.714364e-02 6.139456e-08
2.309408e-01 -1.026396e-05
2.247590e-01 -9.006814e-06
2.449872e-01 2.346017e-10
2.449872e-01 2.338762e-10
2.449872e-01 2.329163e-10
2.449872e-01 2.306000e-10
2.426007e-01 7.022832e-06
2.360211e-01 1.179694e-06
2.398351e-01 1.468947e-06
2.449872e-01 1.481332e-10
2.449872e-01 1.586888e-10
2.449872e-01 1.585596e-10
2.423219e-01 -4.951273e-06
2.449863e-01 6.008915e-09
2.425813e-01 -4.574711e-06
2.449872e-01 2.506862e-11
2.449872e-01 2.348079e-11
2.449872e-01 2.362806e-10
2.449872e-01 2.344498e-10
2.449872e-01 6.053425e-11
2.449872e-01 2.346364e-10
2.449872e-01 2.269600e-10
2.449872e-01 2.238600e-10
2.449872e-01 2.210522e-10
2.449872e-01 2.023231e-10
2.449872e-01 1.980808e-10
1.776933e-01 -1.355407e-07
2.310244e-01 3.411473e-06
7.054329e-02 -2.491069e-07
9.713698e-02 -5.614293e-07
2.449872e-01 2.298614e-10
2.449861e-01 2.918806e-09
2.449872e-01 1.148966e-10
2.449872e-01 1.241187e-10
2.449872e-01 1.132444e-10
2.449872e-01 2.322551e-10
1.894472e-01 -1.343804e-06
2.093969e-01 2.995348e-06
2.449840e-01 2.179912e-08
2.449840e-01 2.122950e-08
2.449872e-01 2.258969e-11
1.776805e-01 -1.022701e-06
1.894614e-01 -2.218032e-07
1.649664e-01 -4.103994e-07
2.449872e-01 1.126275e-10
2.449872e-01 1.134129e-10
2.449872e-01 1.254662e-10
2.449872e-01 1.941649e-10
2.449872e-01 1.916245e-10
2.449839e-01 1.969701e-08
1.896326e-01 8.802978e-07
1.651697e-01 -7.701368e-07
2.449031e-01 1.614214e-06
2.449380e-01 -2.808750e-07
2.432636e-01 6.102914e-06
2.449079e-01 -2.154763e-06
2.443352e-01 -1.034302e-06
2.277147e-01 -8.295914e-06
2.332864e-01 -7.193689e-06
2.378046e-01 -4.855984e-06
1.510479e-01 5.614239e-07
2.449872e-01 2.360109e-10
2.433041e-01 -8.442294e-06
2.449150e-01 1.359377e-06
2.362865e-01 2.000042e-05
2.252056e-01 -2.044966e-07
2.360099e-01 2.269602e-05
2.249781e-01 -1.048237e-08
2.449864e-01 3.102564e-09
2.433521e-01 4.182431e-06
2.377458e-01 -7.378128e-06
2.410473e-01 -3.608402e-06
1.586031e-01 -4.664928e-06
1.709950e-01 -6.211372e-06
2.448012e-01 1.558717e-05
2.449872e-01 1.587561e-10
2.449872e-01 1.689986e-10
2.449846e-01 4.007046e-08
2.448999e-01 -9.743387e-08
2.449840e-01 2.133473e-08
2.449872e-01 5.282236e-11
2.411100e-01 -6.594478e-06
2.433635e-01 -9.400109e-06
2.001535e-01 1.532769e-06
2.093994e-01 -1.138394e-06
2.310592e-01 8.698085e-06
2.360634e-01 5.528906e-06
2.449872e-01 1.875553e-10
2.449872e-01 1.853851e-10
2.449872e-01 1.934831e-10
1.946472e-01 -7.745534e-06
1.830923e-01 -8.433673e-06
1.647251e-01 1.067993e-06
2.449872e-01 1.371651e-10
2.449872e-01 1.368601e-10
1.728738e-01 -1.281955e-06
1.461487e-01 -1.030790e-06
1.590026e-01 -1.019262e-06
2.360336e-01 4.254587e-06
2.449848e-01 3.565116e-09
2.448117e-01 -3.809075e-06
2.449872e-01 2.000879e-10
1.899192e-01 7.024276e-07
2.097237e-01 -3.836224e-06
1.896511e-01 1.630759e-06
2.094099e-01 -2.468497e-06
1.663214e-01 -1.059657e-05
1.650049e-01 -5.631352e-07
1.917553e-01 -1.099920e-06
1.664197e-01 -1.003632e-06
2.361054e-01 -2.160584e-05
2.249636e-01 -2.921420e-07
1.655707e-01 2.438267e-07
1.652494e-01 5.796804e-07
1.846478e-01 -1.937568e-06
1.945934e-01 -1.454499e-06
1.868675e-01 -8.384349e-07
1.906806e-01 -8.497514e-07
2.448799e-01 -2.006917e-07
2.449836e-01 -1.318093e-08
2.447551e-01 -4.785498e-06
2.440176e-01 1.440511e-07
2.398593e-01 3.574275e-06
2.426101e-01 -3.146442e-06
1.889532e-01 1.977347e-07
1.637805e-01 2.585107e-07
2.440297e-01 1.577709e-06
2.448172e-01 -3.356597e-06
2.438241e-01 6.149328e-08
2.421918e-01 5.837405e-06
2.376493e-01 -1.156079e-06
2.449026e-01 3.214881e-08
2.448166e-01 3.743690e-06
2.449848e-01 3.545813e-09
2.277545e-01 -1.423107e-05
2.133662e-01 -1.330161e-05
2.210869e-01 -1.110904e-05
2.087178e-01 1.995349e-07
1.997020e-01 5.446059e-07
2.449848e-01 3.555686e-09
2.449872e-01 1.588376e-10
2.426219e-01 8.459185e-06
1.729238e-01 -1.181994e-05
1.469815e-01 -8.856675e-06
1.596687e-01 -8.876872e-06
2.449834e-01 -1.414461e-07
2.447568e-01 4.046661e-06
2.433790e-01 1.191363e-06
2.378215e-01 -1.297147e-05
2.421862e-01 -5.013452e-06
2.392450e-01 -5.542785e-07
2.133157e-01 -8.639603e-06
2.045057e-01 -7.317962e-06
1.654720e-01 6.655612e-07
1.515218e-01 4.447139e-07
2.449872e-01 1.896166e-10
2.449872e-01 1.972337e-10
2.449847e-01 7.174914e-09
2.128245e-01 -1.151570e-06
2.009770e-01 -5.912184e-07
2.449836e-01 1.824139e-08
2.447571e-01 4.243983e-06
2.449872e-01 1.660340e-10
2.449872e-01 1.776680e-10
2.449872e-01 1.768180e-10
2.447537e-01 4.702850e-06
2.352511e-01 -1.451024e-06
2.298151e-01 4.394095e-08
2.233483e-01 -3.356431e-07
2.449872e-01 1.576791e-10
2.426607e-01 -1.497735e-05
2.427921e-01 -2.317965e-05
2.449872e-01 2.342893e-10
2.449872e-01 2.354363e-10
2.449872e-01 1.336635e-10
1.945904e-01 -5.991926e-06
1.718555e-01 -4.768547e-06
1.838168e-01 -4.505807e-06
2.426250e-01 1.842106e-05
2.448092e-01 -1.453895e-05
1.446608e-01 -3.355111e-06
1.130393e-01 -2.015279e-06
1.295468e-01 -2.283519e-06
1.946737e-01 -1.122838e-05
1.710270e-01 -8.762037e-06
2.448160e-01 4.554407e-06
2.045864e-01 -1.412337e-05
6.337524e-02 -9.282601e-08
9.488292e-02 -1.925847e-07
2.422518e-01 4.639471e-06
2.235107e-01 5.205142e-07
2.158696e-01 -6.846712e-08
2.333364e-01 -1.615257e-05
2.449865e-01 1.518705e-09
2.449166e-01 -1.744073e-06
2.449423e-01 -1.651623e-07
2.393131e-01 1.342323e-06
2.449872e-01 1.857012e-10
2.449872e-01 1.928137e-10
2.353601e-01 1.935352e-06
2.449872e-01 1.771917e-10
2.132696e-01 -6.939390e-06
1.751204e-01 -7.898355e-07
1.578921e-01 -7.533444e-07
1.898579e-01 9.056648e-07
1.660137e-01 7.636258e-07
1.780758e-01 8.057080e-07
1.944724e-01 -1.247411e-06
1.707325e-01 -1.023510e-06
1.825532e-01 -8.485833e-07
1.946818e-01 -2.864774e-06
1.729791e-01 -2.239478e-06
2.449872e-01 1.992678e-10
2.449872e-01 1.932184e-10
2.449872e-01 3.462067e-11
2.449872e-01 2.033325e-10
2.449872e-01 1.983071e-10
2.240733e-01 2.977346e-07
2.171275e-01 -1.165713e-07
2.449197e-01 9.925253e-07
2.443659e-01 -1.249263e-06
2.276298e-01 -7.324957e-06
2.093225e-01 8.222540e-07
1.999160e-01 9.058779e-07
2.449872e-01 2.044874e-10
2.449872e-01 1.750466e-10
2.449872e-01 1.549259e-10
2.239600e-01 -2.865209e-07
2.130898e-01 -1.494389e-06
2.043852e-01 -1.311610e-06
2.129928e-01 -1.477511e-06
2.274066e-01 -1.735086e-06
2.206991e-01 -8.252693e-07
2.245425e-01 1.160902e-07
2.172027e-01 -3.284797e-07
2.090345e-01 9.090041e-08
2.449872e-01 2.088502e-10
2.090807e-01 1.025871e-06
1.894051e-01 7.770522e-07
1.720188e-01 -3.242525e-06
1.947257e-01 -3.862054e-06
2.440420e-01 5.761192e-06
1.939860e-01 -8.754157e-07
1.721783e-01 -8.684833e-07
1.452116e-01 -6.166478e-07
2.449872e-01 7.367015e-11
2.449872e-01 1.932687e-10
2.449872e-01 1.940126e-10
2.449836e-01 1.824131e-08
2.244465e-01 -6.544947e-07
2.090763e-01 -3.808001e-07
2.449872e-01 2.136726e-10
1.891823e-01 1.208798e-06
2.272758e-01 -1.118262e-06
2.205472e-01 -1.030604e-06
1.657280e-01 1.409724e-06
1.521475e-01 1.283704e-06
2.129081e-01 -1.413874e-07
1.907889e-01 -4.985976e-07
2.242508e-01 -8.972269e-07
2.449872e-01 1.734726e-10
2.449872e-01 1.831445e-10
2.449872e-01 1.789126e-10
2.449872e-01 2.178371e-10
2.127334e-01 -8.794034e-07
2.038445e-01 -1.230053e-06
1.840553e-01 -6.511491e-07
1.724958e-01 -2.964714e-07
1.941366e-01 -2.299571e-07
2.273432e-01 3.055416e-07
2.302408e-01 6.225722e-08
2.354774e-01 1.156962e-06
2.449872e-01 1.860946e-10
2.091788e-01 8.059026e-07
2.002202e-01 1.194100e-06
2.242185e-01 -1.942045e-07
2.169908e-01 -1.228744e-07
1.899698e-01 1.228066e-06
1.741983e-01 1.048385e-06
1.616681e-01 9.456549e-07
2.272083e-01 -5.302306e-07
2.422532e-01 -4.513019e-06
2.449836e-01 -1.317492e-08
2.448786e-01 1.457668e-07
2.449872e-01 1.369391e-10
1.938706e-01 -1.153076e-06
2.305996e-01 -6.198200e-08
2.355796e-01 9.943640e-07
2.449861e-01 2.933641e-09
2.110117e-01 -1.185053e-06
2.024584e-01 -1.578662e-06
2.449858e-01 1.517287e-08
2.449872e-01 1.406653e-10
2.449858e-01 1.518899e-08
2.449872e-01 8.477943e-11
2.449872e-01 9.918436e-11
2.447522e-01 -4.340375e-06
2.438592e-01 1.445749e-07
2.244784e-01 1.348975e-06
2.173760e-01 8.043411e-07
2.045636e-01 -3.434995e-06
2.131776e-01 -3.395573e-06
2.330320e-01 -7.197437e-07
2.375393e-01 -2.792314e-06
2.208551e-01 -2.175576e-06
2.274682e-01 -4.841886e-07
2.449872e-01 2.315421e-10
2.449864e-01 3.111958e-09
2.449864e-01 3.109302e-09
1.731494e-01 -1.778562e-05
1.583986e-01 -1.783061e-05
1.453557e-01 -1.255489e-05
2.434500e-01 -1.171217e-05
2.378885e-01 -2.811762e-05
2.411663e-01 -1.863935e-05
2.449836e-01 1.824020e-08
2.125454e-01 -5.543900e-09
2.039750e-01 -2.653450e-07
2.449865e-01 1.522324e-09
2.449441e-01 -3.305789e-07
2.449872e-01 2.235406e-10
2.449865e-01 1.522237e-09
2.449834e-01 -1.414350e-07
2.449872e-01 2.302705e-10
2.449872e-01 2.257245e-10
1.947053e-01 -1.459163e-05
1.848610e-01 -1.609324e-05
3.327809e-02 -3.302137e-08
3.327801e-02 -2.825872e-08
4.182719e-02 -5.029026e-09
4.182718e-02 -9.308073e-09
4.260424e-02 5.579805e-08
4.260435e-02 6.029877e-08
3.397584e-02 -6.698358e-08
3.397565e-02 -8.915948e-08
4.030777e-02 -3.593584e-08
4.030769e-02 -4.624453e-08
3.948745e-02 6.447955e-09
3.948747e-02 1.445783e-08
1.942884e-01 -4.542033e-07
1.723761e-01 -3.502651e-07
1.841121e-01 -3.736601e-07
2.449872e-01 2.186952e-10
2.244214e-01 -1.030987e-07
2.354006e-01 -2.520524e-07
2.269947e-01 -1.082102e-06
2.126666e-01 -6.093495e-07
2.204059e-01 -3.672038e-07
2.329249e-01 -1.114810e-07
2.374535e-01 -1.933024e-06
2.126416e-01 -1.553062e-06
2.449224e-01 -1.875350e-06
2.443816e-01 -3.766203e-06
2.449872e-01 2.207614e-10
2.449872e-01 1.857822e-10
2.449872e-01 1.701557e-10
2.449872e-01 1.746456e-10
2.449872e-01 1.477654e-10
2.422731e-01 -4.324202e-06
2.449872e-01 2.288279e-10
2.449872e-01 2.270960e-10
2.449872e-01 2.236861e-10
2.449872e-01 2.264777e-10
1.896643e-01 1.700127e-06
1.782271e-01 1.537772e-06
1.657029e-01 1.280530e-06
2.355143e-01 -1.159227e-06
2.430183e-01 6.780632e-06
2.448775e-01 -2.510126e-06
2.442216e-01 1.157753e-06
2.447685e-01 3.924849e-06
2.448855e-01 -1.146360e-07
2.245520e-01 5.362155e-07
2.355753e-01 -1.914621e-06
2.303482e-01 -9.133071e-07
2.449872e-01 2.359254e-10
2.449872e-01 2.363531e-10
2.408418e-01 -5.175037e-07
2.432051e-01 6.331494e-06
2.355536e-01 -5.277917e-07
2.423520e-01 -5.711777e-06
2.439007e-01 -1.578403e-06
2.449872e-01 2.300334e-10
2.449872e-01 2.314483e-10
3.840514e-02 -6.819272e-09
3.840513e-02 -5.147262e-09
7.665452e-02 -1.244847e-08
2.449872e-01 2.258501e-10
2.449872e-01 2.285880e-10
2.449872e-01 2.364273e-10
2.449872e-01 2.362598e-10
2.449872e-01 2.336941e-10
2.449872e-01 2.339602e-10
2.449872e-01 2.352980e-10
2.449872e-01 2.346161e-10
2.449872e-01 2.327128e-10
2.132132e-01 -3.906780e-06
2.203844e-01 -7.635543e-07
2.270661e-01 3.227746e-07
2.275334e-01 -2.772260e-06
1.515500e-01 6.291602e-07
2.355809e-01 -2.141071e-06
2.305558e-01 3.456297e-07
2.373135e-01 1.671916e-06
2.431231e-01 -5.934686e-06
2.407501e-01 -4.715918e-07
2.449872e-01 2.304098e-10
2.449872e-01 2.274379e-10
2.449836e-01 -1.317548e-08
2.247640e-01 2.305132e-06
2.308147e-01 1.524588e-06
2.375795e-01 2.521186e-06
2.374980e-01 1.649243e-06
3.794078e-02 5.205030e-08
3.794090e-02 5.440976e-08
7.694353e-02 1.997581e-07
1.647113e-01 1.574943e-06
2.442679e-01 1.694961e-07
2.448898e-01 2.108929e-06
2.326921e-01 -1.988321e-07
2.432143e-01 -6.334950e-06
2.408928e-01 -7.420823e-07
2.356201e-01 1.321183e-06
2.449847e-01 7.162613e-09
2.271375e-01 -1.962215e-06
1.896748e-01 1.137764e-06
1.613051e-01 9.469141e-07
2.092691e-01 1.270537e-06
2.449840e-01 2.359307e-08
2.447702e-01 -4.397248e-06
2.395209e-01 -1.394254e-07
2.374074e-01 1.165352e-06
2.431828e-01 -7.007214e-06
2.372667e-01 -2.696605e-06
2.423230e-01 -4.642130e-06
2.394849e-01 -3.530656e-07
2.449872e-01 2.320872e-10
2.423464e-01 3.233550e-06
2.449840e-01 2.358353e-08
2.270352e-01 -1.546031e-06
2.122433e-01 -1.756230e-06
2.198093e-01 -1.513484e-06
3.497449e-02 -1.147916e-08
3.497445e-02 -2.186310e-08
3.957059e-02 -5.393596e-09
3.957058e-02 -5.331234e-09
2.128233e-01 -2.323486e-08
2.271111e-01 3.719009e-07
2.432333e-01 5.889958e-06
2.449872e-01 2.302797e-10
2.423648e-01 4.781444e-06
2.356432e-01 -4.868248e-07
2.443037e-01 -4.625923e-08
2.423213e-01 4.075559e-06
2.447658e-01 -4.689969e-06
2.439010e-01 -9.787988e-07
2.261665e-01 -2.047404e-06
2.191185e-01 -1.446963e-06
2.246576e-01 1.151668e-06
2.357952e-01 1.346439e-06
2.449872e-01 1.675623e-10
2.448169e-01 -2.406804e-06
2.394799e-01 -1.911261e-06
2.449014e-01 1.886477e-06
2.306483e-01 1.073917e-06
3.794101e-02 5.190130e-08
3.794113e-02 5.741955e-08
2.393616e-01 9.894633e-07
2.431463e-01 5.066686e-06
2.373611e-01 -3.160394e-06
2.423304e-01 -6.643778e-06
2.432476e-01 -5.640081e-06
2.443134e-01 1.817100e-07
3.501693e-02 -7.956488e-09
3.501691e-02 -5.881908e-09
4.282566e-02 -5.019751e-09
4.282565e-02 -7.354135e-09
2.449872e-01 2.225989e-10
2.328112e-01 -1.593432e-06
2.449872e-01 2.079099e-10
2.209472e-01 -5.535397e-06
2.449872e-01 2.143617e-10
2.448833e-01 -2.995946e-08
2.328046e-01 -9.233814e-07
2.372818e-01 1.010185e-06
2.431388e-01 5.833207e-06
2.449872e-01 1.869844e-10
2.449872e-01 1.986343e-10
2.275864e-01 -3.245616e-06
2.409475e-01 5.993091e-07
1.896853e-01 1.708363e-06
2.407419e-01 -1.369719e-06
2.449012e-01 -1.949402e-06
2.394633e-01 2.630642e-07
2.439123e-01 -1.493977e-07
2.093242e-01 8.905899e-07
2.000161e-01 1.551855e-06
2.449369e-01 -1.810748e-06
3.950732e-02 3.056914e-08
3.950737e-02 1.302498e-08
2.133921e-01 -1.674420e-05
2.449259e-01 -1.219834e-07
2.449872e-01 2.230535e-10
3.509752e-02 1.068010e-09
3.509753e-02 1.878044e-10
3.794453e-02 -1.910787e-08
2.449834e-01 -1.414281e-07
2.447643e-01 -4.420129e-06
4.230317e-02 -3.680229e-07
4.230235e-02 -4.483445e-07
4.269999e-02 8.532251e-08
4.270016e-02 9.177605e-08
2.449872e-01 2.132766e-10
2.449872e-01 2.060025e-10
2.449847e-01 7.152369e-09
2.449027e-01 7.035094e-07
2.449867e-01 1.884314e-09
2.093159e-01 1.938190e-06
6.729559e-02 -3.655431e-08
7.861231e-02 -2.139875e-08
2.449872e-01 8.582467e-11
2.449300e-01 1.275381e-07
2.434022e-01 -1.548903e-05
2.439011e-01 6.389710e-07
2.447655e-01 4.623763e-06
2.263246e-01 -7.704646e-07
3.985575e-02 9.344707e-08
3.985595e-02 8.573280e-08
3.457100e-02 -6.210200e-07
3.456926e-02 -8.078608e-07
2.263964e-01 -8.749568e-07
2.176457e-01 1.998352e-06
2.376126e-01 -2.373766e-06
2.331252e-01 -2.656594e-06
2.449867e-01 2.185817e-08
2.449867e-01 2.189476e-08
2.449872e-01 2.183853e-10
2.372311e-01 -2.331169e-06
2.378475e-01 -1.572300e-05
2.277813e-01 -1.806588e-05
2.423412e-01 5.607915e-06
2.356867e-01 3.520298e-06
2.246171e-01 1.913229e-06
2.449840e-01 2.357217e-08
3.935052e-02 9.005269e-08
3.935068e-02 8.243126e-08
4.014300e-02 -6.331298e-08
4.014286e-02 -6.120698e-08
2.320374e-01 -8.109288e-07
2.370900e-01 1.772924e-06
2.449857e-01 4.081289e-09
2.448685e-01 -3.668230e-06
2.449226e-01 -8.025941e-07
2.175302e-01 1.186793e-06
7.703095e-02 2.657442e-07
1.948944e-01 -2.308859e-05
7.002674e-02 -5.340680e-08
7.458427e-02 -7.198622e-10
2.449857e-01 4.118405e-09
2.449857e-01 4.102199e-09
2.449872e-01 1.108743e-10
1.722446e-01 -2.488812e-05
1.442915e-01 -1.722466e-05
2.449872e-01 1.760793e-10
2.449488e-01 -8.003284e-07
2.449872e-01 8.418660e-11
2.449872e-01 7.166552e-11
2.449867e-01 1.890384e-09
2.369868e-01 -1.935385e-06
2.405277e-01 4.037092e-07
7.153661e-02 3.211493e-08
2.442143e-01 -7.138711e-07
2.429884e-01 4.787365e-06
2.448754e-01 2.310493e-06
1.894633e-01 2.090023e-06
2.449363e-01 -3.154705e-08
2.111471e-01 -2.720032e-06
2.449307e-01 -8.952859e-10
2.449872e-01 2.015803e-10
2.448908e-01 -2.261111e-06
2.396150e-01 2.318130e-06
2.442831e-01 -5.568741e-07
2.438676e-01 -1.297149e-06
2.449847e-01 3.586474e-08
2.211423e-01 -2.172506e-05
2.424020e-01 -3.782620e-06
2.430289e-01 -5.349086e-06
3.334466e-02 -1.155161e-06
3.334194e-02 -1.058159e-06
3.987201e-02 1.131741e-07
3.987222e-02 8.251295e-08
4.032110e-02 -6.087702e-08
4.032098e-02 -5.773014e-08
3.281450e-02 -7.416561e-08
3.281430e-02 -8.497763e-08
2.447795e-01 3.566842e-06
2.449867e-01 1.886189e-09
2.093956e-01 1.818525e-06
2.001245e-01 2.176828e-06
1.943336e-01 -3.059291e-05
6.643369e-02 1.545873e-07
2.430151e-01 -6.027230e-06
1.010566e-01 -1.030634e-08
1.339865e-01 2.947129e-09
2.369787e-01 1.328915e-06
2.175141e-01 -1.287311e-06
2.322195e-01 -1.985644e-06
2.406221e-01 -1.082460e-07
2.277185e-01 -2.695580e-05
2.449872e-01 1.779157e-10
2.449872e-01 1.114003e-10
1.375815e-01 -2.266382e-07
1.194126e-01 -2.321485e-07
2.449872e-01 1.230770e-10
2.133045e-01 -2.630122e-05
2.046558e-01 -3.096717e-05
2.368992e-01 -3.176710e-06
2.262779e-01 -3.062025e-06
2.449872e-01 1.358888e-10
1.004386e-01 -4.166331e-07
7.227150e-02 -1.713068e-07
2.449872e-01 7.558250e-11
2.449872e-01 1.596167e-10
2.449872e-01 1.776753e-10
9.005058e-02 -2.801562e-07
6.988173e-02 -9.233673e-08
9.388285e-02 -1.629637e-07
2.449872e-01 1.791780e-10
2.449872e-01 1.671727e-10
1.519934e-01 -4.628181e-07
1.651849e-01 -2.467955e-08
1.891044e-01 3.364155e-08
1.033167e-01 2.154498e-08
1.365837e-01 2.727565e-07
1.029397e-01 -4.365284e-06
1.362429e-01 -6.656750e-06
1.358716e-01 -5.869454e-07
1.025004e-01 -2.239065e-07
1.367697e-01 -2.134037e-07
1.035309e-01 1.953099e-08
1.102313e-01 -1.342462e-06
1.422108e-01 -2.240138e-06
9.893439e-02 -6.662452e-06
9.835410e-02 -7.946481e-06
6.587265e-02 -3.389789e-06
1.591903e-01 -2.271410e-07
1.460919e-01 -2.241706e-07
1.997474e-01 -7.240998e-08
1.565084e-01 -2.262223e-06
1.433510e-01 -1.568787e-06
6.651514e-02 -1.598708e-07
1.891566e-01 -1.787312e-07
1.611557e-01 -1.159993e-07
3.387656e-02 -1.033773e-06
3.509725e-02 -5.540741e-08
6.645099e-02 -2.366688e-07
3.509737e-02 -4.389010e-08
1.008108e-01 -8.392060e-08
1.007756e-01 -1.110155e-07
3.387386e-02 -1.146546e-06
6.474129e-02 -4.122373e-06
1.928309e-01 -1.311740e-06
6.676244e-02 2.840146e-07
6.561908e-02 -3.011619e-09
1.935637e-01 -4.280391e-07
2.035010e-01 -9.391696e-07
6.533447e-02 1.784429e-07
3.415636e-02 -3.965876e-08
1.554087e-01 7.556470e-07
6.650393e-02 -1.056630e-07
3.415645e-02 -3.489945e-08
3.547375e-02 -3.921824e-07
3.547268e-02 -4.940296e-07
6.734380e-02 -2.087624e-06
1.462316e-01 -2.587147e-07
1.552887e-01 9.665196e-07
3.336016e-02 -5.599160e-08
6.377536e-02 -3.133371e-07
3.336032e-02 -7.513104e-08
1.543044e-01 -6.747365e-08
3.028821e-02 2.683763e-08
3.028815e-02 1.851305e-08
3.050302e-02 5.362806e-08
3.050317e-02 5.911355e-08
2.964831e-02 4.151699e-08
2.449872e-01 4.057189e-11
2.449872e-01 2.505427e-11
2.964823e-02 -6.492800e-09
2.449872e-01 2.686803e-11
9.347097e-02 -8.289105e-07
2.949218e-02 4.991729e-08
9.151261e-02 -4.508846e-06
1.214614e-01 -8.858168e-06
2.949232e-02 7.084417e-08
2.861343e-02 -6.760381e-09
2.861341e-02 -1.936702e-09
2.844129e-02 2.470628e-08
3.369301e-02 -1.958007e-07
2.449763e-01 3.829016e-07
2.449763e-01 3.829458e-07
2.844121e-02 3.281466e-08
1.392104e-01 -9.447951e-06
2.892590e-02 -3.488480e-08
2.448281e-01 8.195371e-06
3.246370e-02 -1.850385e-08
3.246365e-02 -1.609779e-08
3.082699e-02 -8.435286e-08
3.021044e-02 -2.050580e-07
7.166365e-02 -1.640230e-06
3.237762e-02 3.697430e-08
7.363108e-02 -3.330943e-08
7.362571e-02 2.802377e-08
3.237491e-02 -4.292793e-08
7.257837e-02 -4.706727e-08
3.120153e-02 -5.046166e-08
2.449872e-01 1.552864e-10
2.449872e-01 1.264852e-10
2.449872e-01 9.046939e-11
2.449872e-01 1.215082e-10
3.021173e-02 -6.065761e-07
3.237760e-02 4.085439e-08
3.237490e-02 -3.671677e-08
3.120145e-02 -5.603472e-08
9.611786e-02 -7.397327e-07
6.251076e-02 -3.212289e-07
1.224278e-01 -2.067941e-07
9.139062e-02 -1.603030e-07
1.040793e-01 -3.312517e-07
1.008225e-01 -2.177036e-07
1.181567e-01 -1.050031e-06
1.380431e-01 -1.153025e-06
9.452437e-02 1.664025e-08
1.216635e-01 -1.416158e-07
1.550681e-01 -5.915170e-08
1.384397e-01 -4.232857e-07
1.446975e-01 4.606770e-08
2.449872e-01 1.212925e-10
2.448869e-01 -7.127271e-07
2.437125e-01 3.849106e-06
8.970802e-02 -5.157157e-07
1.309173e-01 1.727402e-07
9.765525e-02 9.653397e-08
1.442019e-01 8.071336e-08
9.057153e-02 -7.693709e-08
2.449872e-01 6.156260e-11
2.449872e-01 1.412918e-10
2.449872e-01 1.560477e-10
9.228444e-02 -3.554124e-06
1.192319e-01 -1.209146e-05
9.094322e-02 -5.362980e-06
9.314450e-02 7.020379e-08
9.129924e-02 -2.911649e-07
9.336689e-02 -4.930263e-08
9.391753e-02 2.676551e-08
1.212841e-01 -7.118435e-07
9.069087e-02 -2.287488e-07
1.181798e-01 -7.958302e-07
8.762898e-02 -5.395942e-07
9.067005e-02 -4.095675e-07
6.135503e-02 -3.199293e-06
6.940052e-02 6.794106e-08
6.981375e-02 -1.796029e-08
6.177729e-02 -1.400724e-07
8.843243e-02 -7.311423e-06
1.212918e-01 -4.330431e-07
1.232710e-01 -6.147708e-06
9.308073e-02 -1.236376e-07
1.187778e-01 3.471721e-08
