3.000001e+00
-1.062516e-06
-1.255070e-06
3.000001e+00
2.921055e+00
2.842104e+00
2.763158e+00
2.684208e+00
2.605263e+00
2.526315e+00
2.447368e+00
2.368421e+00
2.289474e+00
2.210526e+00
2.131579e+00
2.052632e+00
1.973684e+00
1.894737e+00
1.815789e+00
1.736842e+00
1.657895e+00
1.578947e+00
1.500000e+00
1.421053e+00
1.342105e+00
1.263158e+00
1.184211e+00
1.105263e+00
1.026316e+00
9.473686e-01
8.684214e-01
7.894738e-01
7.105267e-01
6.315790e-01
5.526315e-01
4.736841e-01
3.947369e-01
3.157895e-01
2.368425e-01
1.578951e-01
7.894754e-02
2.706861e-07
2.052592e-07
-3.392398e-08
4.701145e-09
4.390259e-09
1.559552e-08
-3.518102e-08
1.489779e-08
-1.990522e-08
6.659917e-09
-2.464054e-08
7.117343e-09
-5.488576e-08
-7.514818e-08
4.062066e-08
-4.929800e-08
-1.908387e-08
1.747314e-08
1.261769e-09
-1.675140e-08
1.750067e-09
-1.395728e-08
1.738915e-07
4.331186e-07
7.894789e-02
1.578949e-01
2.368422e-01
3.157890e-01
3.947372e-01
4.736841e-01
5.526321e-01
6.315793e-01
7.105265e-01
7.894739e-01
8.684209e-01
9.473685e-01
1.026316e+00
1.105263e+00
1.184211e+00
1.263158e+00
1.342106e+00
1.421052e+00
1.500000e+00
1.578948e+00
1.657895e+00
1.736842e+00
1.815790e+00
1.894737e+00
1.973684e+00
2.052631e+00
2.131579e+00
2.210527e+00
2.289474e+00
2.368421e+00
2.447368e+00
2.526315e+00
2.605263e+00
2.684209e+00
2.763158e+00
2.842103e+00
2.921055e+00
3.000002e+00
3.000000e+00
3.000000e+00
3.000000e+00
3.000000e+00
3.000000e+00
3.000000e+00
3.000000e+00
3.000000e+00
3.000000e+00
3.000000e+00
3.000000e+00
3.000000e+00
3.000000e+00
3.000000e+00
3.000000e+00
3.000000e+00
3.000000e+00
3.000000e+00
3.000000e+00
3.000000e+00
3.000000e+00
3.000000e+00
3.000002e+00
1.067193e+00
1.461803e+00
1.934210e+00
1.218424e+00
1.855263e+00
6.760479e-02
2.930718e+00
8.170800e-01
1.535676e+00
2.170937e+00
2.256545e+00
7.398582e-01
2.930505e+00
6.497792e-02
2.930725e+00
6.647648e-02
2.485174e+00
5.199921e-01
2.930717e+00
6.483459e-02
2.487581e+00
5.097451e-01
2.929887e+00
6.849351e-02
2.722619e+00
2.742054e-01
2.722654e+00
2.697519e-01
2.930762e+00
6.628066e-02
2.930219e+00
6.739540e-02
2.930483e+00
6.594143e-02
2.930299e+00
6.926740e-02
1.619016e+00
9.079000e-01
1.381947e+00
1.071297e+00
2.010142e+00
1.769057e+00
1.214666e+00
2.085715e+00
2.330565e+00
6.681406e-01
6.093700e-02
2.932573e+00
2.932611e+00
6.738839e-02
2.931114e+00
2.861753e+00
2.861635e+00
2.792692e+00
2.792600e+00
2.723735e+00
2.723627e+00
2.654803e+00
2.654690e+00
2.585864e+00
2.585784e+00
2.516998e+00
2.516923e+00
2.448211e+00
2.448084e+00
2.379434e+00
2.379284e+00
2.310642e+00
2.310554e+00
2.241898e+00
2.241856e+00
2.173272e+00
2.173191e+00
2.104422e+00
2.104500e+00
2.035553e+00
2.035825e+00
1.967119e+00
1.967235e+00
1.898612e+00
1.898665e+00
1.829902e+00
2.035689e+00
1.830080e+00
1.761466e+00
1.761533e+00
1.692786e+00
1.692954e+00
1.624394e+00
1.624410e+00
1.555650e+00
1.761034e+00
1.555810e+00
1.487310e+00
1.487322e+00
1.418687e+00
1.418735e+00
1.350186e+00
1.349911e+00
1.281463e+00
1.281552e+00
1.212948e+00
1.212705e+00
1.144199e+00
1.144269e+00
1.075630e+00
1.075597e+00
1.006978e+00
1.007012e+00
1.007061e+00
9.383361e-01
9.384452e-01
2.310338e+00
1.007142e+00
8.696617e-01
8.697586e-01
1.692873e+00
8.009630e-01
8.008601e-01
8.010782e-01
1.898638e+00
7.321189e-01
7.320072e-01
6.632259e-01
6.631186e-01
2.104345e+00
2.516655e+00
5.942970e-01
5.944999e-01
5.941964e-01
6.630211e-01
5.941112e-01
6.629244e-01
5.940325e-01
6.628098e-01
5.939596e-01
6.626992e-01
5.938890e-01
6.626154e-01
7.313876e-01
7.312953e-01
8.000220e-01
5.938191e-01
5.251036e-01
5.250599e-01
5.253277e-01
7.999408e-01
8.686259e-01
2.310161e+00
8.685054e-01
9.371635e-01
4.563006e-01
4.562497e-01
5.249757e-01
9.374457e-01
1.005841e+00
1.005666e+00
1.074327e+00
1.074464e+00
1.142951e+00
1.142767e+00
1.211414e+00
1.211565e+00
1.280015e+00
1.279803e+00
1.348443e+00
1.348793e+00
1.417276e+00
1.416945e+00
1.485512e+00
1.485744e+00
1.554030e+00
1.553883e+00
1.622412e+00
1.622622e+00
1.690965e+00
1.690784e+00
1.759335e+00
1.759527e+00
1.827898e+00
1.828084e+00
1.896470e+00
1.896660e+00
1.965068e+00
1.964877e+00
2.033475e+00
2.033683e+00
2.102223e+00
2.102380e+00
2.170989e+00
2.171092e+00
2.239662e+00
2.239582e+00
2.308275e+00
2.308438e+00
2.377091e+00
2.377300e+00
2.376892e+00
2.445982e+00
2.446186e+00
2.377482e+00
2.446372e+00
2.033333e+00
2.514911e+00
2.102473e+00
2.377656e+00
2.446549e+00
7.998719e-01
1.759149e+00
4.562236e-01
2.448105e+00
8.698586e-01
8.012114e-01
8.699762e-01
8.013455e-01
8.700660e-01
8.014470e-01
7.327382e-01
8.701088e-01
9.387498e-01
7.328746e-01
6.641227e-01
6.642333e-01
5.954754e-01
9.388556e-01
1.007385e+00
1.007495e+00
1.075992e+00
5.956226e-01
5.268099e-01
5.266816e-01
4.578996e-01
4.578027e-01
4.579878e-01
1.076103e+00
1.144589e+00
1.144486e+00
1.213072e+00
1.212971e+00
1.281541e+00
1.281646e+00
1.350100e+00
1.350013e+00
1.418556e+00
1.418642e+00
1.487086e+00
1.418479e+00
6.643576e-01
9.389026e-01
3.889466e-01
3.888396e-01
1.487165e+00
1.555601e+00
7.317024e-01
2.172902e+00
1.898608e+00
2.654487e+00
1.624348e+00
1.555545e+00
1.624044e+00
1.624114e+00
1.692547e+00
1.349928e+00
2.515295e+00
2.515468e+00
2.584239e+00
2.584427e+00
5.257791e-01
5.252134e-01
2.514706e+00
2.583696e+00
2.583485e+00
8.683973e-01
3.874718e-01
3.875190e-01
1.690611e+00
1.692622e+00
1.761048e+00
1.418740e+00
1.144686e+00
5.957894e-01
1.555767e+00
1.692499e+00
1.418405e+00
1.828261e+00
5.249058e-01
2.377831e+00
2.308976e+00
2.515628e+00
2.584578e+00
6.640433e-01
2.653431e+00
2.653574e+00
1.758970e+00
7.997179e-01
4.561829e-01
3.875328e-01
2.652533e+00
2.652300e+00
2.583259e+00
2.651983e+00
2.583017e+00
2.651691e+00
2.582798e+00
2.651478e+00
2.582590e+00
2.513945e+00
1.144394e+00
3.185994e-01
3.186631e-01
4.577172e-01
3.887403e-01
3.199551e-01
3.201005e-01
2.585663e+00
1.624204e+00
1.761111e+00
1.829542e+00
1.829475e+00
1.897982e+00
1.076232e+00
6.643903e-01
1.898050e+00
1.966493e+00
1.349838e+00
1.897913e+00
1.827503e+00
1.896849e+00
8.008970e-01
2.652729e+00
1.624272e+00
2.515767e+00
2.721392e+00
1.966569e+00
2.035021e+00
1.690444e+00
8.682175e-01
1.827323e+00
1.895851e+00
2.651251e+00
2.513764e+00
2.445188e+00
2.521823e-01
1.144750e+00
5.955771e-01
2.510356e-01
2.549111e-01
2.519033e-01
3.191350e-01
2.507828e-01
3.190983e-01
2.500739e-01
3.189958e-01
2.499797e-01
3.190830e-01
2.513925e-01
3.195375e-01
2.548385e-01
2.720151e+00
3.874867e-01
3.188073e-01
2.510838e-01
1.895669e+00
1.964203e+00
2.721628e+00
2.721740e+00
2.498973e-01
1.555684e+00
1.828438e+00
1.896938e+00
2.034939e+00
2.103476e+00
2.103555e+00
2.172026e+00
2.444972e+00
2.376442e+00
2.376646e+00
2.307943e+00
1.418328e+00
1.486895e+00
2.308127e+00
2.239446e+00
2.239247e+00
7.312587e-01
7.311862e-01
2.171240e+00
2.102603e+00
7.330427e-01
7.330416e-01
2.309164e+00
2.240359e+00
2.170337e+00
2.722423e+00
2.722553e+00
2.722311e+00
2.653691e+00
2.722657e+00
4.576286e-01
3.887557e-01
5.248108e-01
1.898134e+00
2.170381e+00
2.720291e+00
2.650934e+00
2.172089e+00
2.240573e+00
2.723794e+00
1.076179e+00
1.624059e+00
2.172203e+00
2.238993e+00
2.239611e+00
1.349746e+00
1.281247e+00
2.376812e+00
1.486822e+00
1.555530e+00
8.016532e-01
8.017543e-01
8.702558e-01
9.386164e-01
9.368638e-01
9.367625e-01
1.005312e+00
8.682339e-01
8.002666e-01
1.213210e+00
1.213270e+00
1.281710e+00
2.514285e+00
2.446859e+00
1.487257e+00
1.418801e+00
1.487332e+00
1.555481e+00
1.624109e+00
3.208403e-01
2.544778e-01
3.209827e-01
2.532615e-01
3.208907e-01
2.564266e-01
3.893991e-01
3.893804e-01
1.622093e+00
1.621926e+00
1.553588e+00
1.690257e+00
1.553417e+00
1.485020e+00
1.692398e+00
1.487208e+00
1.487117e+00
1.418635e+00
1.007324e+00
1.829401e+00
1.897933e+00
1.829808e+00
2.792529e+00
1.966384e+00
5.265597e-01
7.325057e-01
3.197246e-01
2.447045e+00
2.378119e+00
2.515899e+00
2.653944e+00
2.722912e+00
2.791769e+00
1.280791e+00
3.879307e-01
2.791219e+00
2.791254e+00
2.722105e+00
2.791193e+00
3.881933e-01
2.790457e+00
2.790757e+00
3.885126e-01
1.827177e+00
1.005206e+00
1.073730e+00
2.513974e+00
1.843791e-01
1.964021e+00
3.187760e-01
2.514664e-01
3.874338e-01
2.521811e-01
8.700084e-01
1.842303e-01
2.375783e+00
1.967433e+00
7.331620e-01
1.925160e-01
2.789635e+00
2.790582e+00
2.789091e+00
1.418321e+00
1.349787e+00
1.828563e+00
1.897169e+00
1.966425e+00
1.555186e+00
2.032762e+00
2.032644e+00
2.240698e+00
2.171767e+00
4.581358e-01
4.592767e-01
3.913773e-01
1.419229e+00
2.171591e+00
2.103052e+00
9.388098e-01
9.419651e-01
1.281142e+00
1.212675e+00
5.936853e-01
5.935115e-01
8.015589e-01
1.073894e+00
1.142270e+00
1.142145e+00
1.209485e+00
1.210665e+00
1.278963e+00
1.277637e+00
1.347441e+00
1.347220e+00
1.347856e+00
2.447397e+00
1.485228e+00
1.624024e+00
1.692491e+00
1.350077e+00
1.281477e+00
1.280786e+00
1.212702e+00
1.896060e+00
1.965250e+00
1.212919e+00
1.144309e+00
1.143697e+00
1.075517e+00
1.075721e+00
1.007064e+00
1.006955e+00
9.382659e-01
9.384486e-01
8.696013e-01
1.212879e+00
1.144345e+00
2.584070e+00
8.697930e-01
2.239436e+00
2.308945e+00
2.309040e+00
2.377621e+00
2.377689e+00
2.446248e+00
1.760117e+00
2.104792e+00
5.265180e-01
5.953605e-01
1.845523e-01
1.860522e-01
3.198619e-01
2.525367e-01
1.872506e-01
1.864789e-01
2.483557e-01
1.854134e-01
1.848118e-01
2.034912e+00
1.486692e+00
5.270140e-01
5.957738e-01
6.620256e-01
1.491753e+00
1.555778e+00
2.170438e+00
1.897178e+00
1.829760e+00
2.238652e+00
2.446448e+00
2.515778e+00
2.384785e+00
2.102436e+00
6.647570e-01
1.553233e+00
1.212998e+00
1.279347e+00
1.345460e+00
2.859637e+00
1.968571e+00
2.860466e+00
2.860572e+00
1.486905e+00
2.514808e+00
2.377767e+00
2.035049e+00
9.380354e-01
1.692598e+00
1.761284e+00
2.172304e+00
1.486748e+00
1.349718e+00
5.270598e-01
5.270214e-01
5.954998e-01
5.944386e-01
6.647922e-01
7.375464e-01
5.271378e-01
1.212565e+00
1.144169e+00
8.010209e-01
2.309132e+00
2.035348e+00
2.104023e+00
1.007336e+00
2.102852e+00
2.034253e+00
2.034523e+00
2.033999e+00
1.421721e+00
2.583833e+00
2.584602e+00
2.652557e+00
2.651495e+00
2.576973e+00
1.007520e+00
1.076535e+00
2.171405e+00
2.239987e+00
6.626504e-01
6.625909e-01
1.828798e+00
1.897473e+00
2.516330e+00
2.862062e+00
2.870361e+00
2.794235e+00
1.417455e+00
2.173097e+00
2.173231e+00
6.623023e-01
7.303045e-01
2.930764e+00
9.388932e-01
8.046619e-01
1.418028e+00
6.526304e-02
2.931066e+00
2.861769e+00
2.870377e+00
2.794165e+00
2.722018e+00
2.648007e+00
6.855284e-02
1.360186e-01
1.293067e-01
1.981617e-01
1.308739e-01
2.722896e+00
2.240137e+00
5.937940e-01
2.792679e+00
2.654936e+00
2.516759e+00
1.350234e+00
1.554196e+00
1.623004e+00
3.893665e-01
1.416643e+00
6.520476e-02
1.246772e-01
6.626185e-02
2.514133e+00
1.350190e+00
1.347342e+00
2.582351e+00
2.514497e+00
2.445545e+00
2.309482e+00
6.643044e-01
2.304780e+00
3.132317e-01
3.891662e-01
4.647913e-01
4.579534e-01
3.220022e-01
2.378802e+00
8.702270e-01
8.701508e-01
2.445312e+00
2.303768e+00
2.930712e+00
2.860902e+00
6.380947e-02
1.349118e+00
5.938038e-01
6.605266e-02
1.292593e-01
1.326820e-01
6.801449e-02
1.305784e-01
3.880083e-01
4.580728e-01
1.281700e+00
2.241601e+00
6.509676e-02
2.930413e+00
2.860158e+00
1.761258e+00
2.930736e+00
2.861562e+00
2.861561e+00
2.792459e+00
2.930710e+00
2.861408e+00
6.525544e-02
6.648073e-02
1.261110e-01
1.144740e+00
1.144788e+00
2.930626e+00
2.859705e+00
2.860810e+00
2.789933e+00
2.930577e+00
2.860994e+00
6.731737e-02
1.304977e-01
6.461588e-02
7.994928e-01
7.972752e-01
9.385237e-01
1.003127e+00
2.033879e+00
2.171921e+00
9.385272e-01
1.007256e+00
1.007376e+00
3.878545e-01
3.877025e-01
1.073599e+00
1.140098e+00
1.207104e+00
1.896728e+00
1.692531e+00
8.007673e-01
2.170604e+00
2.170890e+00
2.101677e+00
2.239703e+00
2.171020e+00
2.308183e+00
1.555500e+00
1.213150e+00
5.266508e-01
9.370049e-01
1.555664e+00
1.692693e+00
1.761192e+00
1.692778e+00
1.761230e+00
1.694891e+00
1.625816e+00
1.621896e+00
1.829632e+00
1.621758e+00
1.691180e+00
1.758166e+00
1.768953e+00
2.446715e+00
2.860485e+00
1.758806e+00
1.624119e+00
2.035424e+00
2.041230e+00
1.760153e+00
2.584712e+00
2.308817e+00
2.445441e+00
2.376862e+00
1.486962e+00
1.416719e+00
1.348281e+00
1.555429e+00
1.074175e+00
1.555778e+00
1.829700e+00
1.829772e+00
1.692519e+00
1.143170e+00
1.212012e+00
1.074731e+00
1.829920e+00
7.320309e-01
1.211071e+00
7.319219e-01
1.624508e+00
1.623953e+00
4.575957e-01
7.316055e-01
1.622257e+00
1.350177e+00
7.329223e-01
9.386848e-01
1.007524e+00
1.304148e+00
1.460020e+00
1.855263e+00
8.688808e-01
2.930798e+00
2.307198e+00
1.487021e+00
8.691847e-01
2.241697e+00
1.487262e+00
9.854411e-01
2.009811e+00
8.272580e-01
1.005486e+00
1.418259e+00
1.759766e+00
9.078947e-01
5.269034e-01
1.760979e+00
2.104171e+00
1.281445e+00
2.585591e+00
8.696251e-01
2.241339e+00
1.006158e+00
2.308300e+00
1.827695e+00
1.964610e+00
2.723472e+00
8.014891e-01
1.075900e+00
2.171492e+00
5.251907e-01
1.966428e+00
1.281251e+00
1.896268e+00
1.553735e+00
2.408728e+00
3.875022e-01
3.186477e-01
6.625830e-01
2.103793e+00
7.323503e-01
3.891902e-01
2.653247e+00
1.418441e+00
1.485349e+00
2.572486e+00
4.335987e-01
3.552630e-01
5.253290e-01
1.144167e+00
1.624024e+00
6.635491e-01
2.103351e+00
1.418677e+00
1.965236e+00
2.378008e+00
2.445361e+00
2.515113e+00
2.240592e+00
3.198575e-01
1.281350e+00
2.239818e+00
2.585002e+00
7.312567e-01
5.254994e-01
2.308662e+00
2.445785e+00
1.859340e-01
9.383507e-01
2.446443e+00
2.861635e+00
2.721404e+00
7.326478e-01
1.075868e+00
1.966919e+00
2.034884e+00
1.280381e+00
1.965791e+00
1.142413e+00
1.350146e+00
1.075855e+00
1.691217e+00
1.964355e+00
2.102160e+00
1.212822e+00
1.760987e+00
5.953861e-01
5.953405e-01
2.033817e+00
2.101499e+00
1.761145e+00
4.563993e-01
1.281545e+00
2.310016e+00
1.279363e+00
2.652854e+00
1.212933e+00
2.720048e+00
1.691839e+00
2.378984e+00
2.447789e+00
2.583896e+00
1.966450e+00
2.527547e-01
1.144332e+00
3.190984e-01
1.075634e+00
1.007052e+00
2.102006e+00
2.653048e+00
2.585298e+00
2.654212e+00
2.792119e+00
8.682109e-01
2.032888e+00
6.639932e-01
8.697216e-01
4.565097e-01
2.517491e-01
9.383963e-01
2.860343e+00
2.723208e+00
2.861444e+00
1.144349e+00
2.930591e+00
8.008976e-01
2.791426e+00
4.566142e-01
1.965459e+00
2.720418e+00
2.721917e+00
1.075746e+00
1.075680e+00
2.790577e+00
2.929966e+00
2.241153e+00
6.639278e-01
4.567014e-01
2.581591e+00
2.378650e+00
1.965449e+00
5.950379e-01
4.568141e-01
2.790665e+00
4.570143e-01
5.261196e-01
1.554964e+00
2.792052e+00
1.898207e+00
2.101608e+00
1.760191e+00
1.692348e+00
4.573895e-01
3.887044e-01
3.204614e-01
2.562322e-01
2.860865e+00
2.860335e+00
1.933210e+00
2.789237e+00
2.859726e+00
2.335148e+00
1.831021e+00
2.372382e+00
9.842529e-01
7.292004e-01
1.213798e-01
2.022813e-01
1.537143e+00
1.867487e-01
5.921054e-01
2.507653e+00
1.866304e-01
2.252916e+00
1.885753e-01
1.303237e-01
1.421053e+00
1.971394e+00
8.683850e-01
2.646524e+00
2.514426e+00
2.407895e+00
3.175849e-01
1.822497e+00
2.581494e-01
1.272741e+00
1.928636e-01
1.016515e+00
1.566184e+00
1.954157e-01
4.464253e-01
4.662531e-01
1.909985e-01
2.113792e+00
1.300391e-01
1.922874e-01
2.228633e+00
2.647195e+00
1.288947e+00
1.696474e+00
1.273080e-01
1.276413e-01
2.088659e+00
1.694777e+00
7.500003e-01
1.268507e-01
1.144737e+00
2.799422e+00
1.924520e-01
1.993114e-01
2.800115e+00
1.912460e-01
1.142287e+00
1.262763e-01
1.261171e-01
5.921053e-01
1.930046e-01
1.282086e-01
1.881231e-01
1.270009e-01
1.258357e-01
1.877243e-01
1.271352e-01
1.229748e-01
1.265738e-01
1.207551e-01
1.398429e+00
3.374261e-01
2.941534e+00
2.941534e+00
5.846298e-02
9.438304e-01
5.723163e-02
1.896865e+00
7.902251e-01
2.416272e-01
1.494231e+00
2.447367e+00
2.042626e+00
2.296220e+00
5.383247e-01
2.443564e+00
6.693755e-01
