3.000000e+00
9.533142e-09
-3.714319e-09
3.000000e+00
2.875000e+00
2.750000e+00
2.625000e+00
2.500000e+00
2.375000e+00
2.250000e+00
2.125000e+00
2.000000e+00
1.875000e+00
1.750000e+00
1.625000e+00
1.500000e+00
1.375000e+00
1.250000e+00
1.125000e+00
9.999999e-01
8.749999e-01
7.499999e-01
6.249999e-01
4.999999e-01
3.749999e-01
2.500000e-01
1.250000e-01
1.984884e-08
-2.073980e-08
-2.854563e-09
-9.245237e-10
-6.225349e-10
-3.608216e-10
-1.591304e-10
-2.705681e-10
-8.891514e-10
9.974803e-10
1.129631e-09
-2.983275e-08
-1.894655e-09
-1.021548e-09
1.147426e-10
-2.048753e-10
1.563434e-10
-3.304588e-11
1.329111e-09
-4.726592e-09
4.953930e-09
1.783426e-08
-1.904267e-08
1.250000e-01
2.500000e-01
3.749999e-01
4.999999e-01
6.249999e-01
7.499999e-01
8.749999e-01
9.999999e-01
1.125000e+00
1.250000e+00
1.375000e+00
1.500000e+00
1.625000e+00
1.750000e+00
1.875000e+00
2.000000e+00
2.125000e+00
2.250000e+00
2.375000e+00
2.500000e+00
2.625000e+00
2.750000e+00
2.875000e+00
3.000000e+00
3.000000e+00
3.000000e+00
3.000000e+00
3.000000e+00
3.000000e+00
3.000000e+00
3.000000e+00
3.000000e+00
3.000000e+00
3.000000e+00
3.000000e+00
3.000000e+00
3.000000e+00
3.000000e+00
3.000000e+00
3.000000e+00
3.000000e+00
3.000000e+00
3.000000e+00
3.000000e+00
3.000000e+00
3.000000e+00
2.875000e+00
2.875000e+00
2.875000e+00
2.875000e+00
2.875000e+00
2.875000e+00
2.875000e+00
2.875000e+00
2.875000e+00
2.875000e+00
2.875000e+00
2.875000e+00
2.875000e+00
2.875000e+00
2.875000e+00
2.875000e+00
2.875000e+00
2.875000e+00
2.875000e+00
2.875000e+00
2.875000e+00
2.875000e+00
2.875000e+00
2.750000e+00
2.750000e+00
2.750000e+00
2.750000e+00
2.750000e+00
2.750000e+00
2.750000e+00
2.750000e+00
2.750000e+00
2.750000e+00
2.750000e+00
2.750000e+00
2.750000e+00
2.750000e+00
2.750000e+00
2.750000e+00
2.750000e+00
2.750000e+00
2.750000e+00
2.750000e+00
2.750000e+00
2.750000e+00
2.750000e+00
2.625000e+00
2.625000e+00
2.625000e+00
2.625000e+00
2.625000e+00
2.625000e+00
2.625000e+00
2.625000e+00
2.625000e+00
2.625000e+00
2.625000e+00
2.625000e+00
2.625000e+00
2.625000e+00
2.625000e+00
2.625000e+00
2.625000e+00
2.625000e+00
2.625000e+00
2.625000e+00
2.625000e+00
2.625000e+00
2.625000e+00
2.500000e+00
2.500000e+00
2.500000e+00
2.500000e+00
2.500000e+00
2.500000e+00
2.500000e+00
2.500000e+00
2.500000e+00
2.500000e+00
2.500000e+00
2.500000e+00
2.500000e+00
2.500000e+00
2.500000e+00
2.500000e+00
2.500000e+00
2.500000e+00
2.500000e+00
2.500000e+00
2.500000e+00
2.500000e+00
2.500000e+00
2.375000e+00
2.375000e+00
2.375000e+00
2.375000e+00
2.375000e+00
2.375000e+00
2.375000e+00
2.375000e+00
2.375000e+00
2.375000e+00
2.375000e+00
2.375000e+00
2.375000e+00
2.375000e+00
2.375000e+00
2.375000e+00
2.375000e+00
2.375000e+00
2.375000e+00
2.375000e+00
2.375000e+00
2.375000e+00
2.375000e+00
2.250000e+00
2.250000e+00
2.250000e+00
2.250000e+00
2.250000e+00
2.250000e+00
2.250000e+00
2.250000e+00
2.250000e+00
2.250000e+00
2.250000e+00
2.250000e+00
2.250000e+00
2.250000e+00
2.250000e+00
2.250000e+00
2.250000e+00
2.250000e+00
2.250000e+00
2.250000e+00
2.250000e+00
2.250000e+00
2.250000e+00
2.125000e+00
2.125000e+00
2.125000e+00
2.125000e+00
2.125000e+00
2.125000e+00
2.125000e+00
2.125000e+00
2.125000e+00
2.125000e+00
2.125000e+00
2.125000e+00
2.125000e+00
2.125000e+00
2.125000e+00
2.125000e+00
2.125000e+00
2.125000e+00
2.125000e+00
2.125000e+00
2.125000e+00
2.125000e+00
2.125000e+00
2.000000e+00
2.000000e+00
2.000000e+00
2.000000e+00
2.000000e+00
2.000000e+00
2.000000e+00
2.000000e+00
2.000000e+00
2.000000e+00
2.000000e+00
2.000000e+00
2.000000e+00
2.000000e+00
2.000000e+00
2.000000e+00
2.000000e+00
2.000000e+00
2.000000e+00
2.000000e+00
2.000000e+00
2.000000e+00
2.000000e+00
1.875000e+00
1.875000e+00
1.875000e+00
1.875000e+00
1.875000e+00
1.875000e+00
1.875000e+00
1.875000e+00
1.875000e+00
1.875000e+00
1.875000e+00
1.875000e+00
1.875000e+00
1.875000e+00
1.875000e+00
1.875000e+00
1.875000e+00
1.875000e+00
1.875000e+00
1.875000e+00
1.875000e+00
1.875000e+00
1.875000e+00
1.750000e+00
1.750000e+00
1.750000e+00
1.750000e+00
1.750000e+00
1.750000e+00
1.750000e+00
1.750000e+00
1.750000e+00
1.750000e+00
1.750000e+00
1.750000e+00
1.750000e+00
1.750000e+00
1.750000e+00
1.750000e+00
1.750000e+00
1.750000e+00
1.750000e+00
1.750000e+00
1.750000e+00
1.750000e+00
1.750000e+00
1.625000e+00
1.625000e+00
1.625000e+00
1.625000e+00
1.625000e+00
1.625000e+00
1.625000e+00
1.625000e+00
1.625000e+00
1.625000e+00
1.625000e+00
1.625000e+00
1.625000e+00
1.625000e+00
1.625000e+00
1.625000e+00
1.625000e+00
1.625000e+00
1.625000e+00
1.625000e+00
1.625000e+00
1.625000e+00
1.625000e+00
1.500000e+00
1.500000e+00
1.500000e+00
1.500000e+00
1.500000e+00
1.500000e+00
1.500000e+00
1.500000e+00
1.500000e+00
1.500000e+00
1.500000e+00
1.500000e+00
1.500000e+00
1.500000e+00
1.500000e+00
1.500000e+00
1.500000e+00
1.500000e+00
1.500000e+00
1.500000e+00
1.500000e+00
1.500000e+00
1.500000e+00
1.375000e+00
1.375000e+00
1.375000e+00
1.375000e+00
1.375000e+00
1.375000e+00
1.375000e+00
1.375000e+00
1.375000e+00
1.375000e+00
1.375000e+00
1.375000e+00
1.375000e+00
1.375000e+00
1.375000e+00
1.375000e+00
1.375000e+00
1.375000e+00
1.375000e+00
1.375000e+00
1.375000e+00
1.375000e+00
1.375000e+00
1.250000e+00
1.250000e+00
1.250000e+00
1.250000e+00
1.250000e+00
1.250000e+00
1.250000e+00
1.250000e+00
1.250000e+00
1.250000e+00
1.250000e+00
1.250000e+00
1.250000e+00
1.250000e+00
1.250000e+00
1.250000e+00
1.250000e+00
1.250000e+00
1.250000e+00
1.250000e+00
1.250000e+00
1.250000e+00
1.250000e+00
1.125000e+00
1.125000e+00
1.125000e+00
1.125000e+00
1.125000e+00
1.125000e+00
1.125000e+00
1.125000e+00
1.125000e+00
1.125000e+00
1.125000e+00
1.125000e+00
1.125000e+00
1.125000e+00
1.125000e+00
1.125000e+00
1.125000e+00
1.125000e+00
1.125000e+00
1.125000e+00
1.125000e+00
1.125000e+00
1.125000e+00
9.999998e-01
9.999998e-01
9.999998e-01
9.999999e-01
9.999999e-01
9.999999e-01
9.999999e-01
9.999999e-01
9.999999e-01
9.999999e-01
9.999999e-01
9.999999e-01
9.999999e-01
9.999999e-01
9.999999e-01
9.999999e-01
9.999999e-01
9.999999e-01
9.999999e-01
9.999999e-01
9.999998e-01
9.999998e-01
9.999998e-01
8.749998e-01
8.749998e-01
8.749998e-01
8.749999e-01
8.749999e-01
8.749999e-01
8.749999e-01
8.749999e-01
8.749999e-01
8.749999e-01
8.749999e-01
8.749999e-01
8.749999e-01
8.749999e-01
8.749999e-01
8.749999e-01
8.749999e-01
8.749999e-01
8.749999e-01
8.749999e-01
8.749998e-01
8.749998e-01
8.749998e-01
7.499998e-01
7.499998e-01
7.499998e-01
7.499999e-01
7.499999e-01
7.499999e-01
7.499999e-01
7.499999e-01
7.499999e-01
7.499999e-01
7.499999e-01
7.499999e-01
7.499999e-01
7.499999e-01
7.499999e-01
7.499999e-01
7.499999e-01
7.499999e-01
7.499999e-01
7.499999e-01
7.499998e-01
7.499998e-01
7.499998e-01
6.249998e-01
6.249998e-01
6.249999e-01
6.249999e-01
6.249999e-01
6.249999e-01
6.249999e-01
6.249999e-01
6.249999e-01
6.249999e-01
6.249999e-01
6.249999e-01
6.249999e-01
6.249999e-01
6.249999e-01
6.249999e-01
6.249999e-01
6.249999e-01
6.249999e-01
6.249999e-01
6.249999e-01
6.249998e-01
6.249998e-01
4.999999e-01
4.999999e-01
4.999999e-01
4.999999e-01
4.999999e-01
4.999999e-01
4.999999e-01
4.999999e-01
4.999999e-01
4.999999e-01
4.999999e-01
4.999999e-01
4.999999e-01
4.999999e-01
4.999999e-01
4.999999e-01
4.999999e-01
4.999999e-01
4.999999e-01
4.999999e-01
4.999999e-01
4.999999e-01
4.999999e-01
3.749999e-01
3.749999e-01
3.749999e-01
3.749999e-01
3.749999e-01
3.750000e-01
3.750000e-01
3.750000e-01
3.750000e-01
3.749999e-01
3.749999e-01
3.749999e-01
3.749999e-01
3.749999e-01
3.750000e-01
3.750000e-01
3.750000e-01
3.750000e-01
3.749999e-01
3.749999e-01
3.749999e-01
3.749999e-01
3.749999e-01
2.499999e-01
2.499999e-01
2.499999e-01
2.499999e-01
2.500000e-01
2.500000e-01
2.500000e-01
2.500000e-01
2.500000e-01
2.500000e-01
2.499999e-01
2.499999e-01
2.499999e-01
2.500000e-01
2.500000e-01
2.500000e-01
2.500000e-01
2.500000e-01
2.500000e-01
2.499999e-01
2.499999e-01
2.499999e-01
2.499999e-01
1.250000e-01
1.250000e-01
1.250000e-01
1.250000e-01
1.250000e-01
1.250000e-01
1.250000e-01
1.250000e-01
1.250000e-01
1.250000e-01
1.250000e-01
1.249999e-01
1.250000e-01
1.250000e-01
1.250000e-01
1.250000e-01
1.250000e-01
1.250000e-01
1.250000e-01
1.250000e-01
1.250000e-01
1.250000e-01
1.249999e-01
