6.429848e-06
6.493693e-06
2.827624e-06
-1.541566e-06
-3.362996e-06
1.956854e-07
2.241455e-06
-1.738616e-06
5.343147e-06
7.760596e-07
-8.739492e-07
3.076543e-06
-2.367268e-05
9.237933e-06
1.935433e-06
-3.869495e-06
1.614888e-06
3.347759e-06
-4.731687e-07
-1.341608e-06
-3.029955e-06
1.197247e-05
-2.062265e-06
3.777738e-06
-8.914057e-09
3.658565e-06
4.711402e-06
-4.397865e-06
3.346837e-06
-3.461629e-06
5.323676e-07
7.723839e-06
-8.070570e-06
2.205189e-06
7.993874e-06
-9.161037e-06
-9.096867e-06
1.588387e-05
-5.796325e-06
-2.874048e-06
2.983450e-07
-4.383266e-06
-1.451767e-05
-2.295088e-06
-5.113185e-06
-3.517902e-05
4.922795e-05
-8.467523e-07
1.564297e-05
6.136118e-06
-2.778209e-06
-1.722598e-06
7.118291e-06
-1.074443e-05
-1.585360e-06
5.839009e-06
-9.696158e-06
5.526169e-06
1.331749e-06
-3.433055e-06
6.578429e-08
3.196351e-06
-1.555023e-07
-1.317594e-05
-6.018081e-06
1.578641e-05
-1.281149e-05
3.158145e-05
-1.251591e-05
6.638683e-06
8.795269e-07
-1.594069e-05
-1.103156e-06
2.741469e-06
5.937970e-06
4.344848e-06
1.745903e-07
3.034238e-06
1.492956e-05
-3.168125e-05
9.262495e-06
8.112623e-06
1.681914e-06
-1.961633e-05
8.991438e-06
-2.735513e-06
-3.067009e-06
2.769462e-05
1.254021e-06
-1.945526e-05
1.861784e-05
3.175448e-07
-1.018687e-05
1.187233e-05
-5.243249e-06
-4.367464e-06
1.160787e-05
-9.183955e-07
-6.650558e-06
-2.722850e-05
4.618508e-06
7.918403e-06
9.785972e-06
-1.054886e-06
-1.793321e-05
2.203667e-05
2.626838e-06
-1.025437e-05
-1.052752e-05
3.430098e-05
-1.512277e-05
1.032309e-05
-1.029684e-05
9.017019e-06
3.749578e-07
-1.780816e-06
1.133826e-06
1.320977e-05
-2.605356e-05
6.995132e-06
2.672551e-06
-1.201308e-05
9.575095e-06
-2.261227e-05
3.905670e-06
1.069768e-05
-7.677840e-06
8.463623e-07
5.278617e-06
-1.306282e-06
7.854049e-06
-4.935686e-06
-8.203033e-06
3.568763e-06
6.576749e-06
2.126344e-06
4.989455e-06
-5.783539e-06
1.082857e-05
-4.490946e-06
-3.327239e-06
-7.984156e-06
6.193325e-06
-1.517668e-07
9.900144e-07
-4.108598e-06
1.082894e-05
1.042368e-05
3.996114e-07
-1.398473e-06
-4.507880e-06
5.019925e-06
4.377606e-06
-4.402253e-06
-8.661620e-06
-8.475281e-06
-1.654577e-06
-1.141612e-06
-1.333380e-05
-1.312905e-05
3.987282e-05
-6.901930e-06
3.142235e-06
9.436130e-06
-8.124486e-06
1.916213e-05
-5.118192e-05
1.325455e-05
-1.177397e-05
4.301562e-05
-1.266686e-05
7.536828e-07
1.760646e-05
-4.949273e-06
1.032951e-05
-1.534127e-05
1.569556e-06
-1.229305e-05
1.255955e-05
7.598451e-07
-1.044810e-05
3.670333e-05
-1.161929e-05
-1.809813e-06
1.153690e-06
2.410132e-07
-2.833746e-05
5.351205e-05
-9.196624e-06
-6.124030e-06
3.433328e-05
-1.722699e-05
-3.581699e-06
-9.378428e-06
3.502619e-06
7.967960e-06
5.822974e-07
1.111118e-05
3.003786e-06
-7.125079e-06
2.616230e-05
-1.307081e-06
1.108375e-05
-7.003687e-06
4.508622e-06
-6.439091e-06
2.844470e-06
-1.534935e-06
1.717656e-05
-8.899287e-06
1.601773e-06
2.139271e-05
-5.350484e-06
-5.600312e-06
1.981647e-06
3.272415e-07
-2.388181e-07
2.391258e-05
-9.807390e-06
-4.579867e-06
1.905607e-05
7.592931e-06
4.017879e-06
-2.912472e-06
-1.027060e-06
1.653084e-05
-4.734455e-05
1.460267e-05
7.724705e-06
-2.906575e-06
-1.767780e-06
-1.340402e-06
4.954496e-06
-2.647531e-06
2.185667e-07
-1.588540e-06
8.734596e-06
5.454593e-06
-6.347577e-06
2.094432e-06
-1.469266e-06
4.225671e-07
1.057616e-05
2.101154e-06
-1.349700e-05
9.569354e-06
4.612907e-06
-5.136779e-06
2.867361e-06
4.214080e-06
-7.847977e-06
3.241363e-06
-9.634391e-08
-2.335278e-06
1.931805e-06
4.719119e-06
4.008501e-06
6.836310e-06
1.238462e-05
-3.142908e-05
8.059016e-06
9.115028e-06
-4.627087e-05
3.371151e-05
-1.496662e-06
-4.046288e-06
1.149844e-05
4.029711e-06
3.678057e-06
-6.483955e-06
1.017391e-05
-2.207738e-05
7.611750e-06
9.293861e-06
-2.444234e-05
5.863199e-07
7.010244e-06
-1.730214e-06
-1.707626e-05
2.333691e-07
-9.357093e-06
9.099934e-06
9.662943e-06
-5.244000e-05
3.039981e-05
-2.573166e-06
2.242496e-06
1.811975e-07
8.289300e-06
7.763045e-06
-1.484551e-05
2.644793e-06
2.488017e-06
-9.551493e-06
4.266570e-07
-2.901177e-06
2.173080e-06
-1.500830e-05
-2.829664e-06
5.668331e-07
1.271529e-06
-1.884176e-05
4.026784e-06
-2.950538e-05
5.260408e-05
-1.013034e-05
-4.525432e-06
9.427620e-06
-4.337284e-06
4.542110e-06
1.207533e-05
6.868572e-06
1.684614e-06
1.088314e-05
-1.750060e-05
-3.648014e-06
2.803333e-06
7.072895e-07
3.619730e-06
6.720663e-06
-1.050238e-05
1.792872e-07
-3.315417e-06
3.082558e-06
-7.910737e-07
1.199674e-07
9.107827e-07
-2.674845e-06
1.718364e-06
2.372285e-07
3.923372e-06
1.065632e-05
-2.075728e-05
9.217749e-08
6.204960e-06
-4.802129e-06
3.507776e-06
8.859613e-06
-2.310407e-05
-3.129006e-06
-1.913597e-06
5.508657e-06
2.120202e-05
-1.177091e-05
-3.056827e-06
-3.856627e-07
2.762202e-06
-2.048114e-06
-5.460851e-08
-2.416724e-06
2.032263e-06
-3.771763e-06
2.808581e-06
7.264528e-07
-2.392063e-06
2.027171e-06
-1.548167e-07
1.031241e-06
3.825236e-07
-2.333519e-06
3.256666e-06
3.437699e-05
-3.297196e-05
-5.231542e-06
5.288485e-06
2.536062e-07
6.844734e-07
-3.757557e-06
2.948449e-06
7.479067e-07
-1.595423e-06
6.937545e-07
2.446233e-06
-6.797412e-06
-2.018108e-06
-6.049057e-06
1.391407e-05
-2.090849e-06
2.514729e-06
5.506575e-07
-3.254879e-06
-1.459039e-05
1.026418e-05
4.957733e-06
1.291314e-08
-2.128899e-06
1.900713e-06
-9.461116e-06
8.931613e-06
7.777984e-07
3.386118e-06
5.634664e-07
-4.008578e-06
-8.431048e-06
8.005080e-06
-5.103340e-06
3.881883e-07
-2.224406e-06
1.471090e-06
3.864566e-07
-3.715711e-06
3.282141e-06
-4.354281e-06
2.198863e-06
1.893758e-06
-2.375061e-05
5.610770e-05
-6.446800e-06
6.478858e-07
-2.827407e-06
1.815734e-06
-4.170170e-06
2.450607e-06
1.420086e-06
4.124855e-06
1.551598e-07
-6.083921e-06
4.743295e-06
4.012176e-06
7.675905e-06
-1.356052e-06
-5.127753e-06
3.943380e-06
-2.733654e-06
1.355199e-06
9.077477e-07
2.608817e-06
-1.178964e-06
-5.889981e-07
5.015868e-07
-3.286609e-06
2.666241e-06
8.504496e-07
-2.691397e-06
1.420463e-06
-1.842166e-07
-2.450272e-06
2.408433e-06
7.991019e-07
1.227412e-06
-2.655014e-06
-2.578020e-06
2.523452e-06
-1.627382e-07
1.059025e-06
-2.692030e-06
1.083457e-06
1.121446e-06
1.921676e-06
-3.226365e-06
-4.009228e-06
1.390987e-06
2.261712e-06
-3.078883e-06
1.922777e-07
2.583047e-06
1.961707e-06
-3.783775e-06
1.632429e-06
-2.884887e-06
7.990331e-07
1.669038e-06
-3.169204e-06
1.320701e-07
2.757677e-06
-3.230167e-06
6.486223e-07
2.409913e-06
-4.571400e-06
1.321961e-06
3.179443e-06
-3.218506e-06
8.485632e-07
2.120448e-06
1.616540e-07
2.655296e-06
-3.225411e-06
-6.065846e-08
1.746219e-06
-2.556815e-06
-2.856753e-06
2.599637e-07
2.290455e-06
2.140612e-06
-2.836038e-06
3.486759e-07
2.207597e-06
9.269378e-07
-3.493346e-06
-2.790669e-06
3.588274e-07
2.117037e-06
2.695570e-06
-3.571115e-06
2.756327e-07
2.415493e-06
3.170012e-06
-5.540351e-06
2.153674e-06
1.037990e-06
-3.426179e-06
2.603406e-06
-2.869122e-06
9.224070e-09
-2.063835e-07
2.719777e-06
-2.822165e-06
-1.336856e-05
3.150814e-05
1.195046e-06
-2.924488e-06
7.468706e-07
1.797293e-06
6.760451e-06
2.074648e-06
-9.833487e-06
1.197045e-05
-2.374704e-06
-1.011664e-05
2.824285e-06
6.604452e-07
-3.487603e-06
6.322836e-07
2.667015e-06
-3.680358e-06
5.852762e-07
1.760246e-06
-2.683621e-06
3.563588e-06
-6.954785e-06
3.666087e-06
2.532910e-06
-3.168399e-06
2.473568e-07
6.247354e-07
-2.409007e-06
1.786105e-06
1.462850e-06
6.182112e-07
-2.089246e-06
2.273412e-06
-9.617708e-06
4.167521e-06
2.952928e-06
-3.934100e-06
5.272024e-07
-7.379491e-06
3.026767e-06
4.330400e-06
-2.994952e-06
2.025960e-06
7.065293e-07
-3.001405e-06
2.628683e-06
-5.445058e-07
-4.465158e-06
1.477498e-06
2.552986e-06
1.247422e-06
-3.213400e-06
1.278877e-06
1.802320e-06
4.589711e-07
-2.542121e-06
1.713331e-06
6.153059e-07
-2.694765e-06
1.868014e-06
-1.963491e-05
1.989350e-05
6.101442e-07
-5.242739e-06
5.399689e-06
4.460610e-06
-8.546196e-06
3.853459e-06
-8.092701e-06
3.949368e-06
3.225559e-06
5.985635e-06
-1.472593e-05
6.980545e-06
1.056864e-06
-2.303873e-06
1.142371e-06
8.464270e-07
1.364205e-06
-2.584047e-06
-2.094869e-06
1.544469e-06
3.264241e-07
-9.327283e-06
6.134597e-06
1.639593e-06
1.687789e-06
3.980799e-06
-6.361830e-06
4.326268e-06
-1.101347e-05
5.189684e-06
3.633232e-06
-9.932116e-06
4.612079e-06
-2.723449e-06
8.683877e-07
1.420616e-06
8.783905e-07
1.338716e-06
-3.065802e-06
7.478393e-07
-3.118994e-06
2.018674e-06
-3.219265e-06
4.991045e-07
2.463806e-06
-4.619019e-06
1.599234e-06
2.906702e-06
-2.224316e-06
1.595150e-06
3.299795e-07
1.375293e-07
2.871308e-06
-3.396593e-06
1.867908e-06
6.380290e-07
-2.924574e-06
9.462402e-07
-3.279241e-06
1.964232e-06
-3.027621e-06
1.707846e-06
8.780138e-07
2.781300e-06
-3.554806e-06
4.999336e-07
-3.034858e-06
4.385913e-07
2.342333e-06
9.055126e-07
1.207146e-06
-2.533515e-06
1.576237e-06
-4.272356e-06
2.407181e-06
2.027606e-06
3.777001e-06
-6.486513e-06
1.324407e-06
3.108774e-06
-4.937684e-06
-2.675001e-06
9.390661e-07
1.257496e-06
-2.884255e-06
1.246593e-06
1.101176e-06
6.333380e-07
-2.501979e-06
1.514107e-06
-6.489654e-06
2.566749e-06
5.431294e-06
1.581037e-06
-4.211413e-06
2.383742e-06
1.092588e-07
-1.302518e-05
1.205159e-05
2.239498e-05
-7.052420e-06
-4.327737e-06
-1.254449e-05
1.170408e-05
7.088416e-07
7.665467e-07
-4.036113e-06
3.004253e-06
1.056515e-06
8.710896e-07
-2.415925e-06
3.520130e-07
-1.245160e-05
1.213726e-05
-4.917306e-06
3.188905e-06
8.472868e-07
-3.025931e-06
-1.315761e-05
1.336329e-07
9.587725e-07
1.107358e-06
-2.552734e-06
-2.938257e-06
8.190777e-07
1.456885e-06
-1.371833e-05
1.084577e-05
2.390670e-06
-2.691438e-06
9.916288e-07
1.157121e-06
2.346660e-06
-4.357144e-06
1.671841e-06
4.529522e-06
4.435985e-06
-1.110068e-05
-4.176698e-06
1.242684e-06
2.776564e-06
2.318865e-06
-4.813036e-06
2.194039e-06
1.271847e-06
-2.544938e-06
6.698769e-07
-2.726916e-06
3.876620e-07
1.580440e-06
8.994136e-07
-3.711325e-06
2.717089e-06
1.224149e-06
2.520548e-06
-4.238753e-06
1.433769e-06
2.271951e-06
-4.102823e-06
8.589257e-07
2.246214e-06
-3.476152e-06
2.379687e-06
-3.257490e-06
4.930401e-07
-2.818465e-06
7.029165e-07
1.391456e-06
2.121109e-06
1.817956e-06
-4.376973e-06
5.260473e-09
2.687248e-06
-3.024096e-06
2.730188e-06
-2.905538e-06
-1.544659e-07
2.355057e-07
2.330314e-06
-2.933843e-06
1.981421e-06
-2.752137e-06
4.438937e-07
-2.862908e-06
-6.265941e-08
2.629327e-06
2.212341e-06
-3.067581e-06
4.967941e-07
2.489669e-06
-3.113664e-06
2.493970e-07
2.704504e-07
1.431425e-06
-2.383536e-06
5.671883e-07
1.872621e-06
-2.798186e-06
1.689234e-07
2.445541e-06
-2.907419e-06
5.269977e-07
1.982983e-06
-2.796825e-06
-1.061127e-06
-1.500939e-05
1.565877e-05
9.431702e-07
-2.219977e-06
1.083275e-06
1.836782e-06
-2.874861e-06
7.897415e-07
-7.668014e-06
4.891590e-07
8.055051e-06
7.215041e-07
1.719456e-06
-2.733958e-06
7.616037e-07
1.601117e-06
-2.707760e-06
1.823855e-06
-2.688488e-06
5.376757e-07
2.042779e-06
-2.098863e-06
-1.469385e-08
-2.804336e-06
6.395717e-07
1.827429e-06
2.415446e-06
3.295413e-06
-8.170513e-06
-1.832775e-07
2.739273e-06
-2.855772e-06
-2.919107e-06
-1.069966e-07
2.670589e-06
-2.806786e-06
-1.397416e-07
2.610185e-06
7.775517e-07
1.491254e-06
-3.085375e-06
-4.290560e-06
4.424502e-06
1.197296e-08
-3.704516e-06
3.238201e-06
3.864086e-07
2.404928e-06
-4.302276e-06
1.489921e-06
8.288570e-06
1.064551e-06
-8.885426e-06
8.752089e-07
2.682481e-06
-4.035478e-06
-3.322106e-06
1.092986e-06
1.414780e-06
-2.082785e-06
1.340611e-06
6.091630e-07
1.262695e-06
1.129876e-06
-2.512519e-06
1.098496e-05
9.017964e-07
-1.333132e-05
1.704294e-06
-5.363181e-06
3.232129e-06
1.100955e-06
-3.232343e-06
1.430258e-06
2.698157e-06
-2.862664e-06
-1.174389e-07
2.385129e-06
-3.118376e-06
4.035288e-07
2.051800e-06
-3.755635e-06
1.184661e-06
1.017606e-06
1.325072e-06
-3.052521e-06
-2.786698e-06
-6.262292e-08
2.522393e-06
1.018434e-06
-2.579623e-06
1.020888e-06
1.267689e-06
-2.614612e-06
1.016310e-06
2.066211e-06
2.323395e-06
-4.684285e-06
-3.522934e-06
1.833969e-06
1.002698e-06
-2.515009e-07
-1.352761e-05
1.528212e-05
-1.337345e-06
7.561569e-06
-6.872767e-06
1.213497e-05
1.505431e-06
-1.375080e-05
-3.985615e-06
8.744471e-07
2.512493e-06
4.012747e-07
-2.071453e-05
1.462293e-05
-1.326583e-05
1.468193e-05
1.200238e-06
1.926182e-06
2.500543e-06
-4.797691e-06
1.120339e-06
-1.101982e-05
1.044643e-05
3.600762e-07
2.365171e-06
-3.104862e-06
1.325613e-06
-1.341835e-05
1.100189e-05
8.323490e-07
1.345972e-06
-2.583542e-06
4.382399e-06
-2.204434e-06
1.445409e-06
1.962260e-06
1.019694e-06
-3.675650e-06
-4.492051e-06
1.832868e-06
2.381298e-06
1.158044e-06
-2.590276e-06
1.030715e-06
-7.457199e-07
3.593129e-06
-2.426554e-06
-8.838138e-06
1.792908e-07
8.049115e-06
-4.708987e-07
-1.197199e-05
1.351789e-05
2.136048e-06
-9.576705e-06
7.436865e-06
-3.445273e-06
1.479502e-06
1.158069e-06
1.595897e-05
5.601734e-06
-2.183784e-05
-3.251251e-06
-1.438397e-06
5.121612e-06
-4.780465e-06
2.232155e-06
2.221020e-06
-4.103883e-06
1.284026e-06
2.255585e-06
2.473658e-06
-4.168933e-06
1.422773e-06
1.704455e-06
2.475487e-06
-4.584904e-06
4.773799e-06
-7.414667e-06
1.348394e-06
-1.483145e-06
5.368905e-06
-2.546507e-06
4.552105e-06
-5.900587e-06
7.525744e-07
5.840174e-06
-9.854452e-06
2.248835e-06
9.240461e-07
1.195734e-06
-2.584632e-06
3.960650e-06
-6.508488e-06
8.836682e-07
1.077567e-06
-2.606347e-06
1.057283e-06
2.179471e-06
2.326667e-06
-4.834446e-06
1.073104e-07
-3.415816e-06
2.387365e-06
-3.729263e-06
3.104198e-07
3.153820e-06
1.921292e-06
-3.952800e-06
1.520867e-06
-9.269006e-06
1.569189e-06
6.127140e-06
3.457085e-06
-2.162514e-06
-9.190557e-07
1.980834e-06
5.957903e-06
-1.370897e-05
-1.089245e-05
3.228552e-06
4.385755e-06
7.336770e-07
-6.941487e-06
6.404124e-06
3.060297e-06
-1.364189e-05
1.190630e-05
-5.369049e-06
5.636116e-06
-3.767840e-08
-7.319935e-06
3.181753e-06
3.232047e-06
-2.214140e-06
1.147286e-05
-1.998140e-06
-2.402028e-06
1.505067e-06
6.982523e-07
-1.084428e-05
8.762295e-06
2.009471e-06
-7.001176e-07
2.440286e-06
-1.716611e-06
-3.486795e-06
2.621304e-07
2.963911e-06
3.716909e-06
-9.155078e-06
2.694657e-06
3.131500e-06
-3.878976e-06
2.991543e-07
-3.920126e-06
-2.848010e-06
6.285360e-06
4.921141e-06
9.793058e-07
-5.990277e-06
1.314305e-05
-3.075188e-06
-2.609250e-06
3.423019e-06
-4.958395e-06
1.043101e-06
-9.362216e-06
3.406043e-06
4.714406e-06
1.443841e-06
-2.754322e-06
1.033662e-06
-1.290289e-05
1.175620e-05
8.215248e-07
-3.541713e-06
3.394922e-06
1.398591e-07
-5.994020e-06
5.680285e-06
1.224133e-07
5.837150e-07
2.954008e-06
-3.771826e-06
9.391608e-06
2.852814e-07
-1.075792e-05
-3.345560e-06
7.436489e-07
2.024349e-06
5.722073e-06
-1.041417e-05
6.554911e-07
-3.894310e-06
1.820344e-06
1.568904e-06
-3.404307e-07
2.325151e-06
-2.520833e-06
-2.960949e-06
6.863008e-06
1.724245e-06
3.692759e-06
-1.056919e-05
1.170188e-05
1.022670e-05
1.187811e-07
-1.013693e-05
-1.588067e-05
1.858360e-05
1.477323e-06
2.051983e-06
-4.118011e-06
1.531905e-06
1.448551e-06
-1.212598e-05
1.195141e-05
-2.995534e-06
1.282051e-06
1.442465e-06
-5.283202e-06
-1.562673e-05
2.142119e-05
1.208508e-06
2.064238e-06
-3.472880e-06
-2.003894e-05
3.314456e-05
-2.418132e-05
2.267073e-06
1.929248e-06
-4.489062e-06
-2.866742e-06
5.382879e-07
1.980068e-06
3.845206e-06
-8.088116e-06
3.018326e-06
4.103579e-07
3.405402e-06
-4.322766e-06
6.547699e-06
-7.582753e-06
9.241861e-07
2.621669e-07
4.256130e-06
-3.606898e-06
1.733416e-07
-1.091387e-05
1.047010e-05
2.315974e-06
-4.746934e-06
2.087428e-06
6.398213e-06
-1.882701e-05
1.391436e-05
-1.115267e-05
1.065567e-05
6.297600e-07
-2.318876e-06
1.933183e-06
1.992062e-07
-3.606410e-06
2.431526e-07
2.567144e-06
3.795757e-06
4.174496e-06
-9.448422e-06
-2.339585e-07
-9.089850e-06
8.954399e-06
-1.295642e-06
-4.302480e-08
1.032296e-06
3.039934e-06
-3.625717e-06
2.112245e-07
1.582053e-06
7.387697e-07
-2.383727e-06
2.369008e-06
-4.820082e-06
2.113511e-06
-5.099910e-07
-1.938354e-05
8.480096e-06
1.980890e-06
2.186201e-06
-4.440968e-06
1.271029e-06
-1.865968e-06
-1.472617e-07
-3.533165e-06
1.085823e-05
-1.261603e-06
6.379792e-06
1.047868e-06
-8.321105e-06
1.416925e-06
1.694939e-06
-3.374789e-06
9.801902e-06
5.830522e-08
-8.933426e-06
2.312839e-07
2.810641e-06
-3.384483e-06
2.250072e-06
-4.495423e-06
1.811216e-06
8.181511e-06
2.469795e-06
-9.201278e-06
-2.086422e-06
1.870794e-06
1.464387e-07
4.975146e-06
8.180027e-07
-6.586380e-06
1.044475e-06
-3.685051e-06
1.905555e-06
1.155930e-05
2.121598e-06
-1.154384e-05
-2.897088e-06
2.849479e-06
1.521545e-08
9.417246e-06
1.969656e-06
-1.210117e-05
2.374649e-06
-2.895382e-06
1.425248e-07
2.220847e-06
2.227370e-06
-4.748334e-06
3.169927e-07
2.343171e-06
-3.601788e-06
-4.263484e-06
-1.451705e-06
7.949253e-06
2.992001e-06
-2.122103e-06
-5.215380e-07
9.203111e-07
1.620037e-06
-3.656592e-06
2.380946e-06
1.337436e-06
-3.979304e-06
2.522648e-06
8.443421e-07
-3.990108e-06
-4.439318e-06
1.910287e-06
2.238785e-06
-2.924877e-06
1.947287e-07
2.464682e-06
-3.050740e-06
1.353721e-07
2.577845e-06
-2.809550e-06
-1.369256e-06
2.904053e-06
8.788452e-06
-2.861352e-05
3.091634e-06
2.109298e-06
-3.154222e-06
6.279678e-07
-1.309248e-05
1.178548e-05
-7.609094e-08
-5.370096e-06
1.418978e-06
2.494934e-06
6.208038e-06
6.299482e-06
-1.710797e-05
5.944518e-06
4.263333e-07
-6.481515e-06
-8.426138e-06
-3.339261e-06
9.149704e-06
-3.544474e-06
2.424744e-06
6.665367e-07
1.408091e-05
4.417422e-06
-1.832364e-05
2.404750e-06
-4.344733e-06
1.467951e-06
6.601204e-07
1.650000e-06
-3.452251e-06
7.480103e-06
-3.998458e-07
-5.646011e-06
6.860673e-06
-2.386229e-06
-2.310762e-06
-4.252221e-06
1.627853e-06
2.366652e-06
2.323840e-06
-4.679369e-06
2.052440e-06
7.803709e-06
-7.346081e-06
6.073211e-06
-5.484504e-06
1.490936e-06
2.072967e-06
-4.090376e-06
-5.467537e-08
4.134305e-06
-2.713448e-06
-1.154507e-07
2.698855e-06
-2.531302e-06
1.873654e-06
3.248237e-07
-2.615847e-06
1.010790e-06
1.088413e-06
-7.898021e-06
5.380792e-06
1.868104e-06
3.945612e-07
-2.696633e-06
1.810846e-06
-4.659577e-07
-1.777463e-06
1.088357e-06
-4.363979e-06
1.490981e-06
2.413701e-06
9.393167e-06
1.873777e-06
-1.874428e-05
2.068439e-06
-4.202614e-06
1.702518e-06
-5.801182e-06
1.856287e-06
4.029563e-08
-1.132785e-05
1.115304e-05
6.308614e-07
7.443593e-07
4.384953e-06
-6.288803e-06
-5.278308e-06
4.675172e-06
2.550047e-07
-6.890415e-07
-1.219461e-05
1.254456e-05
-1.660108e-06
-4.642567e-06
1.156977e-05
3.447896e-06
-8.846824e-06
4.758308e-06
-4.186940e-06
-9.944552e-06
1.241506e-05
2.297749e-06
-3.029556e-06
8.218604e-07
-2.354319e-06
1.174958e-06
9.741636e-07
-1.866708e-05
1.269062e-05
3.884309e-06
1.028345e-05
-3.480615e-06
-3.793210e-06
-7.316212e-06
1.245872e-05
-2.488983e-06
-6.039144e-07
-1.150112e-05
1.112997e-05
6.294254e-07
-7.771174e-06
6.608301e-06
1.089125e-05
3.185162e-07
-1.049862e-05
-2.561756e-07
-1.079594e-05
1.009365e-05
-2.041099e-08
-1.228755e-05
1.030031e-05
1.984379e-06
2.321743e-06
-4.709940e-06
1.886501e-06
1.729605e-06
-4.093986e-06
1.868728e-05
-3.320776e-05
3.834484e-06
-5.685161e-06
1.417570e-05
-1.311047e-05
-1.245743e-07
-1.994123e-06
2.160778e-06
9.379676e-06
-8.931575e-06
3.592342e-06
-1.814020e-05
1.459154e-05
-1.314345e-06
-1.204493e-05
1.166247e-05
1.994406e-06
-8.329648e-06
4.232997e-06
1.412477e-06
2.920097e-06
-3.270937e-06
4.305444e-08
-1.842204e-05
1.171923e-05
2.015190e-06
-1.954253e-06
-1.516447e-06
4.742441e-06
-4.561370e-07
9.674510e-06
-5.861292e-06
4.296243e-07
-1.025714e-05
4.237962e-06
3.928191e-06
7.544213e-06
1.112306e-05
1.170180e-06
-5.038466e-06
1.702447e-06
9.957329e-06
-1.090334e-06
-1.060938e-05
-1.204206e-05
4.267847e-07
1.498422e-05
-1.080643e-05
9.536934e-07
8.354225e-06
1.852014e-05
9.167533e-07
-1.689377e-05
-7.228859e-06
6.947932e-06
7.111874e-07
9.375724e-08
-2.830840e-06
2.562155e-06
2.245117e-06
-2.703357e-07
-2.154069e-06
-7.342110e-08
-2.835563e-06
2.838748e-06
-1.505470e-05
1.132795e-05
5.497011e-07
2.715944e-06
-2.915173e-06
-9.777331e-08
9.167082e-07
-3.617109e-06
2.120096e-06
1.831525e-05
-4.906380e-06
-1.475981e-05
-2.174942e-06
2.174780e-06
-1.974981e-07
2.599776e-06
8.399216e-07
-3.670445e-06
-8.947054e-07
7.741880e-07
1.322571e-07
-2.595659e-06
2.762676e-06
-1.201798e-07
9.074361e-07
-3.373577e-06
1.863691e-06
-3.475521e-06
2.300614e-06
7.742312e-07
1.092211e-06
-3.595426e-06
1.725912e-06
1.407654e-06
-3.584496e-06
1.886390e-06
-1.306928e-05
1.643985e-05
1.026978e-06
-1.149378e-06
2.092541e-06
-2.191696e-06
-5.851704e-06
8.050618e-07
6.052899e-06
1.925303e-06
-1.319306e-07
-1.633607e-06
1.989023e-06
3.205823e-07
-2.305614e-06
-3.759533e-06
1.879216e-06
1.731152e-06
1.264511e-06
-3.862943e-06
2.147728e-06
1.661470e-08
-3.083364e-06
3.160787e-06
7.624660e-06
-5.745639e-06
-6.657216e-08
1.803849e-06
-1.240358e-05
9.428693e-06
1.329188e-06
6.754814e-07
-2.047649e-06
-2.686833e-06
1.304046e-06
8.737250e-07
-8.992736e-07
-8.681936e-07
7.640147e-07
3.794089e-06
-5.074604e-06
7.126249e-07
3.954613e-07
3.514528e-08
-9.956225e-07
-8.520250e-06
7.234652e-06
1.031326e-06
-2.849020e-07
-7.666542e-07
3.855689e-07
-1.628553e-06
1.478277e-06
1.046058e-07
-4.148708e-06
1.742929e-06
2.175088e-06
5.950768e-07
1.997785e-06
-2.866630e-06
-5.174769e-06
4.051760e-06
8.729172e-07
7.352030e-07
-4.859417e-06
2.523650e-06
1.784575e-06
7.689272e-07
-3.032435e-06
3.202363e-06
6.161070e-07
-3.847555e-06
9.537450e-07
-2.903125e-06
1.355847e-06
-2.793812e-06
2.332802e-06
-1.132265e-06
7.326922e-07
5.837156e-06
-5.706085e-06
1.539251e-06
-9.794957e-06
7.145765e-06
9.339539e-06
1.224494e-06
-1.157832e-05
6.945284e-06
9.570661e-07
-8.000361e-06
-1.492476e-06
-1.011000e-07
1.277355e-06
2.885128e-06
2.609694e-06
-5.564102e-06
-9.135779e-06
8.596924e-06
7.512253e-07
4.490860e-06
1.469886e-06
-6.568256e-06
-6.693621e-06
7.041193e-06
8.449279e-06
6.155057e-06
2.544696e-06
-9.792046e-06
8.734922e-08
-7.346877e-06
7.935829e-06
1.360599e-06
-4.787572e-08
-1.958119e-06
1.262697e-06
-2.408536e-06
5.892440e-07
9.406847e-09
-1.886226e-06
1.859457e-06
-1.554298e-07
7.907455e-07
-3.989729e-06
1.891182e-06
-1.344594e-05
1.011720e-05
-1.823875e-06
1.558555e-06
1.807344e-07
7.220247e-06
5.025409e-07
-8.011143e-06
-6.554045e-06
4.569013e-07
6.818725e-06
3.384398e-06
-1.520129e-05
4.391238e-07
6.052720e-07
-3.155817e-06
2.078373e-06
-4.199124e-06
2.986361e-07
3.675631e-06
1.051167e-05
5.050303e-08
-9.947583e-06
-1.139556e-05
9.820704e-06
6.738583e-07
-1.233328e-05
2.313685e-06
1.209580e-05
2.154017e-06
2.120333e-06
-4.583481e-06
2.421740e-06
-6.263016e-06
4.956083e-06
-1.342624e-05
1.020293e-05
1.763137e-06
-2.498606e-06
2.364401e-06
-2.347593e-08
-3.795049e-06
1.056767e-06
2.158873e-06
1.904866e-06
1.924999e-06
-4.198228e-06
8.232335e-07
-3.691390e-06
2.239178e-06
1.887605e-06
-8.888222e-06
7.128394e-06
1.809930e-06
-3.478444e-06
1.410842e-06
7.791201e-06
3.017940e-06
-1.052275e-05
1.704817e-06
-1.610701e-05
1.204183e-05
8.054468e-07
2.227408e-06
-3.749586e-06
6.012907e-07
-3.302939e-06
2.002353e-06
6.834836e-07
9.083774e-07
-2.718793e-06
3.897972e-06
-4.030666e-06
2.326882e-06
-8.180772e-06
5.398738e-06
1.899158e-06
5.888086e-06
-4.933787e-06
-3.537479e-06
1.342184e-06
4.944288e-07
-3.858755e-06
-5.372325e-08
-9.781381e-06
9.726296e-06
9.503401e-07
-3.734409e-06
1.554745e-06
-1.548890e-05
1.099371e-05
4.030507e-06
-3.713876e-06
3.371316e-06
2.277259e-07
1.913072e-06
1.302409e-06
-3.461109e-06
1.991787e-06
-7.742630e-08
-1.939514e-06
-2.632787e-06
2.814451e-06
-2.093115e-07
1.286539e-06
-2.680668e-06
7.957844e-07
1.110346e-05
1.201093e-06
-1.100372e-05
5.328870e-06
-3.918604e-07
-5.561693e-06
1.265583e-05
1.534840e-06
-1.293576e-05
3.004986e-06
2.329165e-07
-3.334189e-06
-6.560795e-06
-9.497847e-07
7.678355e-06
-3.830217e-06
2.271296e-06
1.416519e-06
4.176690e-06
-1.460770e-05
1.312236e-05
1.385578e-06
3.658964e-08
-2.132045e-06
1.286560e-06
-7.838719e-06
7.229521e-06
8.683030e-06
1.330911e-07
-8.689976e-06
9.501725e-07
1.601175e-06
-3.196059e-06
-2.161965e-06
-1.237102e-06
3.939262e-06
7.875963e-06
1.707814e-06
-1.069216e-05
7.012865e-06
-7.478880e-06
5.922908e-07
1.519514e-06
-1.951610e-05
1.364515e-05
-3.880787e-06
-3.037657e-07
2.363388e-06
2.334364e-06
1.617928e-06
-4.319489e-06
1.622078e-06
1.111525e-06
-4.774030e-06
2.746493e-06
-2.478060e-07
-4.509035e-06
3.214291e-06
-4.346050e-06
6.658547e-07
-3.634014e-06
1.759291e-06
6.974792e-08
5.935031e-07
-1.711826e-06
5.390150e-07
9.462446e-07
-2.751496e-06
1.198458e-06
2.775723e-06
-3.414940e-06
2.863500e-07
-4.193330e-06
2.656277e-06
9.596419e-07
-4.552313e-06
1.003279e-06
3.313268e-06
4.150382e-07
-1.220721e-06
1.458842e-07
1.927287e-06
2.415823e-07
-2.585699e-06
-8.410957e-06
4.563883e-06
2.916241e-06
1.578229e-06
4.336683e-06
-6.599494e-06
-1.277897e-05
9.897334e-06
5.697245e-06
-1.498211e-06
1.962070e-06
-4.126146e-07
-1.284594e-05
1.245353e-05
1.023340e-06
-8.307129e-06
7.915735e-06
3.906402e-07
1.271508e-06
-3.520845e-06
1.094299e-06
3.951892e-08
2.532828e-06
-4.073320e-06
-1.071155e-05
-2.920215e-06
1.493306e-05
-2.353167e-06
1.117260e-06
6.057119e-07
-4.774619e-06
2.411074e-06
2.474875e-07
-7.520111e-07
-3.278926e-07
4.445488e-07
4.699546e-07
-2.949246e-06
2.394676e-06
-7.549005e-06
2.959584e-06
5.208370e-06
1.308824e-05
-1.985169e-06
-1.162037e-05
3.811750e-06
8.471101e-07
-4.939200e-06
-1.258331e-06
-2.130491e-07
1.616944e-06
6.114929e-07
1.807507e-06
-2.657415e-06
-1.241756e-05
1.048657e-05
8.864548e-07
-7.365688e-06
1.307260e-05
1.006301e-05
4.408739e-06
-2.405960e-06
-1.187139e-06
7.515330e-06
9.291970e-07
-8.533488e-06
1.012686e-06
3.078005e-06
-6.726161e-06
-6.375984e-06
-8.701546e-07
1.121036e-05
1.121754e-05
1.946819e-06
-1.198399e-05
3.621797e-06
-4.349754e-06
7.701189e-07
9.351665e-07
4.001813e-07
-1.788521e-06
2.392418e-06
-4.439027e-07
-2.117772e-06
8.656630e-07
-5.753151e-06
4.155915e-06
1.009190e-05
-1.085800e-07
-1.037452e-05
8.000077e-07
-2.745443e-06
1.478363e-06
-1.146575e-05
9.796581e-06
2.466431e-06
-1.025669e-05
8.897916e-06
7.818058e-07
3.034198e-07
-1.934699e-06
7.337223e-07
-5.744928e-06
4.599000e-06
6.073457e-07
-8.593861e-06
6.393170e-06
1.383191e-06
-6.548083e-08
4.601321e-07
-7.626774e-07
6.245632e-06
-1.531720e-07
-6.037551e-06
1.229926e-06
-1.084872e-05
8.936610e-06
1.472704e-05
1.246060e-06
-1.399572e-05
9.321186e-06
-1.368733e-05
-3.197457e-06
-5.555345e-06
2.509610e-06
2.675402e-06
1.208732e-07
-9.859120e-07
5.139096e-07
2.415270e-06
4.083751e-07
-2.882206e-06
-4.889939e-06
7.002062e-06
-5.809768e-06
1.568400e-07
2.431436e-06
-2.857666e-06
-6.743126e-06
2.072524e-06
4.384413e-06
1.336886e-06
-8.002641e-06
6.022917e-06
-2.946302e-07
-7.383369e-06
7.595423e-06
1.554554e-06
-8.535399e-06
6.129813e-06
6.342648e-07
-3.971588e-06
2.904340e-06
6.411837e-06
-6.110011e-06
3.675438e-07
6.137238e-07
1.014799e-06
-7.407368e-06
1.404067e-06
7.179034e-07
-2.161458e-06
-1.316789e-05
1.234128e-05
3.222878e-06
1.731891e-06
1.472893e-06
-3.701050e-06
-2.157973e-06
2.295389e-06
-2.479579e-07
-8.694395e-06
3.795009e-06
7.759103e-06
5.878844e-06
1.870730e-06
-7.848673e-06
-4.637356e-07
-1.261533e-05
1.044419e-05
1.968614e-06
9.834566e-07
-3.651705e-06
5.930268e-08
-3.165984e-06
3.104518e-06
-3.888462e-06
3.679554e-06
2.108291e-07
-2.615877e-06
-1.540158e-05
2.007391e-05
1.618640e-06
-3.455940e-06
1.221852e-06
-3.292680e-06
1.308425e-06
1.171887e-06
2.939435e-06
-9.601307e-06
6.586973e-06
-2.964767e-06
1.109143e-06
1.054580e-06
6.395110e-06
-1.628267e-05
2.936732e-06
2.764974e-06
6.450979e-07
-3.806542e-06
1.090333e-06
-6.067266e-06
4.605923e-06
7.360612e-06
2.138642e-06
-1.037674e-05
2.455742e-06
3.534983e-06
-6.091469e-06
-1.003963e-05
8.339189e-06
5.597051e-07
-4.640251e-06
3.004070e-06
1.074772e-06
6.916102e-06
-9.832594e-06
1.366067e-06
1.290361e-06
1.817996e-06
-3.725181e-06
-2.989300e-07
-2.336991e-06
1.389103e-06
1.666708e-06
1.023540e-06
-3.349927e-06
4.693334e-07
2.105747e-06
-2.821301e-06
2.391363e-06
-1.411613e-05
1.123956e-05
5.225968e-07
-7.634570e-06
2.214423e-06
-2.427944e-06
4.757795e-07
1.087855e-06
-2.179995e-05
1.523414e-05
4.198170e-06
1.587436e-07
-1.903624e-06
1.660118e-06
-2.249100e-06
-8.717275e-08
1.359249e-06
-1.374804e-06
-1.429322e-06
1.593801e-06
5.327456e-07
2.472414e-06
-3.235150e-06
1.220304e-06
2.096575e-06
-3.558198e-06
3.630122e-06
3.396348e-06
-7.951214e-06
-1.463255e-07
3.288903e-06
-2.670457e-06
6.679675e-07
1.050166e-05
-5.339264e-06
-2.369453e-06
2.403682e-06
-1.910349e-07
1.701298e-05
-3.712603e-06
-1.468563e-05
1.914831e-05
-1.461127e-05
-4.006844e-06
7.708230e-06
1.962489e-06
-9.934527e-06
4.173004e-07
-1.513606e-07
-2.606034e-07
-2.453248e-07
6.159085e-06
-4.650461e-06
3.324800e-06
-1.849616e-07
-2.956219e-06
-9.689359e-06
7.862441e-06
1.344869e-06
1.488435e-06
4.344024e-07
-2.389158e-06
-2.744273e-06
1.867814e-07
2.208789e-06
-2.006608e-06
-8.143811e-07
1.776854e-06
1.246692e-06
-2.826177e-06
7.120747e-07
-2.922995e-06
1.653246e-06
6.162399e-07
-1.112354e-07
-2.120048e-06
2.060785e-06
-5.759557e-08
-6.536243e-06
6.697809e-06
1.439043e-06
-1.206040e-05
1.005893e-05
5.984678e-07
1.115143e-06
-2.380811e-06
-1.598602e-06
-1.738996e-06
2.180022e-06
1.939351e-06
3.980421e-06
-7.009057e-06
-2.807680e-06
8.333085e-07
1.273616e-06
1.754146e-06
2.171590e-06
-4.197656e-06
2.791896e-06
7.659117e-07
-3.942636e-06
5.223773e-06
1.274441e-05
-1.230714e-05
-1.027441e-05
9.031977e-06
7.221347e-07
-1.115925e-05
1.024208e-05
4.541563e-07
-4.132591e-06
-1.716368e-07
4.881144e-06
-3.374899e-06
1.597357e-06
1.009929e-06
-4.411374e-07
-2.380072e-06
2.750017e-06
-4.975065e-06
3.502736e-06
7.159291e-07
4.877536e-06
2.451154e-06
-7.880117e-06
2.469002e-06
2.007633e-06
-3.742155e-06
1.647664e-06
2.479248e-06
-2.552807e-06
8.852335e-07
3.418785e-06
-5.057005e-06
1.739680e-06
2.930416e-07
-2.014689e-06
1.835270e-06
-9.218940e-08
-1.654146e-06
-3.117166e-06
7.764032e-08
2.667669e-06
-3.344307e-06
3.907078e-07
2.511684e-06
-4.066028e-06
4.849412e-07
3.333990e-06
2.545118e-07
1.381373e-05
-1.133945e-05
4.246245e-07
3.591887e-06
-4.420054e-06
6.024834e-07
-4.846072e-06
2.647712e-06
9.651283e-07
-3.838104e-06
2.288668e-06
2.749068e-07
-9.118985e-06
8.763197e-06
2.221215e-06
9.863015e-07
-2.902223e-06
-9.879175e-06
7.969404e-06
1.204958e-06
2.099885e-07
-3.386724e-06
3.007934e-06
-3.515435e-06
4.808128e-07
1.622116e-06
1.745461e-06
-1.405481e-05
1.170078e-05
9.504708e-06
5.654798e-07
-1.023650e-05
8.282080e-06
2.916659e-07
-8.055063e-06
5.426433e-07
2.207297e-06
-3.007651e-06
1.012264e-06
-3.545121e-06
1.763716e-06
-3.917655e-06
8.241789e-07
2.541643e-06
1.567473e-06
-2.933026e-06
4.739714e-07
7.788571e-08
1.429867e-06
-2.213620e-06
2.763596e-06
-7.513093e-06
2.697639e-06
2.004651e-06
-8.369601e-06
5.788506e-06
2.029209e-06
5.784897e-07
-3.271984e-06
6.594681e-06
-8.998491e-06
3.116107e-06
9.222438e-07
1.946706e-06
-3.101622e-06
1.047573e-05
1.423685e-07
-1.048259e-05
1.894873e-06
6.953797e-07
-3.085868e-06
-9.062896e-06
8.451209e-06
5.097537e-07
8.127798e-06
1.151439e-07
-8.549501e-06
1.014897e-06
-6.669298e-06
4.875973e-06
1.140645e-06
2.215171e-06
-3.568044e-06
3.229025e-06
2.340847e-07
-3.499147e-06
-8.340791e-07
-3.312680e-06
2.882932e-06
3.306415e-06
1.748649e-06
-6.318997e-06
-6.075200e-06
-2.829453e-06
-1.574732e-06
3.313890e-06
-7.776334e-06
3.526948e-06
2.773972e-06
-1.623305e-07
-2.536062e-06
-5.260966e-07
1.702244e-06
-1.888903e-06
3.114214e-06
-3.968544e-06
2.556704e-07
7.552371e-07
-5.579326e-06
4.116291e-06
1.118365e-06
-1.667665e-05
1.340746e-05
-2.095827e-06
2.099955e-06
-3.290170e-07
-9.020447e-06
9.406250e-06
4.053701e-06
1.614779e-06
2.294989e-07
-1.798838e-06
1.706777e-06
6.554176e-07
-3.344365e-06
6.091415e-07
-1.727871e-05
-1.363673e-06
2.847699e-06
-3.455256e-07
-2.474582e-06
1.803323e-06
-1.056276e-05
9.010873e-06
8.419302e-07
-3.440069e-06
1.969822e-06
1.556165e-07
3.451516e-06
-3.960727e-06
-6.388512e-06
-1.401488e-07
6.634419e-06
7.852940e-07
-4.078323e-06
2.640498e-06
3.613564e-07
-2.720864e-06
1.516591e-06
8.843817e-07
-6.452301e-06
4.901386e-06
3.119563e-06
-1.080575e-05
2.667120e-06
-2.887341e-06
3.090818e-06
3.116489e-07
7.339471e-07
-4.974240e-06
3.548416e-06
-3.931275e-06
7.064902e-07
2.772106e-06
1.573563e-06
1.644005e-06
-3.593993e-06
-3.362655e-06
2.047426e-06
5.590108e-07
2.924194e-06
-3.980017e-06
6.821560e-07
3.550484e-06
1.995837e-07
-3.727378e-06
-9.979387e-06
8.714328e-06
4.010990e-06
-8.190222e-06
7.358834e-06
1.206196e-06
2.108506e-06
-9.474314e-08
-2.031743e-06
2.125704e-06
7.363534e-07
-3.317207e-06
2.313414e-06
-1.585291e-06
1.930643e-06
-1.414553e-05
1.209766e-05
1.986963e-06
8.878069e-07
-1.823333e-06
3.227025e-07
6.609009e-06
-2.916120e-06
3.349972e-06
-8.520281e-06
-4.777667e-06
1.121255e-05
1.644091e-06
2.354415e-06
-4.240115e-06
2.147541e-06
6.706114e-07
-3.302726e-06
-1.388325e-06
-1.730768e-06
2.081675e-06
3.195417e-06
-3.713124e-06
2.411131e-07
-3.385396e-06
-1.269897e-05
1.529158e-05
-2.568431e-06
-1.035891e-05
1.314175e-05
1.298229e-07
-2.405430e-06
2.241510e-06
8.738961e-07
-3.368952e-06
2.081437e-06
3.868268e-08
3.231470e-06
-3.637417e-06
-9.120336e-06
6.445413e-06
6.888571e-06
8.859822e-07
-2.955696e-06
1.441184e-06
-3.630587e-06
1.953829e-06
9.364654e-07
1.061214e-05
3.897717e-07
-1.133717e-05
1.880744e-06
4.995287e-07
-2.937362e-06
2.294466e-06
-5.625170e-06
2.865356e-06
2.881576e-06
-4.493942e-06
1.132536e-06
-1.241180e-06
1.926440e-06
-1.322266e-06
9.033930e-07
-2.507625e-06
9.862281e-07
1.987785e-06
-1.161132e-05
9.418299e-06
-9.985710e-06
1.005177e-05
3.177660e-06
2.815524e-06
-1.228104e-07
-2.533323e-06
2.219443e-06
6.150448e-08
-2.365787e-06
5.837318e-07
-1.129029e-05
1.025007e-05
1.987196e-06
2.186533e-06
-5.360932e-06
1.796298e-06
-3.892753e-06
1.735126e-06
4.599033e-06
3.589097e-07
-5.192390e-06
-3.936595e-06
2.147518e-06
1.157679e-06
1.600572e-05
2.842924e-06
-2.110415e-05
1.628532e-06
-1.388120e-07
-2.107353e-06
3.196184e-06
-3.489759e-06
4.512472e-08
2.191660e-06
5.145204e-08
-2.465221e-06
-3.265831e-06
1.534963e-06
1.507463e-06
-2.633295e-06
7.331715e-07
1.594628e-06
2.544224e-06
5.838845e-06
-8.906221e-06
-2.807442e-06
8.409515e-08
2.383106e-06
1.298617e-06
-8.180806e-06
6.312332e-06
1.310699e-05
-4.304721e-07
-1.279896e-05
-9.022679e-06
7.493898e-06
3.245625e-06
-4.296894e-06
3.391550e-06
4.605892e-07
3.983692e-06
-9.590490e-06
7.246047e-06
2.755663e-06
-3.970347e-06
7.020049e-07
9.697092e-07
-2.607486e-06
1.071091e-06
8.228283e-07
-1.282315e-05
1.167043e-05
-1.554668e-08
3.049610e-06
-3.379286e-06
1.062582e-06
6.122214e-06
-1.030147e-05
-4.460607e-06
6.127189e-07
2.897869e-06
3.881764e-06
4.051157e-07
-4.680144e-06
-6.749859e-06
2.844750e-06
3.186593e-06
-1.742976e-06
9.981690e-07
2.092957e-07
-1.122295e-06
-1.030826e-06
1.315885e-06
2.935464e-06
1.322264e-07
-3.143671e-06
-9.869764e-06
8.835710e-06
2.232423e-06
9.031497e-07
-3.565812e-06
2.330093e-06
-1.030035e-05
9.419255e-06
1.301959e-06
3.711351e-06
-9.618679e-06
5.387654e-06
-3.604710e-06
2.534276e-06
5.923860e-07
1.873949e-06
-3.914065e-06
1.674931e-06
-6.400016e-06
6.057957e-06
1.693962e-07
-6.902167e-06
7.127177e-06
-7.727835e-08
-1.146462e-06
-6.359424e-07
2.095668e-06
-3.010222e-06
-2.115527e-07
3.303570e-06
7.346403e-07
-9.335132e-06
7.979027e-06
1.246294e-06
-1.365457e-07
-1.000217e-06
-7.340522e-06
1.583627e-06
3.648894e-06
7.541651e-06
8.864666e-07
-9.234472e-06
-3.292215e-06
1.515830e-07
2.874844e-06
-2.086481e-08
2.913717e-06
-3.222591e-06
3.056003e-06
-3.282665e-06
-3.185587e-08
-1.221015e-05
1.267097e-05
-4.834741e-07
-9.951498e-06
8.866392e-06
1.230175e-06
1.979535e-06
-6.912955e-06
4.543654e-06
5.805569e-07
-7.215666e-06
6.532976e-06
4.406365e-06
6.038455e-06
-4.643011e-06
-9.903886e-06
9.973790e-06
-6.298787e-08
2.422731e-06
-2.586371e-07
-2.132387e-06
-7.249332e-06
7.520397e-06
-1.392568e-07
-3.000940e-06
-1.874351e-05
1.918117e-05
1.438201e-05
-2.151972e-06
-1.502889e-05
2.923120e-06
-3.149217e-06
-3.301343e-08
-1.162248e-05
9.358383e-06
2.115378e-06
1.473689e-07
2.041665e-06
-3.147177e-06
8.966421e-07
-3.019983e-06
1.493790e-06
7.179249e-07
-9.537703e-06
8.811205e-06
-4.460066e-09
2.777236e-06
-3.101273e-06
-1.517708e-05
1.906300e-05
-1.649659e-07
5.604181e-06
2.733527e-07
-5.904238e-06
5.964474e-07
2.165561e-07
-1.481797e-06
4.586383e-07
-1.621592e-05
1.306597e-05
2.560794e-06
-4.423402e-06
1.414374e-06
2.070693e-06
-3.695805e-06
1.441827e-06
-2.757702e-06
4.600433e-07
1.927161e-06
3.745144e-06
-9.040056e-06
4.803936e-07
3.249009e-06
-8.537131e-06
8.650358e-06
-7.003830e-07
3.004226e-06
-3.012231e-06
-2.538867e-08
1.043140e-05
-4.505558e-06
-1.000551e-06
1.184868e-06
-8.372936e-07
-3.450421e-06
1.652656e-06
1.274474e-06
8.654426e-07
-9.516606e-06
8.134733e-06
1.604465e-06
2.664178e-07
-1.843852e-06
2.307397e-06
-1.480690e-07
-2.123812e-06
-2.369168e-06
4.539798e-07
1.214489e-06
9.342082e-06
7.788017e-07
-1.056566e-05
2.864262e-06
3.628540e-06
-7.990925e-06
7.132560e-06
1.298013e-06
-8.988187e-06
4.325224e-06
-4.586476e-06
-8.153252e-07
-5.568131e-07
-2.516690e-06
1.871144e-06
2.105079e-06
-2.995317e-06
4.944911e-07
2.817030e-06
-3.049977e-06
-3.210739e-08
4.284907e-06
-1.349684e-07
-4.064412e-06
-1.011205e-07
-1.204220e-05
1.101489e-05
-3.715137e-06
1.926608e-06
1.591009e-06
2.702594e-06
-2.984594e-06
3.678202e-09
-1.072312e-06
-1.154673e-08
4.666097e-07
-9.954186e-06
8.191589e-06
7.972840e-07
3.827804e-06
-5.020960e-06
-1.518316e-06
2.342763e-06
6.178900e-06
-4.743116e-06
1.190922e-05
2.859068e-06
-1.209435e-05
1.035798e-06
-6.034559e-06
4.380706e-06
-3.082070e-06
1.883211e-06
6.937712e-07
1.129500e-06
-9.640270e-06
8.115270e-06
-2.022002e-06
2.013350e-06
-1.898541e-08
5.560666e-08
2.634439e-06
-3.016357e-06
-4.235375e-06
1.635747e-06
2.095440e-06
2.289740e-07
2.544395e-06
-3.031577e-06
9.474665e-07
-1.177938e-05
1.007744e-05
-1.364968e-06
7.254344e-07
1.072506e-07
-1.238041e-05
1.098656e-05
-2.782297e-07
3.326629e-06
1.257440e-07
-3.411182e-06
2.489637e-06
-4.620269e-06
1.741711e-06
5.895348e-06
-1.661837e-05
1.155261e-05
-1.212185e-07
-1.095609e-05
1.131010e-05
-3.321215e-07
3.492726e-07
-4.729676e-07
8.161716e-06
4.877675e-06
-9.454398e-06
1.444445e-06
-3.969805e-06
2.112257e-06
5.268198e-06
-5.122771e-06
1.551316e-08
-6.416137e-07
8.312540e-07
-7.142878e-07
-1.205590e-05
-9.924525e-07
4.468538e-07
1.568899e-06
7.894057e-07
-2.869626e-06
-8.262635e-06
9.241202e-07
2.681760e-06
5.453844e-06
-4.252000e-06
-6.686115e-07
-4.562729e-06
2.139316e-06
1.996780e-06
1.692014e-06
-2.065942e-06
-2.750321e-07
-2.887082e-06
2.973649e-06
-6.080290e-07
2.687713e-06
-3.183439e-07
-2.342213e-06
5.016883e-06
-3.124705e-06
-2.471349e-07
-1.024346e-05
9.670056e-06
3.801161e-07
1.085729e-05
-9.415919e-08
-1.076435e-05
-9.280301e-06
8.241513e-06
1.212115e-06
-3.040612e-06
4.641157e-07
2.290769e-06
-1.495916e-06
4.915448e-07
8.078425e-08
-8.343497e-06
7.834092e-06
6.834485e-07
1.842331e-06
-7.509100e-06
5.145323e-06
4.913465e-07
-1.628199e-07
-5.074194e-07
2.462945e-06
-3.220334e-06
5.143473e-07
-2.905765e-07
-1.467927e-06
8.502586e-07
-4.201651e-07
5.630103e-07
-5.383223e-07
1.767225e-06
-1.038097e-05
8.357071e-06
5.573524e-06
-7.156647e-06
3.832670e-06
1.420841e-06
-7.121820e-06
5.604045e-06
-1.954613e-05
1.336117e-05
7.029029e-06
-2.480982e-06
7.170274e-07
1.474846e-06
2.550376e-06
-2.944482e-06
8.758947e-08
-1.141629e-05
1.096514e-05
7.349927e-07
-1.708187e-06
-4.111373e-07
1.131520e-06
1.931790e-06
9.591318e-07
-3.626784e-06
1.275727e-05
-7.690582e-07
-1.187171e-05
-2.915817e-06
2.230960e-07
2.400585e-06
2.567237e-06
-2.908635e-06
5.720710e-08
-3.402646e-06
1.896764e-06
8.283661e-07
9.765037e-07
-9.755688e-06
-5.285455e-06
7.519286e-06
-2.334284e-07
-7.054278e-06
1.472590e-07
2.401813e-06
-2.890892e-06
9.566064e-06
-1.745369e-06
-8.789531e-06
9.398330e-07
3.400892e-06
-3.223154e-06
-3.234177e-06
1.714477e-06
9.047699e-07
-1.733151e-07
2.297618e-06
-2.344657e-06
-3.280995e-06
2.117235e-06
7.720958e-07
4.977089e-06
5.129351e-07
-5.521880e-06
1.426991e-06
-1.911327e-06
2.044739e-07
-5.643242e-06
6.440537e-06
-2.371249e-06
6.057722e-06
-1.621572e-05
8.704077e-06
3.334542e-06
-1.499639e-06
-1.891139e-06
-3.633705e-06
2.328460e-06
9.205800e-07
2.391712e-06
-2.857691e-06
1.645029e-07
2.150150e-06
6.960445e-07
-3.190493e-06
-2.704985e-07
9.850582e-07
-5.988623e-07
9.037400e-07
-3.534418e-06
2.028330e-06
-3.542457e-06
1.994162e-06
8.430650e-07
9.881758e-07
-1.237893e-07
-9.585258e-07
1.302406e-06
-5.909817e-06
4.034461e-06
1.785007e-06
-8.742245e-06
6.746441e-06
1.202134e-06
1.055030e-06
-2.923760e-06
9.034515e-06
1.665664e-06
-9.887504e-06
-1.458722e-06
4.288763e-07
1.336273e-06
-4.660962e-06
2.689010e-06
1.846860e-07
-6.041340e-07
1.539613e-06
-1.666968e-06
-3.120251e-06
8.700061e-07
1.778505e-06
-4.719990e-06
-1.268372e-06
3.810895e-06
1.639435e-06
-3.108809e-06
1.084833e-06
-4.606949e-06
2.119201e-06
4.911063e-06
-8.220827e-06
1.410238e-05
2.328939e-06
-1.816906e-06
1.048951e-06
1.452100e-07
1.467579e-06
-3.337197e-06
1.460636e-06
7.304730e-06
5.441180e-08
-7.371875e-06
1.391507e-05
-2.711513e-06
-1.445431e-05
-3.911865e-06
-1.030954e-06
5.976793e-06
6.221544e-06
7.234137e-07
-6.534771e-06
-4.789800e-06
2.076789e-06
2.385352e-06
1.558448e-06
-3.991671e-07
-2.425228e-06
4.568299e-06
9.336650e-07
-5.420555e-06
-1.479757e-07
9.088815e-07
-1.335635e-06
1.122570e-06
1.694353e-06
-3.061192e-06
-3.871974e-06
2.195390e-06
1.391124e-06
1.897432e-06
-1.011742e-05
7.665761e-06
2.881219e-06
5.455675e-07
-3.876108e-06
1.384013e-06
-7.721023e-06
5.549306e-06
1.797576e-06
-3.318758e-06
1.152279e-06
-4.867837e-06
2.123132e-06
2.410078e-06
-9.155157e-07
3.900082e-06
-3.344573e-06
1.962960e-06
-9.413932e-06
7.087792e-06
-1.216134e-06
3.071359e-06
-4.531706e-06
1.380111e-06
5.211607e-06
-7.272870e-06
5.210613e-07
-2.792817e-06
1.926103e-06
-3.913994e-06
2.498346e-06
1.081307e-06
-1.560422e-06
3.737689e-07
7.069780e-07
-1.174105e-06
6.910989e-06
-6.094357e-06
-3.204524e-06
1.653543e-06
1.101557e-06
1.954237e-06
-8.661898e-06
6.230195e-06
5.276900e-07
2.635815e-07
-1.145707e-06
1.187792e-06
-1.374353e-09
-1.385781e-06
2.298620e-06
-7.536856e-06
4.784877e-06
8.596170e-06
1.199087e-06
-9.210221e-06
1.990860e-06
1.724488e-06
-4.068438e-06
-2.152996e-06
1.022063e-06
5.355224e-07
-3.494273e-06
1.682815e-06
1.632197e-06
2.455081e-06
1.759765e-06
-4.542722e-06
9.679859e-06
5.056051e-06
-1.195529e-05
2.316311e-07
2.280742e-06
-2.830959e-06
4.199246e-06
5.578146e-07
-4.914281e-06
-3.212683e-06
1.442044e-06
1.587122e-06
9.511427e-07
2.317723e-06
-3.653478e-06
5.768651e-07
-2.504737e-06
1.814866e-06
2.295816e-06
1.538957e-06
-4.137728e-06
1.279085e-06
-3.354073e-08
-1.448715e-06
3.880567e-06
-9.490633e-06
5.940671e-06
3.357516e-06
-1.030434e-05
5.602504e-06
8.839814e-07
-3.414646e-06
1.880762e-06
-1.244904e-06
2.001344e-08
4.399595e-07
1.130153e-06
-5.503741e-06
3.755867e-06
1.726580e-06
3.473214e-06
-6.468562e-06
2.301826e-06
-2.901399e-06
2.847669e-07
5.354576e-06
3.656727e-07
-5.697345e-06
-4.019349e-06
2.436122e-06
1.262172e-06
2.622199e-06
-1.242253e-05
9.752602e-06
-3.568323e-06
1.944991e-06
9.515346e-07
-1.457311e-06
-2.202011e-07
5.974930e-07
1.418071e-06
1.349373e-06
-3.052366e-06
1.041286e-06
1.531622e-06
-2.861994e-06
-4.600331e-06
2.312266e-06
1.882524e-06
-3.148700e-06
1.631002e-06
8.969478e-07
6.831485e-07
-1.853046e-06
1.366661e-05
4.019415e-06
-7.164004e-06
2.851116e-06
1.528273e-06
-4.135799e-06
2.305027e-06
-5.425694e-07
6.204425e-06
-6.827068e-06
-2.878088e-06
3.720511e-08
2.532704e-06
5.565083e-06
2.783417e-07
-6.056304e-06
2.805499e-06
-8.931339e-06
6.472451e-06
1.278673e-07
-3.127785e-06
2.121675e-06
2.140329e-06
-2.985103e-06
5.189805e-07
1.939068e-06
-3.529117e-06
1.223462e-06
1.171393e-06
-3.830475e-06
2.349787e-06
1.921571e-05
-3.228384e-06
-1.385523e-05
-2.017755e-06
3.204678e-06
-1.646889e-06
-2.393084e-06
2.549839e-08
2.158710e-06
2.033142e-06
1.271627e-06
-3.525926e-06
-2.679213e-06
5.726054e-07
1.745134e-06
-1.330257e-07
-5.988395e-07
6.099422e-07
-6.675400e-06
6.519060e-06
3.254123e-07
1.023402e-05
5.748391e-07
-1.070490e-05
-2.865451e-06
1.540026e-06
7.160454e-07
1.930978e-06
-3.070190e-06
7.564387e-07
2.284735e-06
-4.759540e-06
2.105157e-06
-3.056331e-06
8.214472e-07
2.001096e-06
3.120253e-06
-4.814973e-06
2.801226e-06
6.618129e-06
-4.157433e-06
1.924437e-06
-2.484446e-06
-1.264646e-07
1.948443e-06
1.248393e-06
-3.467396e-06
1.726934e-06
2.439553e-06
1.644236e-06
-4.390974e-06
-5.165227e-07
6.577669e-06
-5.617466e-06
1.415912e-06
-3.941177e-06
2.181937e-06
1.311245e-06
3.869219e-07
-1.740394e-06
1.218114e-06
1.809367e-06
-3.248058e-06
1.534659e-06
1.325533e-08
-1.844289e-06
3.806341e-06
8.544690e-07
-4.760109e-06
2.572372e-06
-3.050353e-06
1.823586e-07
9.229443e-06
1.280357e-06
-1.061993e-05
2.404262e-06
-2.858777e-06
1.192671e-06
-8.886580e-06
8.960932e-06
6.489377e-08
-4.536653e-06
2.191499e-06
2.076379e-06
2.539769e-06
1.525923e-06
-4.143128e-06
-3.614116e-06
2.152856e-06
1.333949e-06
-5.146308e-07
8.112949e-06
-1.053080e-05
6.331604e-06
-9.053996e-06
7.607450e-06
2.626693e-09
-2.437259e-06
2.751516e-06
2.004058e-06
-8.876580e-06
6.038665e-06
-6.001430e-06
-8.394075e-08
4.781668e-06
4.454817e-07
2.053400e-06
-2.799308e-06
-4.580532e-06
2.322368e-06
1.984694e-06
2.335608e-06
-2.857088e-06
2.398334e-07
2.259019e-06
-3.223849e-06
6.023882e-07
-2.969630e-06
5.259516e-07
2.170560e-06
1.691065e-06
3.509284e-07
-2.311372e-06
-3.667083e-06
-7.521034e-07
2.842897e-06
2.470292e-06
-3.060931e-06
3.282205e-07
8.605531e-07
2.070348e-06
-3.363142e-06
1.534855e-06
-2.647981e-06
1.744986e-07
1.750039e-07
-1.266825e-06
7.625305e-07
1.022604e-06
-2.366816e-06
7.838774e-07
-8.040678e-07
-1.472581e-06
2.216526e-06
-8.095738e-07
2.576241e-07
5.010559e-07
3.878211e-07
-1.740824e-06
9.369456e-07
-1.657903e-06
5.058722e-07
7.013920e-07
3.003584e-06
-4.367627e-06
2.197967e-07
-3.634524e-06
1.961728e-06
9.549886e-07
-8.158641e-07
1.032258e-06
-8.045678e-07
7.066027e-07
1.838665e-06
-2.840312e-06
-6.207809e-06
-7.393586e-08
3.190608e-06
2.114257e-06
-1.976123e-06
-1.095584e-06
5.848448e-06
9.888327e-07
-6.460926e-06
-2.909152e-06
1.004673e-06
1.485440e-06
-2.043014e-06
7.088482e-08
1.736751e-06
1.487464e-05
-7.485350e-06
6.629532e-06
-3.125199e-05
-1.404806e-06
2.889174e-05
3.158189e-06
9.841682e-06
-1.160835e-05
-4.851548e-06
-9.022250e-06
1.059544e-05
-2.978965e-06
1.127526e-06
-1.239001e-05
-4.608838e-06
1.133896e-05
-9.464528e-06
-1.724090e-05
2.587963e-06
2.324507e-05
-3.688147e-06
1.340177e-05
-1.259833e-05
-3.263453e-07
-7.701384e-06
8.697730e-06
4.487559e-06
-1.574507e-05
-1.246919e-05
-7.615035e-06
-1.964686e-05
2.892819e-05
-1.131100e-06
3.699512e-07
-1.665715e-05
-2.915319e-05
6.130462e-06
2.409220e-05
-9.338672e-06
3.656244e-06
7.724846e-07
-1.751530e-05
3.901197e-06
2.267653e-05
-7.272072e-06
-8.157127e-06
1.184226e-05
3.614850e-06
-6.730007e-06
6.413382e-06
-4.375328e-06
9.925301e-06
-5.242337e-06
-1.606697e-05
-2.932971e-06
1.203738e-05
-4.200128e-06
-6.496784e-07
4.716415e-06
-2.748444e-06
7.434894e-07
1.617833e-06
3.252796e-06
-8.528499e-06
5.880111e-06
1.428677e-06
6.902506e-07
-2.533348e-06
1.009450e-06
-2.796439e-06
1.126406e-06
4.131691e-06
1.314228e-06
-5.262649e-06
1.160969e-05
1.108472e-06
-1.313099e-05
3.624274e-07
-3.212006e-06
2.090141e-06
9.091563e-07
-3.616928e-06
2.003106e-06
7.700898e-06
1.321009e-06
-8.966967e-06
3.635013e-07
-2.157662e-06
1.366397e-06
-4.876013e-06
3.446819e-06
7.967406e-07
6.853649e-06
1.422657e-06
-8.033376e-06
1.728708e-06
1.055255e-06
-2.807965e-06
-5.079682e-06
3.443667e-06
1.094411e-06
1.266346e-06
-2.959833e-06
1.013315e-06
1.793377e-06
-2.899574e-06
8.471653e-07
1.764112e-07
1.171751e-07
-6.117155e-07
-8.953661e-07
1.734065e-07
7.945674e-07
1.245263e-06
-2.025601e-06
1.236292e-07
8.210422e-07
1.967143e-06
-3.047993e-06
-5.285275e-06
3.755118e-06
9.656121e-07
3.778258e-07
-2.509386e-06
1.576570e-06
-5.996292e-06
5.053592e-06
8.632050e-07
1.947769e-06
-4.329458e-06
2.089286e-06
-5.718578e-06
3.626788e-06
1.677873e-06
-1.109851e-05
9.308432e-06
1.100930e-06
-2.696405e-06
1.173306e-06
9.326553e-07
7.812131e-07
-3.214929e-06
2.096571e-06
-4.314867e-06
2.401547e-06
1.698710e-06
-1.082578e-05
8.276983e-06
1.729288e-06
-5.337612e-06
1.553506e-06
2.439869e-06
9.047328e-07
-1.602821e-06
1.226232e-07
-4.744064e-06
3.877423e-06
4.507622e-07
9.643944e-07
-2.932465e-06
1.473083e-06
5.072150e-07
-9.810010e-07
-3.980783e-08
-3.099593e-06
8.035395e-07
1.927019e-06
5.058103e-07
2.133419e-06
-2.901035e-06
-2.768839e-06
4.647760e-07
1.988515e-06
2.316792e-06
1.482941e-06
-4.091680e-06
1.937874e-06
-4.307478e-06
2.098909e-06
-5.993316e-06
5.317161e-06
4.904036e-07
8.322524e-07
-2.993399e-06
1.757225e-06
-2.666058e-06
1.096496e-06
1.002683e-06
1.437670e-06
3.982438e-05
-1.889065e-05
1.600348e-06
-1.755000e-06
-6.559255e-07
7.645077e-07
-4.632394e-06
2.840972e-06
-3.739731e-06
8.288991e-06
1.112156e-05
9.564704e-07
-3.579634e-06
2.291898e-06
-3.923328e-07
-2.448681e-06
2.037112e-06
1.188359e-06
-3.140946e-06
1.329588e-06
-4.423757e-06
2.713683e-06
1.244504e-06
-1.641252e-06
8.455075e-07
1.883575e-06
8.422781e-07
-2.962276e-06
1.714019e-06
1.324870e-06
-3.616469e-06
1.989060e-06
-5.296031e-06
4.535796e-06
4.300764e-07
-2.925164e-06
5.162485e-07
2.041881e-06
-6.183473e-06
4.724908e-06
8.644422e-07
-2.667399e-06
1.181364e-06
9.165763e-07
-3.655344e-06
2.131229e-06
1.202916e-06
-2.733886e-06
1.382477e-06
7.970710e-07
1.962379e-06
-4.588878e-06
2.340183e-06
2.932477e-06
1.164046e-06
-4.229110e-06
-2.737037e-06
1.058273e-06
1.072711e-06
-4.220014e-07
1.476055e-06
-4.425777e-07
2.220936e-06
-3.988459e-06
1.571716e-06
8.619815e-07
3.023627e-06
-4.056972e-06
4.211442e-07
-4.033314e-06
2.850938e-06
1.777817e-06
-2.856518e-06
8.431274e-07
8.012467e-07
-4.327341e-06
3.295751e-06
5.029476e-07
-2.985730e-06
1.835481e-06
-2.988245e-06
-1.434136e-07
2.835694e-06
1.617463e-06
-2.630355e-06
7.844752e-07
1.458108e-06
-2.571824e-06
7.570735e-07
-3.269355e-07
4.343032e-06
-3.846180e-06
-4.350236e-06
1.594687e-06
3.334044e-06
1.630190e-06
-3.738266e-06
1.729483e-06
2.660418e-05
-9.135256e-06
-5.114947e-06
-1.355029e-06
6.433934e-06
-1.032123e-05
2.424910e-06
-4.873190e-06
2.088144e-06
8.253149e-06
1.278147e-05
-7.608966e-06
2.406790e-06
1.097563e-06
-3.853921e-06
7.454289e-06
-3.683769e-07
-8.134313e-06
2.025377e-06
-4.942981e-06
2.964083e-06
-2.529672e-06
8.048356e-07
1.310617e-06
-6.125598e-06
2.345519e-06
1.944285e-06
-2.827656e-06
1.544818e-06
2.713786e-06
2.411138e-06
-4.840567e-06
2.112253e-06
-3.124307e-06
1.339969e-06
1.343776e-06
2.175064e-06
2.235344e-06
-4.783703e-06
1.964746e-06
-3.432832e-06
1.084672e-06
-6.070069e-07
4.300185e-06
-4.926849e-06
-1.907438e-06
8.078513e-09
1.251397e-06
-5.279746e-06
1.564338e-06
5.747426e-06
1.436222e-06
3.417996e-06
-7.247937e-06
6.373089e-06
2.383757e-06
-8.520336e-06
-2.203849e-07
-2.114284e-06
2.229268e-06
1.942520e-06
-4.606092e-06
2.330810e-06
-4.412287e-06
2.324956e-06
1.870105e-06
-4.116605e-06
2.215462e-06
1.758521e-06
-5.574238e-06
3.140648e-06
1.998327e-06
3.786377e-06
5.143969e-07
-4.611812e-06
1.276323e-06
1.167325e-06
-3.193017e-06
-8.302740e-06
5.503355e-06
2.191508e-06
9.705033e-06
1.477094e-06
-1.167793e-05
1.930569e-06
-4.640146e-06
2.387958e-06
6.612661e-06
2.356682e-06
-8.903258e-06
1.271475e-06
-3.455920e-06
1.689431e-06
1.553555e-06
-2.625026e-06
7.167159e-07
1.208359e-06
-3.449437e-06
1.668039e-06
-4.510690e-06
1.622742e-06
2.463503e-06
-3.646559e-06
1.896562e-06
1.300178e-06
1.165754e-06
-3.500850e-06
1.684254e-06
9.202201e-07
1.301237e-06
-2.583161e-06
-2.260733e-06
-1.161782e-07
1.663602e-06
1.202602e-06
-3.468325e-06
1.571818e-06
-2.571434e-06
5.507428e-07
1.691282e-06
-4.986487e-06
3.082472e-06
1.461910e-06
1.396179e-06
-3.547878e-06
1.724335e-06
1.539960e-06
-4.039214e-06
2.319896e-06
-3.064167e-06
1.128643e-06
1.404084e-06
-2.613164e-06
8.914983e-07
1.262992e-06
-8.965607e-06
8.912411e-06
-2.807452e-06
-3.096507e-06
1.160576e-06
1.324479e-06
-3.087614e-06
1.110733e-06
1.516121e-06
-1.791598e-05
-1.326255e-05
2.395215e-05
2.392548e-06
-1.796153e-06
-1.144465e-06
2.047866e-06
8.948695e-07
-3.339605e-06
-3.445136e-06
1.979361e-06
8.548099e-07
1.239874e-06
-4.669567e-06
3.435902e-06
-3.917293e-06
1.058120e-06
2.472983e-06
1.927046e-06
1.611214e-06
-3.584452e-06
6.419623e-07
-2.554444e-06
1.361042e-06
-4.143292e-06
2.590880e-06
9.622689e-07
-2.875496e-06
1.438071e-06
4.671472e-07
-4.755050e-06
2.168551e-06
2.256907e-06
1.828935e-06
2.345512e-06
-4.278470e-06
1.813126e-06
-2.375658e-06
-4.005329e-07
1.627777e-06
1.081327e-06
-3.184706e-06
1.289658e-06
1.359713e-06
-2.489465e-06
-4.410966e-06
1.763091e-06
2.199753e-06
1.273904e-06
1.265642e-06
-3.145622e-06
5.992321e-06
1.631882e-06
-7.698944e-06
1.535132e-06
-1.146590e-06
-1.038689e-06
-6.879330e-06
2.096025e-06
3.209581e-06
-3.224948e-06
1.124316e-06
1.697278e-06
5.513021e-07
-2.014834e-06
8.719071e-07
4.326802e-06
3.292248e-06
-1.040761e-05
-4.559008e-06
3.028294e-06
1.006751e-06
2.215571e-06
2.138557e-06
-4.713998e-06
2.285901e-06
9.865188e-07
-3.652192e-06
6.027887e-06
3.177763e-06
-8.596355e-06
3.557467e-06
-3.017558e-06
-1.180326e-06
3.800487e-07
1.477438e-06
-2.580900e-06
2.438843e-06
1.124645e-06
-4.057589e-06
3.005153e-06
-2.975954e-06
-9.490507e-07
9.768315e-07
1.689756e-06
-2.909767e-06
6.438015e-06
3.335456e-06
-9.272248e-06
2.769348e-06
-2.904975e-06
-1.341204e-07
-3.821573e-06
1.338690e-06
2.097307e-06
3.039405e-06
-1.292718e-05
6.563340e-06
-4.977295e-06
-1.593318e-05
1.751733e-05
-4.214981e-06
2.698087e-06
9.780796e-07
7.367267e-07
5.121058e-07
-9.814610e-07
1.459252e-06
-2.762765e-07
-1.141122e-06
8.007080e-06
7.050425e-06
-1.779160e-05
2.505828e-06
2.359000e-06
-5.349540e-06
-2.776832e-05
1.303832e-05
-1.403846e-06
1.041054e-06
-3.895455e-06
2.629129e-06
-3.906744e-06
3.965911e-07
3.068101e-06
1.768580e-06
-4.112800e-06
2.068211e-06
-2.727684e-06
1.163713e-06
1.167210e-06
-3.252122e-06
-1.124108e-07
3.052263e-06
-6.762918e-06
3.344187e-06
2.851125e-06
3.100399e-06
7.932533e-07
-4.556111e-06
-3.627883e-06
2.136322e-06
1.090507e-06
-3.991863e-06
9.935247e-07
2.589144e-06
2.327438e-06
-3.257319e-06
9.765963e-07
-4.578099e-06
1.726901e-06
2.444375e-06
1.771733e-06
-2.212769e-06
-4.133917e-07
2.319606e-06
1.213611e-06
-3.869561e-06
1.161486e-06
-3.302717e-06
1.851522e-06
-3.302622e-06
2.012110e-06
3.328093e-06
4.743089e-06
8.498228e-07
-5.630463e-06
2.127317e-06
-4.718734e-06
2.186270e-06
1.237522e-06
-2.868086e-06
1.302139e-06
1.347210e-06
-6.220468e-06
5.205348e-06
4.405640e-06
-7.655204e-06
4.309131e-06
2.297477e-07
1.504965e-06
-2.461449e-06
5.751231e-06
7.161797e-06
-1.696844e-05
-2.748857e-06
1.902906e-06
7.634448e-07
2.940977e-06
7.817714e-07
-4.017399e-06
-3.366482e-06
2.262877e-06
3.380915e-07
-4.436288e-06
3.021560e-06
7.616816e-07
3.632648e-06
1.670985e-06
-5.142325e-06
-7.272624e-06
4.200653e-06
2.599349e-06
1.399339e-06
-2.709127e-06
9.809961e-07
-2.925671e-06
-7.870775e-08
2.717841e-06
1.125605e-06
1.405907e-06
-3.261493e-06
-4.085566e-06
1.724905e-06
2.039228e-06
-3.097526e-06
-1.421579e-07
2.927702e-06
2.056137e-06
9.005998e-07
-3.154145e-06
1.216526e-06
1.254205e-06
-2.942877e-06
6.327428e-07
-4.474592e-06
3.580668e-06
1.828240e-06
1.115243e-06
-3.314935e-06
1.515182e-06
1.131027e-06
-2.864302e-06
2.089114e-06
9.396720e-07
-2.655228e-06
-3.692157e-06
2.615876e-06
9.142756e-07
-2.430080e-06
-4.870966e-07
1.278517e-06
-3.843844e-06
1.149925e-06
2.396531e-06
4.323284e-06
2.738255e-06
-1.092803e-05
1.906023e-06
1.182236e-06
-3.385392e-06
1.782147e-06
1.068702e-06
-3.313844e-06
1.475741e-06
1.000125e-06
-2.763818e-06
1.447927e-06
9.306725e-07
-2.755868e-06
1.711382e-06
8.758121e-07
-3.218077e-06
1.181368e-06
-1.640802e-06
-2.321454e-07
7.275781e-07
-2.845203e-06
1.581846e-06
1.448463e-06
8.720409e-07
-2.781729e-06
9.924263e-06
4.399710e-06
-9.375894e-06
2.473886e-06
2.554234e-06
-7.162723e-06
-1.213069e-05
-2.355112e-06
1.410251e-05
-3.087178e-07
1.736753e-05
-1.737458e-05
2.423062e-05
-5.668026e-06
2.909787e-06
1.971216e-06
1.048443e-06
-3.458328e-06
1.054583e-06
2.626423e-06
-3.860148e-06
-3.295893e-06
2.052584e-06
8.815904e-07
-3.662913e-06
4.843031e-07
2.745140e-06
-4.759673e-06
-4.707323e-06
2.197725e-05
-5.491483e-06
4.009280e-06
8.822600e-07
-2.480841e-07
2.020204e-06
-1.896686e-06
-4.871005e-06
2.661674e-06
1.830255e-06
-2.140675e-06
5.963365e-07
9.954007e-07
-8.321748e-06
5.353526e-06
2.746801e-06
2.218834e-07
8.477663e-07
-1.892758e-06
7.477817e-07
1.465134e-06
-2.618902e-06
-6.988608e-08
2.688298e-06
-2.916508e-06
5.157062e-07
-8.842857e-07
1.175710e-06
2.102069e-06
6.797789e-07
-3.068024e-06
-2.636029e-06
5.034745e-07
1.820963e-06
-4.480653e-05
-6.335184e-06
4.821544e-05
1.849600e-06
-4.435253e-06
2.298176e-06
-2.745202e-06
9.476772e-07
1.357776e-06
1.681456e-06
1.170660e-06
-3.395860e-06
1.965322e-06
-2.208666e-06
-2.183141e-07
2.329728e-06
2.078980e-06
-4.667017e-06
1.981946e-06
1.302916e-06
-3.543086e-06
1.109599e-06
1.182060e-06
-2.786832e-06
1.167135e-06
-2.723703e-06
1.182572e-06
5.687286e-06
2.936652e-06
-7.881786e-06
2.187796e-06
1.133515e-06
-3.700716e-06
-3.803108e-06
2.275590e-06
1.175836e-06
-3.234786e-06
1.812816e-06
9.696493e-07
2.933149e-06
-6.008228e-06
9.256790e-07
-3.021411e-06
2.044254e-06
3.748053e-07
7.783555e-07
-3.721774e-06
2.591866e-06
-5.228556e-06
1.514190e-06
2.986136e-06
1.988039e-06
-2.711377e-06
4.785533e-07
1.517185e-06
1.361234e-06
-3.053822e-06
2.302197e-06
-3.217305e-06
6.728443e-07
1.007680e-06
1.138926e-06
-2.659609e-06
2.454506e-06
-2.803976e-06
-1.008302e-06
1.414959e-06
9.161689e-07
-3.070292e-06
2.985149e-06
1.500544e-06
-3.546430e-06
-3.702367e-06
1.594650e-07
3.212939e-06
1.863211e-06
-3.476802e-06
1.581153e-06
-1.726745e-06
1.109986e-06
3.207594e-07
2.760852e-06
1.218742e-06
-4.287748e-06
-3.261996e-06
1.613177e-06
1.081325e-06
1.112758e-06
-2.603073e-06
1.073357e-06
1.383722e-06
-3.757745e-06
1.991968e-06
1.104225e-06
1.009934e-06
-2.647979e-06
8.510699e-06
-2.048686e-05
1.215351e-05
-2.851350e-06
2.486980e-07
2.330646e-06
1.239546e-06
-2.543713e-06
8.874342e-07
-2.910994e-06
1.478215e-06
7.800069e-07
1.431813e-06
1.313001e-06
-3.411823e-06
3.883634e-07
-5.082090e-06
4.524177e-06
2.744736e-06
-5.188444e-06
1.968464e-06
6.511728e-07
-2.962947e-06
1.822498e-06
9.138019e-07
-3.502630e-06
1.762502e-06
-6.245568e-07
2.384676e-06
-3.187341e-06
4.565311e-06
-2.316462e-06
-9.519259e-07
-3.376897e-06
3.160584e-07
2.635870e-06
1.061961e-06
-3.181153e-06
1.302622e-06
2.722960e-06
-3.636402e-06
2.740864e-07
1.086622e-06
9.543550e-07
-2.634910e-06
9.119593e-06
-6.579127e-06
-8.279312e-06
-1.592634e-07
2.822963e-06
-2.928781e-06
-2.225884e-05
1.578726e-05
-2.721791e-07
-2.505631e-06
-1.513487e-05
1.507322e-05
5.436593e-07
-4.218695e-06
3.294586e-06
-2.136785e-06
1.121207e-08
1.612852e-06
-3.544067e-06
1.569852e-06
1.691767e-06
9.208902e-07
-2.807038e-06
1.179748e-06
1.260775e-06
8.418542e-07
-3.070882e-06
-4.635821e-06
4.203509e-06
4.750305e-07
3.306152e-06
6.889952e-07
-4.360477e-06
-3.269087e-06
5.791978e-07
2.216758e-06
2.074860e-06
2.350368e-06
-4.780802e-06
-2.783741e-06
1.186450e-06
8.466119e-07
2.035608e-06
7.673210e-07
-3.248321e-06
-4.589719e-06
3.476200e-06
7.290779e-07
6.419706e-07
4.698763e-07
-5.959589e-07
1.146854e-06
8.991628e-07
-2.660644e-06
-2.675170e-06
1.783983e-06
4.149513e-07
2.297180e-06
-4.385237e-06
1.730292e-06
-4.060282e-06
2.216342e-06
1.435323e-06
1.805417e-06
-4.069313e-06
1.996489e-06
2.397976e-06
-4.616147e-06
1.820447e-06
-3.368317e-06
1.528995e-06
1.207147e-06
-8.308616e-06
4.496052e-06
3.565463e-06
-4.347243e-06
2.238076e-06
1.709495e-06
-7.419962e-06
4.027130e-06
3.315622e-06
7.019730e-07
4.168468e-07
-1.516878e-06
2.462182e-06
-4.725883e-06
1.879299e-06
4.190724e-06
1.946234e-06
-5.827966e-06
2.330882e-06
-4.608878e-06
1.881119e-06
-1.521515e-05
7.163201e-06
1.379213e-05
-9.432854e-06
4.792049e-06
3.980215e-06
2.540669e-06
-1.505759e-06
-2.294693e-06
1.557533e-06
-4.549272e-06
3.010314e-06
-2.903470e-06
-1.929166e-07
2.792004e-06
2.155547e-06
-4.605083e-06
2.055080e-06
-3.732812e-06
2.224322e-06
1.115230e-06
1.108637e-06
-2.575768e-06
9.966096e-07
-4.844785e-06
1.652811e-07
5.257728e-06
7.160644e-07
2.254493e-06
-3.278098e-06
7.010494e-07
-3.529713e-06
2.410003e-06
6.547263e-07
-3.081248e-06
1.941140e-06
1.858924e-06
2.242418e-06
-4.473064e-06
1.101641e-06
9.933348e-07
-2.614608e-06
1.364395e-06
1.340558e-06
-3.458500e-06
-7.932941e-06
4.731268e-06
2.834943e-06
1.271418e-06
9.011793e-07
-2.805878e-06
2.020502e-06
1.961524e-06
-4.113895e-06
2.034455e-06
8.089997e-07
-3.567110e-06
1.613665e-06
-2.626988e-06
8.035604e-07
9.233246e-07
-2.704300e-06
1.166909e-06
-4.474443e-06
8.141884e-07
3.040831e-06
1.793317e-07
-1.831955e-07
-7.841478e-08
2.444272e-06
7.588090e-08
-4.070822e-06
2.106025e-06
2.367347e-06
-4.837663e-06
9.313439e-07
3.104778e-06
-4.910772e-06
-6.511055e-06
6.384949e-06
5.532455e-06
-5.774235e-06
6.244984e-06
4.611291e-06
2.059783e-06
1.877032e-06
-4.043058e-06
-3.560292e-06
1.743804e-06
1.159040e-06
-3.851516e-06
2.907056e-06
7.231308e-07
-1.928775e-06
1.150175e-06
3.808158e-07
1.380220e-06
-3.331151e-06
1.706715e-06
1.487417e-06
-3.707136e-06
1.438729e-06
3.277018e-06
8.703354e-07
-4.706547e-06
2.359868e-07
2.479639e-06
-3.096282e-06
1.451178e-06
2.251644e-06
-4.134420e-06
2.337326e-06
-7.344079e-06
5.243183e-06
1.613535e-06
1.262878e-06
-3.623364e-06
-9.595159e-06
2.529738e-06
3.637181e-06
1.153868e-06
8.820371e-07
-2.674320e-06
1.715261e-06
2.226827e-06
-4.116024e-06
1.944387e-06
-4.567283e-06
2.239799e-06
1.786126e-06
1.026884e-06
-3.358252e-06
-1.242013e-05
-1.687831e-05
2.769142e-05
1.060760e-06
5.865863e-07
-2.047629e-06
-2.867390e-06
-4.026557e-07
2.029017e-06
5.554155e-06
4.733164e-06
-8.429403e-06
-2.530104e-06
8.971923e-07
1.163438e-06
2.837858e-06
-4.911790e-06
1.360433e-06
3.540996e-06
8.487718e-07
-5.050421e-06
2.913723e-06
-3.028998e-06
-1.629669e-07
1.248156e-06
7.431048e-07
-2.668834e-06
-4.684882e-06
2.090280e-06
2.220891e-06
2.360647e-06
2.501187e-06
-4.777749e-06
3.911317e-06
3.699093e-06
-8.127138e-06
-2.973538e-06
2.358232e-06
-7.524879e-07
1.219840e-06
8.512858e-07
-2.710076e-06
1.554958e-06
6.207287e-07
-2.854735e-06
-4.109525e-09
-3.016163e-06
1.631420e-06
2.441678e-06
2.013385e-07
-3.407930e-06
2.198728e-06
1.086131e-06
-3.664788e-06
1.463779e-06
-2.490756e-06
8.337417e-07
4.068657e-06
1.002979e-06
-5.742404e-06
3.193876e-07
2.028164e-06
-2.684555e-06
1.983472e-06
5.489744e-07
-2.829059e-06
-3.570409e-06
1.989305e-06
1.100720e-06
1.163948e-06
-4.067923e-06
2.556426e-06
2.032036e-06
1.858327e-06
-4.334932e-06
9.455040e-07
-4.094582e-06
2.856790e-06
1.775379e-06
2.315819e-06
-4.354772e-06
4.788792e-07
-2.646137e-06
1.644865e-06
2.023192e-06
2.056989e-06
-4.486976e-06
1.213209e-06
-4.283920e-06
2.695416e-06
1.717910e-05
2.659502e-06
5.446575e-06
7.706891e-06
1.455913e-06
-9.828685e-06
-2.308646e-05
8.529379e-06
3.140028e-06
1.220513e-06
-3.726248e-06
2.115475e-06
-3.854347e-06
8.226972e-06
-1.356647e-06
-3.537746e-06
2.024452e-06
1.126459e-06
-3.104082e-06
1.686018e-06
1.074438e-06
9.022398e-07
9.005043e-07
-2.564381e-06
1.950274e-06
1.851595e-06
-4.258816e-06
-1.691431e-05
-2.574263e-09
2.439544e-05
-3.591179e-06
2.227392e-06
1.013932e-06
4.716148e-06
1.190755e-06
-6.570328e-06
1.054238e-06
-3.669143e-06
2.213533e-06
1.750005e-06
5.976901e-07
-2.999145e-06
3.028248e-06
-7.049927e-06
4.454764e-06
2.326629e-06
8.241156e-07
-3.779963e-06
2.067059e-06
-3.277309e-06
8.285069e-07
-4.163545e-06
2.378934e-06
1.515565e-06
7.448018e-07
-2.911253e-06
1.635314e-06
7.359565e-07
-1.012287e-05
9.445481e-06
1.564499e-06
1.146815e-06
-3.207341e-06
1.913437e-06
4.094970e-07
-2.869288e-06
-2.234204e-07
6.942213e-07
-1.204335e-06
2.219449e-06
2.195099e-06
-4.677404e-06
-6.399439e-06
2.678343e-06
3.359507e-06
7.501458e-07
1.569098e-06
-2.664742e-06
-9.816785e-07
6.055197e-07
-3.346070e-07
-8.031028e-06
4.724947e-06
4.704574e-06
1.867951e-06
2.420606e-06
-4.614453e-06
8.243517e-07
1.622021e-06
-2.823872e-06
1.976341e-06
2.330415e-06
-4.655848e-06
2.232473e-06
2.020324e-06
-4.458893e-06
3.382199e-07
2.434472e-06
-3.106928e-06
-6.202240e-06
2.621818e-06
2.915702e-06
2.432349e-06
1.308634e-06
-4.149320e-06
5.315248e-07
2.603950e-06
-3.568413e-06
-2.723970e-06
1.588342e-06
1.010903e-06
-6.724869e-06
4.465067e-06
1.939503e-06
-3.895940e-08
-3.430554e-06
3.019047e-06
-3.621131e-06
2.233325e-06
1.160056e-06
9.516285e-07
-3.607706e-06
2.358907e-06
2.329466e-06
1.118268e-06
-3.808735e-06
-2.649846e-06
1.188740e-06
1.278370e-06
3.000686e-07
2.180879e-06
-2.820191e-06
-5.827505e-06
-2.723730e-06
2.925351e-06
-1.058428e-06
1.279351e-05
-9.741729e-06
-6.010839e-06
1.132647e-05
-6.632851e-06
1.675150e-06
4.163612e-07
-2.721302e-06
2.205392e-06
1.840770e-06
-4.467805e-06
2.781835e-07
-4.055612e-06
3.477307e-06
9.245344e-07
-3.395200e-06
2.118703e-06
2.005386e-06
6.627910e-07
-3.296921e-06
3.586491e-06
4.637443e-07
-4.673438e-06
1.733591e-06
1.193809e-06
-3.401956e-06
2.044386e-06
9.797580e-07
-4.533609e-06
5.748202e-06
4.845486e-06
-1.236243e-05
8.231639e-07
-2.670692e-06
1.181596e-06
2.452891e-06
9.789935e-07
-3.815137e-06
-6.726829e-06
6.286869e-06
7.705920e-07
-1.510926e-05
1.988583e-05
1.566192e-05
2.539104e-06
-7.359994e-07
-6.720193e-06
-3.764086e-06
2.176052e-06
1.080774e-06
1.822618e-06
9.003360e-07
-3.458500e-06
-8.902543e-06
4.576607e-06
3.852104e-06
5.421418e-07
-3.938482e-06
2.934774e-06
3.852381e-06
-8.597189e-06
3.094388e-05
-7.226693e-06
7.088057e-06
2.002779e-07
7.503196e-07
-2.591809e-06
1.271860e-06
-3.359213e-06
2.219098e-06
6.466595e-07
7.741628e-07
-4.274859e-06
3.152799e-06
-2.838551e-06
1.483492e-06
8.195904e-07
2.745882e-06
7.641803e-07
-3.845000e-06
-4.359497e-06
2.900910e-06
8.638881e-07
2.476926e-06
6.635768e-07
-3.465612e-06
2.389064e-06
1.613525e-06
-4.411501e-06
-1.175611e-06
5.996384e-07
2.440069e-07
-2.695204e-06
1.242945e-06
8.532131e-07
2.034917e-06
1.134341e-06
-3.627703e-06
-2.309427e-06
1.554886e-06
1.345268e-06
1.910824e-06
1.654059e-06
-4.066337e-06
2.911877e-06
6.411791e-07
-3.726814e-06
-3.595247e-06
1.890451e-06
1.135139e-06
-3.283971e-06
7.989541e-07
2.032292e-06
2.852826e-06
-4.384238e-06
1.112779e-06
9.097802e-07
1.258900e-06
-2.425022e-06
2.391808e-06
1.710034e-06
-4.516771e-06
2.372734e-06
-3.939676e-06
1.112539e-06
-4.662915e-06
2.202430e-06
2.068817e-06
2.238634e-06
-4.654551e-06
2.079732e-06
5.482079e-07
-4.339301e-06
3.364462e-06
6.874438e-07
-2.054951e-06
8.786803e-07
-4.653055e-06
2.279439e-06
2.070916e-06
3.208989e-06
-5.812698e-07
-3.847131e-06
-6.329166e-06
2.441543e-09
5.786002e-06
1.377430e-06
1.684952e-06
-3.624168e-06
-3.535514e-06
1.956738e-06
8.282520e-07
9.410376e-08
3.524439e-06
-3.496521e-06
1.201628e-06
8.589167e-07
-2.698712e-06
-1.927297e-06
7.128013e-07
6.739562e-07
3.001485e-06
6.606535e-07
-3.929150e-06
1.933683e-06
6.946833e-07
-3.363105e-06
4.690561e-06
3.313977e-06
-8.055041e-06
2.141847e-06
2.328683e-06
-4.819331e-06
1.568299e-06
-4.193225e-06
2.181288e-06
1.868833e-06
-3.737088e-06
2.736991e-06
2.050491e-06
-4.449466e-06
2.099187e-06
3.005615e-06
8.566242e-07
-4.471075e-06
-4.956841e-07
9.185253e-07
-5.378115e-07
-2.023024e-06
5.317305e-07
8.454310e-07
-8.706336e-07
-1.815783e-06
2.258258e-06
8.181767e-07
1.412377e-06
-2.559800e-06
3.342008e-06
4.523076e-07
-4.430699e-06
-4.470985e-06
2.065039e-06
2.184517e-06
3.695533e-06
-8.712565e-06
4.403148e-06
-3.105917e-06
1.720975e-06
7.863916e-07
-3.456249e-06
-3.222801e-08
3.183351e-06
4.056825e-06
-4.203130e-06
-6.640953e-07
1.257921e-06
-3.158848e-06
1.213215e-06
8.394420e-07
-4.771827e-06
3.633298e-06
8.094209e-07
-3.484993e-06
2.012065e-06
3.926176e-06
1.295429e-06
-5.772551e-06
6.221237e-07
-5.305396e-06
4.414905e-06
2.106916e-06
1.966423e-06
-4.430341e-06
-8.648708e-06
1.194715e-06
5.288350e-06
1.177949e-06
1.141961e-06
-2.631275e-06
-2.968590e-06
1.953887e-06
8.394430e-07
-2.703497e-06
1.202465e-06
8.617555e-07
2.218381e-06
4.155769e-06
-9.299412e-06
-3.661076e-05
3.267795e-05
1.237992e-05
-1.507790e-05
4.602439e-06
6.805380e-06
-8.162732e-07
2.892216e-07
2.556630e-07
-1.469461e-09
6.128007e-07
-7.001091e-07
6.353253e-07
-4.144992e-06
3.175047e-06
-1.606227e-05
7.480542e-06
1.279850e-06
1.448967e-05
-1.363363e-05
1.146095e-05
1.539052e-06
8.383705e-07
-2.739803e-06
9.560011e-06
1.225469e-06
-1.105996e-05
-3.500878e-06
1.928888e-06
1.103328e-06
-5.448273e-06
4.978282e-06
-4.739269e-07
-3.459879e-06
2.036027e-06
1.002081e-06
-6.135706e-08
1.504008e-06
-1.468870e-06
2.413100e-06
-5.558625e-06
3.578870e-06
3.370882e-06
1.092129e-06
-5.045536e-06
8.280592e-08
5.470204e-07
-1.100449e-06
2.297606e-06
7.088695e-07
-3.645984e-06
2.194155e-06
1.557284e-06
-3.894251e-06
2.395481e-06
-4.768737e-06
2.000362e-06
8.325901e-07
-3.296067e-06
2.146706e-06
-1.284023e-05
4.189997e-06
8.332910e-06
9.391855e-07
-3.140001e-06
1.316336e-06
2.267802e-06
3.161423e-07
-3.158896e-06
2.220881e-06
6.786107e-07
-3.373325e-06
2.507877e-06
7.058077e-07
-3.647055e-06
-1.747837e-06
2.272852e-06
-1.161736e-06
2.378989e-06
9.493904e-07
-3.891083e-06
-4.720958e-06
2.148387e-06
2.166768e-06
-2.924232e-06
1.249063e-06
1.475897e-06
-4.839802e-06
2.135576e-06
2.358878e-06
6.908877e-06
-3.672977e-06
-3.008145e-06
5.141192e-07
-3.524777e-06
2.759182e-06
1.916466e-06
1.148065e-06
-3.614518e-06
1.955510e-06
7.077059e-07
-3.424766e-06
-3.168942e-06
-1.277550e-06
4.371844e-06
1.258516e-06
-3.619214e-06
1.922322e-06
1.723869e-06
-4.510255e-06
2.431419e-06
-3.762083e-06
2.590860e-06
8.745944e-07
1.213797e-06
5.351353e-07
-2.235289e-06
-4.422179e-06
2.386394e-06
1.735581e-06
-4.156811e-06
2.684546e-06
8.471765e-07
-3.434844e-07
5.346643e-07
-7.476362e-07
-4.588282e-07
-9.761094e-08
2.615927e-07
9.086368e-07
-3.630051e-06
2.296987e-06
1.682294e-07
-3.150946e-06
2.428984e-06
2.174551e-06
-2.837111e-06
3.934032e-07
5.583078e-07
-3.753536e-06
2.816638e-06
-2.922125e-06
1.513035e-06
1.026849e-06
1.948750e-06
-4.440975e-06
2.440975e-06
-2.893464e-06
2.202234e-06
2.483987e-07
1.541645e-06
-4.361909e-06
2.406495e-06
-4.287672e-06
3.027650e-06
1.250654e-06
-3.896789e-06
2.769417e-06
4.718440e-07
-2.114670e-05
2.499853e-05
4.310664e-06
-1.036373e-05
4.933441e-06
5.472539e-06
-3.525982e-06
1.959743e-06
1.043906e-06
-4.376063e-06
1.973058e-06
1.969140e-06
-3.033142e-06
2.101546e-06
4.888301e-07
1.298691e-06
1.933458e-06
-3.430690e-06
1.294479e-06
-2.939745e-06
1.213266e-06
-3.515301e-06
1.867619e-06
1.095909e-06
1.126176e-06
-3.569723e-06
1.957918e-06
1.324632e-05
-1.368559e-05
8.411523e-06
2.139883e-06
1.103294e-06
-3.666546e-06
1.862316e-05
-1.558263e-06
8.006956e-06
5.183987e-06
4.247759e-06
-8.256732e-06
4.754315e-06
-4.065945e-06
-9.230634e-08
9.399177e-07
-4.928556e-06
3.833280e-06
-3.433686e-06
1.858830e-06
1.065351e-06
2.080637e-06
-8.362154e-07
-1.518787e-06
-4.671935e-06
2.060667e-06
2.316756e-06
-2.857869e-06
4.393079e-06
-2.998687e-06
-6.827737e-06
5.552320e-06
1.202747e-06
-4.160138e-06
1.056876e-05
-8.204195e-07
-2.182939e-07
2.772222e-06
-2.858077e-06
1.712639e-06
6.052171e-07
-2.846046e-06
1.485603e-06
1.214782e-06
-2.856034e-06
8.077672e-07
-2.192769e-06
1.629825e-06
1.152392e-06
-3.626283e-06
2.018254e-06
4.150647e-06
-3.130780e-06
-8.729545e-07
-3.003959e-06
-1.778244e-07
2.882344e-06
-4.123214e-06
2.681700e-06
1.077826e-06
-1.348505e-06
-1.530550e-07
8.305513e-07
5.164301e-06
-6.897977e-06
4.563705e-07
5.065397e-06
-1.043007e-05
3.903999e-06
2.564054e-06
1.397279e-06
-4.352253e-06
-3.507033e-06
1.759620e-06
1.141887e-06
-7.829442e-08
2.575104e-06
-2.463145e-06
6.404955e-09
2.682176e-06
-2.989795e-06
3.573386e-07
1.257390e-06
-2.549442e-06
-1.863370e-06
-1.323211e-06
3.507902e-06
3.075498e-06
9.052736e-07
-4.601411e-06
-2.918942e-06
8.518062e-07
1.739263e-06
-5.073100e-06
3.483468e-06
1.012300e-06
-1.212403e-07
2.982496e-06
-3.142678e-06
5.911960e-07
-4.771379e-06
3.805329e-06
1.208440e-06
-3.579060e-06
1.858897e-06
-1.025464e-05
1.799451e-05
1.837345e-06
5.286230e-06
8.298407e-07
-5.957842e-06
1.905322e-08
2.940764e-06
-3.259599e-06
-4.116370e-06
2.894350e-06
8.973826e-07
2.400988e-06
1.317729e-06
-4.045330e-06
-3.381341e-06
2.613018e-06
2.047510e-07
2.054518e-06
4.184618e-07
-3.151814e-06
-4.404210e-06
2.610231e-06
1.487026e-06
1.218095e-06
-3.548768e-06
1.736492e-06
2.609163e-06
-3.340352e-06
4.538344e-07
2.005701e-07
-3.259178e-06
2.544713e-06
1.479090e-06
8.783695e-07
-2.820298e-06
5.807518e-07
7.756868e-07
-2.064306e-06
1.951875e-06
1.147470e-06
-3.616148e-06
1.248709e-06
1.053266e-06
-2.847614e-06
4.661386e-07
-6.323061e-06
6.170091e-06
-3.599514e-07
-1.347381e-06
1.620350e-06
-1.252898e-06
3.488012e-07
4.766974e-07
-4.234135e-06
1.324713e-06
2.482965e-06
6.291573e-07
-1.453397e-06
1.771197e-07
-2.866434e-06
-9.266473e-07
3.160525e-06
6.881372e-07
-3.455399e-06
2.045614e-06
1.454991e-06
-4.322680e-06
2.505405e-06
2.345572e-06
1.378307e-06
-4.137284e-06
-3.400177e-06
1.844244e-06
9.413516e-07
2.124769e-06
-1.879310e-06
-5.789579e-07
1.143311e-06
-3.614233e-06
1.934912e-06
1.917105e-06
1.471911e-07
-2.003541e-06
-2.759751e-06
1.937882e-06
3.092147e-07
1.180385e-06
-3.592795e-06
1.824418e-06
7.428767e-07
-2.808084e-06
1.401597e-06
-2.779034e-06
1.343465e-06
1.012398e-06
-3.563093e-06
1.877333e-06
1.067481e-06
1.823291e-06
1.196355e-06
-3.634091e-06
-3.945388e-06
1.525946e-06
2.126457e-06
1.180008e-06
-3.883227e-06
2.247516e-06
1.246510e-06
2.329309e-06
-3.804006e-06
1.258950e-06
-4.222659e-06
2.713415e-06
1.304191e-06
-3.601614e-06
1.612467e-06
4.215528e-06
-4.539459e-06
1.952183e-07
5.782473e-07
-3.310064e-06
1.945159e-06
-4.176632e-06
1.415607e-06
2.309597e-06
-3.879960e-06
8.939008e-07
2.502706e-06
-4.968744e-07
3.182869e-06
-2.679637e-06
5.904672e-07
-2.236992e-06
1.513720e-06
1.154516e-06
-3.656212e-06
1.887544e-06
7.287222e-06
-8.256646e-06
5.672927e-06
-3.589307e-06
5.219012e-07
2.638556e-06
1.018703e-06
4.408996e-06
-6.709072e-06
-2.927318e-06
2.383661e-06
4.757956e-07
5.196219e-06
-5.448421e-06
-3.818487e-07
1.154449e-06
-3.649739e-06
1.841122e-06
4.591467e-06
6.240044e-06
-1.008796e-05
-4.794814e-06
2.892351e-07
3.837672e-06
3.471333e-06
2.594077e-07
-3.748864e-06
1.028296e-06
-2.977148e-06
1.759096e-06
1.301564e-06
8.873557e-07
-2.822531e-06
-3.896585e-06
2.325681e-06
1.339792e-06
2.216084e-06
-3.234039e-06
6.658023e-07
-2.407444e-06
9.557314e-07
1.289314e-06
-3.259018e-06
1.754525e-06
8.996133e-07
7.670021e-07
-2.593934e-06
1.195590e-06
-3.677488e-06
1.862515e-06
1.177769e-06
-2.648984e-06
1.430954e-06
8.142426e-07
7.442917e-07
-3.276713e-06
1.836194e-06
6.724192e-07
-2.228823e-06
9.126715e-07
1.126934e-06
-2.412089e-06
1.149146e-06
1.855150e-06
1.157745e-06
-3.640135e-06
2.187316e-06
-4.299210e-06
1.762478e-06
5.184293e-06
-7.268269e-06
9.262741e-06
-9.472825e-07
-7.842200e-08
1.712336e-07
-3.835782e-06
2.345956e-06
8.876612e-07
-4.778733e-06
2.234346e-06
2.251926e-06
3.197474e-06
-3.788617e-07
-3.152630e-06
9.805763e-07
-3.983332e-06
2.649087e-06
-2.108241e-06
1.011458e-06
6.040806e-07
6.269936e-07
-3.654713e-06
2.559492e-06
1.912819e-06
1.142319e-06
-3.720266e-06
-3.303023e-06
1.750607e-06
1.010601e-06
1.021013e-06
-2.580469e-06
1.367158e-06
-2.751924e-06
1.420350e-06
7.716247e-07
2.081906e-06
-4.719381e-06
2.328198e-06
2.572839e-07
1.520397e-06
-1.390930e-06
9.025739e-07
-3.194384e-06
1.890628e-06
6.851477e-07
2.165529e-06
-3.254751e-06
2.032818e-06
8.740008e-07
-3.512683e-06
1.000761e-06
-1.357938e-06
-4.831391e-07
8.774892e-07
-2.987500e-06
1.683057e-06
-1.518520e-06
2.412359e-06
-5.681154e-07
1.180113e-06
8.076246e-07
-2.680553e-06
-2.699254e-06
1.115089e-06
1.022235e-06
1.198546e-06
-3.686266e-06
1.799689e-06
2.559961e-06
7.689232e-07
-3.697443e-06
2.179052e-07
-1.962430e-06
1.608234e-06
-3.732506e-06
1.931479e-06
1.116106e-06
1.121882e-06
-3.560097e-06
1.723907e-06
6.176077e-07
-2.081175e-06
1.292543e-06
1.074568e-06
-3.666241e-06
1.894597e-06
-7.709272e-06
3.362495e-06
3.590356e-06
-3.135485e-06
-9.442214e-08
2.934281e-06
-3.975624e-06
2.722391e-06
1.044640e-06
-3.476556e-06
2.653692e-06
6.046421e-07
2.732983e-06
1.061749e-06
-4.148852e-06
-2.706172e-06
1.498310e-06
6.682461e-07
1.745715e-06
-2.660461e-06
5.810504e-07
1.278324e-06
-4.009855e-06
2.412811e-06
1.390586e-06
1.114245e-06
-3.027388e-06
9.010616e-07
1.180518e-06
-2.363705e-06
-2.601483e-06
6.953773e-07
1.530751e-06
1.161891e-06
1.895549e-06
-3.434720e-06
1.852746e-06
2.331241e-06
-4.524612e-06
6.954379e-07
-3.126551e-06
1.927589e-06
1.143230e-06
3.247944e-07
-1.708473e-06
2.712827e-06
-2.973453e-06
-5.386636e-08
1.644083e-06
8.290157e-07
-3.183108e-06
8.966901e-07
2.310578e-06
-3.402780e-06
1.421239e-06
-4.677416e-06
9.247759e-07
7.430793e-07
-2.911959e-06
1.655971e-06
1.012755e-06
1.353752e-06
-2.634608e-06
1.903471e-06
1.076430e-06
-3.659347e-06
2.014771e-06
-3.371209e-06
1.026975e-06
2.025038e-07
-3.806774e-06
3.545467e-06
-4.069308e-06
3.001787e-06
8.841438e-07
-3.098407e-06
1.537949e-06
9.844587e-07
-3.750760e-06
9.074564e-07
2.433641e-06
9.850590e-07
1.056137e-06
-2.564028e-06
2.438569e-06
2.938814e-07
-2.946021e-06
5.848406e-07
-3.934221e-06
3.182089e-06
3.368944e-06
-7.093137e-06
3.654299e-06
-4.663809e-06
2.233310e-06
2.121550e-06
1.497805e-06
8.865619e-07
-3.014298e-06
1.004120e-06
-4.203930e-06
2.966551e-06
-2.671580e-06
1.245719e-06
8.160929e-07
-1.270506e-06
2.189736e-05
-2.611336e-05
-3.206742e-06
1.902224e-06
7.070357e-07
8.328811e-07
-4.178769e-06
3.133376e-06
1.999504e-06
7.873857e-07
-3.501500e-06
4.660841e-07
2.554404e-06
-3.420761e-06
1.219916e-06
7.975896e-07
-2.663072e-06
-2.897266e-06
1.118098e-06
1.557657e-06
2.248527e-06
2.159876e-06
-4.679767e-06
-3.480065e-06
2.024444e-06
7.659712e-07
-3.009559e-06
1.522915e-06
8.707977e-07
-4.003398e-06
2.139597e-06
1.640863e-06
-1.400327e-06
-2.447068e-06
2.970660e-06
9.759697e-07
-2.645019e-06
1.200562e-06
-2.639321e-06
1.193238e-06
7.822041e-07
-1.762912e-07
2.768864e-06
-2.901575e-06
5.151795e-06
2.022456e-06
5.683232e-06
2.032373e-06
7.165192e-07
-3.470705e-06
2.994869e-06
8.405555e-07
-4.138556e-06
7.265718e-07
-2.697782e-06
1.414507e-06
5.540844e-07
-2.430423e-06
1.205602e-06
-2.583363e-06
1.285113e-06
6.076830e-07
-3.429827e-06
1.766345e-06
7.964974e-07
-2.754085e-06
2.397146e-06
-6.675717e-08
2.951451e-07
-2.491582e-06
1.370594e-06
1.565717e-06
5.021119e-07
-2.812571e-06
-2.788617e-06
1.284090e-06
8.576977e-07
-3.949904e-06
2.385688e-06
1.385077e-06
1.163794e-06
9.162923e-07
-2.339866e-06
1.165577e-06
7.207880e-07
-2.569554e-06
1.167516e-06
7.524578e-07
-2.617089e-06
-2.438891e-06
1.406977e-06
3.716400e-07
1.420341e-06
-2.595039e-06
9.997863e-07
-2.217113e-06
1.177839e-06
9.482853e-07
2.422275e-06
-3.636926e-06
9.780084e-07
6.549393e-07
-2.584030e-06
1.203535e-06
3.296745e-06
2.534608e-08
-4.203798e-06
2.196387e-06
1.722945e-06
-4.249637e-06
2.515024e-06
1.488546e-06
-4.327524e-06
8.114564e-07
-1.592508e-05
-7.362246e-06
1.136342e-06
5.904945e-07
-2.456570e-06
2.383941e-06
-4.302095e-05
2.682942e-05
1.127669e-06
-4.549230e-06
1.092869e-05
6.492070e-07
-2.580890e-06
1.356128e-06
2.673329e-05
-2.998316e-05
-9.522694e-06
-4.105964e-05
5.183076e-05
1.233264e-06
2.513648e-05
-3.661805e-05
-3.221997e-06
3.146336e-06
7.094529e-07
-4.059017e-06
-2.638940e-06
1.126493e-06
6.385361e-07
-2.543339e-06
1.114539e-06
7.130942e-07
2.132474e-07
-2.403553e-06
1.550776e-06
-7.415393e-07
-1.299973e-05
4.935107e-06
-4.023047e-06
3.168965e-06
7.264175e-07
-3.828373e-06
9.930339e-06
-7.660534e-06
1.369534e-06
3.623113e-07
-2.385666e-06
8.124155e-07
-2.412160e-06
1.508963e-06
-2.706958e-06
1.153017e-06
7.682198e-07
1.837559e-06
1.955402e-05
-1.334329e-05
3.116451e-06
1.291957e-05
-1.375754e-05
6.793748e-07
-6.516092e-07
-1.691261e-07
2.487764e-05
-7.782124e-06
-3.017714e-05
3.024737e-06
2.783084e-06
-5.476783e-06
-3.456435e-05
2.302023e-05
1.528741e-05
-1.922391e-06
1.142553e-06
2.668303e-07
1.938502e-05
5.154175e-06
-4.210585e-06
1.947516e-05
5.290968e-06
-1.543623e-05
-2.228883e-05
1.409942e-05
9.615538e-06
1.100746e-05
1.126786e-05
-8.033952e-06
1.645340e-05
1.619861e-05
-2.924559e-05
3.378103e-05
2.379321e-06
-2.138278e-05
-2.196564e-06
-1.382903e-05
-1.916866e-06
-1.671612e-05
2.555379e-05
-6.301616e-06
7.852373e-07
-3.935646e-06
3.014460e-06
1.127390e-06
4.704639e-07
-2.106668e-06
-5.886881e-06
2.618091e-06
3.524031e-06
-2.748415e-07
-2.805795e-06
2.974604e-06
8.493512e-06
-6.905144e-07
-7.274429e-06
-3.026086e-06
3.108864e-06
-1.779939e-07
1.914029e-05
4.434182e-06
-2.821387e-05
9.692582e-06
6.510740e-06
-1.405439e-05
-1.658415e-05
5.612189e-06
1.189972e-05
5.637037e-06
1.455964e-05
-5.607426e-06
3.653245e-06
9.399950e-06
-5.689011e-06
4.396491e-06
-2.114029e-05
1.210095e-05
-1.876498e-05
1.837527e-05
5.186411e-06
-3.213616e-07
2.003951e-06
-1.392708e-06
-6.869259e-07
-7.393870e-07
1.579838e-06
2.078578e-06
1.798578e-07
-2.849718e-06
2.091811e-07
4.755872e-07
-1.365384e-06
1.616862e-05
-7.747863e-06
-1.187456e-05
1.376497e-05
9.635184e-07
-2.535273e-05
6.659686e-06
2.361585e-06
6.235876e-07
4.010949e-06
-1.880068e-05
3.013486e-06
1.618712e-05
2.265969e-05
-1.484908e-05
2.109833e-05
-1.606276e-05
-1.053386e-05
-1.497233e-05
3.583120e-05
-5.825579e-06
-4.779486e-06
2.873108e-05
-9.299376e-06
-1.625098e-05
3.262396e-05
-2.455195e-06
-1.607470e-05
4.029536e-05
-8.102900e-06
6.883919e-07
-6.640341e-06
2.272206e-06
-8.138831e-06
-1.835344e-05
2.014168e-05
7.940019e-06
-4.374462e-05
2.001965e-05
2.169906e-05
1.044400e-05
-4.620312e-06
7.755017e-06
-1.933017e-05
8.896364e-06
-6.333785e-06
1.893167e-05
-9.193169e-06
-1.630719e-06
6.965201e-06
-1.761596e-05
8.134709e-06
-3.762186e-05
1.474567e-05
1.169846e-05
3.274579e-06
-1.531642e-05
-1.885920e-05
-5.506507e-06
4.884398e-05
1.043730e-05
-4.022689e-05
1.541808e-05
1.533280e-05
-6.009980e-05
2.210577e-05
1.551598e-05
-5.828685e-06
-2.550494e-06
5.052072e-06
-3.128920e-05
1.613087e-05
3.270207e-06
-1.764685e-06
6.968624e-06
-1.042770e-05
2.156375e-05
4.006028e-06
4.932539e-06
-2.163079e-05
7.431637e-06
3.936198e-06
8.289715e-07
-5.186643e-06
-2.889886e-07
-2.365064e-06
2.416244e-06
5.078611e-06
4.327873e-06
-9.241094e-06
1.487197e-05
2.445825e-05
-4.629563e-05
1.970125e-05
-3.546506e-05
-3.351821e-06
2.528874e-05
-6.550912e-08
-1.614359e-05
2.190610e-06
1.517949e-07
-1.203309e-05
2.625172e-07
-8.039861e-06
9.064006e-06
-1.359749e-05
1.518777e-05
5.853197e-06
8.135902e-06
3.354673e-05
-2.599756e-05
1.952751e-05
5.699145e-06
-2.289436e-05
1.578289e-05
1.997845e-06
-1.975834e-05
1.037199e-05
-2.912885e-05
7.335814e-07
1.975442e-05
-3.756733e-05
-3.942226e-06
2.744362e-06
6.010788e-06
-7.547680e-06
3.448166e-05
-5.040941e-05
-1.667400e-06
-7.289327e-06
-4.695054e-05
4.332307e-05
1.079742e-05
4.731988e-05
-5.042704e-05
6.403529e-06
-9.373989e-06
1.886475e-06
-1.516662e-05
5.309912e-05
-1.851104e-05
2.903292e-06
3.762192e-05
-2.080253e-05
-7.816325e-06
7.922141e-06
7.221711e-06
-4.336432e-05
-4.135357e-06
3.643320e-05
3.841766e-05
-6.746482e-06
-4.402095e-05
-4.437314e-05
1.116286e-05
4.450767e-05
-1.773522e-07
-1.815898e-06
1.701100e-06
-2.446378e-06
-1.710619e-05
1.114297e-05
1.343435e-06
3.491098e-06
-5.843460e-06
2.522601e-05
-4.188606e-06
5.054752e-06
-1.569525e-05
3.789280e-05
-7.340833e-06
4.402716e-06
-1.524244e-05
-1.999672e-06
3.930923e-06
-6.109343e-05
3.532795e-05
1.753418e-06
5.436311e-08
-2.702015e-06
6.263843e-06
3.190547e-05
-1.667440e-05
1.611263e-05
-3.074129e-05
-5.214650e-06
3.802718e-05
-6.802315e-05
3.359765e-06
-4.272920e-05
7.511535e-05
-6.804306e-06
1.525227e-05
-4.691618e-05
1.314462e-05
3.470605e-06
3.236132e-05
-1.474198e-05
4.151790e-07
7.428186e-07
-1.573989e-06
1.846653e-05
-5.958746e-08
-5.436411e-07
6.024968e-07
2.748457e-06
-2.942954e-06
-8.339219e-06
3.307796e-06
4.838150e-06
1.660390e-05
-2.880663e-07
-6.012533e-06
1.808795e-05
-5.503375e-05
1.151449e-05
-6.287938e-06
8.955387e-06
-1.111395e-06
3.293406e-06
1.386706e-05
-3.989976e-06
-1.008288e-05
7.396674e-06
5.285849e-06
-1.952999e-07
-1.039094e-06
-8.055212e-06
-1.504594e-06
3.340048e-05
-1.926574e-05
-6.260250e-06
-1.726940e-05
9.374623e-06
4.090287e-06
1.826570e-05
-1.101699e-05
-1.651699e-06
2.198948e-05
-2.237587e-05
6.261474e-06
-1.446490e-05
1.790165e-06
6.067960e-06
-1.884895e-05
9.768025e-06
1.827498e-07
-2.281258e-06
1.709785e-06
-1.201269e-06
2.510074e-06
1.737249e-06
-2.138808e-05
8.317683e-06
1.052752e-05
1.405824e-05
-5.253032e-05
2.794108e-05
-4.793440e-05
4.806359e-05
1.391675e-05
-3.233954e-06
-1.977131e-05
2.268473e-05
2.333072e-05
-1.197204e-05
-1.978488e-05
-3.202782e-06
1.081298e-05
1.915888e-06
9.618528e-06
-2.422124e-05
1.892361e-06
3.907417e-05
8.733097e-06
-3.317822e-05
-1.643639e-05
3.190751e-05
-2.917184e-06
2.861957e-05
-2.023020e-05
-3.104001e-06
-6.628716e-07
3.458621e-07
1.634153e-07
-7.726898e-06
2.484190e-05
-1.113177e-06
-8.685110e-06
7.999486e-07
3.319786e-06
8.480627e-07
6.924230e-08
-9.451191e-07
1.265324e-05
2.817186e-05
-1.402633e-05
6.049746e-06
-3.358215e-05
2.206099e-05
-4.621756e-07
-3.962538e-07
6.863551e-07
1.200841e-05
-2.138501e-05
-1.526735e-05
-1.848183e-05
3.601094e-05
1.045233e-05
2.699473e-06
-3.186781e-07
-2.480913e-06
1.340319e-05
-1.237309e-05
-1.549722e-05
2.873073e-06
-4.042085e-07
-2.627313e-06
-1.978571e-05
1.443376e-05
2.940649e-06
2.991163e-06
-3.071711e-07
-2.780008e-06
2.093700e-06
-3.252711e-08
-2.339642e-06
-2.674568e-06
2.714339e-06
-2.993306e-07
-2.657167e-06
2.831026e-06
-3.570004e-07
3.813553e-08
-2.952097e-06
2.451137e-06
5.108562e-07
-6.309404e-06
5.695058e-06
-1.420790e-05
5.183637e-05
-1.651352e-05
9.991514e-07
-1.263832e-05
8.986433e-06
-1.116392e-05
-4.449930e-07
9.146978e-06
1.214431e-05
-2.330136e-05
-9.737156e-06
-1.212142e-05
1.019288e-05
1.328717e-06
3.473020e-06
-5.103269e-06
1.531430e-06
-1.144927e-05
2.323173e-05
5.405896e-07
2.049354e-05
-4.887499e-05
7.316623e-06
-7.181825e-06
-5.083753e-05
2.749940e-05
-1.881978e-06
1.671050e-06
-1.785592e-09
-1.745982e-05
1.611206e-05
2.699352e-06
3.233804e-06
-4.390628e-07
-2.791270e-06
-2.834536e-05
8.007837e-05
-1.726331e-05
3.440427e-05
-5.748255e-05
-9.904972e-06
-2.420452e-06
2.544593e-06
-2.191913e-07
9.314311e-06
2.474996e-07
-9.227703e-06
4.273252e-06
-1.806165e-07
-3.687640e-06
-9.218484e-06
7.853398e-06
1.146527e-06
1.264381e-05
1.748890e-06
-1.342350e-05
-5.339905e-06
4.672407e-06
3.049092e-07
3.149595e-05
1.099353e-06
-3.279505e-05
-3.572092e-06
3.410161e-06
-1.335525e-07
-1.292078e-05
4.872346e-06
2.358132e-06
6.801109e-06
1.337270e-05
-1.119479e-05
1.916088e-05
-3.673923e-05
1.568519e-05
-6.487217e-06
1.737509e-05
-1.540221e-05
3.996255e-05
-1.090944e-05
-2.424151e-05
1.260276e-06
-3.024467e-06
-2.860627e-06
-1.210841e-05
1.302272e-05
6.313047e-06
4.546099e-06
-3.215805e-05
2.005522e-05
1.751207e-06
4.855871e-08
-2.343398e-06
-4.423027e-06
2.221943e-06
1.854302e-06
-1.604487e-05
4.491922e-05
-1.459735e-05
-1.662168e-05
2.220788e-05
5.471805e-07
-1.402368e-06
1.769987e-05
-7.664445e-06
4.400264e-06
-3.565316e-05
2.302550e-05
1.799126e-06
1.497199e-07
-2.425611e-06
-2.629818e-05
4.075900e-05
-3.682541e-06
-1.054518e-05
1.001218e-05
1.010107e-06
-2.272089e-05
3.050479e-05
-1.836734e-07
-2.367082e-05
3.602471e-05
-3.035190e-06
-5.723436e-06
-5.283461e-06
2.768681e-05
-5.134098e-05
1.638125e-05
4.150980e-05
-4.342443e-06
3.868246e-06
6.238333e-07
-1.236715e-05
1.648116e-05
4.656982e-06
-1.708713e-05
-4.000053e-05
6.179517e-05
2.969602e-05
3.015609e-05
-5.141148e-05
-3.109315e-05
-6.599578e-06
3.275533e-05
5.964241e-06
1.316739e-06
-7.774896e-06
-2.426307e-06
2.806255e-06
-5.294358e-07
1.415792e-05
-2.543095e-05
1.635819e-05
6.106018e-06
-2.127119e-05
1.082216e-05
-4.381182e-08
-1.268381e-06
3.777036e-07
-2.956217e-05
-2.691448e-06
3.179612e-05
2.817348e-06
-4.400513e-07
-2.422412e-06
3.797357e-06
-6.279937e-06
-6.825434e-06
2.827611e-05
4.577444e-06
-5.650818e-06
4.340775e-05
-1.509719e-05
-2.562717e-05
-2.847254e-05
-1.555185e-05
5.671479e-05
3.212105e-06
-3.724415e-08
-3.789222e-06
1.290900e-05
3.339992e-06
-1.046576e-05
-3.735135e-08
-3.752675e-06
3.496605e-06
-2.899929e-05
-3.027196e-07
2.948516e-05
-2.049753e-05
4.874040e-05
-1.130364e-05
2.724498e-05
-7.410016e-05
2.251469e-05
-1.477000e-05
4.461755e-05
-1.645202e-05
-1.424485e-06
1.129941e-06
2.297955e-07
2.058193e-06
-2.748400e-07
-2.229548e-06
4.261521e-06
-3.101572e-05
2.189654e-05
5.945813e-06
9.043019e-06
-8.244658e-06
-2.926949e-06
-5.254406e-08
3.270660e-06
-3.248647e-06
2.038651e-06
4.531869e-07
2.254644e-06
-4.246656e-07
-1.786678e-06
1.037331e-05
-5.426156e-06
1.200367e-06
3.986669e-05
-1.154291e-06
-3.755344e-05
-4.384073e-05
1.314173e-05
2.860956e-05
1.421437e-05
-2.443756e-05
3.069442e-06
2.665916e-06
-1.889409e-08
-3.074521e-06
-8.903392e-06
2.044526e-06
5.144257e-06
-7.059607e-07
2.168156e-07
4.690237e-07
5.445973e-06
-1.293073e-05
4.919866e-06
2.865585e-06
1.176209e-08
-3.354139e-06
1.240766e-07
-3.227304e-06
2.716782e-06
-8.984188e-06
3.337046e-06
7.513587e-06
2.536564e-06
-2.920496e-08
-2.928257e-06
7.518839e-06
-3.671408e-06
-6.259263e-07
-1.653500e-05
3.911289e-06
5.718597e-06
-8.452620e-08
-2.838985e-06
2.638489e-06
6.754803e-06
-2.814141e-07
-5.735387e-06
1.856898e-05
-3.726719e-05
7.650748e-06
-5.062349e-06
-6.628130e-06
1.310210e-05
-1.032222e-06
1.245849e-06
5.313805e-08
8.730442e-06
-8.335620e-06
2.344635e-06
5.664708e-07
-4.393999e-07
6.767461e-08
5.843429e-06
3.767835e-06
-7.623915e-06
1.776237e-06
-1.150231e-05
1.107147e-05
1.282078e-06
2.837754e-06
2.270526e-06
1.579145e-06
1.519937e-07
-2.356598e-06
5.998202e-06
-1.682365e-05
1.373037e-05
2.559104e-06
-2.066985e-06
1.299786e-06
3.218701e-06
-1.380054e-05
1.569603e-05
1.028687e-05
-6.135826e-06
-9.149807e-06
3.785128e-05
-1.004697e-04
2.808028e-05
-1.936399e-05
-3.373648e-07
1.330899e-05
-2.768308e-05
8.745763e-05
-2.166719e-05
-1.872708e-05
8.936466e-05
-3.375486e-05
1.902369e-05
-9.456842e-05
3.843294e-05
6.363488e-06
-2.123172e-05
1.113004e-05
2.449066e-05
5.171881e-06
-2.763422e-05
4.828992e-06
7.085308e-06
-1.257588e-05
-5.152977e-06
3.191751e-06
4.479278e-06
1.014560e-07
-5.175197e-06
5.094037e-06
7.065957e-06
6.028486e-06
-1.195407e-05
7.853372e-06
4.232607e-06
-1.104280e-05
4.338260e-06
-9.081497e-06
7.236215e-06
-5.481777e-06
1.118959e-05
-4.964704e-06
1.678691e-05
-2.809821e-05
2.974019e-06
-6.088377e-06
-5.075419e-06
1.727738e-05
6.028559e-06
-1.492427e-05
6.987570e-06
-1.382059e-05
5.660677e-05
-2.423703e-05
3.248204e-05
-2.018968e-05
-1.138641e-05
7.670846e-06
-9.817580e-06
-4.525064e-06
-1.551328e-05
2.273106e-05
-8.777794e-06
1.462814e-05
1.191831e-05
-2.523043e-05
3.582371e-07
8.251158e-06
-2.228615e-06
3.713693e-06
1.301630e-05
-7.288062e-06
9.536152e-06
1.757648e-06
-1.103939e-05
4.184412e-06
1.370969e-05
-1.490248e-05
-4.565253e-06
7.149573e-05
-4.576550e-05
3.979332e-06
5.770626e-07
-4.709711e-06
1.358767e-05
-4.850898e-05
9.742010e-06
7.389725e-08
-2.355482e-06
1.814706e-06
-2.294277e-06
1.974567e-06
-1.312249e-07
1.474577e-07
-3.029351e-06
2.267007e-06
1.788532e-07
-1.292506e-06
1.223042e-06
2.552931e-06
1.269285e-07
-3.166426e-06
-2.350867e-05
2.792226e-05
4.887412e-06
7.639541e-08
7.564048e-07
-1.033313e-06
