1.000000e+00
0.000000e+00
0.000000e+00 0.000000e+00
taylor-hood
rectangle
0.000000e+00 0.000000e+00
0.000000e+00 0.000000e+00
0.000000e+00 0.000000e+00
0.000000e+00 0.000000e+00
0.000000e+00 0.000000e+00
0.000000e+00 0.000000e+00
0.000000e+00 0.000000e+00
0.000000e+00 0.000000e+00
0.000000e+00 0.000000e+00
0.000000e+00 0.000000e+00
0.000000e+00 0.000000e+00
0.000000e+00 0.000000e+00
0.000000e+00 0.000000e+00
0.000000e+00 0.000000e+00
0.000000e+00 0.000000e+00
0.000000e+00 0.000000e+00
0.000000e+00 0.000000e+00
0.000000e+00 0.000000e+00
0.000000e+00 0.000000e+00
0.000000e+00 0.000000e+00
0.000000e+00 0.000000e+00
0.000000e+00 0.000000e+00
0.000000e+00 0.000000e+00
0.000000e+00 0.000000e+00
0.000000e+00 0.000000e+00
0.000000e+00 0.000000e+00
0.000000e+00 0.000000e+00
0.000000e+00 0.000000e+00
0.000000e+00 0.000000e+00
0.000000e+00 0.000000e+00
0.000000e+00 0.000000e+00
0.000000e+00 0.000000e+00
0.000000e+00 0.000000e+00
0.000000e+00 0.000000e+00
0.000000e+00 0.000000e+00
0.000000e+00 0.000000e+00
0.000000e+00 0.000000e+00
0.000000e+00 0.000000e+00
0.000000e+00 0.000000e+00
0.000000e+00 0.000000e+00
0.000000e+00 0.000000e+00
0.000000e+00 0.000000e+00
0.000000e+00 0.000000e+00
0.000000e+00 0.000000e+00
0.000000e+00 0.000000e+00
0.000000e+00 0.000000e+00
0.000000e+00 0.000000e+00
0.000000e+00 0.000000e+00
0.000000e+00 0.000000e+00
1.244442e-01 0.000000e+00
2.311110e-01 0.000000e+00
3.200000e-01 0.000000e+00
3.911112e-01 0.000000e+00
4.444445e-01 0.000000e+00
4.800001e-01 0.000000e+00
4.977779e-01 0.000000e+00
4.977779e-01 0.000000e+00
4.800001e-01 0.000000e+00
4.444445e-01 0.000000e+00
3.911112e-01 0.000000e+00
3.200000e-01 0.000000e+00
2.311110e-01 0.000000e+00
1.244443e-01 0.000000e+00
6.444432e-02 0.000000e+00
1.799998e-01 0.000000e+00
2.777777e-01 0.000000e+00
3.577778e-01 0.000000e+00
4.200001e-01 0.000000e+00
4.644446e-01 0.000000e+00
4.911112e-01 0.000000e+00
5.000001e-01 0.000000e+00
4.911112e-01 0.000000e+00
4.644445e-01 0.000000e+00
4.200001e-01 0.000000e+00
3.577778e-01 0.000000e+00
2.777777e-01 0.000000e+00
1.799998e-01 0.000000e+00
6.444434e-02 0.000000e+00
0.000000e+00 0.000000e+00
0.000000e+00 0.000000e+00
0.000000e+00 0.000000e+00
0.000000e+00 0.000000e+00
0.000000e+00 0.000000e+00
0.000000e+00 0.000000e+00
0.000000e+00 0.000000e+00
0.000000e+00 0.000000e+00
0.000000e+00 0.000000e+00
0.000000e+00 0.000000e+00
0.000000e+00 0.000000e+00
0.000000e+00 0.000000e+00
0.000000e+00 0.000000e+00
0.000000e+00 0.000000e+00
0.000000e+00 0.000000e+00
0.000000e+00 0.000000e+00
0.000000e+00 0.000000e+00
0.000000e+00 0.000000e+00
0.000000e+00 0.000000e+00
0.000000e+00 0.000000e+00
0.000000e+00 0.000000e+00
0.000000e+00 0.000000e+00
0.000000e+00 0.000000e+00
0.000000e+00 0.000000e+00
0.000000e+00 0.000000e+00
0.000000e+00 0.000000e+00
0.000000e+00 0.000000e+00
0.000000e+00 0.000000e+00
0.000000e+00 0.000000e+00
0.000000e+00 0.000000e+00
0.000000e+00 0.000000e+00
0.000000e+00 0.000000e+00
0.000000e+00 0.000000e+00
0.000000e+00 0.000000e+00
0.000000e+00 0.000000e+00
0.000000e+00 0.000000e+00
0.000000e+00 0.000000e+00
0.000000e+00 0.000000e+00
0.000000e+00 0.000000e+00
0.000000e+00 0.000000e+00
0.000000e+00 0.000000e+00
0.000000e+00 0.000000e+00
0.000000e+00 0.000000e+00
0.000000e+00 0.000000e+00
0.000000e+00 0.000000e+00
1.244444e-01 0.000000e+00
2.311111e-01 0.000000e+00
3.200000e-01 0.000000e+00
3.911111e-01 0.000000e+00
4.444444e-01 0.000000e+00
4.800000e-01 0.000000e+00
4.977778e-01 0.000000e+00
4.977778e-01 0.000000e+00
4.800000e-01 0.000000e+00
4.444444e-01 0.000000e+00
3.911111e-01 0.000000e+00
3.200000e-01 0.000000e+00
2.311111e-01 0.000000e+00
1.244444e-01 0.000000e+00
6.444444e-02 0.000000e+00
1.800000e-01 0.000000e+00
2.777778e-01 0.000000e+00
3.577778e-01 0.000000e+00
4.200000e-01 0.000000e+00
4.644444e-01 0.000000e+00
4.911111e-01 0.000000e+00
5.000000e-01 0.000000e+00
4.911111e-01 0.000000e+00
4.644444e-01 0.000000e+00
4.200000e-01 0.000000e+00
3.577778e-01 0.000000e+00
2.777778e-01 0.000000e+00
1.800000e-01 0.000000e+00
6.444444e-02 0.000000e+00
9.561912e-02 7.530179e-10
1.194039e-01 9.417072e-09
9.368495e-02 -1.393690e-09
1.172723e-01 3.323356e-09
4.999980e-01 -4.249080e-09
4.999991e-01 2.172781e-09
9.873015e-02 8.450662e-09
1.065799e-01 -9.118196e-09
1.196643e-01 3.828214e-09
1.185769e-01 9.250137e-09
4.192977e-01 1.710086e-08
4.210419e-01 -4.164348e-08
4.199347e-01 3.783614e-08
4.191331e-01 2.811414e-09
1.126308e-01 4.241146e-10
1.104656e-01 8.235174e-09
1.108414e-01 4.007765e-09
1.130878e-01 4.237860e-09
1.110699e-01 -1.963584e-09
9.837965e-02 -8.238550e-09
9.728300e-02 6.442316e-09
1.118502e-01 3.107495e-09
2.823365e-01 5.451372e-09
2.777778e-01 2.128564e-08
2.786145e-01 1.223018e-08
2.796337e-01 -1.823405e-08
9.391335e-02 -3.562555e-09
1.118927e-01 -8.094391e-09
9.239573e-02 1.284269e-08
1.131360e-01 2.670795e-09
3.575920e-01 2.983414e-08
3.908855e-01 4.704309e-08
4.442021e-01 6.383882e-08
4.197664e-01 1.694615e-08
4.640784e-01 1.236194e-08
4.440826e-01 -6.428813e-09
4.795632e-01 -5.618841e-09
4.639971e-01 -1.940021e-08
4.906918e-01 -1.518262e-08
4.794992e-01 -1.364401e-08
4.974906e-01 -8.214499e-09
4.905369e-01 -3.694445e-09
4.999850e-01 -3.799450e-09
4.973355e-01 -2.977134e-09
4.982145e-01 -6.325255e-09
4.999813e-01 -5.651491e-09
4.920808e-01 -5.364128e-09
4.919751e-01 -8.379197e-09
4.981668e-01 -7.860215e-09
4.973874e-01 -5.458878e-09
4.999816e-01 -7.805943e-09
4.921290e-01 -9.428537e-09
4.982377e-01 -9.534916e-09
4.974184e-01 -7.990125e-09
4.999797e-01 -9.766681e-09
4.920892e-01 -1.128772e-08
4.982175e-01 -1.190276e-08
4.973305e-01 -8.846320e-09
4.999754e-01 -1.111503e-08
4.921720e-01 -1.553529e-08
4.982701e-01 -1.408873e-08
4.973211e-01 -8.207125e-09
4.999744e-01 -1.010258e-08
4.922507e-01 -1.644458e-08
4.982932e-01 -1.093070e-08
4.972292e-01 -3.702020e-09
4.819456e-01 -1.723792e-08
4.923127e-01 -9.846348e-09
4.635737e-01 -1.502636e-09
4.673309e-01 -1.566628e-08
4.820285e-01 -6.257742e-09
4.483781e-01 -1.122800e-08
4.482894e-01 -2.287352e-08
4.999927e-01 -4.642473e-09
4.983285e-01 -5.470523e-10
4.674257e-01 7.806098e-10
4.251199e-01 -4.471142e-09
4.195053e-01 -1.783618e-08
3.974255e-01 -1.560769e-08
3.655352e-01 -1.012019e-08
4.485095e-01 1.022723e-08
4.821604e-01 1.640078e-08
3.575843e-01 1.585556e-08
3.291808e-01 -1.655687e-08
4.676048e-01 2.383289e-08
4.253436e-01 1.299270e-08
4.925088e-01 2.960674e-08
2.887430e-01 -1.195544e-08
4.907974e-01 7.122502e-09
3.653193e-01 -2.279506e-08
2.886222e-01 -1.963073e-08
3.289640e-01 -2.621653e-08
3.293127e-01 -3.364240e-09
4.983984e-01 1.563746e-08
4.999503e-01 2.370417e-08
4.971208e-01 2.254155e-08
4.907163e-01 2.817221e-08
4.785128e-01 3.020202e-08
4.626113e-01 3.609598e-08
4.422163e-01 3.687005e-08
4.624820e-01 2.789554e-08
4.169280e-01 3.461959e-08
3.884511e-01 3.768626e-08
4.421769e-01 2.439903e-08
3.879127e-01 2.923581e-08
4.176663e-01 2.089848e-08
3.527341e-01 2.483614e-08
3.886521e-01 1.858967e-08
3.124852e-01 2.954918e-08
3.134436e-01 1.954191e-08
3.550911e-01 1.631784e-08
4.178911e-01 1.171363e-08
3.891717e-01 9.909526e-09
3.191619e-01 1.262828e-08
3.570557e-01 9.634974e-09
4.181073e-01 4.550725e-09
3.896186e-01 5.328698e-09
3.189741e-01 8.972629e-09
3.555168e-01 7.077665e-09
4.180783e-01 1.671600e-09
3.894733e-01 6.650505e-09
3.180840e-01 1.238792e-08
3.565881e-01 1.596807e-08
4.182643e-01 6.441480e-09
3.897400e-01 1.616594e-08
3.197117e-01 2.601594e-08
3.569798e-01 2.346476e-08
4.426730e-01 5.828217e-09
4.783394e-01 1.593308e-08
2.797567e-01 2.905364e-08
3.201158e-01 2.028367e-08
2.166508e-01 1.892416e-08
2.785742e-01 1.076557e-08
3.572004e-01 6.104610e-09
3.200767e-01 -2.381757e-09
4.802919e-01 2.311468e-08
4.834878e-01 1.490040e-08
2.445488e-01 -2.155207e-08
2.891705e-01 -2.438861e-08
3.650853e-01 -2.725328e-08
3.287989e-01 -2.456325e-08
3.967671e-01 -2.591140e-08
3.647234e-01 -2.254272e-08
4.242544e-01 -2.222205e-08
3.964739e-01 -1.813595e-08
3.283520e-01 -1.823715e-08
3.643759e-01 -1.915438e-08
4.239823e-01 -1.503448e-08
3.961495e-01 -1.775859e-08
3.279662e-01 -2.017907e-08
3.640015e-01 -2.281429e-08
2.872474e-01 -2.492446e-08
3.275409e-01 -3.175475e-08
3.958081e-01 -2.389867e-08
3.636067e-01 -3.060349e-08
4.233922e-01 -2.009960e-08
3.954620e-01 -2.291925e-08
3.281003e-01 -2.886820e-08
3.642513e-01 -1.495676e-08
4.234723e-01 -1.112794e-08
3.950980e-01 2.699361e-09
3.254190e-01 -2.271910e-09
3.603506e-01 6.691251e-09
4.225921e-01 1.331768e-08
3.943518e-01 1.304070e-08
4.464091e-01 1.143533e-08
3.227582e-01 7.470583e-09
3.616052e-01 6.502186e-09
2.839620e-01 1.006362e-08
4.659707e-01 1.324691e-08
4.808844e-01 6.790045e-09
4.657897e-01 3.090185e-09
4.915862e-01 3.371975e-09
4.807642e-01 -5.071602e-08
4.474035e-01 -1.353615e-08
4.626727e-01 -1.395571e-09
4.469630e-01 -1.506661e-08
4.477332e-01 -2.360849e-08
2.481365e-01 -1.715130e-08
2.484507e-01 -2.593149e-09
2.895379e-01 -5.757921e-10
2.472373e-01 -2.967848e-08
2.581928e-01 -1.954332e-08
2.294465e-01 -5.910307e-09
2.326606e-01 2.632718e-08
2.328141e-01 -1.744060e-09
2.786555e-01 -3.916887e-10
4.424078e-01 3.270918e-08
1.948788e-01 -5.177321e-09
1.418930e-01 -1.966678e-08
1.987675e-01 -2.032322e-08
1.827717e-01 4.101012e-09
2.290773e-01 -1.347192e-09
1.775263e-01 8.643282e-09
1.907569e-01 1.897374e-09
1.810936e-01 -4.417523e-09
3.233762e-01 -1.523470e-08
4.460468e-01 -5.284153e-08
2.751579e-01 5.785285e-09
2.813382e-01 -3.020233e-09
2.371545e-01 -4.480660e-09
1.173248e-01 -6.930098e-09
4.784492e-01 -1.554685e-09
4.627425e-01 3.586252e-09
2.291250e-01 1.421508e-08
3.192733e-01 -6.090539e-09
4.663541e-01 -1.213002e-08
3.905322e-01 -9.777422e-09
4.650407e-01 -3.469407e-08
4.190447e-01 1.442539e-09
4.979767e-01 -1.492609e-08
4.667267e-01 -1.279167e-08
4.667074e-01 -1.931998e-08
4.901309e-01 -2.288007e-09
1.930883e-01 -7.264508e-09
2.450994e-01 -4.630994e-09
3.272746e-01 4.323148e-09
3.605752e-01 4.077053e-09
3.961943e-01 6.880560e-09
4.489165e-01 2.369414e-10
4.917703e-01 6.707846e-09
3.192176e-01 2.820872e-08
4.903530e-01 -5.675925e-09
4.788565e-01 -5.597170e-09
3.907917e-01 -7.258425e-09
4.778117e-01 9.578507e-12
4.643119e-01 4.054171e-08
4.909823e-01 2.220935e-08
3.588740e-01 -3.269082e-08
2.416730e-01 -1.161328e-08
3.576562e-01 1.472445e-08
3.199267e-01 2.560469e-08
2.308233e-01 1.573742e-08
2.779380e-01 2.906716e-08
3.573590e-01 3.648895e-08
1.795846e-01 1.010079e-08
2.299357e-01 2.586654e-08
1.729447e-01 1.215513e-08
2.696048e-01 2.645285e-08
2.174084e-01 2.659376e-08
2.588751e-01 2.128809e-08
2.254163e-01 1.066966e-08
2.767396e-01 1.448797e-08
2.172478e-01 7.286877e-09
3.508165e-01 3.351429e-08
4.250584e-01 -2.051712e-08
2.413418e-01 -1.195383e-08
4.437612e-01 -1.512898e-08
4.999960e-01 4.646112e-09
3.189202e-01 3.388359e-08
2.888079e-01 -1.821273e-08
2.401279e-01 -1.202714e-08
1.961359e-01 -1.346033e-08
1.835260e-01 -9.906692e-09
2.737518e-01 -1.698912e-08
2.779478e-01 2.033790e-08
2.264559e-01 1.168959e-08
1.813186e-01 1.430392e-08
1.754486e-01 5.288414e-09
2.756782e-01 8.693456e-09
2.320304e-01 9.301808e-09
4.642303e-01 1.953343e-08
4.917528e-01 2.564948e-08
4.989482e-01 1.313079e-08
1.938334e-01 -1.808517e-08
4.624636e-01 1.357774e-08
4.898810e-01 5.032345e-09
4.785720e-01 4.266685e-09
4.971646e-01 7.177253e-09
4.902336e-01 -3.054201e-09
4.788480e-01 -1.888352e-09
4.628777e-01 4.439960e-09
4.814654e-01 -9.457443e-09
4.665590e-01 -7.836924e-09
4.424979e-01 -2.463829e-11
4.629175e-01 -3.626711e-09
4.788104e-01 -4.865489e-09
4.899399e-01 1.900805e-08
1.065798e-01 1.046402e-08
2.883318e-01 -3.662013e-08
2.467899e-01 -2.714610e-08
4.424023e-01 1.231472e-08
4.903825e-01 -7.355823e-09
4.796948e-01 5.749115e-08
1.078607e-01 1.250670e-10
3.970157e-01 -2.677230e-08
4.817465e-01 -1.094034e-08
4.471629e-01 -1.525089e-08
4.475442e-01 -1.717550e-08
4.999561e-01 1.066665e-08
4.236938e-01 -1.706507e-08
4.184142e-01 1.323523e-08
4.425781e-01 -5.744052e-10
1.108959e-01 1.944494e-08
1.200114e-01 7.259927e-09
9.849692e-02 -9.114925e-09
1.065799e-01 7.454382e-09
3.975654e-01 2.919311e-09
4.629053e-01 -8.873384e-10
4.999628e-01 -3.060306e-09
4.902650e-01 -6.227351e-09
4.244376e-01 -2.624037e-08
4.976412e-01 2.982166e-08
3.900406e-01 1.480829e-08
4.671936e-01 -2.206614e-08
4.923827e-01 5.422775e-09
4.787906e-01 1.585271e-10
4.426930e-01 4.539073e-09
3.575179e-01 -1.023912e-08
4.817910e-01 -1.934789e-08
4.815342e-01 -1.462864e-08
4.811365e-01 -9.973135e-09
4.225630e-01 3.334497e-09
4.664532e-01 -1.207825e-08
4.175898e-01 3.965557e-08
4.430960e-01 7.071005e-09
3.651907e-01 5.064584e-09
3.937912e-01 -3.516311e-08
4.465292e-01 5.619253e-09
3.901134e-01 3.003950e-08
4.981418e-01 -1.312582e-09
4.913437e-01 -1.357349e-08
4.980300e-01 2.087479e-09
4.975604e-01 -2.306096e-09
4.813582e-01 4.255438e-09
1.974040e-01 -3.099208e-08
1.816039e-01 1.985445e-09
1.806154e-01 6.709952e-09
1.791331e-01 2.465876e-08
1.822658e-01 1.029788e-08
2.775632e-01 9.659751e-09
1.863197e-01 -1.241582e-08
9.537159e-02 -1.325739e-09
9.872142e-02 -1.525927e-09
2.853701e-01 -1.583883e-08
4.966427e-01 1.539495e-09
9.977326e-02 -2.806641e-09
9.611673e-02 -2.935251e-09
1.935315e-01 2.360963e-08
9.390928e-02 -4.955567e-09
9.484063e-02 -3.130376e-09
1.944762e-01 8.791840e-09
1.948545e-01 6.980636e-09
1.930073e-01 6.477602e-09
8.539719e-02 1.862750e-09
8.599162e-02 2.052726e-09
8.361968e-02 1.987849e-09
4.936803e-01 3.667356e-09
8.317985e-02 3.811000e-09
8.073888e-02 1.286728e-09
8.025964e-02 3.530334e-09
1.771610e-01 1.279097e-08
1.903438e-01 -1.395493e-08
8.159869e-02 -2.697110e-09
9.142817e-02 7.725601e-10
9.119180e-02 -1.623077e-09
8.522856e-02 -5.829808e-09
9.119163e-02 5.841638e-09
8.792091e-02 3.387547e-09
1.676372e-01 -9.539759e-09
1.642104e-01 -7.504442e-09
1.675463e-01 -1.865931e-08
1.700555e-01 -1.923471e-08
4.982802e-01 3.222614e-08
1.630945e-01 -3.384022e-10
1.714562e-01 3.858167e-09
8.688841e-02 -5.857649e-09
1.864182e-01 -1.342328e-08
4.548719e-01 -3.246117e-10
1.789345e-01 1.215196e-08
1.638681e-01 1.733211e-08
1.638681e-01 1.507319e-08
1.065798e-01 8.376670e-09
1.469596e-01 4.485821e-09
1.772012e-01 8.396759e-09
2.044164e-01 7.358094e-09
1.785260e-01 2.088623e-08
1.510478e-01 1.327661e-08
2.075529e-01 2.100024e-08
1.662702e-01 7.589171e-09
1.647852e-01 -1.987105e-10
1.094669e-01 1.041763e-09
4.859888e-01 2.277859e-08
4.925336e-01 1.343331e-08
4.958537e-01 2.046314e-08
1.746402e-01 1.058043e-08
2.057616e-01 8.478287e-09
1.471424e-01 -1.241614e-08
3.336689e-01 2.225027e-08
2.870332e-01 2.164194e-08
3.086825e-01 2.380252e-08
1.797576e-01 -6.492830e-09
1.491909e-01 -3.783908e-09
2.125235e-01 -1.074292e-08
1.577911e-01 2.893142e-09
2.185897e-01 -9.138757e-09
1.829301e-01 -6.884953e-09
4.486480e-01 1.786780e-08
4.587904e-01 1.063036e-08
4.376874e-01 1.153590e-08
1.598537e-01 7.836035e-10
2.204599e-01 -1.289565e-08
2.098009e-01 -5.286946e-09
1.800446e-01 -6.501904e-09
1.499352e-01 -5.101738e-09
1.454689e-01 -1.802002e-09
2.038876e-01 5.937674e-09
1.731367e-01 7.535934e-09
1.787299e-01 1.762774e-09
2.083295e-01 2.247476e-09
1.519331e-01 3.828723e-09
2.305270e-01 -1.392892e-08
1.849738e-01 -1.258007e-08
2.318628e-01 -1.631341e-08
2.640853e-01 3.303113e-09
2.881795e-01 3.464420e-10
3.054543e-01 4.879970e-09
2.185617e-01 -1.213800e-08
1.558644e-01 -5.631600e-09
1.025824e-01 5.917144e-09
1.349331e-01 8.524889e-09
2.339063e-01 6.279181e-09
2.137654e-01 2.626439e-09
2.335733e-01 -3.225708e-09
2.597542e-01 -3.734683e-09
2.572309e-01 -1.405542e-08
4.313389e-01 2.595847e-08
4.440180e-01 1.903204e-08
4.539656e-01 2.613160e-08
4.952422e-01 1.307801e-08
4.865167e-01 2.012175e-08
4.638298e-01 2.974940e-08
4.728551e-01 2.349731e-08
2.715499e-01 1.716670e-08
2.424173e-01 1.986296e-08
1.331712e-01 3.646141e-09
9.851348e-02 -2.923983e-09
1.736520e-01 -7.564348e-09
2.057667e-01 -4.133175e-09
1.476937e-01 -1.351183e-09
4.113681e-01 1.011427e-08
4.248677e-01 6.243993e-09
9.766433e-02 -6.942202e-09
1.318643e-01 5.404315e-09
2.915964e-01 2.921373e-08
2.673755e-01 2.821487e-08
2.441722e-01 2.842185e-08
2.056679e-01 1.375654e-08
1.519152e-01 1.027027e-08
3.421138e-01 6.255188e-09
3.230494e-01 7.086060e-10
3.025914e-01 1.844890e-09
4.866367e-01 1.976345e-08
4.962027e-01 2.239930e-08
1.527926e-01 -5.137259e-09
2.104248e-01 -2.743128e-09
2.660370e-01 -1.907108e-08
2.234698e-01 -1.676272e-08
6.062045e-02 -1.368854e-09
6.062045e-02 -4.382671e-09
1.724643e-01 -4.434230e-09
2.060461e-01 -1.019119e-08
3.443702e-01 5.502498e-09
3.236250e-01 5.247327e-09
3.332167e-01 2.773666e-08
2.865216e-01 2.572990e-08
1.955825e-01 2.995873e-08
1.662768e-01 2.134421e-08
1.425936e-01 2.677570e-08
1.482045e-01 4.971205e-10
2.063809e-01 2.226026e-09
1.730910e-01 5.537735e-09
4.973268e-01 2.783427e-08
4.996103e-01 1.821504e-08
1.532487e-01 -5.652189e-10
2.052522e-01 7.912112e-09
4.762090e-01 2.003166e-08
4.685795e-01 3.060888e-09
2.664784e-01 -2.200815e-08
2.192762e-01 -1.818039e-08
2.400278e-01 -1.486591e-08
1.514112e-01 1.720213e-08
2.052044e-01 2.297663e-08
5.488492e-02 -3.089455e-09
1.119709e-01 -8.725723e-09
1.359898e-01 2.742356e-09
1.030065e-01 3.279693e-09
1.711894e-01 8.662560e-09
2.043179e-01 1.355712e-08
1.469593e-01 8.418095e-09
1.438775e-01 5.179571e-09
2.014970e-01 7.885054e-09
2.038627e-01 6.519099e-09
1.454486e-01 1.011102e-08
2.061578e-01 6.164594e-09
1.527195e-01 3.966006e-09
1.296073e-01 2.024892e-09
9.921373e-02 -2.054211e-09
3.409345e-01 2.682379e-09
3.763143e-01 1.936166e-09
1.729281e-01 2.033045e-08
2.021217e-01 1.743244e-08
1.423874e-01 -1.424680e-09
1.458683e-01 2.188102e-08
2.052978e-01 2.437739e-08
4.994777e-01 -6.405957e-09
4.980026e-01 1.870067e-08
4.726842e-01 1.156963e-08
4.804080e-01 2.042815e-08
3.124080e-01 2.981160e-08
3.321981e-01 3.091957e-08
9.572286e-02 1.251255e-08
1.280456e-01 1.203081e-08
2.385528e-01 2.363825e-08
2.950039e-01 3.055669e-08
3.352543e-01 3.433402e-08
3.733823e-01 3.853163e-08
3.557808e-01 3.624577e-08
3.387121e-01 3.614353e-08
3.895268e-01 3.873850e-08
4.035708e-01 3.949688e-08
4.807544e-01 1.511996e-09
4.913098e-01 7.286782e-09
4.892981e-01 -1.966864e-09
3.433717e-01 1.234796e-09
3.039982e-01 -2.986628e-09
3.811982e-01 6.809839e-09
3.974729e-01 8.293642e-09
3.742695e-01 3.384851e-08
4.043449e-01 3.631681e-08
4.305531e-01 3.710885e-08
4.183540e-01 3.220082e-08
2.785599e-01 2.010378e-09
2.560823e-01 -2.258921e-09
4.052675e-01 2.393369e-08
1.485507e-01 1.312454e-08
2.070476e-01 1.391256e-08
1.571606e-01 5.327683e-09
2.137442e-01 8.834482e-09
4.952776e-01 -6.306205e-09
4.869522e-01 6.301953e-11
2.134299e-01 2.616543e-08
1.574703e-01 1.773894e-08
3.373388e-01 9.213076e-09
2.974359e-01 1.040546e-08
3.177839e-01 8.725825e-09
1.580933e-01 5.235732e-09
2.139663e-01 2.981237e-09
2.278706e-01 7.474936e-09
2.543390e-01 8.231646e-09
3.016151e-01 3.491114e-09
4.056422e-01 1.094836e-09
3.918355e-01 3.195239e-09
3.703164e-01 3.625440e-08
1.510255e-01 -1.412025e-08
1.092316e-01 2.304616e-09
4.029626e-01 3.177897e-08
3.700263e-01 3.216915e-08
3.862742e-01 3.548852e-08
2.058443e-01 1.722087e-08
1.476102e-01 1.967418e-08
7.389968e-02 -7.214744e-09
1.187298e-01 -9.620227e-09
4.866588e-02 -3.208501e-09
1.455276e-01 -1.059121e-08
1.901368e-01 -1.442337e-08
1.415510e-01 -1.037554e-08
3.639160e-01 6.001344e-09
3.468192e-01 4.433933e-09
4.448005e-02 -2.317314e-09
1.148817e-01 -1.357138e-08
3.187134e-01 1.057004e-08
2.978172e-01 -2.048270e-09
3.389986e-01 6.556945e-10
1.067983e-01 3.640547e-09
1.466297e-01 -4.521482e-09
3.021093e-01 -1.616240e-08
3.214518e-01 -2.356539e-08
3.416223e-01 -2.525887e-08
2.501639e-01 2.595811e-08
2.766436e-01 3.054179e-08
2.844602e-01 -1.155614e-08
2.610302e-01 -1.312039e-08
3.921986e-01 -3.886136e-08
4.079205e-01 -4.118507e-08
3.769518e-01 -3.395879e-08
2.745979e-01 1.310868e-08
2.516768e-01 9.776131e-09
3.377599e-01 7.738339e-09
2.979059e-01 8.610428e-09
3.608101e-01 -2.565676e-08
9.490175e-02 -3.969150e-09
1.466640e-01 -1.273194e-08
2.955034e-01 1.744417e-08
2.517411e-01 1.166274e-08
4.341377e-01 -4.599233e-08
4.452513e-01 -4.379201e-08
4.560569e-01 -4.765686e-08
4.332560e-01 -1.515658e-08
4.553362e-01 -1.655781e-08
4.950874e-01 -3.681446e-09
4.862571e-01 -1.392233e-08
3.526115e-01 2.974878e-08
9.902512e-02 -1.218421e-10
4.032132e-01 3.705698e-08
4.730391e-01 -7.455867e-09
4.221101e-01 -4.558489e-08
2.112497e-01 9.218990e-09
2.036861e-01 -4.229371e-09
1.711627e-01 1.052774e-08
4.170738e-02 -2.943531e-09
9.966102e-02 -3.084532e-09
1.385643e-01 -1.806686e-09
1.298964e-01 -6.287574e-09
4.803982e-01 -2.779930e-08
2.526542e-01 -1.437428e-11
2.285367e-01 6.633779e-09
4.992174e-01 -4.308074e-09
4.943026e-01 -2.725285e-09
4.973128e-01 -4.243557e-09
2.233858e-01 2.123536e-08
4.944574e-01 -2.378491e-09
4.852483e-01 -1.500860e-09
4.902728e-01 -1.446084e-09
4.745581e-01 -9.344786e-09
4.665101e-01 -1.185511e-08
4.574130e-01 -1.202274e-08
2.540529e-01 1.862874e-08
2.764404e-01 1.916331e-08
2.990317e-01 2.424248e-08
4.813664e-01 -1.001195e-08
4.744688e-01 -1.094124e-08
4.872622e-01 -9.063082e-09
4.849965e-01 -5.385302e-10
4.956177e-01 -7.999590e-09
4.918856e-01 -8.730272e-09
4.871261e-01 -9.125673e-09
2.618724e-01 -8.901279e-09
2.142284e-01 -1.014719e-08
4.472137e-01 -9.385526e-09
4.358645e-01 -1.471735e-08
4.572976e-01 -1.372242e-08
4.714162e-01 -4.315849e-09
4.851605e-01 -6.326568e-09
4.788826e-01 -5.701976e-09
4.742762e-01 -1.090763e-08
4.902747e-01 -6.998695e-09
4.943948e-01 -8.099651e-09
4.435027e-01 -5.771280e-11
4.542031e-01 -7.693148e-09
4.319641e-01 -6.804747e-09
2.764497e-01 -4.123871e-09
4.315989e-01 5.874498e-09
4.539034e-01 3.111773e-09
3.389723e-01 2.126669e-08
2.977878e-01 1.483165e-08
4.714430e-01 -4.822227e-09
4.851798e-01 -6.654602e-09
4.576157e-01 -1.260182e-08
4.667950e-01 -1.201428e-08
4.747960e-01 -1.171756e-08
4.055744e-01 -1.544978e-08
4.193422e-01 -1.303470e-08
4.321754e-01 -1.841341e-08
3.790403e-01 4.881670e-09
4.080212e-01 4.835735e-09
4.815920e-01 -1.197600e-08
4.874506e-01 -1.095578e-08
4.053251e-01 -3.987369e-09
4.056949e-01 -1.454710e-08
3.747071e-01 -1.201995e-08
3.907090e-01 -1.501359e-08
4.902073e-01 -3.827000e-09
4.943406e-01 -3.967912e-09
4.848531e-01 -1.823708e-09
2.835362e-01 -4.104001e-09
4.849912e-01 -3.831821e-09
4.944249e-01 -5.556836e-09
4.348761e-01 2.166265e-09
4.992314e-01 -5.633325e-09
2.394433e-01 4.139896e-09
2.167871e-01 -7.154531e-09
2.632897e-01 3.231919e-09
4.997598e-01 1.694441e-08
4.956991e-01 -1.168315e-08
4.920693e-01 -1.325591e-08
4.873627e-01 -1.260387e-08
4.746715e-01 -1.368084e-08
4.787683e-01 -3.808925e-09
4.713357e-01 -3.823371e-09
4.851615e-01 -5.734579e-09
3.745682e-01 -1.134086e-08
2.317366e-01 -1.674761e-08
4.629367e-01 -3.380136e-09
4.533015e-01 -2.433476e-09
3.041649e-01 4.700659e-09
4.995159e-01 1.677927e-10
4.993864e-01 1.081931e-08
4.999968e-01 6.130646e-09
3.747921e-01 3.591685e-08
3.389764e-01 3.046362e-08
3.573012e-01 3.601205e-08
3.572723e-01 -6.774723e-09
3.747382e-01 4.174449e-09
3.376234e-01 1.465128e-08
2.985090e-01 1.460262e-08
3.180238e-01 1.638596e-08
1.748494e-01 5.636050e-09
2.094378e-01 7.087540e-09
1.574816e-01 1.507471e-09
3.349241e-01 1.860332e-08
2.526769e-01 7.031696e-09
4.648486e-01 -8.308030e-10
2.269612e-01 -1.887791e-08
4.710992e-01 -1.341081e-09
4.900976e-01 2.055350e-10
4.942647e-01 -3.499417e-09
4.849682e-01 3.449014e-10
4.531642e-01 -1.160709e-09
4.714327e-01 -1.355823e-09
4.533464e-01 1.613712e-09
4.629772e-01 1.332022e-09
4.567967e-01 1.209294e-08
4.742389e-01 1.034860e-08
4.661858e-01 5.650372e-09
4.425875e-01 8.195564e-09
4.306884e-01 1.203227e-08
4.531999e-01 8.254376e-09
4.850876e-01 -5.498281e-09
4.943500e-01 -7.730726e-09
4.976015e-01 6.005158e-09
4.993603e-01 6.273819e-09
4.947802e-01 1.137432e-08
4.941300e-01 4.142700e-10
4.847507e-01 4.478502e-09
4.792446e-01 -3.252351e-09
4.716934e-01 1.779196e-10
4.956747e-01 -8.586384e-09
4.872238e-01 -9.548687e-09
4.995386e-01 3.671325e-09
4.971541e-01 8.680189e-10
4.991375e-01 -3.572232e-09
1.370600e-01 -7.123360e-10
1.285862e-01 7.914368e-09
4.714206e-01 1.023211e-09
4.533310e-01 4.553770e-09
4.631014e-01 2.933880e-09
4.994672e-01 -3.818144e-09
4.978811e-01 -7.416254e-09
4.815207e-01 -1.048643e-08
4.743196e-01 -1.101835e-08
4.874757e-01 -1.022219e-08
4.746771e-01 -1.131813e-08
3.389633e-01 -7.604307e-09
4.940832e-01 5.844755e-09
4.991195e-01 1.726736e-09
3.747885e-01 2.525526e-08
4.851034e-01 -4.297958e-09
4.787910e-01 -3.620851e-09
3.198955e-01 2.565956e-08
4.999619e-01 3.107268e-09
4.991037e-01 8.996689e-09
4.997067e-01 4.694107e-09
4.816481e-01 -1.751395e-08
4.875213e-01 -1.749648e-08
4.748137e-01 -1.966873e-08
4.355160e-01 -2.965276e-09
4.571289e-01 -2.129694e-09
4.996976e-01 -2.018840e-09
4.944476e-01 -7.116124e-09
4.903746e-01 -7.091842e-09
4.712605e-01 4.291460e-09
4.626779e-01 8.344609e-09
2.710401e-01 1.065298e-08
2.478711e-01 1.107614e-08
4.714109e-01 -3.056820e-09
4.991956e-01 -9.959905e-09
4.973150e-01 -8.721764e-09
4.943431e-01 -7.164032e-09
4.574615e-01 -1.296649e-08
4.957297e-01 -1.357740e-08
4.874151e-01 -1.531552e-08
4.976990e-01 1.528972e-08
4.948499e-01 2.704973e-08
9.822001e-02 1.607837e-09
3.906486e-01 1.557879e-08
3.744091e-01 2.236117e-08
4.991930e-01 -9.223548e-09
4.943312e-01 -5.896208e-09
4.973020e-01 -6.643263e-09
4.991678e-01 -7.192160e-09
4.324717e-01 5.420735e-09
4.058363e-01 5.077034e-09
4.196461e-01 -6.897596e-09
4.980640e-01 1.261387e-09
4.995922e-01 -2.528727e-09
4.955228e-01 3.387372e-09
4.308480e-01 7.966783e-09
4.746631e-01 -1.697634e-08
4.323520e-01 -1.527062e-08
4.994212e-01 8.684883e-09
4.949518e-01 1.223623e-08
4.957706e-01 -1.513439e-08
4.922091e-01 -1.679227e-08
4.952376e-01 -1.985284e-08
4.902785e-01 -5.090462e-09
4.992409e-01 -7.996187e-09
4.973727e-01 -7.068078e-09
4.992325e-01 -6.875987e-09
4.941057e-01 1.316636e-08
4.971416e-01 1.507909e-08
2.776268e-01 9.564498e-09
3.908902e-01 1.706635e-08
1.033253e-01 -2.227756e-09
1.439797e-01 -3.041862e-09
4.944588e-01 -7.922777e-09
4.744953e-01 -1.811399e-09
4.857332e-01 2.871350e-09
4.907504e-01 -4.651653e-09
4.947204e-01 2.702275e-09
4.850840e-01 -2.475661e-09
2.994444e-01 4.381319e-09
3.393458e-01 1.022975e-08
4.727198e-01 8.988728e-09
4.798538e-01 3.477911e-08
4.860308e-01 2.425520e-08
2.776062e-01 2.189004e-08
2.994819e-01 2.805734e-08
2.549468e-01 2.137144e-08
4.995513e-01 2.361425e-09
4.993392e-01 2.911221e-09
4.999938e-01 -3.761210e-10
4.940742e-01 2.053278e-08
4.990915e-01 1.658794e-08
4.787574e-01 6.629978e-10
2.998034e-01 1.903103e-08
2.553023e-01 1.577215e-08
4.577529e-01 -2.161240e-08
4.669560e-01 -2.163927e-08
4.366205e-01 -2.512094e-08
4.580273e-01 -2.322340e-08
4.480134e-01 -2.439476e-08
3.819180e-01 -1.947595e-08
3.973620e-01 -2.215050e-08
4.117830e-01 -1.822600e-08
2.310089e-01 2.123046e-08
4.991981e-01 -9.793793e-09
4.369272e-01 -2.511951e-08
4.582768e-01 -2.276336e-08
4.066764e-01 -1.474077e-08
3.755143e-01 -1.501428e-08
4.057311e-01 8.645510e-09
3.749431e-01 7.698515e-09
4.750255e-01 -2.092462e-08
4.372111e-01 -2.214130e-08
4.115930e-01 -2.418955e-08
4.248387e-01 -2.516844e-08
2.438951e-01 -1.440501e-08
2.655780e-01 -1.474376e-08
4.549255e-01 1.374779e-08
4.993027e-01 -7.787415e-09
4.999878e-01 -4.919864e-09
4.721047e-01 -7.894642e-09
4.638376e-01 -1.515234e-08
4.725420e-01 4.677306e-08
4.859035e-01 3.764824e-08
4.250672e-01 -1.358658e-08
4.372600e-01 -1.613227e-08
3.203084e-01 1.421443e-08
3.393453e-01 2.112332e-08
3.909917e-01 3.286036e-08
4.059710e-01 4.204216e-08
4.997213e-01 1.311505e-08
4.959488e-01 1.157318e-08
4.983740e-01 7.344661e-09
3.094410e-01 -1.816384e-08
2.875309e-01 -1.498367e-08
2.545235e-01 2.748130e-08
4.954368e-01 3.618781e-09
4.995660e-01 -6.467341e-10
2.689196e-01 -1.848311e-08
2.227457e-01 -1.544417e-08
2.445733e-01 -1.546083e-08
4.058798e-01 2.971338e-08
4.722902e-01 -1.905827e-08
4.544409e-01 -2.031733e-08
4.958937e-01 1.639246e-09
3.003269e-01 3.478710e-10
3.400274e-01 -9.922896e-09
2.998421e-01 6.732796e-09
3.393799e-01 7.458120e-09
2.573998e-01 1.669243e-09
2.550000e-01 -5.839726e-09
3.038397e-01 1.090180e-08
2.574701e-01 1.814256e-09
4.060757e-01 1.498367e-08
3.749129e-01 1.392953e-08
2.559755e-01 1.288798e-08
2.554394e-01 5.238152e-09
2.904079e-01 -2.177910e-08
3.093276e-01 -2.188322e-08
2.945605e-01 -2.027275e-08
3.017858e-01 -1.966423e-08
4.625640e-01 3.393770e-08
4.710523e-01 2.919101e-08
4.528941e-01 3.303715e-08
4.439588e-01 -1.905137e-08
4.197579e-01 5.756293e-08
4.325374e-01 3.060085e-08
2.985156e-01 1.646026e-08
2.528724e-01 1.599529e-08
4.441185e-01 1.510553e-08
4.546313e-01 4.701344e-09
4.419388e-01 3.170661e-08
4.301443e-01 3.594690e-08
4.112562e-01 -2.689782e-08
4.640090e-01 -6.308961e-09
4.545856e-01 -1.497651e-08
4.723274e-01 -1.381423e-08
3.820191e-01 -1.287108e-08
3.479011e-01 -1.442963e-08
3.654668e-01 -1.656182e-08
3.379077e-01 1.456373e-08
3.194083e-01 1.935957e-08
4.795190e-01 -1.735029e-08
4.856407e-01 -1.706381e-08
4.326146e-01 4.995628e-08
2.690361e-01 -8.481263e-09
2.241684e-01 -9.723957e-09
2.457453e-01 -1.234418e-08
4.711091e-01 3.461660e-08
4.529665e-01 3.746678e-08
4.372881e-01 -7.986201e-09
4.118163e-01 -1.074495e-08
4.301227e-01 2.975298e-08
4.172693e-01 2.766384e-08
3.477863e-01 -1.948378e-08
3.291223e-01 -2.196695e-08
2.558292e-01 2.401311e-08
2.318092e-01 1.878230e-08
4.899757e-01 2.563450e-08
4.847619e-01 2.470029e-08
4.723630e-01 3.707959e-09
3.467116e-01 -1.995903e-08
3.219467e-01 -1.945944e-08
4.710785e-01 8.661509e-09
4.529677e-01 1.278370e-08
4.906612e-01 -1.156074e-08
4.855448e-01 -7.440893e-09
4.945703e-01 -6.277520e-09
4.528763e-01 2.607226e-08
4.033621e-01 2.538752e-08
3.875435e-01 2.340891e-08
3.709226e-01 2.682345e-08
4.946291e-01 -1.308238e-08
4.327478e-01 1.589813e-08
4.323810e-01 1.567306e-09
4.957996e-01 -1.540114e-08
4.875710e-01 -1.826555e-08
4.856675e-01 -1.168542e-08
3.093265e-01 -2.366048e-08
2.671068e-01 -2.055978e-08
2.888658e-01 -2.423202e-08
4.324562e-01 9.308891e-09
4.548797e-01 9.854692e-09
2.202650e-01 -1.527206e-08
1.689159e-01 -1.493573e-08
1.953831e-01 -1.883222e-08
3.094984e-01 -1.459755e-08
2.656416e-01 -1.269941e-08
4.546851e-01 2.751683e-08
3.292982e-01 -1.236849e-08
9.255734e-02 -1.421641e-09
1.404918e-01 -8.723332e-09
4.304616e-01 2.265526e-08
3.713197e-01 2.173564e-08
3.534603e-01 2.026402e-08
3.974922e-01 -7.509322e-09
4.751760e-01 -1.683679e-08
4.583543e-01 -1.958133e-08
4.672813e-01 -2.016703e-08
4.175242e-01 3.821143e-08
4.974418e-01 -3.868969e-09
4.992300e-01 -3.646344e-09
4.037056e-01 1.940707e-08
4.992717e-01 -4.869775e-09
3.476840e-01 -2.535765e-08
2.729525e-01 -2.145526e-08
2.426597e-01 -2.301948e-08
3.002337e-01 2.900295e-08
2.567786e-01 2.917874e-08
2.783227e-01 2.785645e-08
3.090919e-01 -1.755355e-08
2.650984e-01 -1.439943e-08
2.865187e-01 -1.591110e-08
3.094999e-01 -2.441168e-08
2.691093e-01 -2.143408e-08
4.999781e-01 -4.718262e-09
4.996319e-01 -4.763032e-09
4.994104e-01 -6.558654e-09
4.956548e-01 -7.385760e-09
4.920437e-01 -7.871581e-09
3.727016e-01 1.322843e-08
3.562985e-01 1.184118e-08
4.583941e-01 -1.375386e-08
4.483573e-01 -1.820675e-08
3.816983e-01 -2.542236e-08
3.391874e-01 3.152701e-08
3.198367e-01 3.345664e-08
4.996405e-01 -6.046427e-09
4.943743e-01 2.762988e-08
4.852454e-01 3.002236e-08
3.724234e-01 1.775549e-08
3.472893e-01 -2.404713e-08
3.288705e-01 -2.091255e-08
3.470784e-01 -1.907450e-08
3.811287e-01 -2.015640e-08
3.645543e-01 -1.777486e-08
3.738625e-01 7.481073e-09
3.564695e-01 7.550197e-09
3.385764e-01 9.413212e-09
4.981832e-01 -7.033636e-09
3.386768e-01 2.116470e-08
2.993731e-01 2.410386e-08
2.673947e-01 -2.403369e-08
3.095870e-01 -2.582663e-08
4.443344e-01 4.388851e-08
3.081469e-01 -2.201293e-08
2.676730e-01 -2.805060e-08
2.211746e-01 -2.412728e-08
4.908737e-01 4.153785e-08
4.956937e-01 -6.540890e-09
4.873289e-01 -7.600147e-09
4.783415e-01 9.262838e-09
3.736238e-01 9.551256e-09
3.386651e-01 1.119550e-08
4.996298e-01 -6.867442e-09
2.989512e-01 3.232146e-08
3.807920e-01 -1.841442e-08
3.641974e-01 -1.916128e-08
2.562737e-01 -1.758259e-10
2.328646e-01 1.019145e-09
3.468937e-01 -1.911105e-08
3.019929e-01 -1.754472e-08
3.731407e-01 5.723349e-09
4.997284e-01 1.882807e-08
4.999536e-01 1.876941e-08
4.990785e-01 2.536440e-08
4.999828e-01 -6.879052e-09
3.465126e-01 -2.126051e-08
3.277622e-01 -2.491179e-08
2.893020e-01 -3.217654e-08
2.682400e-01 -3.538135e-08
3.084379e-01 -3.506399e-08
3.809659e-01 -1.743455e-08
3.887058e-01 1.460931e-08
4.040687e-01 1.094590e-08
4.981891e-01 -4.576378e-09
3.388846e-01 2.574376e-08
3.204440e-01 2.742726e-08
3.730628e-01 6.662926e-09
3.559905e-01 1.003296e-08
3.004464e-01 2.563578e-08
2.713089e-01 2.130794e-08
2.491961e-01 2.560784e-08
3.806166e-01 -1.927721e-08
4.304480e-01 3.959739e-08
4.709517e-01 2.199929e-08
4.624338e-01 2.029595e-08
4.993212e-01 -4.815907e-09
3.079224e-01 -2.896251e-08
3.896934e-01 7.268583e-09
4.043935e-01 4.944301e-09
4.815232e-01 -5.899843e-09
3.427816e-01 1.128718e-08
3.249358e-01 1.001350e-08
4.739614e-01 1.047744e-08
4.868924e-01 7.091201e-09
4.810679e-01 9.847936e-09
4.953278e-01 1.499507e-09
4.979882e-01 3.992096e-09
4.528660e-01 1.889442e-08
4.422363e-01 1.757073e-08
3.737080e-01 1.643192e-08
3.568672e-01 2.155707e-08
3.292372e-01 -2.619401e-08
3.474817e-01 -2.616035e-08
3.966317e-01 -2.295897e-08
4.109055e-01 -2.045220e-08
3.649205e-01 -2.580606e-08
3.812858e-01 -2.479141e-08
4.876349e-01 -1.709478e-08
4.751162e-01 -2.002402e-08
4.818889e-01 -1.935784e-08
2.694520e-01 -1.678934e-09
2.435805e-01 -3.623719e-09
2.214572e-01 8.195434e-11
4.374629e-01 1.293362e-08
4.120026e-01 8.428192e-09
4.252062e-01 6.349229e-09
4.709436e-01 1.455967e-08
3.461021e-01 -3.248186e-08
3.280286e-01 -3.444273e-08
4.752246e-01 -1.114933e-08
4.673724e-01 -8.740337e-09
4.876741e-01 -1.380561e-08
4.819872e-01 -1.285449e-08
4.790165e-01 3.250622e-08
4.958175e-01 -1.398165e-08
4.922841e-01 -1.415535e-08
3.095680e-01 -9.009460e-09
2.908355e-01 -4.437925e-09
4.805624e-02 -2.338663e-09
4.805623e-02 -1.125973e-09
6.059229e-02 4.071156e-09
6.059230e-02 -6.310772e-10
6.173514e-02 -8.907908e-10
6.173515e-02 2.488179e-09
4.907682e-02 -4.107948e-10
4.907682e-02 1.289216e-09
5.835371e-02 -9.617787e-10
5.835371e-02 -2.528894e-09
5.715461e-02 5.052032e-10
5.715462e-02 1.272364e-09
3.087328e-01 -3.346117e-08
2.680258e-01 -3.455099e-08
2.894072e-01 -2.965312e-08
4.846527e-01 1.019918e-08
3.735653e-01 1.084942e-08
4.038272e-01 1.536372e-08
3.800631e-01 -2.710949e-08
3.463664e-01 -3.102168e-08
3.638643e-01 -2.690418e-08
3.963209e-01 -1.696141e-08
4.106075e-01 -1.628353e-08
3.463118e-01 -2.739967e-08
4.584476e-01 -5.460641e-09
4.484424e-01 -1.421605e-09
4.996291e-01 -7.713508e-09
4.878871e-01 2.348763e-08
4.924670e-01 1.721897e-08
4.959949e-01 1.866418e-08
4.975400e-01 -1.011581e-08
4.305852e-01 1.648672e-08
4.957148e-01 -1.031476e-08
4.921602e-01 -1.011662e-08
4.982182e-01 -8.539678e-09
4.957294e-01 -9.369052e-09
2.998634e-01 2.477834e-09
2.785950e-01 -8.075189e-10
2.562311e-01 2.086051e-09
4.041856e-01 7.086821e-09
4.350464e-01 1.420671e-08
4.567428e-01 1.312810e-08
4.464788e-01 1.363458e-08
4.532071e-01 2.042510e-09
4.627061e-01 1.869281e-09
3.738918e-01 2.064179e-08
4.043779e-01 3.262812e-09
3.890014e-01 4.485386e-09
4.996531e-01 -1.176004e-08
4.982567e-01 -1.340808e-08
4.239350e-01 -1.568326e-08
4.362305e-01 -1.413219e-08
4.043102e-01 3.538943e-09
4.310084e-01 6.175885e-09
4.426164e-01 2.145895e-09
4.996490e-01 -9.751555e-09
4.982178e-01 -1.057089e-08
5.556637e-02 3.794628e-09
5.556637e-02 3.285630e-09
1.125808e-01 1.205213e-09
4.996450e-01 -8.696561e-09
4.999805e-01 -8.879885e-09
4.996647e-01 -1.261898e-08
4.999742e-01 -1.123171e-08
4.996445e-01 -1.063998e-08
4.992110e-01 -9.557056e-09
4.999777e-01 -1.045302e-08
4.996664e-01 -1.241753e-08
4.982790e-01 -1.335286e-08
3.475596e-01 -2.725652e-08
3.638133e-01 -2.855103e-08
3.802486e-01 -2.777893e-08
3.814554e-01 -2.681599e-08
2.318467e-01 1.769332e-08
4.044108e-01 6.574741e-09
3.895793e-01 1.120741e-08
4.101293e-01 -2.239223e-08
4.357178e-01 -1.735116e-08
4.235242e-01 -1.908855e-08
4.996715e-01 -1.069528e-08
4.999680e-01 -7.431557e-09
4.783916e-01 2.355356e-08
3.744193e-01 -1.375714e-09
3.903017e-01 4.505898e-09
4.110415e-01 -2.441821e-08
4.107580e-01 -1.659963e-08
5.488489e-02 4.218892e-09
5.488489e-02 2.873364e-09
1.130184e-01 1.077711e-08
2.544922e-01 -5.935314e-10
4.470519e-01 -1.544073e-08
4.572078e-01 -1.349440e-08
3.956401e-01 -2.528095e-08
4.363080e-01 -1.565743e-08
4.241584e-01 -1.802130e-08
4.045348e-01 1.111909e-08
4.796281e-01 9.422587e-09
3.804336e-01 -2.394757e-08
2.998840e-01 1.606315e-08
2.485657e-01 1.518161e-08
3.390756e-01 2.359296e-08
4.711300e-01 1.256846e-09
4.532462e-01 4.946686e-09
4.183513e-01 1.066402e-08
4.104512e-01 -1.734641e-08
4.360984e-01 -1.515356e-08
4.099686e-01 -2.218668e-08
4.308402e-01 2.192002e-09
4.181946e-01 2.706736e-09
4.973694e-01 -8.760950e-09
4.309563e-01 2.461261e-09
4.786306e-01 4.362439e-10
3.801709e-01 -6.293130e-09
3.454450e-01 -6.780646e-09
3.624648e-01 -1.913698e-10
5.053566e-02 -4.277523e-09
5.053566e-02 -9.937388e-10
5.727651e-02 -4.019231e-09
5.727651e-02 -9.603819e-10
3.467086e-01 -2.284838e-08
3.803655e-01 -2.112027e-08
4.364326e-01 -1.971299e-08
4.992349e-01 -8.898929e-09
4.310772e-01 9.618486e-09
4.046159e-01 1.514391e-08
4.475309e-01 -1.368169e-08
4.308269e-01 6.282306e-10
4.532653e-01 -1.996279e-09
4.426905e-01 -1.082856e-09
3.779431e-01 1.135871e-08
3.608573e-01 1.093763e-08
3.741561e-01 1.150114e-08
4.050966e-01 8.329672e-09
4.984201e-01 2.413547e-08
4.548164e-01 5.258577e-08
4.181799e-01 2.899159e-09
4.576789e-01 -1.470060e-08
3.898383e-01 1.837061e-08
5.488490e-02 2.326372e-09
5.488491e-02 1.969170e-09
4.177218e-01 1.579196e-08
4.358560e-01 -1.640204e-08
4.102927e-01 -1.991396e-08
4.308709e-01 3.844995e-10
4.365367e-01 -2.325320e-08
4.476318e-01 -2.094053e-08
5.059770e-02 -2.309006e-09
5.059769e-02 -3.561846e-09
6.206116e-02 5.106108e-09
6.206115e-02 5.347840e-09
4.958403e-01 -1.068922e-08
3.959887e-01 -1.981478e-08
4.899575e-01 1.134643e-08
3.651360e-01 -2.734543e-08
4.877084e-01 -8.438189e-09
4.628739e-01 -2.546210e-09
3.959688e-01 -1.389905e-08
4.100120e-01 -1.785602e-08
4.358279e-01 -1.770034e-08
4.878072e-01 1.051866e-08
4.846889e-01 1.742226e-08
3.815886e-01 -2.780187e-08
4.243975e-01 -2.510473e-08
2.999020e-01 -1.481996e-09
4.234961e-01 -1.884763e-08
4.576680e-01 -1.845264e-08
4.181188e-01 7.449139e-09
4.427225e-01 7.850062e-09
3.391927e-01 1.375734e-08
3.200343e-01 8.431305e-09
4.586077e-01 1.739471e-08
5.718367e-02 9.711054e-09
5.718367e-02 -3.995485e-09
3.479633e-01 -6.934217e-09
4.658201e-01 9.462971e-09
4.996901e-01 -7.312567e-09
5.072106e-02 -5.053829e-09
5.072106e-02 5.716784e-09
5.488491e-02 -1.874210e-09
4.721532e-01 3.150360e-08
4.530530e-01 3.575990e-08
6.129152e-02 2.827408e-09
6.129152e-02 -2.013846e-09
6.187489e-02 4.143488e-09
6.187489e-02 1.127376e-09
4.958680e-01 -5.404656e-09
4.923488e-01 -3.493978e-09
4.724397e-01 2.401496e-08
4.641443e-01 6.329425e-08
4.752659e-01 -3.274463e-09
3.391742e-01 6.046499e-10
9.843829e-02 -1.196424e-08
1.155537e-01 -6.291076e-09
4.857882e-01 1.602090e-08
4.585066e-01 5.750229e-09
4.373605e-01 2.625971e-09
4.426950e-01 1.841454e-09
4.532584e-01 -4.712627e-10
3.783446e-01 5.637717e-09
5.769287e-02 4.257435e-10
5.769288e-02 1.018803e-09
4.995580e-02 -1.197332e-10
4.995581e-02 -2.152193e-09
3.785302e-01 1.037890e-08
3.574814e-01 -6.253766e-09
4.111409e-01 -2.643205e-08
3.968969e-01 -2.732390e-08
4.754213e-01 2.252569e-08
4.822393e-01 2.738725e-08
4.983364e-01 -6.621234e-09
4.098433e-01 -4.990695e-09
4.118812e-01 -8.366241e-10
3.820941e-01 -3.813078e-09
4.309472e-01 4.466834e-09
4.047557e-01 1.521900e-08
3.740526e-01 1.987450e-08
4.713279e-01 1.921804e-09
5.695423e-02 3.370949e-09
5.695424e-02 1.316354e-09
5.810965e-02 5.492635e-10
5.810965e-02 1.310974e-09
3.937502e-01 1.158097e-08
4.093663e-01 8.979899e-09
4.738121e-01 -5.832882e-09
4.564780e-01 -6.421034e-09
4.655951e-01 -5.305281e-08
3.572185e-01 1.855469e-08
1.131498e-01 5.133334e-09
3.099456e-01 -1.048044e-09
1.025487e-01 -7.772103e-09
1.094433e-01 2.505895e-09
4.738823e-01 4.798033e-09
4.808611e-01 2.724348e-09
4.867766e-01 3.419400e-09
2.678503e-01 -5.288235e-09
2.196970e-01 -1.466726e-08
4.884382e-01 3.002358e-08
4.675135e-01 1.349893e-08
4.867267e-01 -1.200213e-09
4.915660e-01 -2.842689e-08
4.753434e-01 8.211508e-09
4.090198e-01 1.403958e-08
4.225678e-01 1.292952e-08
1.048364e-01 9.586561e-09
4.463532e-01 3.238095e-09
4.348339e-01 -8.956480e-09
4.566408e-01 6.529615e-09
2.994786e-01 -3.075122e-09
4.667082e-01 -1.599572e-08
3.430727e-01 -1.241958e-09
4.662098e-01 -1.214918e-08
4.877527e-01 -7.603191e-10
4.572637e-01 -1.340583e-08
4.187331e-01 1.105444e-08
4.472394e-01 -1.448119e-08
4.422960e-01 3.868885e-08
4.734852e-01 -4.334441e-08
3.656054e-01 -1.258602e-10
4.313094e-01 1.047349e-08
4.351125e-01 1.082241e-08
4.817668e-02 -4.345732e-09
4.817668e-02 3.691174e-09
5.771557e-02 4.462377e-10
5.771556e-02 -1.524976e-09
5.837948e-02 -4.442618e-09
5.837948e-02 -6.319821e-10
4.737667e-02 3.803888e-09
4.737668e-02 6.410803e-09
4.534374e-01 5.561714e-09
4.820761e-01 3.030137e-09
3.393427e-01 -6.276827e-09
3.202492e-01 -4.460734e-09
3.088719e-01 4.312492e-10
9.715448e-02 8.443682e-09
4.350331e-01 7.869106e-09
1.500931e-01 5.097751e-09
2.026295e-01 1.189556e-08
4.090040e-01 9.501465e-09
3.571758e-01 2.778922e-08
3.942809e-01 4.903799e-09
4.229595e-01 4.307174e-09
3.819329e-01 4.651854e-09
4.996153e-01 -3.506962e-09
4.953684e-01 3.245933e-09
2.085146e-01 -2.280624e-08
1.790462e-01 -1.634454e-08
4.916603e-01 4.620899e-09
3.477802e-01 1.458061e-09
3.294618e-01 2.176199e-09
4.087441e-01 -7.560093e-09
3.782299e-01 -4.450204e-09
4.946804e-01 -8.844601e-09
1.491189e-01 -6.945055e-09
1.059373e-01 9.067480e-10
4.865751e-01 -3.238637e-08
4.870891e-01 7.631040e-09
4.956376e-01 -2.868919e-09
1.330321e-01 -3.403682e-09
1.023317e-01 3.806929e-09
1.389454e-01 -5.739632e-09
4.872846e-01 -1.973196e-09
4.919322e-01 1.850367e-09
2.326100e-01 1.065285e-08
2.553264e-01 9.924994e-09
2.988014e-01 1.011157e-08
1.536137e-01 -1.401116e-08
2.068801e-01 -1.037102e-08
1.530983e-01 4.073656e-09
2.064060e-01 3.825344e-09
2.056959e-01 1.124463e-08
1.523265e-01 3.063946e-08
2.071976e-01 3.883504e-09
1.539588e-01 -5.901493e-09
1.644740e-01 -1.431046e-08
2.161809e-01 -1.849530e-08
1.468099e-01 9.084918e-09
1.459154e-01 -1.082245e-08
9.632786e-02 3.751043e-09
2.448935e-01 -3.648911e-08
2.226466e-01 -3.155334e-08
3.194974e-01 1.064327e-08
2.402908e-01 -1.983795e-08
2.180752e-01 -1.421307e-08
9.726419e-02 7.364566e-11
2.989004e-01 1.093837e-08
2.483089e-01 8.027111e-09
4.894614e-02 2.473591e-09
5.071646e-02 4.849807e-10
9.717177e-02 -1.459021e-09
5.071646e-02 -8.816180e-10
1.496959e-01 -2.263348e-08
1.496411e-01 -2.151713e-08
4.894613e-02 1.727778e-11
9.464280e-02 -7.469994e-09
3.059110e-01 -8.486281e-09
9.764270e-02 5.818797e-09
9.593030e-02 6.373535e-10
3.073274e-01 -2.347385e-08
3.270594e-01 -1.585251e-08
9.550363e-02 -2.178772e-09
4.933959e-02 -3.107102e-09
2.384205e-01 2.757487e-08
9.724898e-02 -4.652268e-09
4.933959e-02 -1.540719e-09
5.127314e-02 -2.311702e-09
5.127314e-02 1.472137e-09
9.852909e-02 -6.210565e-10
2.228808e-01 -3.138342e-08
2.382137e-01 8.603050e-09
4.817455e-02 -4.062508e-09
9.315286e-02 2.399250e-09
4.817456e-02 -1.097621e-09
2.365367e-01 1.074475e-08
4.369747e-02 1.399052e-09
4.369747e-02 3.370154e-09
4.400934e-02 2.113952e-09
4.400933e-02 7.846001e-10
4.276561e-02 2.568430e-09
4.789201e-01 -6.863678e-10
4.877988e-01 -6.019912e-09
4.276561e-02 -6.893866e-12
4.959908e-01 2.278218e-10
1.383124e-01 -9.844566e-09
4.253520e-02 2.388599e-09
1.353124e-01 5.433212e-09
1.823643e-01 2.296631e-09
4.253520e-02 -3.608435e-10
4.125756e-02 1.090155e-09
4.125756e-02 1.127814e-09
4.100695e-02 9.509870e-10
4.866588e-02 6.657737e-10
4.686967e-01 -1.298114e-09
4.673491e-01 -1.829456e-10
4.100695e-02 -3.448945e-09
2.112365e-01 2.608001e-10
4.170738e-02 -1.243322e-09
4.497936e-01 -3.080915e-10
4.686704e-02 -1.933787e-10
4.686704e-02 -2.332839e-09
4.448005e-02 -1.800580e-09
4.360902e-02 2.136555e-09
1.050798e-01 7.625867e-10
4.674259e-02 -8.826730e-10
1.079944e-01 -4.890659e-09
1.079942e-01 -5.572755e-10
4.674250e-02 1.525945e-09
1.063945e-01 9.671380e-09
4.502233e-02 1.427636e-09
4.959025e-01 3.190123e-08
4.927775e-01 1.446822e-08
4.991188e-01 -1.066623e-08
4.998374e-01 5.003151e-09
4.360902e-02 -3.509596e-09
4.674259e-02 2.837137e-09
4.674250e-02 5.362513e-09
4.502233e-02 -1.740291e-09
1.424072e-01 -5.344296e-09
9.126543e-02 -1.912230e-09
1.838776e-01 -2.515652e-08
1.350975e-01 -1.451022e-08
1.547996e-01 -1.009739e-08
1.497137e-01 -1.332051e-08
1.770460e-01 -1.058442e-08
2.092800e-01 -1.373375e-08
1.399489e-01 8.823230e-09
1.826507e-01 -2.612824e-08
2.378397e-01 8.487997e-09
2.099299e-01 -2.466740e-08
2.203329e-01 1.924715e-08
4.975292e-01 1.109913e-08
4.519403e-01 4.719112e-11
4.382962e-01 1.830396e-09
1.325103e-01 -3.234775e-09
1.976195e-01 2.520121e-08
1.448011e-01 2.027764e-08
2.195059e-01 1.863282e-08
1.338354e-01 -1.483064e-08
4.983628e-01 1.232431e-08
4.999797e-01 1.752599e-08
4.997040e-01 3.816444e-08
1.364982e-01 -3.103986e-09
1.788117e-01 -9.338129e-09
1.344777e-01 -3.003557e-09
1.378085e-01 3.502818e-09
1.349515e-01 -1.422753e-08
1.381614e-01 5.093717e-09
1.390106e-01 9.479115e-09
1.820462e-01 -1.026939e-08
1.340197e-01 -1.161131e-08
1.770738e-01 -4.863606e-09
1.293089e-01 -3.685204e-09
1.339903e-01 -2.345099e-09
8.958244e-02 -3.743062e-10
1.016095e-01 3.538139e-09
1.022395e-01 3.693980e-09
9.016137e-02 -5.543840e-09
1.305928e-01 -5.094561e-09
1.820555e-01 -1.903845e-08
1.852600e-01 -6.666292e-09
1.377043e-01 -1.408265e-08
1.780484e-01 1.388109e-08
