1.000000e+00
0.000000e+00
1.000000e+00 0.000000e+00
taylor-hood
rect_coarse
1.332005e-26 -1.480653e-25
7.243444e-27 1.559026e-26
1.302557e-26 5.585742e-26
-1.650667e-26 3.268622e-28
2.785507e-26 8.583891e-27
5.568016e-27 -8.086714e-27
7.695635e-27 -1.250517e-26
-3.157065e-26 3.084976e-26
-5.346413e-26 -9.167811e-27
-2.788794e-26 1.759596e-26
-8.167297e-26 1.890490e-26
-3.183839e-26 -2.763946e-26
6.768324e-26 2.968882e-26
-1.140220e-26 6.714840e-26
-1.752212e-26 -5.508949e-26
-2.978352e-27 -8.587372e-28
1.791535e-26 4.051496e-26
-3.894501e-26 -3.598152e-26
8.459884e-27 -3.327986e-26
1.399990e-26 1.374190e-26
5.992794e-26 2.067371e-26
3.337394e-26 4.917872e-27
8.163438e-26 -4.956627e-26
2.448917e-01 -2.003791e-26
4.081590e-01 1.600703e-26
4.897915e-01 9.666162e-27
4.897918e-01 1.931230e-26
4.081600e-01 -3.553329e-27
2.448933e-01 4.515812e-26
1.326466e-01 5.894531e-26
3.367296e-01 1.900048e-27
4.591795e-01 -6.387631e-26
4.999955e-01 9.372574e-26
4.591802e-01 4.158970e-27
3.367309e-01 -2.307344e-26
1.326478e-01 -3.189272e-27
-2.205916e-26 2.974529e-26
1.562312e-26 1.583183e-27
-1.815481e-26 4.222085e-26
8.799054e-26 1.154436e-26
1.051000e-25 -4.462352e-26
-1.353726e-26 2.651235e-26
2.717859e-26 -3.082337e-26
1.522964e-25 6.826293e-26
4.429650e-26 2.219822e-26
-3.827720e-26 3.115179e-27
-2.744933e-26 -4.148050e-26
-8.750162e-26 1.466032e-26
-1.602713e-26 1.497396e-26
1.693019e-26 -1.295780e-26
-7.836355e-27 -4.377518e-26
1.980020e-26 4.577874e-26
-2.832854e-26 -3.119887e-26
4.567260e-26 3.953983e-27
-3.534648e-26 1.009663e-26
2.448903e-01 -2.962503e-26
4.081573e-01 1.108675e-25
4.897897e-01 -3.193044e-27
4.897903e-01 -3.403304e-26
4.081600e-01 3.787332e-26
2.448959e-01 -6.293090e-26
1.326449e-01 8.814323e-26
3.367280e-01 -7.984455e-26
4.591778e-01 1.218920e-26
4.999937e-01 2.563732e-27
4.591794e-01 -3.885814e-26
3.367320e-01 1.338751e-25
1.326560e-01 -6.255632e-26
4.998416e-01 1.165860e-06
4.999010e-01 4.983912e-08
2.238609e-01 9.517419e-08
2.270198e-01 3.114055e-07
2.259378e-01 1.666708e-07
2.260504e-01 1.013351e-07
2.273597e-01 1.415087e-06
2.193342e-01 5.942274e-07
2.190479e-01 -4.848954e-07
2.034931e-01 1.131151e-07
3.461183e-01 -3.695014e-07
3.397737e-01 9.866876e-07
2.238749e-01 -2.410450e-07
3.830121e-01 -8.947750e-08
3.843516e-01 2.037073e-07
4.748181e-01 1.960707e-07
4.753845e-01 5.906379e-07
4.993821e-01 5.275596e-07
4.992977e-01 8.293242e-07
4.994670e-01 3.641672e-07
4.758817e-01 1.199646e-06
4.992315e-01 1.263277e-06
4.763957e-01 1.958691e-06
4.991826e-01 1.639003e-06
4.767016e-01 2.383855e-06
4.575991e-01 5.026479e-07
4.586458e-01 7.193551e-07
4.581798e-01 5.163398e-07
4.993314e-01 1.741251e-06
4.578132e-01 1.015294e-06
4.582007e-01 1.209097e-06
4.996468e-01 2.064067e-07
4.590772e-01 1.971391e-07
4.714109e-01 -3.600933e-08
4.749699e-01 2.120091e-06
3.866982e-01 2.700072e-06
4.738489e-01 -7.992869e-08
2.127266e-01 -1.338983e-07
4.586562e-01 9.105370e-07
3.888812e-01 2.393695e-06
2.274177e-01 1.044039e-06
2.263782e-01 6.273579e-08
2.163627e-01 1.888234e-07
2.190247e-01 6.955012e-08
3.858992e-01 1.657669e-06
4.581538e-01 5.242137e-07
3.805153e-01 -2.848773e-07
3.853375e-01 7.138376e-07
3.622394e-01 2.650280e-07
2.380038e-01 9.419958e-07
2.047562e-01 2.497383e-07
3.451274e-01 1.217424e-06
3.612493e-01 5.363536e-07
3.645189e-01 5.765757e-07
4.588366e-01 9.250713e-07
3.655274e-01 4.170463e-07
4.573251e-01 1.294692e-06
3.646906e-01 3.908430e-07
3.625718e-01 4.233399e-07
3.588005e-01 4.139166e-07
3.657975e-01 3.644705e-07
4.593268e-01 -1.348372e-07
4.629571e-01 1.378906e-07
1.944786e-01 1.029235e-06
1.852151e-01 -1.062912e-06
1.830775e-01 8.819628e-07
1.843340e-01 1.290927e-06
3.962825e-01 1.715393e-06
4.996314e-01 1.576649e-06
4.867482e-01 1.432220e-06
4.882462e-01 1.274930e-06
4.106034e-01 1.126342e-06
4.158386e-01 9.104524e-07
3.520424e-01 6.855312e-07
3.863589e-01 2.470091e-07
3.080494e-01 5.149800e-07
2.866014e-01 6.436013e-07
2.202529e-01 4.310577e-07
4.997939e-01 1.179430e-07
4.887597e-01 8.550745e-08
4.877900e-01 2.500374e-07
2.800089e-01 1.128181e-06
2.882663e-01 -8.780969e-08
4.946760e-01 1.656382e-06
4.956092e-01 1.970316e-06
4.116217e-01 -5.757937e-10
3.537814e-01 2.315102e-07
4.174056e-01 3.501925e-07
4.943410e-01 4.218682e-08
4.936471e-01 5.566035e-08
4.585192e-01 1.188977e-06
4.884148e-01 9.781441e-07
4.110698e-01 1.142810e-06
2.811439e-01 -2.346644e-07
2.903019e-01 6.781359e-07
4.888251e-01 -2.363321e-08
4.592020e-01 -1.612973e-08
4.118054e-01 -2.384306e-07
4.959705e-01 2.090094e-06
4.758435e-01 2.293149e-06
4.948817e-01 7.166490e-08
4.726435e-01 -1.171652e-07
3.156354e-01 2.845006e-06
3.877923e-01 2.746320e-06
3.170321e-01 2.415811e-06
2.273889e-01 1.737814e-06
3.156599e-01 2.572659e-06
3.214090e-01 1.961216e-06
2.327084e-01 1.392804e-06
4.395948e-01 2.264294e-06
4.409560e-01 2.457638e-06
4.953940e-01 2.699145e-07
4.743358e-01 5.322481e-08
4.951864e-01 1.661458e-07
3.926138e-01 1.947786e-06
3.261497e-01 1.428055e-06
4.995616e-01 2.851364e-07
4.373198e-01 3.471785e-08
4.365603e-01 -1.082688e-07
3.151506e-01 1.886347e-06
3.862991e-01 2.296216e-06
2.272187e-01 5.798693e-07
3.149872e-01 1.187021e-06
2.249073e-01 1.640192e-07
3.118563e-01 -3.273429e-07
3.127086e-01 -1.299388e-07
2.266989e-01 1.590562e-07
3.143653e-01 3.736527e-07
3.146296e-01 7.055549e-07
1.222323e-01 1.403528e-06
1.222642e-01 8.151297e-07
1.220300e-01 1.340025e-07
1.216529e-01 -4.647913e-08
1.213938e-01 2.923837e-07
1.201827e-01 -1.113275e-07
1.214602e-01 3.814386e-07
1.136827e-01 -6.187877e-09
2.194282e-01 1.847352e-07
1.222640e-01 2.581402e-07
1.216529e-01 4.918763e-08
4.875451e-01 3.725213e-07
4.586297e-01 4.186660e-07
3.856185e-01 1.126710e-06
4.961440e-01 2.039902e-06
4.992589e-01 1.755268e-06
4.870581e-01 4.308897e-07
3.817671e-01 -2.295552e-07
4.356425e-01 -1.924067e-07
4.960820e-01 1.867137e-06
4.765489e-01 2.235970e-06
1.173606e-01 1.278268e-06
1.173602e-01 -8.279784e-07
1.083539e-01 1.027241e-06
1.083549e-01 -4.118631e-07
2.214665e-01 -6.225565e-07
1.201822e-01 -7.214450e-07
2.081280e-01 -7.116550e-07
1.136820e-01 -8.456153e-07
4.866564e-01 9.783325e-07
4.586511e-01 8.278988e-07
4.866593e-01 1.145409e-06
1.220301e-01 1.360424e-07
4.337592e-01 -1.678722e-07
4.960283e-01 1.595555e-06
4.992073e-01 1.475438e-06
1.175265e-01 3.013482e-07
1.175261e-01 1.117604e-06
1.222323e-01 1.929624e-06
4.868967e-01 4.666115e-07
4.578899e-01 5.192359e-07
1.201749e-01 3.915555e-08
2.201243e-01 1.487674e-07
1.157944e-01 -6.967101e-08
1.213938e-01 8.588841e-08
2.261579e-01 8.641630e-08
4.955141e-01 4.016175e-07
4.994254e-01 4.318305e-07
3.102782e-01 -4.664657e-07
1.157947e-01 -3.047005e-07
2.178506e-01 2.105434e-07
4.401616e-01 2.515767e-06
1.214601e-01 1.028549e-07
4.866393e-01 1.438198e-06
4.580072e-01 1.100528e-06
1.201749e-01 1.029636e-07
1.173462e-01 -7.102662e-08
2.214480e-01 6.286844e-08
2.225486e-01 1.053895e-07
1.173462e-01 -2.178004e-08
4.863191e-01 1.371956e-06
3.836828e-01 1.824853e-08
3.135572e-01 2.445415e-08
4.959229e-01 1.300341e-06
4.761394e-01 1.576969e-06
4.865594e-01 1.270069e-06
3.082810e-01 -6.063765e-07
4.866923e-01 4.941934e-07
4.958450e-01 1.003404e-06
4.992650e-01 1.039827e-06
4.378105e-01 1.956642e-07
4.993406e-01 6.529758e-07
4.868477e-01 5.616483e-07
4.866579e-01 6.612201e-07
4.957417e-01 7.594947e-07
4.756338e-01 8.638915e-07
4.867968e-01 8.211604e-07
4.399169e-01 2.289192e-06
4.956335e-01 5.531108e-07
4.584002e-01 6.088548e-07
4.396262e-01 1.863142e-06
4.392166e-01 1.406562e-06
4.751021e-01 3.771793e-07
4.382573e-01 3.985311e-07
4.578769e-01 4.956227e-07
4.386177e-01 6.517179e-07
3.848451e-01 4.159653e-07
3.137390e-01 1.749807e-07
4.390117e-01 9.858536e-07
4.582358e-01 9.731831e-07
2.950806e-01 3.675042e-07
3.763304e-01 5.368043e-07
2.986871e-01 -5.622188e-07
3.791296e-01 -2.743981e-07
4.980281e-01 6.734161e-07
4.967814e-01 6.232945e-07
4.969303e-01 -1.166108e-08
4.979116e-01 4.063820e-08
2.920010e-01 1.483665e-06
3.695582e-01 1.393480e-06
1.090816e-01 1.195696e-06
1.090816e-01 -2.230576e-06
1.285345e-01 5.868964e-07
1.285362e-01 -2.223303e-06
3.715397e-01 -2.433965e-07
4.270349e-01 5.922023e-08
4.905633e-01 1.249863e-06
4.667325e-01 1.784583e-06
2.969548e-01 -5.309702e-09
4.386158e-01 1.342919e-07
4.205820e-01 2.008572e-07
1.031945e-01 8.561251e-08
1.031953e-01 -2.329994e-07
2.120911e-01 1.081971e-06
3.786893e-01 7.985588e-07
2.981197e-01 9.683266e-07
4.769070e-01 4.631861e-07
4.079305e-01 1.213079e-06
4.350695e-01 6.716053e-07
4.763431e-01 6.157356e-07
2.984374e-01 1.963946e-07
3.652446e-01 3.837929e-07
2.991137e-01 2.029665e-07
4.184326e-01 5.924833e-07
4.188627e-01 5.250813e-07
4.673207e-01 7.502138e-08
4.916473e-01 7.856938e-08
4.363128e-01 -1.488388e-07
4.770920e-01 -6.270495e-08
2.921806e-01 -1.312532e-07
4.184401e-01 6.381422e-07
3.636333e-01 3.489288e-07
4.176186e-01 6.722598e-07
2.068920e-01 4.578620e-07
9.673546e-02 2.897128e-06
9.673583e-02 -4.879175e-07
9.793908e-02 3.586625e-07
9.793834e-02 4.249433e-08
4.167704e-01 5.296645e-07
4.360057e-01 5.875775e-07
9.743996e-02 -1.576069e-07
9.744063e-02 2.038874e-07
2.972062e-01 5.708385e-07
2.984636e-01 7.426135e-07
2.158374e-01 -4.793530e-07
2.148242e-01 5.362892e-07
4.170257e-01 7.125213e-07
3.009977e-01 2.676827e-07
2.978236e-01 3.873537e-07
2.964766e-01 7.994214e-07
3.628891e-01 6.386298e-07
3.011620e-01 2.170057e-07
2.154173e-01 6.476324e-07
4.180392e-01 5.585967e-07
3.656625e-01 3.598123e-07
3.650236e-01 5.249485e-07
4.176336e-01 5.321543e-07
3.014203e-01 1.497656e-07
3.001401e-01 3.809641e-08
2.944775e-01 -4.555735e-08
4.784646e-01 6.807190e-08
4.180271e-01 4.835469e-07
4.184136e-01 4.504829e-07
4.185188e-01 4.698706e-07
4.155640e-01 7.347966e-07
3.606926e-01 3.922535e-07
1.950642e-01 -9.645729e-07
2.111944e-01 1.167126e-06
1.939891e-01 2.531358e-06
2.727881e-01 -7.294605e-07
2.680409e-01 1.003744e-06
4.423382e-01 1.985813e-06
4.301377e-01 1.624644e-06
2.718120e-01 1.422443e-06
