0.000000e+00 0.000000e+00
0.000000e+00 0.000000e+00
0.000000e+00 0.000000e+00
0.000000e+00 0.000000e+00
0.000000e+00 0.000000e+00
0.000000e+00 0.000000e+00
0.000000e+00 0.000000e+00
0.000000e+00 0.000000e+00
0.000000e+00 0.000000e+00
0.000000e+00 0.000000e+00
0.000000e+00 0.000000e+00
0.000000e+00 0.000000e+00
0.000000e+00 0.000000e+00
0.000000e+00 0.000000e+00
0.000000e+00 0.000000e+00
0.000000e+00 0.000000e+00
0.000000e+00 0.000000e+00
0.000000e+00 0.000000e+00
0.000000e+00 0.000000e+00
0.000000e+00 0.000000e+00
0.000000e+00 0.000000e+00
0.000000e+00 0.000000e+00
0.000000e+00 0.000000e+00
0.000000e+00 0.000000e+00
0.000000e+00 0.000000e+00
0.000000e+00 0.000000e+00
0.000000e+00 0.000000e+00
0.000000e+00 0.000000e+00
0.000000e+00 0.000000e+00
0.000000e+00 0.000000e+00
0.000000e+00 0.000000e+00
0.000000e+00 0.000000e+00
0.000000e+00 0.000000e+00
0.000000e+00 0.000000e+00
0.000000e+00 0.000000e+00
0.000000e+00 0.000000e+00
0.000000e+00 0.000000e+00
0.000000e+00 0.000000e+00
0.000000e+00 0.000000e+00
0.000000e+00 0.000000e+00
0.000000e+00 0.000000e+00
0.000000e+00 0.000000e+00
0.000000e+00 0.000000e+00
0.000000e+00 0.000000e+00
0.000000e+00 0.000000e+00
0.000000e+00 0.000000e+00
0.000000e+00 0.000000e+00
0.000000e+00 0.000000e+00
0.000000e+00 0.000000e+00
0.000000e+00 0.000000e+00
0.000000e+00 0.000000e+00
7.986109e-02 0.000000e+00
1.527777e-01 0.000000e+00
2.187499e-01 0.000000e+00
2.777777e-01 0.000000e+00
3.298611e-01 0.000000e+00
3.750000e-01 0.000000e+00
4.131945e-01 0.000000e+00
4.444445e-01 0.000000e+00
4.687500e-01 0.000000e+00
4.861112e-01 0.000000e+00
4.965278e-01 0.000000e+00
5.000001e-01 0.000000e+00
4.965278e-01 0.000000e+00
4.861112e-01 0.000000e+00
4.687500e-01 0.000000e+00
4.444445e-01 0.000000e+00
4.131945e-01 0.000000e+00
3.750000e-01 0.000000e+00
3.298611e-01 0.000000e+00
2.777777e-01 0.000000e+00
2.187499e-01 0.000000e+00
1.527777e-01 0.000000e+00
7.986109e-02 0.000000e+00
4.079861e-02 0.000000e+00
1.171874e-01 0.000000e+00
1.866318e-01 0.000000e+00
2.491319e-01 0.000000e+00
3.046875e-01 0.000000e+00
3.532986e-01 0.000000e+00
3.949653e-01 0.000000e+00
4.296875e-01 0.000000e+00
4.574653e-01 0.000000e+00
4.782987e-01 0.000000e+00
4.921876e-01 0.000000e+00
4.991320e-01 0.000000e+00
4.991320e-01 0.000000e+00
4.921876e-01 0.000000e+00
4.782987e-01 0.000000e+00
4.574653e-01 0.000000e+00
4.296875e-01 0.000000e+00
3.949653e-01 0.000000e+00
3.532986e-01 0.000000e+00
3.046875e-01 0.000000e+00
2.491319e-01 0.000000e+00
1.866318e-01 0.000000e+00
1.171875e-01 0.000000e+00
4.079861e-02 0.000000e+00
0.000000e+00 0.000000e+00
0.000000e+00 0.000000e+00
0.000000e+00 0.000000e+00
0.000000e+00 0.000000e+00
0.000000e+00 0.000000e+00
0.000000e+00 0.000000e+00
0.000000e+00 0.000000e+00
0.000000e+00 0.000000e+00
0.000000e+00 0.000000e+00
0.000000e+00 0.000000e+00
0.000000e+00 0.000000e+00
0.000000e+00 0.000000e+00
0.000000e+00 0.000000e+00
0.000000e+00 0.000000e+00
0.000000e+00 0.000000e+00
0.000000e+00 0.000000e+00
0.000000e+00 0.000000e+00
0.000000e+00 0.000000e+00
0.000000e+00 0.000000e+00
0.000000e+00 0.000000e+00
0.000000e+00 0.000000e+00
0.000000e+00 0.000000e+00
0.000000e+00 0.000000e+00
0.000000e+00 0.000000e+00
0.000000e+00 0.000000e+00
0.000000e+00 0.000000e+00
0.000000e+00 0.000000e+00
0.000000e+00 0.000000e+00
0.000000e+00 0.000000e+00
0.000000e+00 0.000000e+00
0.000000e+00 0.000000e+00
0.000000e+00 0.000000e+00
0.000000e+00 0.000000e+00
0.000000e+00 0.000000e+00
0.000000e+00 0.000000e+00
0.000000e+00 0.000000e+00
0.000000e+00 0.000000e+00
0.000000e+00 0.000000e+00
0.000000e+00 0.000000e+00
0.000000e+00 0.000000e+00
0.000000e+00 0.000000e+00
0.000000e+00 0.000000e+00
0.000000e+00 0.000000e+00
0.000000e+00 0.000000e+00
0.000000e+00 0.000000e+00
0.000000e+00 0.000000e+00
0.000000e+00 0.000000e+00
7.986111e-02 0.000000e+00
1.527778e-01 0.000000e+00
2.187500e-01 0.000000e+00
2.777778e-01 0.000000e+00
3.298611e-01 0.000000e+00
3.750000e-01 0.000000e+00
4.131944e-01 0.000000e+00
4.444444e-01 0.000000e+00
4.687500e-01 0.000000e+00
4.861111e-01 0.000000e+00
4.965278e-01 0.000000e+00
5.000000e-01 0.000000e+00
4.965278e-01 0.000000e+00
4.861111e-01 0.000000e+00
4.687500e-01 0.000000e+00
4.444444e-01 0.000000e+00
4.131944e-01 0.000000e+00
3.750000e-01 0.000000e+00
3.298611e-01 0.000000e+00
2.777778e-01 0.000000e+00
2.187500e-01 0.000000e+00
1.527778e-01 0.000000e+00
7.986111e-02 0.000000e+00
4.079861e-02 0.000000e+00
1.171875e-01 0.000000e+00
1.866319e-01 0.000000e+00
2.491319e-01 0.000000e+00
3.046875e-01 0.000000e+00
3.532986e-01 0.000000e+00
3.949653e-01 0.000000e+00
4.296875e-01 0.000000e+00
4.574653e-01 0.000000e+00
4.782986e-01 0.000000e+00
4.921875e-01 0.000000e+00
4.991319e-01 0.000000e+00
4.991319e-01 0.000000e+00
4.921875e-01 0.000000e+00
4.782986e-01 0.000000e+00
4.574653e-01 0.000000e+00
4.296875e-01 0.000000e+00
3.949653e-01 0.000000e+00
3.532986e-01 0.000000e+00
3.046875e-01 0.000000e+00
2.491319e-01 0.000000e+00
1.866319e-01 0.000000e+00
1.171875e-01 0.000000e+00
4.079861e-02 0.000000e+00
7.986112e-02 -3.762563e-09
1.527778e-01 -1.181779e-08
2.187500e-01 -2.475956e-08
2.777778e-01 -3.668442e-08
3.298611e-01 -4.591888e-08
3.750000e-01 -5.066441e-08
4.131944e-01 -5.043932e-08
4.444444e-01 -4.669579e-08
4.687500e-01 -4.047353e-08
4.861111e-01 -3.105917e-08
4.965278e-01 -1.757795e-08
5.000000e-01 -1.135569e-09
4.965278e-01 1.538973e-08
4.861111e-01 2.892208e-08
4.687500e-01 3.847100e-08
4.444444e-01 4.486708e-08
4.131944e-01 4.870640e-08
3.750000e-01 4.898947e-08
3.298611e-01 4.404559e-08
2.777778e-01 3.442374e-08
2.187500e-01 2.240805e-08
1.527778e-01 9.805581e-09
7.986111e-02 2.746344e-09
7.986113e-02 -2.651443e-10
1.527778e-01 -6.400841e-09
2.187500e-01 -1.485123e-08
2.777778e-01 -2.491949e-08
3.298611e-01 -3.626257e-08
3.750000e-01 -4.761832e-08
4.131944e-01 -5.614660e-08
4.444444e-01 -5.707891e-08
4.687500e-01 -4.964175e-08
4.861111e-01 -3.575160e-08
4.965277e-01 -1.849595e-08
5.000000e-01 -9.132888e-11
4.965277e-01 1.838499e-08
4.861111e-01 3.578582e-08
4.687500e-01 4.977110e-08
4.444444e-01 5.721330e-08
4.131944e-01 5.614653e-08
3.750000e-01 4.793229e-08
3.298611e-01 3.673797e-08
2.777778e-01 2.558674e-08
2.187500e-01 1.614446e-08
1.527778e-01 7.684394e-09
7.986113e-02 1.466826e-09
7.986113e-02 -1.614209e-09
1.527778e-01 -4.298454e-09
2.187500e-01 -9.247350e-09
2.777778e-01 -1.528668e-08
3.298611e-01 -2.226969e-08
3.750000e-01 -2.950692e-08
4.131945e-01 -3.569854e-08
4.444444e-01 -3.836410e-08
4.687500e-01 -3.493238e-08
4.861111e-01 -2.602320e-08
4.965277e-01 -1.353011e-08
4.999999e-01 5.122872e-10
4.965277e-01 1.454904e-08
4.861111e-01 2.703949e-08
4.687500e-01 3.601028e-08
4.444444e-01 3.940089e-08
4.131945e-01 3.667128e-08
3.750000e-01 3.044187e-08
3.298611e-01 2.319121e-08
2.777778e-01 1.622779e-08
2.187500e-01 1.030348e-08
1.527778e-01 5.199377e-09
7.986113e-02 1.723579e-09
7.986113e-02 -1.368494e-09
1.527778e-01 -3.003258e-09
2.187500e-01 -5.425095e-09
2.777778e-01 -8.147357e-09
3.298612e-01 -1.091913e-08
3.750000e-01 -1.360860e-08
4.131945e-01 -1.608388e-08
4.444444e-01 -1.827737e-08
4.687500e-01 -1.877615e-08
4.861110e-01 -1.560976e-08
4.965277e-01 -8.665775e-09
4.999999e-01 5.610604e-10
4.965277e-01 9.774262e-09
4.861110e-01 1.664709e-08
4.687500e-01 1.971385e-08
4.444444e-01 1.914753e-08
4.131945e-01 1.694278e-08
3.750000e-01 1.436670e-08
3.298612e-01 1.166463e-08
2.777778e-01 8.870669e-09
2.187500e-01 6.113369e-09
1.527778e-01 3.380864e-09
7.986113e-02 1.497143e-09
7.986114e-02 -9.548595e-10
1.527778e-01 -1.784494e-09
2.187500e-01 -2.304508e-09
2.777778e-01 -2.195371e-09
3.298612e-01 -1.405746e-09
3.750000e-01 -6.107312e-11
4.131945e-01 1.133517e-09
4.444444e-01 1.268421e-09
4.687500e-01 9.625966e-11
4.861110e-01 -1.273152e-09
4.965277e-01 -1.244528e-09
4.999999e-01 3.465622e-10
4.965277e-01 1.907522e-09
4.861110e-01 1.881012e-09
4.687500e-01 4.769047e-10
4.444444e-01 -7.293002e-10
4.131945e-01 -6.542623e-10
3.750000e-01 4.852355e-10
3.298612e-01 1.814132e-09
2.777778e-01 2.564182e-09
2.187500e-01 2.624773e-09
1.527778e-01 1.874799e-09
7.986114e-02 1.101657e-09
7.986114e-02 -3.692082e-10
1.527778e-01 3.696344e-10
2.187500e-01 1.986969e-09
2.777778e-01 4.819687e-09
3.298612e-01 8.635297e-09
3.750000e-01 1.274931e-08
4.131945e-01 1.641692e-08
4.444444e-01 1.840844e-08
4.687500e-01 1.767707e-08
4.861110e-01 1.392897e-08
4.965277e-01 7.719389e-09
4.999999e-01 7.980266e-11
4.965277e-01 -7.527314e-09
4.861110e-01 -1.371709e-08
4.687500e-01 -1.748067e-08
4.444444e-01 -1.824702e-08
4.131945e-01 -1.628753e-08
3.750000e-01 -1.263088e-08
3.298612e-01 -8.505152e-09
2.777778e-01 -4.719088e-09
2.187500e-01 -1.892581e-09
1.527778e-01 -3.816837e-10
7.986114e-02 4.886503e-10
7.986114e-02 4.617284e-10
1.527778e-01 3.624306e-09
2.187500e-01 8.008019e-09
2.777778e-01 1.334239e-08
3.298611e-01 1.915752e-08
3.750000e-01 2.466796e-08
4.131945e-01 2.902789e-08
4.444444e-01 3.107765e-08
4.687500e-01 2.941993e-08
4.861111e-01 2.327844e-08
4.965277e-01 1.294068e-08
4.999999e-01 -3.329331e-11
4.965277e-01 -1.301648e-08
4.861111e-01 -2.337289e-08
4.687500e-01 -2.951569e-08
4.444444e-01 -3.116566e-08
4.131945e-01 -2.911275e-08
3.750000e-01 -2.472994e-08
3.298611e-01 -1.920807e-08
2.777778e-01 -1.338466e-08
2.187500e-01 -8.004671e-09
1.527778e-01 -3.656459e-09
7.986114e-02 -3.819770e-10
7.986113e-02 1.722389e-09
1.527778e-01 7.799315e-09
2.187500e-01 1.493284e-08
2.777778e-01 2.214103e-08
3.298611e-01 2.884724e-08
3.750000e-01 3.441016e-08
4.131944e-01 3.787624e-08
4.444444e-01 3.835797e-08
4.687500e-01 3.473053e-08
4.861111e-01 2.655571e-08
4.965277e-01 1.440523e-08
5.000000e-01 -9.009553e-11
4.965277e-01 -1.459263e-08
4.861111e-01 -2.675376e-08
4.687500e-01 -3.492917e-08
4.444444e-01 -3.855008e-08
4.131944e-01 -3.805834e-08
3.750000e-01 -3.453971e-08
3.298611e-01 -2.897744e-08
2.777778e-01 -2.223161e-08
2.187500e-01 -1.497823e-08
1.527778e-01 -7.826441e-09
7.986113e-02 -1.681205e-09
7.986112e-02 3.578142e-09
1.527778e-01 1.256350e-08
2.187500e-01 2.170023e-08
2.777778e-01 2.976132e-08
3.298611e-01 3.626775e-08
3.750000e-01 4.078207e-08
4.131944e-01 4.251856e-08
4.444444e-01 4.075309e-08
4.687500e-01 3.521498e-08
4.861111e-01 2.598142e-08
4.965278e-01 1.377167e-08
5.000000e-01 -9.375975e-11
4.965278e-01 -1.396345e-08
4.861111e-01 -2.618298e-08
4.687500e-01 -3.543029e-08
4.444444e-01 -4.096329e-08
4.131944e-01 -4.272810e-08
3.750000e-01 -4.094404e-08
3.298611e-01 -3.642772e-08
2.777778e-01 -2.987132e-08
2.187500e-01 -2.178221e-08
1.527778e-01 -1.256841e-08
7.986112e-02 -3.593742e-09
7.986111e-02 5.765180e-09
1.527778e-01 1.695451e-08
2.187500e-01 2.698002e-08
2.777778e-01 3.492199e-08
3.298611e-01 4.044724e-08
3.750000e-01 4.328726e-08
4.131944e-01 4.302056e-08
4.444444e-01 3.938755e-08
4.687500e-01 3.271021e-08
4.861111e-01 2.341544e-08
4.965278e-01 1.218412e-08
5.000000e-01 -7.200855e-11
4.965278e-01 -1.233273e-08
4.861111e-01 -2.357759e-08
4.687500e-01 -3.289050e-08
4.444444e-01 -3.956641e-08
4.131944e-01 -4.320479e-08
3.750000e-01 -4.345775e-08
3.298611e-01 -4.058963e-08
2.777778e-01 -3.504540e-08
2.187500e-01 -2.708618e-08
1.527778e-01 -1.695852e-08
7.986111e-02 -5.915013e-09
7.986109e-02 6.814729e-09
1.527778e-01 1.879845e-08
2.187500e-01 2.897618e-08
2.777778e-01 3.641885e-08
3.298611e-01 4.077153e-08
3.750000e-01 4.201627e-08
4.131945e-01 4.014387e-08
4.444445e-01 3.547094e-08
4.687500e-01 2.853957e-08
4.861111e-01 1.993975e-08
4.965278e-01 1.022868e-08
5.000000e-01 -4.220716e-11
4.965278e-01 -1.031852e-08
4.861111e-01 -2.004451e-08
4.687500e-01 -2.866480e-08
4.444445e-01 -3.562222e-08
4.131945e-01 -4.029029e-08
3.750000e-01 -4.218802e-08
3.298611e-01 -4.091710e-08
2.777778e-01 -3.655328e-08
2.187500e-01 -2.911178e-08
1.527778e-01 -1.893189e-08
7.986110e-02 -7.120624e-09
7.986108e-02 5.308756e-09
1.527777e-01 1.650376e-08
2.187500e-01 2.659306e-08
2.777778e-01 3.365517e-08
3.298611e-01 3.709531e-08
3.750000e-01 3.721123e-08
4.131945e-01 3.455709e-08
4.444445e-01 2.974794e-08
4.687500e-01 2.339065e-08
4.861111e-01 1.605454e-08
4.965278e-01 8.153238e-09
5.000000e-01 -1.336193e-11
4.965278e-01 -8.184235e-09
4.861111e-01 -1.609877e-08
4.687500e-01 -2.345397e-08
4.444445e-01 -2.983860e-08
4.131945e-01 -3.465745e-08
3.750000e-01 -3.734387e-08
3.298611e-01 -3.723480e-08
2.777778e-01 -3.378739e-08
2.187500e-01 -2.673758e-08
1.527777e-01 -1.677893e-08
7.986108e-02 -5.768646e-09
7.986107e-02 1.967596e-09
1.527777e-01 1.105946e-08
2.187500e-01 2.077188e-08
2.777778e-01 2.759135e-08
3.298611e-01 3.051215e-08
3.750000e-01 3.017471e-08
4.131945e-01 2.745052e-08
4.444445e-01 2.314908e-08
4.687500e-01 1.788475e-08
4.861111e-01 1.211380e-08
4.965278e-01 6.109165e-09
5.000000e-01 1.072278e-11
4.965278e-01 -6.091998e-09
4.861111e-01 -1.210696e-08
4.687500e-01 -1.789302e-08
4.444445e-01 -2.317897e-08
4.131945e-01 -2.749800e-08
3.750000e-01 -3.025039e-08
3.298611e-01 -3.060848e-08
2.777778e-01 -2.767985e-08
2.187500e-01 -2.089060e-08
1.527777e-01 -1.131797e-08
7.986107e-02 -2.358232e-09
7.986106e-02 -1.020948e-09
1.527777e-01 5.332302e-09
2.187500e-01 1.398270e-08
2.777778e-01 2.029127e-08
3.298611e-01 2.282709e-08
3.750000e-01 2.244365e-08
4.131945e-01 2.010166e-08
4.444445e-01 1.664915e-08
4.687500e-01 1.265512e-08
4.861112e-01 8.469581e-09
4.965278e-01 4.249283e-09
5.000000e-01 3.170542e-11
4.965278e-01 -4.188375e-09
4.861112e-01 -8.418471e-09
4.687500e-01 -1.261762e-08
4.444445e-01 -1.662370e-08
4.131945e-01 -2.008710e-08
3.750000e-01 -2.244124e-08
3.298611e-01 -2.284176e-08
2.777778e-01 -2.029735e-08
2.187500e-01 -1.403560e-08
1.527777e-01 -5.425852e-09
7.986106e-02 6.480994e-10
7.986106e-02 -2.288795e-09
1.527777e-01 1.170512e-09
2.187499e-01 8.196243e-09
2.777777e-01 1.354474e-08
3.298611e-01 1.561153e-08
3.750000e-01 1.530966e-08
4.131945e-01 1.351539e-08
4.444445e-01 1.097974e-08
4.687500e-01 8.187548e-09
4.861112e-01 5.399663e-09
4.965278e-01 2.696548e-09
5.000000e-01 4.920023e-11
4.965278e-01 -2.602321e-09
4.861112e-01 -5.309823e-09
4.687500e-01 -8.102624e-09
4.444445e-01 -1.090332e-08
4.131945e-01 -1.344828e-08
3.750000e-01 -1.525117e-08
3.298611e-01 -1.556385e-08
2.777777e-01 -1.349366e-08
2.187499e-01 -8.211135e-09
1.527777e-01 -1.224471e-09
7.986106e-02 2.024051e-09
7.986107e-02 -2.540393e-09
1.527777e-01 -1.513032e-09
2.187499e-01 3.939953e-09
2.777777e-01 8.152709e-09
3.298611e-01 9.704184e-09
3.750000e-01 9.496446e-09
4.131945e-01 8.236762e-09
4.444445e-01 6.516237e-09
4.687500e-01 4.718794e-09
4.861112e-01 3.038526e-09
4.965278e-01 1.508117e-09
5.000001e-01 6.897539e-11
4.965278e-01 -1.375928e-09
4.861112e-01 -2.911452e-09
4.687500e-01 -4.594341e-09
4.444445e-01 -6.397996e-09
4.131945e-01 -8.126587e-09
3.750000e-01 -9.395789e-09
3.298611e-01 -9.618182e-09
2.777777e-01 -8.083743e-09
2.187499e-01 -3.939703e-09
1.527777e-01 1.463844e-09
7.986107e-02 2.272007e-09
7.986107e-02 -2.256003e-09
1.527777e-01 -3.020253e-09
2.187499e-01 1.076049e-09
2.777777e-01 4.209229e-09
3.298611e-01 5.307788e-09
3.750000e-01 5.194107e-09
4.131945e-01 4.387681e-09
4.444445e-01 3.313048e-09
4.687500e-01 2.260747e-09
4.861112e-01 1.374345e-09
4.965278e-01 6.648125e-10
5.000001e-01 8.023034e-11
4.965278e-01 -5.081880e-10
4.861112e-01 -1.223134e-09
4.687500e-01 -2.109696e-09
4.444445e-01 -3.166956e-09
4.131945e-01 -4.247810e-09
3.750000e-01 -5.064187e-09
3.298611e-01 -5.192379e-09
2.777777e-01 -4.129891e-09
2.187499e-01 -1.073208e-09
1.527777e-01 2.959884e-09
7.986107e-02 2.041663e-09
7.986108e-02 -1.818094e-09
1.527777e-01 -3.755784e-09
2.187499e-01 -7.683205e-10
2.777777e-01 1.475088e-09
3.298611e-01 2.253403e-09
3.750000e-01 2.249887e-09
4.131945e-01 1.811884e-09
4.444445e-01 1.221727e-09
4.687500e-01 6.923202e-10
4.861112e-01 3.292560e-10
4.965278e-01 1.382571e-10
5.000001e-01 8.574933e-11
4.965278e-01 3.029217e-11
4.861112e-01 -1.666273e-10
4.687500e-01 -5.281261e-10
4.444445e-01 -1.062769e-09
4.131945e-01 -1.660632e-09
3.750000e-01 -2.111687e-09
3.298611e-01 -2.129147e-09
2.777777e-01 -1.398001e-09
2.187499e-01 7.598160e-10
1.527777e-01 3.758233e-09
7.986108e-02 1.638098e-09
7.986108e-02 -1.407917e-09
1.527777e-01 -4.045866e-09
2.187499e-01 -1.859345e-09
2.777777e-01 -2.744569e-10
3.298611e-01 3.106708e-10
3.750000e-01 4.176517e-10
4.131945e-01 2.593195e-10
4.444445e-01 8.853555e-12
4.687500e-01 -1.785177e-10
4.861112e-01 -2.244444e-10
4.965278e-01 -1.314267e-10
5.000001e-01 7.841652e-11
4.965278e-01 2.868359e-10
4.861112e-01 3.753407e-10
4.687500e-01 3.299454e-10
4.444445e-01 1.404596e-10
4.131945e-01 -1.120735e-10
3.750000e-01 -2.788446e-10
3.298611e-01 -1.780999e-10
2.777777e-01 3.644229e-10
2.187499e-01 1.841754e-09
1.527777e-01 4.034665e-09
7.986108e-02 1.268475e-09
7.986109e-02 -1.026991e-09
1.527777e-01 -3.731733e-09
2.187499e-01 -2.286274e-09
2.777777e-01 -1.180895e-09
3.298611e-01 -7.281097e-10
3.750000e-01 -5.462259e-10
4.131945e-01 -5.243880e-10
4.444445e-01 -5.600831e-10
4.687500e-01 -5.439144e-10
4.861112e-01 -4.230657e-10
4.965278e-01 -2.155931e-10
5.000001e-01 6.749689e-11
4.965278e-01 3.494347e-10
4.861112e-01 5.549815e-10
4.687500e-01 6.763252e-10
4.444445e-01 6.917326e-10
4.131945e-01 6.595613e-10
3.750000e-01 6.836329e-10
3.298611e-01 8.732552e-10
2.777777e-01 1.302859e-09
2.187499e-01 2.264435e-09
1.527777e-01 3.802051e-09
7.986109e-02 9.717668e-10
7.986109e-02 -7.527518e-10
1.527777e-01 -3.127272e-09
2.187499e-01 -2.158177e-09
2.777777e-01 -1.396247e-09
3.298611e-01 -1.061702e-09
3.750000e-01 -8.715045e-10
4.131945e-01 -7.656937e-10
4.444445e-01 -6.930746e-10
4.687500e-01 -5.821810e-10
4.861112e-01 -4.009904e-10
4.965278e-01 -1.906417e-10
5.000001e-01 5.187652e-11
4.965278e-01 2.901031e-10
4.861112e-01 5.029527e-10
4.687500e-01 6.868126e-10
4.444445e-01 8.007539e-10
4.131945e-01 8.819567e-10
3.750000e-01 9.970140e-10
3.298611e-01 1.207764e-09
2.777777e-01 1.544334e-09
2.187499e-01 2.149458e-09
1.527777e-01 3.243258e-09
7.986109e-02 7.281306e-10
7.986109e-02 -4.366901e-10
1.527777e-01 -2.187453e-09
2.187499e-01 -1.609374e-09
2.777777e-01 -1.119676e-09
3.298611e-01 -9.111052e-10
3.750000e-01 -7.749218e-10
4.131945e-01 -6.669995e-10
4.444445e-01 -5.706821e-10
4.687500e-01 -4.465958e-10
4.861112e-01 -2.668975e-10
4.965278e-01 -1.041584e-10
5.000001e-01 3.229526e-11
4.965278e-01 1.598580e-10
4.861112e-01 3.311334e-10
4.687500e-01 5.080684e-10
4.444445e-01 6.383107e-10
4.131945e-01 7.463162e-10
3.750000e-01 8.668131e-10
3.298611e-01 1.030307e-09
2.777777e-01 1.248051e-09
2.187499e-01 1.613118e-09
1.527777e-01 2.463220e-09
7.986109e-02 5.395650e-10
7.986109e-02 -7.562950e-11
1.527777e-01 -8.795391e-10
2.187499e-01 -7.991501e-10
2.777777e-01 -6.415950e-10
3.298611e-01 -5.354859e-10
3.750000e-01 -4.608151e-10
4.131945e-01 -3.888691e-10
4.444445e-01 -3.179545e-10
4.687500e-01 -2.375817e-10
4.861112e-01 -1.138693e-10
4.965278e-01 -2.500540e-11
5.000001e-01 1.524491e-11
4.965278e-01 3.296479e-11
4.861112e-01 1.447325e-10
4.687500e-01 2.604398e-10
4.444445e-01 3.495274e-10
4.131945e-01 4.220785e-10
3.750000e-01 4.968876e-10
3.298611e-01 5.774059e-10
2.777777e-01 6.496019e-10
2.187499e-01 6.559077e-10
1.527777e-01 1.379070e-09
7.986109e-02 2.656509e-10
4.079861e-02 3.452575e-09
4.079862e-02 -4.330838e-09
7.986112e-02 -1.049286e-08
1.171875e-01 -9.359712e-09
1.171875e-01 -6.301981e-09
1.527778e-01 -1.249698e-08
1.866319e-01 -1.681489e-08
1.866320e-01 -1.856626e-08
2.187500e-01 -1.899835e-08
2.491319e-01 -2.188892e-08
2.491320e-01 -3.096292e-08
2.777778e-01 -2.460603e-08
3.046875e-01 -2.650658e-08
3.046875e-01 -4.155263e-08
3.298611e-01 -2.781453e-08
3.532986e-01 -2.825207e-08
3.532986e-01 -4.875290e-08
3.750000e-01 -2.800176e-08
3.949653e-01 -2.705987e-08
3.949653e-01 -5.104774e-08
4.131944e-01 -2.556239e-08
4.296875e-01 -2.384199e-08
4.296875e-01 -4.901755e-08
4.444444e-01 -2.170102e-08
4.574653e-01 -1.968880e-08
4.574653e-01 -4.406840e-08
4.687500e-01 -1.731364e-08
4.782986e-01 -1.516112e-08
4.782986e-01 -3.631956e-08
4.861111e-01 -1.258663e-08
4.921875e-01 -1.024371e-08
4.921875e-01 -2.483027e-08
4.965278e-01 -7.279138e-09
4.991319e-01 -4.589580e-09
4.991319e-01 -9.556581e-09
5.000000e-01 -1.011300e-09
4.991319e-01 1.849654e-09
4.991319e-01 7.209351e-09
4.965278e-01 5.288249e-09
4.921875e-01 7.827692e-09
4.921875e-01 2.252355e-08
4.861111e-01 1.083939e-08
4.782986e-01 1.316020e-08
4.782986e-01 3.415730e-08
4.687500e-01 1.586561e-08
4.574653e-01 1.797552e-08
4.574653e-01 4.209933e-08
4.444444e-01 2.042610e-08
4.296875e-01 2.229895e-08
4.296875e-01 4.725299e-08
4.131944e-01 2.424688e-08
3.949653e-01 2.555785e-08
3.949653e-01 4.940839e-08
3.750000e-01 2.650140e-08
3.532986e-01 2.668634e-08
3.532986e-01 4.702004e-08
3.298611e-01 2.612287e-08
3.046875e-01 2.476263e-08
3.046875e-01 3.952576e-08
2.777778e-01 2.255428e-08
2.491319e-01 1.986877e-08
2.491320e-01 2.856508e-08
2.187500e-01 1.662817e-08
1.866319e-01 1.364944e-08
1.866320e-01 1.616952e-08
1.527778e-01 1.106384e-08
1.171875e-01 8.401134e-09
1.171875e-01 4.949362e-09
7.986111e-02 5.856188e-09
4.079862e-02 1.994549e-09
4.079862e-02 -3.164495e-10
4.079862e-02 -7.166751e-10
4.079862e-02 1.088062e-09
7.986112e-02 5.238446e-10
1.171875e-01 -3.398679e-09
1.171875e-01 -3.285973e-09
1.527778e-01 -8.557435e-09
1.866320e-01 -1.395133e-08
1.866320e-01 -1.039856e-08
2.187500e-01 -1.967299e-08
2.491320e-01 -2.566408e-08
2.491320e-01 -1.972449e-08
2.777778e-01 -3.191064e-08
3.046875e-01 -3.814946e-08
3.046875e-01 -3.053122e-08
3.298611e-01 -4.448322e-08
3.532986e-01 -5.019157e-08
3.532986e-01 -4.209725e-08
3.750000e-01 -5.530882e-08
3.949653e-01 -5.911556e-08
3.949653e-01 -5.239061e-08
4.131944e-01 -6.150696e-08
4.296875e-01 -6.210951e-08
4.296875e-01 -5.748704e-08
4.444444e-01 -6.087012e-08
4.574653e-01 -5.801670e-08
4.574653e-01 -5.420742e-08
4.687500e-01 -5.317825e-08
4.782986e-01 -4.702381e-08
4.782986e-01 -4.324323e-08
4.861111e-01 -3.910347e-08
4.921875e-01 -3.051061e-08
4.921875e-01 -2.736226e-08
4.965278e-01 -2.059495e-08
4.991319e-01 -1.070376e-08
4.991319e-01 -9.330599e-09
5.000000e-01 -1.271703e-10
4.991319e-01 9.950536e-09
4.991319e-01 9.213725e-09
4.965278e-01 2.022254e-08
4.921875e-01 2.949066e-08
4.921875e-01 2.733559e-08
4.861111e-01 3.828336e-08
4.782986e-01 4.570293e-08
4.782986e-01 4.332716e-08
4.687500e-01 5.202640e-08
4.574653e-01 5.670925e-08
4.574653e-01 5.432545e-08
4.444444e-01 5.989105e-08
4.296875e-01 6.120704e-08
4.296875e-01 5.760694e-08
4.131944e-01 6.082347e-08
3.949653e-01 5.863165e-08
3.949653e-01 5.259022e-08
3.750000e-01 5.484890e-08
3.532986e-01 4.994588e-08
3.532986e-01 4.247108e-08
3.298611e-01 4.419488e-08
3.046875e-01 3.800310e-08
3.046875e-01 3.101012e-08
2.777778e-01 3.169517e-08
2.491320e-01 2.547589e-08
2.491320e-01 2.057672e-08
2.187500e-01 1.955005e-08
1.866320e-01 1.390045e-08
1.866320e-01 1.196685e-08
1.527778e-01 7.986566e-09
1.171875e-01 3.564800e-09
1.171875e-01 4.301708e-09
7.986112e-02 2.508426e-10
4.079862e-02 -7.720209e-10
4.079862e-02 3.289964e-10
4.079862e-02 1.227757e-10
4.079862e-02 -5.332085e-10
7.986113e-02 -1.432848e-09
1.171875e-01 -3.222195e-09
1.171875e-01 -2.727011e-09
1.527778e-01 -5.342409e-09
1.866320e-01 -8.385374e-09
1.866320e-01 -6.683601e-09
2.187500e-01 -1.178448e-08
2.491320e-01 -1.555574e-08
2.491320e-01 -1.215984e-08
2.777778e-01 -1.965946e-08
3.046875e-01 -2.413091e-08
3.046875e-01 -1.873713e-08
3.298611e-01 -2.882051e-08
3.532986e-01 -3.366942e-08
3.532986e-01 -2.601058e-08
3.750000e-01 -3.839866e-08
3.949653e-01 -4.265299e-08
3.949653e-01 -3.291694e-08
4.131944e-01 -4.604235e-08
4.296875e-01 -4.781486e-08
4.296875e-01 -3.766667e-08
4.444444e-01 -4.780232e-08
4.574653e-01 -4.589467e-08
4.574653e-01 -3.740997e-08
4.687500e-01 -4.219143e-08
4.782986e-01 -3.704206e-08
4.782986e-01 -3.109941e-08
4.861111e-01 -3.071343e-08
4.921875e-01 -2.355805e-08
4.921874e-01 -2.010938e-08
4.965277e-01 -1.590311e-08
4.991319e-01 -7.906293e-09
4.991319e-01 -6.593909e-09
4.999999e-01 1.651018e-10
4.991319e-01 8.331519e-09
4.991319e-01 7.648995e-09
4.965277e-01 1.633987e-08
4.921875e-01 2.412210e-08
4.921874e-01 2.114278e-08
4.861111e-01 3.137487e-08
4.782986e-01 3.778859e-08
4.782986e-01 3.214128e-08
4.687500e-01 4.305389e-08
4.574653e-01 4.671121e-08
4.574653e-01 3.851282e-08
4.444444e-01 4.866789e-08
4.296875e-01 4.854303e-08
4.296875e-01 3.865159e-08
4.131944e-01 4.666082e-08
3.949653e-01 4.323778e-08
3.949653e-01 3.383705e-08
3.750000e-01 3.897894e-08
3.532986e-01 3.429858e-08
3.532986e-01 2.686642e-08
3.298611e-01 2.955931e-08
3.046875e-01 2.495055e-08
3.046875e-01 1.966327e-08
2.777778e-01 2.064018e-08
2.491320e-01 1.670328e-08
2.491320e-01 1.311290e-08
2.187500e-01 1.329339e-08
1.866320e-01 9.939135e-09
1.866320e-01 7.669465e-09
1.527778e-01 6.636998e-09
1.171875e-01 4.120650e-09
1.171875e-01 3.407561e-09
7.986113e-02 1.797749e-09
4.079862e-02 5.491693e-10
4.079862e-02 5.509863e-10
4.079862e-02 -4.002559e-10
4.079862e-02 -4.141576e-10
7.986113e-02 -1.338758e-09
1.171875e-01 -2.293311e-09
1.171875e-01 -2.114293e-09
1.527778e-01 -3.542984e-09
1.866320e-01 -5.241242e-09
1.866320e-01 -4.186745e-09
2.187500e-01 -7.089002e-09
2.491320e-01 -9.193628e-09
2.491320e-01 -6.795351e-09
2.777778e-01 -1.142422e-08
3.046875e-01 -1.378874e-08
3.046875e-01 -9.543503e-09
3.298612e-01 -1.623720e-08
3.532986e-01 -1.873816e-08
3.532986e-01 -1.231111e-08
3.750000e-01 -2.115304e-08
3.949653e-01 -2.348523e-08
3.949653e-01 -1.492226e-08
4.131945e-01 -2.557291e-08
4.296875e-01 -2.723210e-08
4.296875e-01 -1.726960e-08
4.444444e-01 -2.833998e-08
4.574653e-01 -2.832869e-08
4.574653e-01 -1.884929e-08
4.687500e-01 -2.716046e-08
4.782986e-01 -2.478396e-08
4.782986e-01 -1.770097e-08
4.861111e-01 -2.119138e-08
4.921874e-01 -1.667673e-08
4.921874e-01 -1.257614e-08
4.965277e-01 -1.135101e-08
4.991319e-01 -5.527333e-09
4.991319e-01 -4.223211e-09
4.999999e-01 5.439826e-10
4.991319e-01 6.654179e-09
4.991319e-01 5.314850e-09
4.965277e-01 1.247877e-08
4.921874e-01 1.782909e-08
4.921874e-01 1.364414e-08
4.861111e-01 2.240510e-08
4.782986e-01 2.597078e-08
4.782986e-01 1.871733e-08
4.687500e-01 2.840113e-08
4.574653e-01 2.947598e-08
4.574653e-01 1.975937e-08
4.444444e-01 2.938434e-08
4.296875e-01 2.823702e-08
4.296875e-01 1.809175e-08
4.131945e-01 2.658925e-08
3.949653e-01 2.443602e-08
3.949653e-01 1.566011e-08
3.750000e-01 2.209792e-08
3.532986e-01 1.960740e-08
3.532986e-01 1.301026e-08
3.298612e-01 1.712835e-08
3.046875e-01 1.466261e-08
3.046875e-01 1.027598e-08
2.777778e-01 1.226253e-08
2.491320e-01 1.003624e-08
2.491320e-01 7.484849e-09
2.187500e-01 7.984133e-09
1.866320e-01 6.029634e-09
1.866320e-01 4.749294e-09
1.527778e-01 4.204607e-09
1.171875e-01 2.879040e-09
1.171875e-01 2.437286e-09
7.986113e-02 1.600085e-09
4.079862e-02 4.921009e-10
4.079862e-02 4.220067e-10
4.079862e-02 -3.459771e-10
4.079862e-02 -2.903878e-10
7.986114e-02 -1.150679e-09
1.171875e-01 -1.804674e-09
1.171875e-01 -1.381636e-09
1.527778e-01 -2.486859e-09
1.866320e-01 -3.228022e-09
1.866320e-01 -2.113761e-09
2.187500e-01 -3.915196e-09
2.491320e-01 -4.600230e-09
2.491320e-01 -2.344371e-09
2.777778e-01 -5.170419e-09
3.046875e-01 -5.692895e-09
3.046875e-01 -1.912989e-09
3.298612e-01 -6.098042e-09
3.532987e-01 -6.418631e-09
3.532987e-01 -7.857534e-10
3.750000e-01 -6.670237e-09
3.949653e-01 -6.926089e-09
3.949653e-01 5.931792e-10
4.131945e-01 -7.238876e-09
4.296875e-01 -7.707250e-09
4.296875e-01 1.351669e-09
4.444444e-01 -8.367032e-09
4.574653e-01 -8.955893e-09
4.574653e-01 8.098331e-10
4.687500e-01 -9.451033e-09
4.782986e-01 -9.409730e-09
4.782986e-01 -6.484120e-10
4.861110e-01 -8.718632e-09
4.921874e-01 -7.340398e-09
4.921874e-01 -1.494392e-09
4.965277e-01 -5.178727e-09
4.991319e-01 -2.547990e-09
4.991319e-01 -6.200712e-10
4.999999e-01 4.787879e-10
4.991319e-01 3.500395e-09
4.991319e-01 1.268766e-09
4.965277e-01 6.211356e-09
4.921874e-01 8.317532e-09
4.921874e-01 2.133815e-09
4.861110e-01 9.717705e-09
4.782986e-01 1.030171e-08
4.782986e-01 1.257847e-09
4.687500e-01 1.022377e-08
4.574653e-01 9.689760e-09
4.574653e-01 -2.561276e-10
4.444444e-01 9.023185e-09
4.296875e-01 8.347139e-09
4.296875e-01 -8.773316e-10
4.131945e-01 7.887988e-09
3.949653e-01 7.493059e-09
3.949653e-01 -1.784549e-10
3.750000e-01 7.223252e-09
3.532987e-01 6.948518e-09
3.532987e-01 1.178587e-09
3.298612e-01 6.654341e-09
3.046875e-01 6.245887e-09
3.046875e-01 2.288980e-09
2.777778e-01 5.731477e-09
2.491320e-01 5.109428e-09
2.491320e-01 2.665443e-09
2.187500e-01 4.425494e-09
1.866320e-01 3.634600e-09
1.866320e-01 2.360638e-09
1.527778e-01 2.733884e-09
1.171875e-01 2.082311e-09
1.171875e-01 1.531095e-09
7.986114e-02 1.344496e-09
4.079862e-02 3.848696e-10
4.079862e-02 2.907482e-10
4.079863e-02 -2.164935e-10
4.079863e-02 -1.597854e-10
7.986114e-02 -6.476205e-10
1.171875e-01 -8.222502e-10
1.171875e-01 -1.300469e-10
1.527778e-01 -8.636118e-10
1.866320e-01 -7.386826e-10
1.866320e-01 1.039520e-09
2.187500e-01 -3.813007e-10
2.491320e-01 2.279774e-10
2.491320e-01 3.273319e-09
2.777778e-01 1.083135e-09
3.046875e-01 2.182449e-09
3.046875e-01 6.646518e-09
3.298612e-01 3.501922e-09
3.532986e-01 4.922007e-09
3.532986e-01 1.068087e-08
3.750000e-01 6.412841e-09
3.949653e-01 7.826397e-09
3.949653e-01 1.471055e-08
4.131945e-01 9.031339e-09
4.296875e-01 9.876691e-09
4.296875e-01 1.769319e-08
4.444444e-01 1.023622e-08
4.574653e-01 1.007791e-08
4.574653e-01 1.842003e-08
4.687500e-01 9.324372e-09
4.782986e-01 8.201588e-09
4.782986e-01 1.617692e-08
4.861110e-01 6.678631e-09
4.921874e-01 5.090414e-09
4.921874e-01 1.110582e-08
4.965277e-01 3.476860e-09
4.991319e-01 1.837119e-09
4.991319e-01 4.033884e-09
4.999999e-01 4.632762e-10
4.991319e-01 -1.253173e-09
4.991319e-01 -3.857035e-09
4.965277e-01 -2.867923e-09
4.921874e-01 -4.612915e-09
4.921874e-01 -1.088825e-08
4.861110e-01 -6.301439e-09
4.782986e-01 -7.827350e-09
4.782986e-01 -1.596923e-08
4.687500e-01 -9.013346e-09
4.574653e-01 -9.755163e-09
4.574653e-01 -1.826026e-08
4.444444e-01 -9.923417e-09
4.296875e-01 -9.585479e-09
4.296875e-01 -1.757181e-08
4.131945e-01 -8.730818e-09
3.949653e-01 -7.559284e-09
3.949653e-01 -1.460855e-08
3.750000e-01 -6.134263e-09
3.532986e-01 -4.669831e-09
3.532986e-01 -1.057127e-08
3.298612e-01 -3.246400e-09
3.046875e-01 -1.987236e-09
3.046875e-01 -6.530473e-09
2.777778e-01 -9.157213e-10
2.491320e-01 -6.099952e-11
2.491320e-01 -3.175305e-09
2.187500e-01 5.468570e-10
1.866320e-01 8.848356e-10
1.866320e-01 -9.490538e-10
1.527778e-01 8.858391e-10
1.171875e-01 9.460425e-10
1.171875e-01 1.684688e-10
7.986114e-02 8.443938e-10
4.079863e-02 2.473055e-10
4.079863e-02 1.263143e-10
4.079863e-02 -5.240210e-11
4.079863e-02 4.713808e-11
7.986114e-02 6.191703e-11
1.171875e-01 7.517244e-10
1.171875e-01 1.778324e-09
1.527778e-01 1.832472e-09
1.866320e-01 3.175496e-09
1.866320e-01 5.674271e-09
2.187500e-01 4.813239e-09
2.491320e-01 6.759995e-09
2.491320e-01 1.059331e-08
2.777778e-01 8.949390e-09
3.046875e-01 1.137035e-08
3.046875e-01 1.625026e-08
3.298611e-01 1.390246e-08
3.532986e-01 1.643788e-08
3.532986e-01 2.200589e-08
3.750000e-01 1.890978e-08
3.949653e-01 2.118336e-08
3.949653e-01 2.705211e-08
4.131945e-01 2.313848e-08
4.296875e-01 2.460220e-08
4.296875e-01 3.044067e-08
4.444444e-01 2.538830e-08
4.574653e-01 2.535623e-08
4.574653e-01 3.077963e-08
4.687500e-01 2.437349e-08
4.782986e-01 2.241862e-08
4.782986e-01 2.691723e-08
4.861111e-01 1.944528e-08
4.921874e-01 1.558574e-08
4.921874e-01 1.856766e-08
4.965277e-01 1.089313e-08
4.991319e-01 5.649941e-09
4.991319e-01 6.645721e-09
4.999999e-01 2.677781e-11
4.991319e-01 -5.548378e-09
4.991319e-01 -6.694635e-09
4.965277e-01 -1.078875e-08
4.921874e-01 -1.548096e-08
4.921874e-01 -1.865142e-08
4.861111e-01 -1.935545e-08
4.782986e-01 -2.235160e-08
4.782986e-01 -2.701938e-08
4.687500e-01 -2.432459e-08
4.574653e-01 -2.532830e-08
4.574653e-01 -3.087837e-08
4.444444e-01 -2.536219e-08
4.296875e-01 -2.459117e-08
4.296875e-01 -3.052879e-08
4.131945e-01 -2.312160e-08
3.949653e-01 -2.117289e-08
3.949653e-01 -2.713401e-08
3.750000e-01 -1.887455e-08
3.532986e-01 -1.642237e-08
3.532986e-01 -2.207122e-08
3.298611e-01 -1.388459e-08
3.046875e-01 -1.136559e-08
3.046875e-01 -1.628609e-08
2.777778e-01 -8.968059e-09
2.491320e-01 -6.759550e-09
2.491320e-01 -1.060796e-08
2.187500e-01 -4.816980e-09
1.866320e-01 -3.161055e-09
1.866320e-01 -5.650197e-09
1.527778e-01 -1.911363e-09
1.171875e-01 -7.296706e-10
1.171875e-01 -1.790731e-09
7.986114e-02 9.921708e-11
4.079863e-02 7.273766e-11
4.079863e-02 -8.254558e-11
4.079863e-02 2.089173e-10
4.079862e-02 3.670619e-10
7.986113e-02 1.113102e-09
1.171875e-01 3.034412e-09
1.171875e-01 4.428924e-09
1.527778e-01 5.573668e-09
1.866320e-01 8.396078e-09
1.866320e-01 1.131230e-08
2.187500e-01 1.141435e-08
2.491320e-01 1.457590e-08
2.491320e-01 1.856636e-08
2.777778e-01 1.780076e-08
3.046875e-01 2.104887e-08
3.046875e-01 2.560660e-08
3.298611e-01 2.419883e-08
3.532986e-01 2.719761e-08
3.532986e-01 3.184385e-08
3.750000e-01 2.989849e-08
3.949653e-01 3.218029e-08
3.949653e-01 3.644679e-08
4.131944e-01 3.396805e-08
4.296875e-01 3.509744e-08
4.296875e-01 3.857874e-08
4.444444e-01 3.536856e-08
4.574653e-01 3.464006e-08
4.574653e-01 3.710971e-08
4.687500e-01 3.277365e-08
4.782986e-01 2.973796e-08
4.782986e-01 3.120347e-08
4.861111e-01 2.551202e-08
4.921874e-01 2.023025e-08
4.921875e-01 2.090027e-08
4.965277e-01 1.400848e-08
4.991319e-01 7.156829e-09
4.991319e-01 7.313843e-09
4.999999e-01 -7.766765e-11
4.991319e-01 -7.283818e-09
4.991319e-01 -7.498222e-09
4.965277e-01 -1.416201e-08
4.921874e-01 -2.036818e-08
4.921875e-01 -2.109180e-08
4.861111e-01 -2.565789e-08
4.782986e-01 -2.987630e-08
4.782986e-01 -3.139904e-08
4.687500e-01 -3.290412e-08
4.574653e-01 -3.476925e-08
4.574653e-01 -3.729923e-08
4.444444e-01 -3.548862e-08
4.296875e-01 -3.521852e-08
4.296875e-01 -3.875676e-08
4.131944e-01 -3.408712e-08
3.949653e-01 -3.228644e-08
3.949653e-01 -3.659609e-08
3.750000e-01 -2.998076e-08
3.532986e-01 -2.730382e-08
3.532986e-01 -3.197821e-08
3.298611e-01 -2.430932e-08
3.046875e-01 -2.113344e-08
3.046875e-01 -2.570138e-08
2.777778e-01 -1.788816e-08
2.491320e-01 -1.464423e-08
2.491320e-01 -1.863832e-08
2.187500e-01 -1.147546e-08
1.866320e-01 -8.431466e-09
1.866320e-01 -1.131769e-08
1.527778e-01 -5.679076e-09
1.171875e-01 -3.048156e-09
1.171875e-01 -4.439017e-09
7.986114e-02 -9.859863e-10
4.079863e-02 -1.807143e-10
4.079863e-02 -4.116524e-10
4.079862e-02 6.216280e-10
4.079862e-02 8.842460e-10
7.986113e-02 2.669208e-09
1.171875e-01 6.088798e-09
1.171875e-01 7.814554e-09
1.527778e-01 1.012657e-08
1.866320e-01 1.428407e-08
1.866320e-01 1.721541e-08
2.187500e-01 1.840179e-08
2.491320e-01 2.239773e-08
2.491320e-01 2.590224e-08
2.777778e-01 2.618797e-08
3.046875e-01 2.971596e-08
3.046875e-01 3.323061e-08
3.298611e-01 3.291611e-08
3.532986e-01 3.575081e-08
3.532986e-01 3.883648e-08
3.750000e-01 3.806120e-08
3.949653e-01 3.975615e-08
3.949653e-01 4.207297e-08
4.131944e-01 4.073431e-08
4.296875e-01 4.089285e-08
4.296875e-01 4.210111e-08
4.444444e-01 4.010512e-08
4.574653e-01 3.830777e-08
4.574653e-01 3.846746e-08
4.687500e-01 3.544396e-08
4.782986e-01 3.153137e-08
4.782986e-01 3.103335e-08
4.861111e-01 2.659911e-08
4.921875e-01 2.079309e-08
4.921875e-01 2.017898e-08
4.965277e-01 1.424028e-08
4.991319e-01 7.201248e-09
4.991319e-01 6.946125e-09
5.000000e-01 -1.216956e-10
4.991319e-01 -7.424143e-09
4.991319e-01 -7.139279e-09
4.965277e-01 -1.447472e-08
4.921875e-01 -2.100418e-08
4.921875e-01 -2.037803e-08
4.861111e-01 -2.681144e-08
4.782986e-01 -3.172636e-08
4.782986e-01 -3.123942e-08
4.687500e-01 -3.563433e-08
4.574653e-01 -3.848967e-08
4.574653e-01 -3.867982e-08
4.444444e-01 -4.027065e-08
4.296875e-01 -4.105466e-08
4.296875e-01 -4.229855e-08
4.131944e-01 -4.089604e-08
3.949653e-01 -3.989974e-08
3.949653e-01 -4.224707e-08
3.750000e-01 -3.820181e-08
3.532986e-01 -3.590290e-08
3.532986e-01 -3.899863e-08
3.298611e-01 -3.306629e-08
3.046875e-01 -2.982649e-08
3.046875e-01 -3.335848e-08
2.777778e-01 -2.628190e-08
2.491320e-01 -2.248768e-08
2.491320e-01 -2.599965e-08
2.187500e-01 -1.848452e-08
1.866320e-01 -1.433299e-08
1.866320e-01 -1.725383e-08
1.527778e-01 -1.019091e-08
1.171875e-01 -6.076832e-09
1.171875e-01 -7.778983e-09
7.986113e-02 -2.598378e-09
4.079862e-02 -5.971604e-10
4.079862e-02 -9.565210e-10
4.079862e-02 1.235264e-09
4.079861e-02 1.653180e-09
7.986112e-02 4.726562e-09
1.171875e-01 9.671585e-09
1.171875e-01 1.129557e-08
1.527778e-01 1.491378e-08
1.866320e-01 1.992866e-08
1.866319e-01 2.218164e-08
2.187500e-01 2.462838e-08
2.491320e-01 2.892513e-08
2.491319e-01 3.125198e-08
2.777778e-01 3.273709e-08
3.046875e-01 3.603456e-08
3.046875e-01 3.798562e-08
3.298611e-01 3.880957e-08
3.532986e-01 4.100260e-08
3.532986e-01 4.224544e-08
3.750000e-01 4.250257e-08
3.949653e-01 4.332061e-08
3.949653e-01 4.367156e-08
4.131944e-01 4.324603e-08
4.296875e-01 4.228995e-08
4.296875e-01 4.161708e-08
4.444444e-01 4.046012e-08
4.574653e-01 3.776958e-08
4.574653e-01 3.640993e-08
4.687500e-01 3.423431e-08
4.782986e-01 2.991004e-08
4.782986e-01 2.835601e-08
4.861111e-01 2.485327e-08
4.921875e-01 1.919118e-08
4.921875e-01 1.798923e-08
4.965278e-01 1.303289e-08
4.991319e-01 6.554630e-09
4.991319e-01 6.120234e-09
5.000000e-01 -1.061025e-10
4.991319e-01 -6.755265e-09
4.991319e-01 -6.270597e-09
4.965278e-01 -1.324246e-08
4.921875e-01 -1.939043e-08
4.921875e-01 -1.814830e-08
4.861111e-01 -2.505625e-08
4.782986e-01 -3.010421e-08
4.782986e-01 -2.852834e-08
4.687500e-01 -3.443065e-08
4.574653e-01 -3.795497e-08
4.574653e-01 -3.658851e-08
4.444444e-01 -4.062772e-08
4.296875e-01 -4.244935e-08
4.296875e-01 -4.177880e-08
4.131944e-01 -4.340442e-08
3.949653e-01 -4.349859e-08
3.949653e-01 -4.382494e-08
3.750000e-01 -4.269089e-08
3.532986e-01 -4.115562e-08
3.532986e-01 -4.238972e-08
3.298611e-01 -3.894392e-08
3.046875e-01 -3.615793e-08
3.046875e-01 -3.813311e-08
2.777778e-01 -3.283657e-08
2.491320e-01 -2.901939e-08
2.491319e-01 -3.135727e-08
2.187500e-01 -2.472082e-08
1.866320e-01 -1.998119e-08
1.866319e-01 -2.225884e-08
1.527778e-01 -1.489272e-08
1.171875e-01 -9.611960e-09
1.171875e-01 -1.127436e-08
7.986112e-02 -4.762502e-09
4.079862e-02 -1.281399e-09
4.079861e-02 -1.797944e-09
4.079861e-02 2.099133e-09
4.079860e-02 2.128371e-09
7.986110e-02 6.689674e-09
1.171875e-01 1.247545e-08
1.171875e-01 1.277600e-08
1.527778e-01 1.831113e-08
1.866319e-01 2.365957e-08
1.866319e-01 2.418017e-08
2.187500e-01 2.848111e-08
2.491319e-01 3.269004e-08
2.491319e-01 3.309257e-08
2.777778e-01 3.619794e-08
3.046875e-01 3.901213e-08
3.046875e-01 3.898001e-08
3.298611e-01 4.114465e-08
3.532986e-01 4.253764e-08
3.532986e-01 4.179248e-08
3.750000e-01 4.316121e-08
3.949653e-01 4.298947e-08
3.949653e-01 4.145860e-08
4.131944e-01 4.196327e-08
4.296875e-01 4.020669e-08
4.296875e-01 3.814239e-08
4.444444e-01 3.770217e-08
4.574653e-01 3.454784e-08
4.574653e-01 3.225725e-08
4.687500e-01 3.078728e-08
4.782986e-01 2.649965e-08
4.782986e-01 2.441625e-08
4.861111e-01 2.174968e-08
4.921875e-01 1.663254e-08
4.921875e-01 1.518971e-08
4.965278e-01 1.122322e-08
4.991319e-01 5.627208e-09
4.991320e-01 5.127319e-09
5.000000e-01 -7.207304e-11
4.991319e-01 -5.766633e-09
4.991320e-01 -5.217385e-09
4.965278e-01 -1.136891e-08
4.921875e-01 -1.677618e-08
4.921875e-01 -1.529019e-08
4.861111e-01 -2.189821e-08
4.782986e-01 -2.664758e-08
4.782986e-01 -2.453332e-08
4.687500e-01 -3.093848e-08
4.574653e-01 -3.469743e-08
4.574653e-01 -3.239001e-08
4.444444e-01 -3.786005e-08
4.296875e-01 -4.036764e-08
4.296875e-01 -3.828747e-08
4.131944e-01 -4.215775e-08
3.949653e-01 -4.315077e-08
3.949653e-01 -4.160834e-08
3.750000e-01 -4.328305e-08
3.532986e-01 -4.264986e-08
3.532986e-01 -4.194109e-08
3.298611e-01 -4.124902e-08
3.046875e-01 -3.914626e-08
3.046875e-01 -3.913316e-08
2.777778e-01 -3.631757e-08
2.491319e-01 -3.280469e-08
2.491319e-01 -3.321591e-08
2.187500e-01 -2.860882e-08
1.866319e-01 -2.375262e-08
1.866319e-01 -2.432627e-08
1.527778e-01 -1.830353e-08
1.171875e-01 -1.243325e-08
1.171875e-01 -1.299056e-08
7.986110e-02 -6.665249e-09
4.079861e-02 -2.093451e-09
4.079860e-02 -2.290817e-09
4.079860e-02 2.061954e-09
4.079859e-02 1.579534e-09
7.986109e-02 6.643173e-09
1.171875e-01 1.222844e-08
1.171875e-01 1.059663e-08
1.527778e-01 1.811101e-08
1.866319e-01 2.350704e-08
1.866319e-01 2.183461e-08
2.187500e-01 2.829084e-08
2.491319e-01 3.235066e-08
2.491319e-01 3.059051e-08
2.777778e-01 3.554348e-08
3.046875e-01 3.788762e-08
3.046875e-01 3.581901e-08
3.298611e-01 3.940196e-08
3.532986e-01 4.009905e-08
3.532986e-01 3.754620e-08
3.750000e-01 3.999185e-08
3.949653e-01 3.914235e-08
3.949653e-01 3.618331e-08
4.131945e-01 3.763103e-08
4.296875e-01 3.549643e-08
4.296875e-01 3.239277e-08
4.444445e-01 3.278701e-08
4.574653e-01 2.962325e-08
4.574653e-01 2.673180e-08
4.687500e-01 2.605381e-08
4.782986e-01 2.217204e-08
4.782986e-01 1.981913e-08
4.861111e-01 1.802627e-08
4.921875e-01 1.368510e-08
4.921875e-01 1.215552e-08
4.965278e-01 9.191161e-09
4.991320e-01 4.603064e-09
4.991320e-01 4.085756e-09
5.000000e-01 -3.720505e-11
4.991320e-01 -4.676081e-09
4.991320e-01 -4.116479e-09
4.965278e-01 -9.269098e-09
4.921875e-01 -1.376434e-08
4.921875e-01 -1.219428e-08
4.861111e-01 -1.811230e-08
4.782986e-01 -2.226103e-08
4.782986e-01 -1.987370e-08
4.687500e-01 -2.615244e-08
4.574653e-01 -2.972412e-08
4.574653e-01 -2.680359e-08
4.444445e-01 -3.290771e-08
4.296875e-01 -3.561095e-08
4.296875e-01 -3.249198e-08
4.131945e-01 -3.773762e-08
3.949653e-01 -3.925815e-08
3.949653e-01 -3.629260e-08
3.750000e-01 -4.012307e-08
3.532986e-01 -4.021787e-08
3.532986e-01 -3.767082e-08
3.298611e-01 -3.952368e-08
3.046875e-01 -3.802866e-08
3.046875e-01 -3.595757e-08
2.777778e-01 -3.567852e-08
2.491319e-01 -3.250040e-08
2.491319e-01 -3.072046e-08
2.187500e-01 -2.848079e-08
1.866319e-01 -2.368433e-08
1.866319e-01 -2.202535e-08
1.527778e-01 -1.826306e-08
1.171875e-01 -1.232049e-08
1.171875e-01 -1.108451e-08
7.986109e-02 -6.453542e-09
4.079860e-02 -1.936597e-09
4.079859e-02 -1.716448e-09
4.079859e-02 1.084462e-09
4.079859e-02 2.427680e-10
7.986107e-02 4.144369e-09
1.171875e-01 8.534451e-09
1.171874e-01 5.744481e-09
1.527777e-01 1.398833e-08
1.866319e-01 1.920214e-08
1.866319e-01 1.608284e-08
2.187500e-01 2.392252e-08
2.491319e-01 2.791329e-08
2.491319e-01 2.469572e-08
2.777778e-01 3.090699e-08
3.046875e-01 3.293751e-08
3.046875e-01 2.950533e-08
3.298611e-01 3.405893e-08
3.532986e-01 3.434955e-08
3.532986e-01 3.070370e-08
3.750000e-01 3.387999e-08
3.949653e-01 3.276355e-08
3.949653e-01 2.905137e-08
4.131945e-01 3.111709e-08
4.296875e-01 2.900256e-08
4.296875e-01 2.545845e-08
4.444445e-01 2.649597e-08
4.574653e-01 2.369401e-08
4.574653e-01 2.061023e-08
4.687500e-01 2.064315e-08
4.782986e-01 1.742519e-08
4.782986e-01 1.504509e-08
4.861111e-01 1.406959e-08
4.921875e-01 1.062686e-08
4.921875e-01 9.131684e-09
4.965278e-01 7.115292e-09
4.991320e-01 3.565520e-09
4.991320e-01 3.065107e-09
5.000000e-01 -6.669996e-12
4.991320e-01 -3.578957e-09
4.991320e-01 -3.047434e-09
4.965278e-01 -7.132060e-09
4.921875e-01 -1.064586e-08
4.921875e-01 -9.120052e-09
4.861111e-01 -1.409559e-08
4.782986e-01 -1.745477e-08
4.782986e-01 -1.504484e-08
4.687500e-01 -2.068542e-08
4.574653e-01 -2.374041e-08
4.574653e-01 -2.062678e-08
4.444445e-01 -2.656036e-08
4.296875e-01 -2.906925e-08
4.296875e-01 -2.549933e-08
4.131945e-01 -3.118223e-08
3.949653e-01 -3.284350e-08
3.949653e-01 -2.911067e-08
3.750000e-01 -3.397735e-08
3.532986e-01 -3.444689e-08
3.532986e-01 -3.078276e-08
3.298611e-01 -3.417239e-08
3.046875e-01 -3.305803e-08
3.046875e-01 -2.959887e-08
2.777778e-01 -3.102509e-08
2.491319e-01 -2.805860e-08
2.491319e-01 -2.478405e-08
2.187500e-01 -2.412789e-08
1.866319e-01 -1.941126e-08
1.866319e-01 -1.627668e-08
1.527777e-01 -1.421170e-08
1.171875e-01 -8.691061e-09
1.171874e-01 -6.226954e-09
7.986107e-02 -3.890399e-09
4.079859e-02 -8.933497e-10
4.079859e-02 -3.246821e-10
4.079859e-02 -2.758435e-10
4.079859e-02 -7.108003e-10
7.986106e-02 7.335243e-10
1.171874e-01 3.505085e-09
1.171874e-01 1.096183e-09
1.527777e-01 8.119653e-09
1.866319e-01 1.280407e-08
1.866319e-01 9.643214e-09
2.187500e-01 1.730685e-08
2.491319e-01 2.115486e-08
2.491319e-01 1.764874e-08
2.777778e-01 2.395147e-08
3.046875e-01 2.576394e-08
3.046875e-01 2.197556e-08
3.298611e-01 2.668835e-08
3.532986e-01 2.683331e-08
3.532986e-01 2.294448e-08
3.750000e-01 2.630254e-08
3.949653e-01 2.522983e-08
3.949653e-01 2.145455e-08
4.131945e-01 2.373874e-08
4.296875e-01 2.191356e-08
4.296875e-01 1.847436e-08
4.444445e-01 1.983781e-08
4.574653e-01 1.758626e-08
4.574653e-01 1.469631e-08
4.687500e-01 1.520279e-08
4.782986e-01 1.274778e-08
4.782986e-01 1.057638e-08
4.861111e-01 1.023543e-08
4.921875e-01 7.701405e-09
4.921875e-01 6.362160e-09
4.965278e-01 5.145974e-09
4.991320e-01 2.585220e-09
4.991320e-01 2.139226e-09
5.000000e-01 1.865944e-11
4.991320e-01 -2.549683e-09
4.991320e-01 -2.079032e-09
4.965278e-01 -5.113640e-09
4.921875e-01 -7.671677e-09
4.921875e-01 -6.304760e-09
4.861111e-01 -1.021319e-08
4.782986e-01 -1.272803e-08
4.782986e-01 -1.053087e-08
4.687500e-01 -1.519393e-08
4.574653e-01 -1.757957e-08
4.574653e-01 -1.466445e-08
4.444445e-01 -1.984119e-08
4.296875e-01 -2.192195e-08
4.296875e-01 -1.845593e-08
4.131945e-01 -2.375007e-08
3.949653e-01 -2.525288e-08
3.949653e-01 -2.144702e-08
3.750000e-01 -2.633659e-08
3.532986e-01 -2.687223e-08
3.532986e-01 -2.294586e-08
3.298611e-01 -2.674292e-08
3.046875e-01 -2.582015e-08
3.046875e-01 -2.199073e-08
2.777778e-01 -2.400005e-08
2.491319e-01 -2.122232e-08
2.491319e-01 -1.765455e-08
2.187500e-01 -1.743462e-08
1.866319e-01 -1.292559e-08
1.866319e-01 -9.776907e-09
1.527777e-01 -8.146454e-09
1.171874e-01 -3.478145e-09
1.171874e-01 -1.339917e-09
7.986106e-02 -4.981072e-10
4.079859e-02 3.653328e-10
4.079859e-02 5.731877e-10
4.079859e-02 -7.398524e-10
4.079859e-02 -9.458363e-10
7.986106e-02 -1.474763e-09
1.171874e-01 -2.565151e-10
1.171874e-01 -1.741061e-09
1.527777e-01 3.135941e-09
1.866319e-01 6.933846e-09
1.866319e-01 4.520192e-09
2.187499e-01 1.090151e-08
2.491319e-01 1.432680e-08
2.491319e-01 1.133225e-08
2.777777e-01 1.677139e-08
3.046875e-01 1.831594e-08
3.046875e-01 1.492391e-08
3.298611e-01 1.908686e-08
3.532986e-01 1.919264e-08
3.532986e-01 1.570337e-08
3.750000e-01 1.874179e-08
3.949653e-01 1.786291e-08
3.949653e-01 1.454360e-08
4.131945e-01 1.667072e-08
4.296875e-01 1.525218e-08
4.296875e-01 1.230417e-08
4.444445e-01 1.368191e-08
4.574653e-01 1.202158e-08
4.574653e-01 9.596254e-09
4.687500e-01 1.030733e-08
4.782987e-01 8.582667e-09
4.782987e-01 6.788282e-09
4.861112e-01 6.851993e-09
4.921875e-01 5.139020e-09
4.921875e-01 4.040597e-09
4.965278e-01 3.430726e-09
4.991320e-01 1.733087e-09
4.991320e-01 1.369252e-09
5.000000e-01 3.985723e-11
4.991320e-01 -1.656805e-09
4.991320e-01 -1.275876e-09
4.965278e-01 -3.355519e-09
4.921875e-01 -5.065319e-09
4.921875e-01 -3.948574e-09
4.861112e-01 -6.785137e-09
4.782987e-01 -8.517211e-09
4.782987e-01 -6.697850e-09
4.687500e-01 -1.025045e-08
4.574653e-01 -1.196596e-08
4.574653e-01 -9.515509e-09
4.444445e-01 -1.363273e-08
4.296875e-01 -1.520765e-08
4.296875e-01 -1.223425e-08
4.131945e-01 -1.663017e-08
3.949653e-01 -1.782740e-08
3.949653e-01 -1.448359e-08
3.750000e-01 -1.871128e-08
3.532986e-01 -1.916422e-08
3.532986e-01 -1.565012e-08
3.298611e-01 -1.906688e-08
3.046875e-01 -1.829524e-08
3.046875e-01 -1.487889e-08
2.777777e-01 -1.673558e-08
2.491319e-01 -1.429970e-08
2.491319e-01 -1.128995e-08
2.187499e-01 -1.091444e-08
1.866319e-01 -6.941386e-09
1.866319e-01 -4.631502e-09
1.527777e-01 -2.966907e-09
1.171874e-01 4.324871e-10
1.171874e-01 1.580793e-09
7.986106e-02 1.498522e-09
4.079859e-02 7.542846e-10
4.079859e-02 8.061226e-10
4.079859e-02 -7.996456e-10
4.079859e-02 -8.851220e-10
7.986106e-02 -2.251632e-09
1.171874e-01 -2.366577e-09
1.171874e-01 -3.207997e-09
1.527777e-01 -2.337811e-10
1.866319e-01 2.636320e-09
1.866319e-01 9.734718e-10
2.187499e-01 5.896305e-09
2.491319e-01 8.704750e-09
2.491319e-01 6.440157e-09
2.777777e-01 1.066476e-08
3.046875e-01 1.187316e-08
3.046875e-01 9.191169e-09
3.298611e-01 1.246996e-08
3.532986e-01 1.255067e-08
3.532986e-01 9.775794e-09
3.750000e-01 1.221400e-08
3.949653e-01 1.156507e-08
3.949653e-01 8.954742e-09
4.131945e-01 1.069874e-08
4.296875e-01 9.686309e-09
4.296875e-01 7.404981e-09
4.444445e-01 8.591020e-09
4.574653e-01 7.460827e-09
4.574653e-01 5.611257e-09
4.687500e-01 6.326333e-09
4.782987e-01 5.216349e-09
4.782987e-01 3.861623e-09
4.861112e-01 4.131313e-09
4.921875e-01 3.086152e-09
4.921875e-01 2.261945e-09
4.965278e-01 2.060227e-09
4.991320e-01 1.056680e-09
4.991320e-01 7.838165e-10
5.000000e-01 6.038820e-11
4.991320e-01 -9.419674e-10
4.991320e-01 -6.524903e-10
4.965278e-01 -1.945882e-09
4.921875e-01 -2.973519e-09
4.921875e-01 -2.130171e-09
4.861112e-01 -4.023488e-09
4.782987e-01 -5.106307e-09
4.782987e-01 -3.732879e-09
4.687500e-01 -6.221293e-09
4.574653e-01 -7.357842e-09
4.574653e-01 -5.489992e-09
4.444445e-01 -8.492978e-09
4.296875e-01 -9.593196e-09
4.296875e-01 -7.292958e-09
4.131945e-01 -1.061083e-08
3.949653e-01 -1.148494e-08
3.949653e-01 -8.851793e-09
3.750000e-01 -1.213955e-08
3.532986e-01 -1.248060e-08
3.532986e-01 -9.683683e-09
3.298611e-01 -1.240441e-08
3.046875e-01 -1.180734e-08
3.046875e-01 -9.115859e-09
2.777777e-01 -1.058639e-08
2.491319e-01 -8.634017e-09
2.491319e-01 -6.389904e-09
2.187499e-01 -5.845273e-09
1.866319e-01 -2.594512e-09
1.866319e-01 -1.057913e-09
1.527777e-01 4.050844e-10
1.171874e-01 2.585873e-09
1.171874e-01 3.078718e-09
7.986106e-02 2.249525e-09
4.079859e-02 8.138757e-10
4.079859e-02 7.006051e-10
4.079860e-02 -6.343119e-10
4.079860e-02 -6.707988e-10
7.986107e-02 -2.278736e-09
1.171874e-01 -3.278105e-09
1.171874e-01 -3.635290e-09
1.527777e-01 -2.257041e-09
1.866319e-01 -1.614170e-10
1.866319e-01 -1.230889e-09
2.187499e-01 2.396601e-09
2.491319e-01 4.550533e-09
2.491319e-01 2.962045e-09
2.777777e-01 6.014964e-09
3.046875e-01 6.892823e-09
3.046875e-01 4.944814e-09
3.298611e-01 7.324645e-09
3.532986e-01 7.387500e-09
3.532986e-01 5.368447e-09
3.750000e-01 7.160561e-09
3.949653e-01 6.721491e-09
3.949653e-01 4.847380e-09
4.131945e-01 6.139907e-09
4.296875e-01 5.471817e-09
4.296875e-01 3.862102e-09
4.444445e-01 4.765317e-09
4.574653e-01 4.056147e-09
4.574653e-01 2.771140e-09
4.687500e-01 3.370963e-09
4.782987e-01 2.727595e-09
4.782987e-01 1.794780e-09
4.861112e-01 2.125255e-09
4.921876e-01 1.573961e-09
4.921876e-01 1.006263e-09
4.965278e-01 1.047882e-09
4.991320e-01 5.571847e-10
4.991320e-01 3.666496e-10
5.000001e-01 7.701115e-11
4.991320e-01 -4.105874e-10
4.991320e-01 -2.116026e-10
4.965278e-01 -9.019409e-10
4.921876e-01 -1.428449e-09
4.921876e-01 -8.500271e-10
4.861112e-01 -1.986530e-09
4.782987e-01 -2.585398e-09
4.782987e-01 -1.640542e-09
4.687500e-01 -3.233067e-09
4.574653e-01 -3.920226e-09
4.574653e-01 -2.623104e-09
4.444445e-01 -4.632781e-09
4.296875e-01 -5.344376e-09
4.296875e-01 -3.720947e-09
4.131945e-01 -6.016922e-09
3.949653e-01 -6.605198e-09
3.949653e-01 -4.714093e-09
3.750000e-01 -7.050937e-09
3.532986e-01 -7.284855e-09
3.532986e-01 -5.248426e-09
3.298611e-01 -7.227535e-09
3.046875e-01 -6.802804e-09
3.046875e-01 -4.844506e-09
2.777777e-01 -5.924568e-09
2.491319e-01 -4.467785e-09
2.491319e-01 -2.916628e-09
2.187499e-01 -2.286042e-09
1.866319e-01 2.626708e-10
1.866319e-01 1.159862e-09
1.527777e-01 2.391122e-09
1.171874e-01 3.477642e-09
1.171874e-01 3.561138e-09
7.986107e-02 2.289770e-09
4.079860e-02 6.731741e-10
4.079860e-02 4.945245e-10
4.079860e-02 -4.387666e-10
4.079860e-02 -4.600304e-10
7.986107e-02 -1.976333e-09
1.171874e-01 -3.541930e-09
1.171874e-01 -3.595898e-09
1.527777e-01 -3.339667e-09
1.866319e-01 -1.844840e-09
1.866318e-01 -2.515038e-09
2.187499e-01 9.945695e-11
2.491319e-01 1.667945e-09
2.491319e-01 5.955292e-10
2.777777e-01 2.710123e-09
3.046875e-01 3.322443e-09
3.046875e-01 1.987558e-09
3.298611e-01 3.629898e-09
3.532986e-01 3.692183e-09
3.532986e-01 2.325113e-09
3.750000e-01 3.566671e-09
3.949653e-01 3.305820e-09
3.949653e-01 2.066022e-09
4.131945e-01 2.955468e-09
4.296875e-01 2.556132e-09
4.296875e-01 1.519994e-09
4.444445e-01 2.143149e-09
4.574653e-01 1.743667e-09
4.574653e-01 9.388211e-10
4.687500e-01 1.378714e-09
4.782987e-01 1.057219e-09
4.782987e-01 4.873941e-10
4.861112e-01 7.840978e-10
4.921876e-01 5.624991e-10
4.921876e-01 2.198603e-10
4.965278e-01 3.695326e-10
4.991320e-01 2.198754e-10
4.991320e-01 1.071114e-10
5.000001e-01 8.401266e-11
4.991320e-01 -5.561392e-11
4.991320e-01 6.143023e-11
4.965278e-01 -2.032228e-10
4.921876e-01 -3.981492e-10
4.921876e-01 -5.276722e-11
4.861112e-01 -6.258119e-10
4.782987e-01 -8.960645e-10
4.782987e-01 -3.211080e-10
4.687500e-01 -1.219344e-09
4.574653e-01 -1.586633e-09
4.574653e-01 -7.777225e-10
4.444445e-01 -1.989971e-09
4.296875e-01 -2.408713e-09
4.296875e-01 -1.366456e-09
4.131945e-01 -2.811845e-09
3.949653e-01 -3.169556e-09
3.949653e-01 -1.922619e-09
3.750000e-01 -3.438093e-09
3.532986e-01 -3.572249e-09
3.532986e-01 -2.197970e-09
3.298611e-01 -3.514868e-09
3.046875e-01 -3.219353e-09
3.046875e-01 -1.880763e-09
2.777777e-01 -2.622934e-09
2.491319e-01 -1.592261e-09
2.491319e-01 -5.655397e-10
2.187499e-01 4.071697e-11
1.866319e-01 1.973739e-09
1.866318e-01 2.455436e-09
1.527777e-01 3.412816e-09
1.171874e-01 3.679922e-09
1.171874e-01 3.463882e-09
7.986107e-02 2.004736e-09
4.079860e-02 5.077362e-10
4.079860e-02 3.226507e-10
4.079860e-02 -2.995383e-10
4.079860e-02 -3.125099e-10
7.986108e-02 -1.572530e-09
1.171874e-01 -3.284436e-09
1.171874e-01 -3.274879e-09
1.527777e-01 -3.809959e-09
1.866318e-01 -2.770085e-09
1.866318e-01 -3.163984e-09
2.187499e-01 -1.321180e-09
2.491319e-01 -2.347156e-10
2.491319e-01 -8.970237e-10
2.777777e-01 4.907696e-10
3.046875e-01 9.221578e-10
3.046875e-01 9.442668e-11
3.298611e-01 1.159116e-09
3.532986e-01 1.241954e-09
3.532986e-01 4.078568e-10
3.750000e-01 1.210668e-09
3.949653e-01 1.095175e-09
3.949653e-01 3.603337e-10
4.131945e-01 9.243191e-10
4.296875e-01 7.246295e-10
4.296875e-01 1.350097e-10
4.444445e-01 5.222085e-10
4.574653e-01 3.348286e-10
4.574653e-01 -1.018662e-10
4.687500e-01 1.833028e-10
4.782987e-01 7.120698e-11
4.782987e-01 -2.221274e-10
4.861112e-01 2.812779e-12
4.921876e-01 -2.091395e-11
4.921876e-01 -1.888817e-10
4.965278e-01 -1.776858e-11
4.991320e-01 2.830404e-11
4.991320e-01 -2.870485e-11
5.000001e-01 8.454494e-11
4.991320e-01 1.373729e-10
4.991320e-01 1.839274e-10
4.965278e-01 1.841621e-10
4.921876e-01 1.851421e-10
4.921876e-01 3.435213e-10
4.861112e-01 1.563527e-10
4.782987e-01 9.066938e-11
4.782987e-01 3.747325e-10
4.687500e-01 -2.440643e-11
4.574653e-01 -1.779693e-10
4.574653e-01 2.508936e-10
4.444445e-01 -3.656864e-10
4.296875e-01 -5.728086e-10
4.296875e-01 1.200111e-11
4.131945e-01 -7.763829e-10
3.949653e-01 -9.548366e-10
3.949653e-01 -2.183295e-10
3.750000e-01 -1.076942e-09
3.532986e-01 -1.117698e-09
3.532986e-01 -2.770890e-10
3.298611e-01 -1.037308e-09
3.046875e-01 -8.138875e-10
3.046875e-01 2.378788e-11
2.777777e-01 -4.040806e-10
2.491319e-01 3.142079e-10
2.491319e-01 9.304615e-10
2.187499e-01 1.508977e-09
1.866318e-01 2.949106e-09
1.866318e-01 3.099557e-09
1.527777e-01 3.873022e-09
1.171874e-01 3.454825e-09
1.171874e-01 3.145390e-09
7.986108e-02 1.647461e-09
4.079860e-02 3.758943e-10
4.079860e-02 2.240478e-10
4.079860e-02 -2.353608e-10
4.079860e-02 -1.916931e-10
7.986108e-02 -1.225616e-09
1.171874e-01 -2.873024e-09
1.171874e-01 -2.716540e-09
1.527777e-01 -3.803249e-09
1.866318e-01 -3.078017e-09
1.866318e-01 -3.218536e-09
2.187499e-01 -2.052991e-09
2.491319e-01 -1.330070e-09
2.491319e-01 -1.616766e-09
2.777777e-01 -8.230394e-10
3.046875e-01 -5.082608e-10
3.046875e-01 -9.121478e-10
3.298611e-01 -3.081648e-10
3.532986e-01 -2.004385e-10
3.532986e-01 -6.128577e-10
3.750000e-01 -1.586779e-10
3.949653e-01 -1.693513e-10
3.949653e-01 -5.212142e-10
4.131945e-01 -2.152132e-10
4.296875e-01 -2.801583e-10
4.296875e-01 -5.428349e-10
4.444445e-01 -3.439108e-10
4.574653e-01 -3.937523e-10
4.574653e-01 -5.650375e-10
4.687500e-01 -4.140363e-10
4.782987e-01 -4.060174e-10
4.782987e-01 -5.001151e-10
4.861112e-01 -3.608352e-10
4.921876e-01 -2.828087e-10
4.921876e-01 -3.235130e-10
4.965278e-01 -1.879429e-10
4.991320e-01 -5.802761e-11
4.991320e-01 -7.306813e-11
5.000001e-01 7.433190e-11
4.991320e-01 2.050484e-10
4.991320e-01 2.068036e-10
4.965278e-01 3.344655e-10
4.921876e-01 4.256914e-10
4.921876e-01 4.586783e-10
4.861112e-01 4.983765e-10
4.782987e-01 5.460006e-10
4.782987e-01 6.324234e-10
4.687500e-01 5.538564e-10
4.574653e-01 5.316520e-10
4.574653e-01 6.955897e-10
4.444445e-01 4.824758e-10
4.296875e-01 4.168946e-10
4.296875e-01 6.744242e-10
4.131945e-01 3.544033e-10
3.949653e-01 3.053144e-10
3.949653e-01 6.558870e-10
3.750000e-01 2.929598e-10
3.532986e-01 3.300749e-10
3.532986e-01 7.489116e-10
3.298611e-01 4.419422e-10
3.046875e-01 6.319502e-10
3.046875e-01 1.050458e-09
2.777777e-01 9.302992e-10
2.491319e-01 1.428288e-09
2.491319e-01 1.677321e-09
2.187499e-01 2.272992e-09
1.866318e-01 3.319809e-09
1.866318e-01 3.169204e-09
1.527777e-01 3.831423e-09
1.171874e-01 3.009267e-09
1.171874e-01 2.680974e-09
7.986108e-02 1.300502e-09
4.079860e-02 2.911400e-10
4.079860e-02 1.608455e-10
4.079860e-02 -1.836351e-10
4.079861e-02 -1.321541e-10
7.986109e-02 -9.245514e-10
1.171874e-01 -2.343268e-09
1.171874e-01 -2.138656e-09
1.527777e-01 -3.379247e-09
1.866318e-01 -2.864114e-09
1.866318e-01 -2.828592e-09
2.187499e-01 -2.156345e-09
2.491319e-01 -1.703586e-09
2.491319e-01 -1.696453e-09
2.777777e-01 -1.361839e-09
3.046875e-01 -1.134610e-09
3.046875e-01 -1.205369e-09
3.298611e-01 -9.676770e-10
3.532986e-01 -8.545418e-10
3.532986e-01 -9.558840e-10
3.750000e-01 -7.746378e-10
3.949653e-01 -7.262391e-10
3.949653e-01 -8.106663e-10
4.131945e-01 -6.994228e-10
4.296875e-01 -6.857115e-10
4.296875e-01 -7.304508e-10
4.444445e-01 -6.703164e-10
4.574653e-01 -6.450284e-10
4.574653e-01 -6.472915e-10
4.687500e-01 -5.967596e-10
4.782987e-01 -5.286262e-10
4.782987e-01 -5.035501e-10
4.861112e-01 -4.327636e-10
4.921876e-01 -3.223358e-10
4.921876e-01 -2.955036e-10
4.965278e-01 -2.086390e-10
4.991320e-01 -7.062543e-11
4.991320e-01 -6.318211e-11
5.000001e-01 6.224659e-11
4.991320e-01 1.921588e-10
4.991320e-01 1.645181e-10
4.965278e-01 3.287719e-10
4.921876e-01 4.420576e-10
4.921876e-01 3.963220e-10
4.861112e-01 5.496041e-10
4.782987e-01 6.472565e-10
4.782987e-01 6.063525e-10
4.687500e-01 7.150133e-10
4.574653e-01 7.613799e-10
4.574653e-01 7.516063e-10
4.444445e-01 7.895905e-10
4.296875e-01 8.063382e-10
4.296875e-01 8.401939e-10
4.131945e-01 8.257275e-10
3.949653e-01 8.536815e-10
3.949653e-01 9.299432e-10
3.750000e-01 9.067751e-10
3.532986e-01 9.870945e-10
3.532986e-01 1.085030e-09
3.298611e-01 1.112405e-09
3.046875e-01 1.275258e-09
3.046875e-01 1.356424e-09
2.777777e-01 1.497098e-09
2.491319e-01 1.838545e-09
2.491319e-01 1.789152e-09
2.187499e-01 2.428849e-09
1.866318e-01 3.158774e-09
1.866318e-01 2.779539e-09
1.527777e-01 3.390815e-09
1.171874e-01 2.468206e-09
1.171874e-01 2.108707e-09
7.986109e-02 9.843833e-10
4.079860e-02 2.220020e-10
4.079861e-02 1.495228e-10
4.079861e-02 -1.407242e-10
4.079861e-02 -6.627598e-11
7.986109e-02 -6.405190e-10
1.171874e-01 -1.648619e-09
1.171874e-01 -1.387539e-09
1.527777e-01 -2.581272e-09
1.866318e-01 -2.227601e-09
1.866318e-01 -2.030146e-09
2.187499e-01 -1.763786e-09
2.491319e-01 -1.525615e-09
2.491319e-01 -1.319803e-09
2.777777e-01 -1.307857e-09
3.046875e-01 -1.150805e-09
3.046875e-01 -1.000984e-09
3.298611e-01 -1.029082e-09
3.532986e-01 -9.396705e-10
3.532986e-01 -8.407895e-10
3.750000e-01 -8.614848e-10
3.949653e-01 -7.998373e-10
3.949653e-01 -7.175665e-10
4.131945e-01 -7.482104e-10
4.296875e-01 -7.033881e-10
4.296875e-01 -6.201235e-10
4.444445e-01 -6.547887e-10
4.574653e-01 -6.002991e-10
4.574653e-01 -5.156571e-10
4.687500e-01 -5.277326e-10
4.782987e-01 -4.456841e-10
4.782987e-01 -3.683655e-10
4.861112e-01 -3.427638e-10
4.921876e-01 -2.406970e-10
4.921876e-01 -1.780828e-10
4.965278e-01 -1.464768e-10
4.991320e-01 -3.994751e-11
4.991320e-01 -1.937299e-11
5.000001e-01 4.676646e-11
4.991320e-01 1.268974e-10
4.991320e-01 7.857562e-11
4.965278e-01 2.270504e-10
4.921876e-01 3.194745e-10
4.921876e-01 2.393249e-10
4.861112e-01 4.228851e-10
4.782987e-01 5.282161e-10
4.782987e-01 4.286252e-10
4.687500e-01 6.128112e-10
4.574653e-01 6.843536e-10
4.574653e-01 5.773709e-10
4.444445e-01 7.433867e-10
4.296875e-01 7.942066e-10
4.296875e-01 6.916471e-10
4.131945e-01 8.467226e-10
3.949653e-01 9.024652e-10
3.949653e-01 8.011870e-10
3.750000e-01 9.733433e-10
3.532986e-01 1.056614e-09
3.532986e-01 9.385474e-10
3.298611e-01 1.166619e-09
3.046875e-01 1.291388e-09
3.046875e-01 1.128071e-09
2.777777e-01 1.451413e-09
2.491319e-01 1.686488e-09
2.491319e-01 1.393176e-09
2.187499e-01 2.120864e-09
1.866318e-01 2.671462e-09
1.866318e-01 2.071227e-09
1.527777e-01 2.722033e-09
1.171874e-01 1.882419e-09
1.171874e-01 1.539271e-09
7.986109e-02 7.223127e-10
4.079861e-02 1.450297e-10
4.079861e-02 9.397970e-11
4.079861e-02 -7.562858e-11
4.079861e-02 2.230018e-11
7.986109e-02 -3.271591e-10
1.171874e-01 -9.706016e-10
1.171874e-01 -5.854069e-10
1.527777e-01 -1.662340e-09
1.866318e-01 -1.272917e-09
1.866318e-01 -8.334006e-10
2.187499e-01 -1.013422e-09
2.491319e-01 -9.857816e-10
2.491319e-01 -7.102726e-10
2.777777e-01 -8.882091e-10
3.046875e-01 -8.049875e-10
3.046875e-01 -5.786690e-10
3.298611e-01 -7.390188e-10
3.532986e-01 -6.892265e-10
3.532986e-01 -4.998788e-10
3.750000e-01 -6.359410e-10
3.949653e-01 -5.891548e-10
3.949653e-01 -4.251928e-10
4.131945e-01 -5.437067e-10
4.296875e-01 -5.019622e-10
4.296875e-01 -3.551678e-10
4.444445e-01 -4.555172e-10
4.574653e-01 -4.066640e-10
4.574653e-01 -2.804186e-10
4.687500e-01 -3.466386e-10
4.782987e-01 -2.820763e-10
4.782987e-01 -1.892085e-10
4.861112e-01 -1.945189e-10
4.921876e-01 -1.212282e-10
4.921876e-01 -5.921337e-11
4.965278e-01 -6.360280e-11
4.991320e-01 7.568561e-12
4.991320e-01 2.610289e-11
5.000001e-01 2.878318e-11
4.991320e-01 3.344919e-11
4.991320e-01 -1.307130e-11
4.965278e-01 9.132480e-11
4.921876e-01 1.604442e-10
4.921876e-01 8.578413e-11
4.861112e-01 2.386297e-10
4.782987e-01 3.192417e-10
4.782987e-01 2.062634e-10
4.687500e-01 3.881835e-10
4.574653e-01 4.496983e-10
4.574653e-01 3.088786e-10
4.444445e-01 5.038295e-10
4.296875e-01 5.512378e-10
4.296875e-01 3.861197e-10
4.131945e-01 6.001064e-10
3.949653e-01 6.470922e-10
3.949653e-01 4.575744e-10
3.750000e-01 7.014858e-10
3.532986e-01 7.571137e-10
3.532986e-01 5.354784e-10
3.298611e-01 8.229935e-10
3.046875e-01 8.845963e-10
3.046875e-01 6.106924e-10
2.777777e-01 9.675315e-10
2.491319e-01 1.096612e-09
2.491319e-01 6.457211e-10
2.187499e-01 1.409034e-09
1.866318e-01 1.829219e-09
1.866318e-01 9.453555e-10
1.527777e-01 1.795865e-09
1.171874e-01 1.339621e-09
1.171874e-01 8.565893e-10
7.986109e-02 5.105820e-10
4.079861e-02 4.440011e-11
4.079861e-02 -3.860871e-11
4.079861e-02 -1.545765e-10
7.986109e-02 -1.618728e-10
1.171874e-01 -1.712595e-10
1.527777e-01 -1.778117e-10
1.866318e-01 -1.719237e-10
2.187499e-01 -3.944743e-10
2.491319e-01 -3.696651e-10
2.777777e-01 -3.537308e-10
3.046875e-01 -3.146998e-10
3.298611e-01 -2.937108e-10
3.532986e-01 -2.670054e-10
3.750000e-01 -2.445058e-10
3.949653e-01 -2.234389e-10
4.131945e-01 -2.024706e-10
4.296875e-01 -1.843675e-10
4.444445e-01 -1.623212e-10
4.574653e-01 -1.410288e-10
4.687500e-01 -1.175989e-10
4.782987e-01 -9.214855e-11
4.861112e-01 -4.135393e-11
4.921876e-01 -1.254926e-11
4.965278e-01 1.019298e-11
4.991320e-01 3.935517e-11
5.000001e-01 1.018514e-12
4.991320e-01 -4.065116e-11
4.965278e-01 -2.881907e-11
4.921876e-01 1.735515e-11
4.861112e-01 6.111367e-11
4.782987e-01 9.565742e-11
4.687500e-01 1.261856e-10
4.574653e-01 1.536929e-10
4.444445e-01 1.763467e-10
4.296875e-01 1.969491e-10
4.131945e-01 2.173333e-10
3.949653e-01 2.359970e-10
3.750000e-01 2.585520e-10
3.532986e-01 2.733956e-10
3.298611e-01 2.998437e-10
3.046875e-01 3.211822e-10
2.777777e-01 3.292418e-10
2.491319e-01 2.819125e-10
2.187499e-01 4.139100e-10
1.866318e-01 5.063755e-10
1.527777e-01 5.490109e-10
1.171874e-01 4.481874e-10
7.986109e-02 2.100547e-11
4.079861e-02 -7.811288e-11
