2.277515e+00
2.316817e+00
2.301127e+00
2.043406e+00
2.027697e+00
2.065651e+00
2.586589e+00
2.591141e+00
2.624350e+00
1.083611e+00
1.116867e+00
1.080411e+00
8.017497e-01
7.955449e-01
7.619906e-01
1.575620e+00
1.609877e+00
1.608507e+00
1.632870e+00
1.667584e+00
1.631498e+00
2.283374e+00
2.245808e+00
2.259762e+00
1.025554e+00
1.060785e+00
1.057579e+00
1.493781e+00
1.477917e+00
1.515748e+00
1.896362e+00
1.875406e+00
1.914881e+00
1.345906e+00
1.324314e+00
1.363215e+00
2.082979e+00
2.097018e+00
2.060738e+00
9.435277e-01
9.265002e-01
9.652708e-01
1.814560e+00
1.791145e+00
1.834299e+00
7.528685e-01
7.591128e-01
7.926459e-01
2.528302e+00
2.553631e+00
2.508936e+00
2.181889e+00
2.215997e+00
2.182138e+00
1.163696e+00
1.197194e+00
1.200976e+00
2.159436e+00
2.125187e+00
2.159185e+00
3.923923e-01
3.743427e-01
4.135030e-01
1.755350e+00
1.771406e+00
1.794826e+00
1.533435e+00
1.548696e+00
1.511480e+00
1.751475e+00
1.718310e+00
1.755391e+00
2.710105e+00
2.672782e+00
2.709787e+00
2.563197e+00
2.530780e+00
2.567748e+00
1.327710e+00
1.290413e+00
1.306106e+00
2.899446e+00
2.874099e+00
2.859970e+00
1.130377e+00
1.129352e+00
1.096110e+00
2.587391e+00
2.573244e+00
2.547917e+00
1.084416e+00
1.121169e+00
1.087032e+00
1.224184e+00
1.220403e+00
1.256528e+00
1.399665e-01
1.256792e-01
1.005010e-01
2.859972e+00
2.874110e+00
2.899448e+00
1.202530e+00
1.168434e+00
1.205244e+00
5.335745e-01
5.707987e-01
5.370781e-01
9.833668e-01
9.989185e-01
9.616350e-01
2.635170e+00
2.634434e+00
2.597411e+00
2.303962e-01
1.985008e-01
1.977589e-01
1.877744e+00
1.840408e+00
1.856785e+00
1.318492e-01
1.315294e-01
1.635680e-01
2.558808e-01
2.500887e-01
2.200915e-01
1.152627e+00
1.185113e+00
1.151605e+00
1.254525e+00
1.219255e+00
1.220444e+00
1.701728e+00
1.735686e+00
1.702188e+00
2.305343e-01
1.983057e-01
1.978135e-01
1.678992e+00
1.679454e+00
1.644747e+00
1.638738e+00
1.620734e+00
1.599264e+00
2.770408e+00
2.734739e+00
2.734600e+00
2.734465e+00
2.734148e+00
2.770221e+00
2.710810e+00
2.710949e+00
2.675248e+00
1.793683e+00
1.824714e+00
1.836838e+00
2.057374e+00
2.090996e+00
2.091136e+00
2.916018e+00
2.926256e+00
2.890671e+00
1.578889e+00
1.600368e+00
1.557260e+00
1.091142e-01
7.367146e-02
8.392857e-02
2.890681e+00
2.926259e+00
2.916020e+00
1.934233e+00
1.952827e+00
1.915719e+00
2.997156e-01
2.699799e-01
2.757917e-01
6.552920e-01
6.536271e-01
6.184500e-01
4.319997e-01
4.483433e-01
4.108889e-01
1.767890e-01
1.775402e-01
1.465340e-01
1.707515e+00
1.708303e+00
1.744600e+00
1.190177e+00
1.153986e+00
1.152886e+00
2.113721e+00
2.113585e+00
2.147724e+00
2.551650e+00
2.520375e+00
2.506953e+00
2.322500e+00
2.338190e+00
2.363008e+00
2.838637e+00
2.804833e+00
2.803044e+00
1.765672e-01
1.770503e-01
1.455322e-01
2.181085e+00
2.209657e+00
2.181301e+00
2.697525e+00
2.659457e+00
2.660201e+00
1.771510e-01
1.858841e-01
1.454378e-01
1.382691e+00
1.402254e+00
1.365395e+00
3.996318e-01
4.282750e-01
4.024229e-01
2.848110e+00
2.848536e+00
2.813110e+00
1.333802e+00
1.307228e+00
1.335480e+00
2.162159e+00
2.133098e+00
2.161946e+00
2.906833e+00
2.871965e+00
2.871543e+00
1.267019e+00
1.230902e+00
1.266164e+00
1.197863e+00
1.196671e+00
1.164198e+00
1.353724e+00
1.380220e+00
1.352049e+00
3.842548e-01
3.556008e-01
3.814734e-01
1.769773e+00
1.770094e+00
1.804281e+00
2.709019e+00
2.709883e+00
2.674340e+00
2.318658e-01
2.018199e-01
1.998767e-01
1.594409e+00
1.553469e+00
1.561511e+00
9.240255e-01
8.872351e-01
9.069818e-01
5.444246e-01
5.804566e-01
5.816482e-01
2.781544e+00
2.745469e+00
2.779751e+00
1.713002e+00
1.747273e+00
1.746953e+00
3.730644e-01
3.361598e-01
3.549985e-01
1.474679e+00
1.439337e+00
1.458809e+00
6.880168e-01
7.202348e-01
7.255604e-01
8.756987e-02
1.194521e-01
1.196024e-01
1.095790e+00
1.132499e+00
1.132528e+00
2.801853e+00
2.802175e+00
2.837292e+00
6.791522e-01
7.138571e-01
6.774683e-01
8.098120e-02
1.108910e-01
1.111993e-01
2.744346e+00
2.778938e+00
2.778617e+00
2.229742e+00
2.236875e+00
2.195885e+00
2.024353e+00
1.989438e+00
2.008642e+00
1.157047e+00
1.157024e+00
1.193874e+00
2.767439e+00
2.733156e+00
2.732295e+00
1.042695e+00
1.001222e+00
1.010653e+00
1.776656e+00
1.803381e+00
1.772746e+00
2.848934e+00
2.849200e+00
2.814082e+00
2.697834e+00
2.660828e+00
2.662293e+00
2.907248e+00
2.872489e+00
2.872226e+00
2.918801e+00
2.883265e+00
2.918345e+00
2.021364e-01
2.030132e-01
2.339378e-01
1.226568e+00
1.253738e+00
1.223856e+00
2.814097e+00
2.849047e+00
2.849691e+00
8.235586e-01
8.492239e-01
8.173442e-01
2.801602e+00
2.837026e+00
2.802074e+00
1.065656e+00
1.035656e+00
1.063033e+00
2.883261e+00
2.918840e+00
2.918552e+00
1.510963e-01
1.823066e-01
1.814251e-01
2.871896e+00
2.871989e+00
2.907027e+00
1.793359e-01
1.812691e-01
1.496797e-01
8.533908e-02
1.162079e-01
1.159778e-01
7.155958e-01
6.803589e-01
6.780358e-01
2.018620e-01
2.025103e-01
2.338245e-01
2.814213e+00
2.848785e+00
2.848693e+00
1.362536e-01
1.364804e-01
1.664355e-01
1.748797e+00
1.754193e+00
1.715308e+00
2.782086e+00
2.781307e+00
2.746415e+00
2.849135e+00
2.814019e+00
2.849226e+00
2.038748e-01
2.051637e-01
2.356674e-01
2.766924e+00
2.732166e+00
2.732653e+00
1.406365e-01
1.405022e-01
1.717401e-01
2.918415e+00
2.883602e+00
2.918581e+00
1.772107e+00
1.808534e+00
1.777498e+00
1.371749e+00
1.406361e+00
1.405985e+00
2.883723e+00
2.918470e+00
2.918741e+00
1.771559e+00
1.771578e+00
1.805768e+00
6.063221e-01
6.051798e-01
6.431843e-01
1.395368e+00
1.360761e+00
1.361096e+00
1.681033e+00
1.681008e+00
1.646975e+00
2.055785e+00
2.090151e+00
2.090483e+00
2.237717e+00
2.223759e+00
2.195190e+00
2.113418e+00
2.113089e+00
2.147531e+00
1.269253e+00
1.269051e+00
1.234873e+00
2.871511e+00
2.871557e+00
2.907093e+00
2.837552e+00
2.802342e+00
2.802433e+00
1.257980e+00
1.223586e+00
1.223932e+00
8.455827e-02
1.155670e-01
1.157953e-01
1.131848e+00
1.097636e+00
1.132111e+00
1.361603e-01
1.359482e-01
1.660542e-01
1.120844e+00
1.086352e+00
1.086746e+00
1.886401e+00
1.852628e+00
1.886968e+00
1.840428e+00
1.840990e+00
1.874769e+00
1.978411e+00
1.978077e+00
2.012631e+00
1.783811e+00
1.818249e+00
1.817689e+00
1.566990e+00
1.566648e+00
1.601367e+00
2.046994e+00
2.046893e+00
2.081432e+00
2.113265e+00
2.113430e+00
2.147874e+00
2.252951e+00
2.252728e+00
2.287233e+00
1.772673e+00
1.772605e+00
1.806921e+00
2.024000e+00
1.989451e+00
2.023897e+00
9.261135e-01
8.918395e-01
9.264071e-01
1.841318e+00
1.841218e+00
1.875676e+00
1.784107e+00
1.818324e+00
1.818426e+00
1.611915e+00
1.578133e+00
1.612443e+00
1.772835e+00
1.772732e+00
1.807057e+00
2.056170e+00
2.090504e+00
2.090340e+00
2.320913e+00
2.355750e+00
2.321428e+00
1.635177e+00
1.669072e+00
1.634651e+00
2.195209e+00
2.229724e+00
2.229404e+00
2.184207e+00
2.218427e+00
2.183907e+00
2.662633e+00
2.660481e+00
2.698194e+00
1.612678e+00
1.612684e+00
1.578394e+00
2.595987e+00
2.631539e+00
2.596903e+00
2.734675e+00
2.769567e+00
2.735125e+00
2.918784e+00
2.883752e+00
2.918936e+00
1.909614e+00
1.943209e+00
1.909046e+00
1.681327e+00
1.646914e+00
1.681369e+00
2.424831e+00
2.390178e+00
2.389661e+00
2.011801e+00
1.977432e+00
1.977996e+00
2.883934e+00
2.918940e+00
2.919004e+00
2.918950e+00
2.884090e+00
2.918896e+00
2.700443e+00
2.666016e+00
2.664825e+00
2.058095e+00
2.092579e+00
2.092740e+00
2.366499e+00
2.367016e+00
2.332182e+00
1.565867e+00
1.566484e+00
1.600277e+00
2.158926e+00
2.124563e+00
2.159058e+00
2.159531e+00
2.159547e+00
2.125150e+00
9.153132e-01
8.807627e-01
8.809739e-01
1.497925e+00
1.531575e+00
1.497344e+00
1.474649e+00
1.440797e+00
1.475230e+00
6.883176e-01
7.246827e-01
7.224979e-01
1.508818e-01
1.817710e-01
1.811305e-01
2.400935e+00
2.435273e+00
2.436103e+00
2.459269e+00
2.458437e+00
2.493596e+00
2.676152e+00
2.711322e+00
2.711770e+00
2.814905e+00
2.849740e+00
2.849469e+00
1.475744e+00
1.441308e+00
1.475456e+00
1.428810e+00
1.429186e+00
1.463050e+00
2.641499e+00
2.642688e+00
2.607137e+00
2.298487e+00
2.263984e+00
2.297972e+00
2.538120e+00
2.572633e+00
2.573547e+00
2.562369e+00
2.527917e+00
2.526941e+00
1.430082e+00
1.429960e+00
1.464405e+00
7.889047e-01
7.545810e-01
7.891519e-01
1.509544e+00
1.543801e+00
1.543184e+00
1.909866e+00
1.909651e+00
1.943775e+00
2.115518e+00
2.115403e+00
2.150124e+00
1.360383e+00
1.360546e+00
1.395007e+00
2.092895e+00
2.058360e+00
2.092856e+00
1.406589e+00
1.372140e+00
1.406735e+00
2.907299e+00
2.872109e+00
2.872223e+00
1.338173e+00
1.337838e+00
1.303679e+00
2.081297e+00
2.046795e+00
2.046647e+00
1.955343e+00
1.954780e+00
1.921191e+00
1.338433e+00
1.304108e+00
1.338335e+00
1.714992e+00
1.748884e+00
1.748865e+00
2.161485e+00
2.126768e+00
2.160972e+00
2.092460e+00
2.057893e+00
2.092345e+00
1.292832e+00
1.292727e+00
1.327063e+00
1.201083e+00
1.200738e+00
1.166588e+00
1.326277e+00
1.291902e+00
1.292105e+00
2.044687e+00
2.079386e+00
2.045760e+00
1.737562e+00
1.703655e+00
1.703680e+00
5.498899e-01
5.840994e-01
5.841456e-01
5.157275e-01
4.853378e-01
5.122005e-01
6.758119e-01
6.757745e-01
7.101482e-01
2.837083e+00
2.802333e+00
2.802597e+00
1.154992e+00
1.189156e+00
1.154728e+00
5.727549e-01
5.385252e-01
5.384934e-01
2.158893e+00
2.124453e+00
2.158870e+00
2.147579e+00
2.118727e+00
2.104690e+00
1.201255e+00
1.166993e+00
1.201185e+00
1.063955e+00
1.063563e+00
1.029683e+00
5.155793e-01
5.156252e-01
4.811274e-01
1.155608e+00
1.155592e+00
1.189868e+00
2.216723e+00
2.182440e+00
2.182424e+00
2.504713e+00
2.469555e+00
2.503738e+00
2.046516e+00
2.046433e+00
2.081005e+00
2.079599e+00
2.045268e+00
2.045299e+00
1.052011e+00
1.017716e+00
1.018115e+00
9.953314e-01
9.949342e-01
9.608811e-01
2.838540e+00
2.803988e+00
2.804023e+00
2.228234e+00
2.193894e+00
2.228173e+00
2.251034e+00
2.285336e+00
2.251095e+00
1.818339e+00
1.784029e+00
1.818356e+00
1.852657e+00
1.886871e+00
1.887087e+00
8.804526e-01
8.806068e-01
9.150397e-01
2.780973e+00
2.746479e+00
2.781008e+00
2.046770e+00
2.080603e+00
2.046186e+00
2.149457e+00
2.114977e+00
2.115388e+00
1.887129e+00
1.852677e+00
1.887141e+00
1.715704e+00
1.749892e+00
1.749997e+00
2.092618e+00
2.092209e+00
2.058380e+00
1.784103e+00
1.818343e+00
1.818308e+00
1.921354e+00
1.955257e+00
1.955593e+00
9.492880e-01
9.833576e-01
9.489920e-01
1.681366e+00
1.646993e+00
1.681228e+00
2.023448e+00
1.989649e+00
2.024030e+00
1.704086e+00
1.738419e+00
1.704222e+00
7.102952e-01
6.758551e-01
6.761064e-01
2.837802e+00
2.803061e+00
2.803233e+00
1.669773e+00
1.635528e+00
1.635524e+00
2.637425e+00
2.604217e+00
2.638887e+00
1.566902e+00
1.601201e+00
1.566729e+00
1.612747e+00
1.578036e+00
1.612526e+00
1.669929e+00
1.635465e+00
1.635549e+00
2.078822e+00
2.044425e+00
2.044649e+00
1.635717e+00
1.635497e+00
1.669917e+00
8.453525e-01
8.109813e-01
8.110924e-01
2.161046e+00
2.126982e+00
2.161344e+00
2.252266e+00
2.252588e+00
2.286661e+00
2.321008e+00
2.321276e+00
2.355329e+00
9.265963e-01
8.921785e-01
9.267092e-01
2.873100e+00
2.873136e+00
2.907678e+00
2.872025e+00
2.871961e+00
2.906779e+00
2.011378e+00
1.976978e+00
1.977144e+00
4.695302e-01
5.039498e-01
4.694828e-01
2.159430e+00
2.124989e+00
2.159494e+00
8.580544e-01
8.578492e-01
8.236476e-01
2.872626e+00
2.872897e+00
2.907534e+00
2.849871e+00
2.815177e+00
2.849854e+00
6.069810e-01
6.413866e-01
6.070124e-01
2.815552e+00
2.850105e+00
2.850068e+00
7.777343e-01
7.431432e-01
7.431958e-01
2.264143e+00
2.298478e+00
2.298212e+00
2.539270e+00
2.573752e+00
2.573605e+00
2.353988e+00
2.319706e+00
2.319647e+00
8.120849e-01
8.463005e-01
8.118314e-01
2.389693e+00
2.389959e+00
2.424158e+00
1.029924e+00
1.064226e+00
1.064185e+00
1.372798e+00
1.407057e+00
1.407181e+00
2.091208e+00
2.056909e+00
2.091333e+00
7.432866e-01
7.434006e-01
7.779559e-01
1.053268e+00
1.018927e+00
1.018838e+00
6.163990e-01
6.507905e-01
6.506476e-01
7.216050e-01
6.872416e-01
7.216591e-01
2.296787e+00
2.296846e+00
2.262549e+00
1.030348e+00
1.064939e+00
1.064762e+00
9.959400e-01
9.960354e-01
9.616875e-01
2.114234e+00
2.148513e+00
2.114109e+00
5.041305e-01
4.695883e-01
4.696265e-01
2.528040e+00
2.562363e+00
2.527877e+00
6.185051e-01
6.528581e-01
6.529067e-01
1.361201e+00
1.395568e+00
1.361297e+00
1.431836e+00
1.429704e+00
1.464327e+00
7.434887e-01
7.779283e-01
7.434307e-01
2.160101e+00
2.160008e+00
2.125735e+00
1.235592e+00
1.269858e+00
1.269965e+00
1.370800e+00
1.405226e+00
1.405189e+00
6.050880e-01
6.394044e-01
6.050053e-01
9.846355e-01
9.503120e-01
9.502733e-01
4.122585e-01
4.466025e-01
4.465648e-01
7.894202e-01
7.892973e-01
7.547709e-01
7.480020e-01
7.815632e-01
7.458025e-01
1.359248e+00
1.393647e+00
1.359041e+00
2.022428e+00
2.022397e+00
1.988117e+00
2.365434e+00
2.365419e+00
2.331081e+00
2.148052e+00
2.113543e+00
2.113651e+00
2.182982e+00
2.217257e+00
2.182889e+00
6.510966e-01
6.509201e-01
6.166196e-01
1.370646e+00
1.405242e+00
1.405649e+00
6.051962e-01
6.052480e-01
6.396841e-01
7.195570e-01
7.191127e-01
6.851209e-01
1.224033e+00
1.258382e+00
1.224102e+00
1.990393e+00
1.951925e+00
1.969605e+00
1.098463e+00
1.132740e+00
1.132757e+00
2.091060e+00
2.056766e+00
2.091125e+00
2.112988e+00
2.113044e+00
2.147410e+00
2.253304e+00
2.253156e+00
2.287678e+00
2.422656e+00
2.388313e+00
2.388327e+00
7.424188e-01
7.765816e-01
7.419811e-01
1.359401e+00
1.359614e+00
1.393838e+00
8.449561e-01
8.094694e-01
8.105741e-01
8.567693e-01
8.224096e-01
8.567630e-01
4.350886e-01
4.006813e-01
4.007737e-01
1.519652e-01
1.842252e-01
1.829621e-01
2.942272e+00
2.942295e+00
2.976914e+00
2.528435e+00
2.528315e+00
2.562868e+00
2.875197e+00
2.879345e+00
2.910452e+00
2.872289e+00
2.872436e+00
2.907301e+00
5.155824e-01
5.154705e-01
4.810597e-01
1.325385e+00
1.290920e+00
1.291140e+00
2.184679e+00
2.184592e+00
2.218994e+00
7.882557e-01
7.881414e-01
7.539975e-01
2.195981e+00
2.230231e+00
2.230380e+00
1.359071e+00
1.394082e+00
1.358960e+00
2.919210e+00
2.884670e+00
2.919235e+00
2.919846e+00
2.885321e+00
2.920579e+00
2.195946e+00
2.229906e+00
2.230130e+00
6.735849e-01
7.075950e-01
6.734509e-01
1.509986e+00
1.543801e+00
1.544145e+00
1.156164e+00
1.156160e+00
1.190433e+00
2.941996e+00
2.941727e+00
2.976746e+00
8.815691e-01
8.815919e-01
9.159525e-01
2.115587e+00
2.150126e+00
2.115748e+00
9.274525e-01
8.931228e-01
9.274452e-01
2.388257e+00
2.388282e+00
2.422573e+00
8.564016e-01
8.563871e-01
8.209293e-01
2.457076e+00
2.457195e+00
2.491553e+00
1.188248e+00
1.153912e+00
1.154089e+00
1.371344e+00
1.406458e+00
1.408591e+00
2.977281e+00
2.942839e+00
2.943565e+00
9.503308e-01
9.846541e-01
9.503330e-01
8.136082e-01
8.150678e-01
8.477468e-01
2.399816e+00
2.434262e+00
2.434141e+00
2.839193e+00
2.804502e+00
2.805278e+00
2.734495e+00
2.734643e+00
2.769100e+00
1.099284e+00
1.133399e+00
1.133377e+00
2.022886e+00
1.988658e+00
2.023020e+00
4.845379e-01
5.213133e-01
5.070079e-01
1.817205e+00
1.783022e+00
1.817322e+00
2.596539e+00
2.596689e+00
2.631013e+00
2.471029e+00
2.505355e+00
2.505475e+00
2.299054e+00
2.264534e+00
2.298813e+00
5.506662e-02
5.455148e-02
2.192501e-02
2.976880e+00
2.942413e+00
2.941992e+00
2.265935e-02
5.692778e-02
5.636065e-02
2.011151e+00
1.976873e+00
1.976879e+00
7.565153e-01
7.922545e-01
7.908060e-01
9.960782e-01
9.960823e-01
9.617747e-01
2.942242e+00
2.942178e+00
2.976886e+00
1.199354e+00
1.165235e+00
1.199557e+00
2.574312e+00
2.539759e+00
2.574212e+00
9.160034e-01
8.816172e-01
8.816577e-01
5.365007e-01
5.708787e-01
5.364588e-01
2.127292e+00
2.161665e+00
2.161754e+00
2.919168e+00
2.884512e+00
2.919162e+00
2.079715e+00
2.045351e+00
2.045411e+00
8.914598e-02
1.200983e-01
1.234693e-01
2.022616e+00
1.988349e+00
2.022743e+00
2.491222e+00
2.456834e+00
2.456875e+00
2.910431e+00
2.879313e+00
2.875011e+00
9.274099e-01
8.930658e-01
9.274313e-01
2.780690e+00
2.746235e+00
2.780861e+00
2.852138e+00
2.818226e+00
2.856290e+00
2.504960e+00
2.470690e+00
2.505121e+00
2.354736e+00
2.320314e+00
2.320394e+00
2.850291e+00
2.815755e+00
2.850447e+00
2.942268e+00
2.942259e+00
2.976907e+00
8.586764e-01
8.243750e-01
8.586955e-01
7.549386e-01
7.894169e-01
7.894824e-01
1.407434e+00
1.373135e+00
1.407649e+00
2.872467e+00
2.872560e+00
2.907353e+00
7.875176e-02
1.099094e-01
7.816113e-02
2.423927e+00
2.389499e+00
2.389555e+00
2.022492e+00
1.988280e+00
2.022552e+00
2.365400e+00
2.331145e+00
2.365425e+00
1.474872e+00
1.440258e+00
1.474035e+00
2.941945e+00
2.942236e+00
2.976835e+00
5.479205e-01
5.823286e-01
5.823228e-01
1.635581e+00
1.669623e+00
1.635474e+00
9.959157e-01
9.615785e-01
9.958888e-01
2.297474e+00
2.297394e+00
2.263057e+00
2.366658e+00
2.366603e+00
2.332342e+00
2.458949e+00
2.459146e+00
2.493418e+00
2.433988e+00
2.433948e+00
2.399674e+00
1.679749e+00
1.681552e+00
1.643671e+00
6.052594e-01
6.052635e-01
6.396644e-01
9.273928e-01
9.274373e-01
8.931262e-01
6.511608e-01
6.167405e-01
6.511324e-01
1.419074e-01
1.763310e-01
1.452483e-01
2.988460e+00
2.953842e+00
2.988462e+00
2.856240e+00
2.818134e+00
2.851934e+00
9.500842e-01
9.501185e-01
9.844728e-01
1.201799e+00
1.167543e+00
1.201663e+00
2.286067e+00
2.251645e+00
2.251756e+00
1.051313e+00
1.016961e+00
1.017051e+00
2.919318e+00
2.884814e+00
2.919496e+00
1.428578e+00
1.428172e+00
1.462366e+00
2.228858e+00
2.228747e+00
2.194477e+00
2.194291e+00
2.228654e+00
2.228580e+00
4.740229e-01
4.705981e-01
5.051370e-01
1.062535e+00
1.028340e+00
1.062677e+00
5.364306e-01
5.708464e-01
5.363973e-01
1.336508e+00
1.302268e+00
1.336721e+00
1.565487e+00
1.565571e+00
1.599788e+00
1.087036e+00
1.087078e+00
1.121328e+00
3.779114e-01
3.778275e-01
3.436570e-01
1.508536e+00
1.542757e+00
1.542674e+00
2.525450e+00
2.525545e+00
2.559878e+00
2.296809e+00
2.296763e+00
2.262464e+00
7.902952e-02
1.133361e-01
7.959394e-02
2.354004e+00
2.319648e+00
2.319694e+00
2.525230e+00
2.559522e+00
2.525333e+00
1.361651e+00
1.361629e+00
1.395941e+00
5.478541e-01
5.822931e-01
5.822363e-01
8.128934e-01
8.129159e-01
8.472340e-01
1.099040e+00
1.133310e+00
1.133317e+00
2.920548e+00
2.885125e+00
2.919772e+00
2.608731e+00
2.643368e+00
2.643301e+00
1.303453e+00
1.336722e+00
1.338146e+00
5.409130e-02
5.427412e-02
2.167368e-02
2.803428e+00
2.803569e+00
2.838267e+00
6.531556e-01
6.529189e-01
6.185198e-01
2.873103e+00
2.872463e+00
2.907753e+00
2.873365e+00
2.873517e+00
2.908045e+00
9.160146e-01
8.816708e-01
8.816883e-01
2.245990e-02
5.558671e-02
5.670835e-02
3.784859e-01
3.447973e-01
3.794762e-01
1.327395e+00
1.293121e+00
1.293126e+00
1.304548e+00
1.338781e+00
1.338802e+00
2.251556e+00
2.285898e+00
2.251482e+00
2.503078e+00
2.468724e+00
2.503183e+00
1.128311e+00
1.129400e+00
1.091863e+00
2.103627e-02
5.366786e-02
5.149723e-02
2.260331e-02
5.661220e-02
5.640409e-02
2.943583e+00
2.942814e+00
2.977280e+00
5.634033e-02
5.694056e-02
2.266055e-02
1.361219e+00
1.359795e+00
1.395744e+00
2.364462e+00
2.330169e+00
2.364789e+00
2.401854e+00
2.436254e+00
2.436059e+00
1.613924e+00
1.613268e+00
1.578908e+00
2.919162e+00
2.883870e+00
2.918736e+00
5.022327e-01
4.688013e-01
4.679119e-01
2.317015e+00
2.318226e+00
2.352518e+00
2.503471e+00
2.514711e+00
2.547129e+00
2.571077e+00
2.570959e+00
2.536665e+00
2.988761e+00
2.955050e+00
2.988760e+00
1.015123e-02
4.062931e-02
1.015892e-02
2.988766e+00
2.955075e+00
2.988767e+00
1.123956e-02
4.493015e-02
1.122041e-02
2.942362e+00
2.942535e+00
2.976979e+00
2.884074e+00
2.918956e+00
2.918982e+00
7.837063e-02
1.096578e-01
7.816937e-02
2.159964e-02
5.390739e-02
5.408655e-02
3.324838e-01
3.330495e-01
3.667389e-01
2.332805e+00
2.367120e+00
2.366855e+00
1.030210e+00
1.064440e+00
1.064447e+00
1.087840e+00
1.121951e+00
1.087661e+00
1.215550e-01
1.204984e-01
8.922107e-02
2.919203e+00
2.884617e+00
2.919195e+00
1.394087e+00
1.359749e+00
1.359831e+00
2.942178e+00
2.942156e+00
2.976868e+00
9.615214e-01
9.958926e-01
9.958327e-01
1.087275e+00
1.087269e+00
1.121522e+00
6.858913e-01
7.203801e-01
7.202749e-01
2.769420e+00
2.734794e+00
2.734925e+00
1.772626e+00
1.772643e+00
1.806911e+00
2.571390e+00
2.537057e+00
2.571499e+00
7.529325e-02
1.050340e-01
7.583548e-02
7.641888e-02
1.062338e-01
7.641568e-02
2.988450e+00
2.953808e+00
2.988452e+00
1.635439e+00
1.635440e+00
1.669698e+00
2.560523e+00
2.526028e+00
2.526132e+00
2.976909e+00
2.942277e+00
2.942266e+00
4.450287e-01
4.459096e-01
4.106831e-01
2.758229e-01
3.096285e-01
3.096825e-01
2.918922e+00
2.884135e+00
2.919038e+00
9.499048e-01
9.499456e-01
9.842610e-01
5.823536e-01
5.823467e-01
5.479810e-01
2.333146e+00
2.367465e+00
2.367781e+00
2.168201e-02
5.430920e-02
5.409840e-02
2.735238e+00
2.735266e+00
2.769716e+00
1.336973e+00
1.336892e+00
1.302659e+00
5.539520e-02
5.540195e-02
2.215989e-02
1.954347e+00
1.954181e+00
1.920191e+00
2.642284e+00
2.607941e+00
2.642410e+00
4.004758e-01
4.005998e-01
4.349601e-01
9.941893e-01
9.940984e-01
9.598676e-01
9.500379e-01
9.843661e-01
9.499935e-01
2.918626e+00
2.883558e+00
2.918683e+00
9.614224e-01
9.957786e-01
9.957214e-01
2.502545e+00
2.468253e+00
2.502638e+00
2.191501e-02
5.451820e-02
5.505208e-02
2.766260e-01
3.098698e-01
3.098042e-01
3.323259e-01
3.665817e-01
3.323641e-01
2.850163e+00
2.815692e+00
2.850224e+00
1.405348e+00
1.371134e+00
1.405460e+00
2.183865e+00
2.218341e+00
2.184379e+00
5.596939e-02
5.541055e-02
2.227713e-02
4.464614e-01
4.121124e-01
4.465026e-01
2.594478e+00
2.590665e+00
2.627925e+00
2.712277e+00
2.677878e+00
2.712308e+00
2.907739e+00
2.873176e+00
2.873234e+00
2.918314e+00
2.883222e+00
2.918682e+00
1.268271e+00
1.268051e+00
1.233912e+00
2.171456e-02
5.361585e-02
5.495561e-02
2.697224e+00
2.662545e+00
2.662705e+00
3.437271e-01
3.779622e-01
3.779797e-01
2.942105e+00
2.942220e+00
2.976867e+00
2.988460e+00
2.953841e+00
2.988462e+00
1.104431e-02
4.418796e-02
1.104877e-02
3.753596e-01
3.762142e-01
3.382550e-01
1.577071e+00
1.611470e+00
1.611279e+00
2.988371e+00
2.953478e+00
2.988369e+00
1.123703e-02
4.493113e-02
1.122782e-02
1.270288e+00
1.270284e+00
1.236046e+00
5.151311e-01
4.806096e-01
5.140353e-01
2.366064e+00
2.331734e+00
2.366152e+00
2.261743e+00
2.293908e+00
2.296496e+00
1.818310e+00
1.818244e+00
1.784028e+00
5.432894e-02
5.486234e-02
2.183891e-02
2.458061e+00
2.458144e+00
2.492523e+00
1.681106e+00
1.646857e+00
1.681090e+00
8.928730e-01
9.272183e-01
9.271842e-01
1.991065e+00
2.027963e+00
2.025058e+00
2.400765e+00
2.435204e+00
2.435122e+00
2.988518e+00
2.954075e+00
2.988520e+00
2.781025e-01
3.108805e-01
3.103349e-01
2.434027e+00
2.399739e+00
2.434079e+00
3.419898e-01
3.764877e-01
3.764551e-01
2.628549e+00
2.594104e+00
2.594210e+00
2.433495e+00
2.433668e+00
2.398903e+00
2.666314e+00
2.666379e+00
2.700779e+00
3.061179e-01
3.033396e-01
2.709055e-01
2.559677e+00
2.525264e+00
2.525355e+00
1.258865e+00
1.224581e+00
1.224612e+00
1.131273e+00
1.131095e+00
1.096984e+00
1.239090e-01
1.213495e-01
9.018646e-02
2.941933e+00
2.941990e+00
2.976786e+00
2.850043e+00
2.815494e+00
2.850045e+00
1.133320e-02
4.534376e-02
1.133766e-02
5.591861e-02
5.466682e-02
2.211650e-02
2.560081e+00
2.525638e+00
2.525714e+00
1.498724e+00
1.532953e+00
1.498688e+00
7.863284e-02
1.096347e-01
7.804123e-02
1.567230e+00
1.601601e+00
1.567231e+00
2.918968e+00
2.884177e+00
2.918930e+00
3.992182e-01
4.344582e-01
3.991966e-01
1.498392e+00
1.498423e+00
1.532667e+00
4.124931e-01
4.474294e-01
4.468687e-01
9.828111e-01
9.484713e-01
9.485505e-01
2.746757e+00
2.781201e+00
2.781206e+00
1.156078e+00
1.190318e+00
1.156028e+00
2.571601e+00
2.537236e+00
2.571722e+00
1.473657e+00
1.439473e+00
1.473760e+00
1.886659e+00
1.852453e+00
1.886702e+00
3.760275e-01
3.759959e-01
3.416716e-01
4.818669e-01
5.157303e-01
5.157586e-01
2.639556e+00
2.605264e+00
2.639713e+00
1.544093e+00
1.509858e+00
1.544114e+00
2.490869e+00
2.456471e+00
2.456581e+00
2.353485e+00
2.318861e+00
2.319235e+00
2.127070e+00
2.161672e+00
2.161605e+00
2.571183e+00
2.536861e+00
2.571286e+00
3.416486e-01
3.761616e-01
3.760733e-01
8.926724e-01
9.270487e-01
9.270074e-01
2.493749e+00
2.459314e+00
2.459462e+00
5.839197e-01
5.838961e-01
5.495602e-01
2.390790e+00
2.390474e+00
2.425180e+00
2.628763e+00
2.594316e+00
2.594426e+00
2.848261e+00
2.813375e+00
2.848812e+00
2.597320e+00
2.597219e+00
2.631789e+00
2.436624e+00
2.401920e+00
2.436571e+00
4.013563e-01
4.023628e-01
4.363144e-01
2.941695e+00
2.942065e+00
2.976752e+00
2.650540e-01
2.666464e-01
2.988779e-01
2.804200e+00
2.804192e+00
2.838730e+00
2.639957e+00
2.639845e+00
2.605514e+00
2.628323e+00
2.593872e+00
2.593993e+00
1.087376e-02
4.351041e-02
1.087943e-02
3.763711e-01
3.763003e-01
3.420192e-01
2.502364e+00
2.468076e+00
2.502453e+00
1.474054e+00
1.473973e+00
1.439776e+00
2.907678e+00
2.873090e+00
2.873090e+00
2.988512e+00
2.954044e+00
2.988510e+00
1.143162e-02
4.570337e-02
1.141865e-02
2.988452e+00
2.953811e+00
2.988453e+00
1.080514e-02
4.322311e-02
1.080633e-02
2.642115e+00
2.607686e+00
2.642173e+00
8.588118e-01
8.588007e-01
8.245213e-01
2.390331e+00
2.393878e+00
2.424710e+00
1.428084e+00
1.428122e+00
1.462382e+00
3.323569e-01
3.665517e-01
3.322802e-01
2.491029e+00
2.456697e+00
2.456529e+00
4.006088e-01
4.392965e-01
4.014866e-01
4.008448e-01
4.352240e-01
4.008458e-01
5.135039e-01
5.134673e-01
4.791324e-01
3.304845e-01
3.647708e-01
3.302443e-01
7.711909e-02
1.087277e-01
7.873203e-02
7.557447e-01
7.900419e-01
7.900224e-01
8.130645e-01
8.473587e-01
8.130140e-01
2.629035e+00
2.594551e+00
2.594672e+00
4.466632e-01
4.466385e-01
4.123047e-01
2.653535e-01
2.647532e-01
2.986146e-01
5.135752e-01
5.135330e-01
4.791757e-01
5.687974e-02
5.629511e-02
2.263573e-02
7.901029e-01
7.900705e-01
7.557951e-01
2.988315e+00
2.953258e+00
2.988314e+00
1.141771e-02
4.566261e-02
1.141329e-02
6.186558e-01
6.529459e-01
6.529338e-01
4.703863e-01
5.042785e-01
4.698064e-01
5.828060e-01
5.839317e-01
5.495596e-01
2.459657e+00
2.459603e+00
2.494051e+00
2.195626e-02
5.519508e-02
5.458435e-02
2.988455e+00
2.953825e+00
2.988456e+00
1.119321e+00
1.085042e+00
1.085108e+00
2.435432e+00
2.401064e+00
2.435524e+00
1.955839e+00
1.919918e+00
1.953562e+00
1.167435e+00
1.201706e+00
1.201669e+00
8.472807e-01
8.129396e-01
8.129768e-01
6.185188e-01
6.528762e-01
6.528170e-01
6.411551e-01
6.067957e-01
6.068178e-01
5.134356e-01
5.133848e-01
4.790776e-01
3.636238e-01
3.265252e-01
3.292914e-01
2.919168e+00
2.884537e+00
2.919175e+00
1.544368e+00
1.544367e+00
1.510150e+00
2.571835e+00
2.537455e+00
2.571948e+00
2.871709e+00
2.872262e+00
2.907170e+00
2.319539e+00
2.316950e+00
2.353911e+00
2.781137e+00
2.746705e+00
2.781184e+00
1.875322e+00
1.841069e+00
1.841132e+00
6.744873e-01
7.089432e-01
6.744344e-01
2.976848e+00
2.942134e+00
2.942099e+00
5.564678e-02
5.429685e-02
2.198950e-02
5.496755e-01
5.833707e-01
5.839121e-01
2.491354e+00
2.456931e+00
2.456983e+00
7.201986e-01
7.201545e-01
6.857625e-01
1.989454e+00
2.023881e+00
2.023678e+00
6.513111e-01
6.512601e-01
6.168957e-01
7.875902e-01
7.864768e-01
7.530026e-01
1.018751e+00
1.053025e+00
1.018777e+00
2.767680e-01
3.097248e-01
3.093582e-01
1.978619e+00
2.012617e+00
1.978189e+00
2.422019e+00
2.387423e+00
2.387753e+00
1.338798e+00
1.338771e+00
1.304539e+00
5.151936e-01
5.151781e-01
4.807622e-01
5.821766e-01
5.820858e-01
5.477435e-01
2.502862e+00
2.468493e+00
2.502968e+00
2.640172e+00
2.640067e+00
2.605726e+00
6.743674e-01
7.087618e-01
6.743053e-01
2.504188e+00
2.469806e+00
2.504257e+00
2.607076e+00
2.640522e+00
2.641053e+00
2.502332e+00
2.502438e+00
2.467937e+00
6.512123e-01
6.511734e-01
6.168163e-01
1.156119e+00
1.156145e+00
1.190259e+00
2.976907e+00
2.942261e+00
2.942267e+00
7.199059e-01
7.198617e-01
6.855291e-01
7.198331e-01
7.198146e-01
6.854856e-01
2.228982e+00
2.194688e+00
2.229151e+00
2.297569e+00
2.263263e+00
2.297663e+00
2.643237e+00
2.608824e+00
2.643294e+00
5.020657e-01
4.676852e-01
4.676970e-01
4.120830e-01
4.473403e-01
4.507544e-01
5.459229e-02
5.353353e-02
2.162474e-02
5.384430e-01
5.726837e-01
5.384531e-01
6.514389e-01
6.527978e-01
6.183178e-01
1.612719e+00
1.578499e+00
1.612764e+00
1.087640e-02
4.350350e-02
1.087551e-02
5.020078e-01
4.676430e-01
4.676605e-01
1.076909e-02
4.307765e-02
1.076954e-02
1.840974e+00
1.841018e+00
1.875230e+00
3.305647e-01
3.649447e-01
3.305771e-01
2.458372e+00
2.458466e+00
2.492829e+00
7.885499e-01
7.885105e-01
7.541960e-01
6.856365e-01
7.200799e-01
7.199742e-01
3.764403e-01
3.764087e-01
3.420327e-01
2.255363e-02
5.558189e-02
5.718414e-02
2.976920e+00
2.942304e+00
2.942302e+00
6.872793e-01
7.215943e-01
7.215991e-01
6.741317e-01
7.084823e-01
6.740869e-01
8.571544e-01
8.570946e-01
8.228213e-01
2.574332e+00
2.539940e+00
2.574372e+00
7.428989e-01
7.430110e-01
7.773483e-01
2.366236e+00
2.331898e+00
2.366324e+00
4.692597e-01
5.036919e-01
4.692182e-01
2.366550e+00
2.329590e+00
2.370099e+00
1.201775e+00
1.201747e+00
1.167523e+00
6.071818e-01
6.070811e-01
6.414924e-01
1.086595e-02
4.347020e-02
1.086876e-02
6.514176e-01
6.513653e-01
6.169816e-01
2.183897e-02
5.438532e-02
5.481369e-02
2.433586e+00
2.399321e+00
2.433692e+00
2.712174e+00
2.677761e+00
2.712228e+00
2.216284e+00
2.181850e+00
2.181829e+00
2.216131e+00
2.181852e+00
2.181825e+00
2.505482e+00
2.471127e+00
2.505520e+00
2.988452e+00
2.953818e+00
2.988454e+00
1.108239e-02
4.431785e-02
1.107667e-02
2.183343e+00
2.183612e+00
2.217811e+00
2.251881e+00
2.252051e+00
2.286286e+00
2.322025e+00
2.321785e+00
2.356423e+00
5.709819e-01
5.377301e-01
5.366230e-01
2.436662e+00
2.402338e+00
2.436726e+00
8.570449e-01
8.569904e-01
8.227373e-01
4.806848e-01
5.151445e-01
5.150971e-01
7.787054e-01
7.443768e-01
7.444401e-01
2.285077e+00
2.250727e+00
2.250828e+00
7.215700e-01
7.215130e-01
6.872379e-01
2.976856e+00
2.942060e+00
2.942213e+00
1.701805e+00
1.735990e+00
1.701711e+00
7.559343e-01
7.902793e-01
7.902332e-01
6.758257e-01
7.101581e-01
6.758052e-01
1.104683e-02
4.417524e-02
1.104012e-02
2.435286e+00
2.400934e+00
2.435358e+00
7.779420e-01
7.435000e-01
7.434902e-01
2.320481e+00
2.320575e+00
2.354911e+00
8.231939e-01
8.576429e-01
8.574934e-01
7.428090e-01
7.771336e-01
7.427608e-01
8.569175e-01
8.568263e-01
8.225868e-01
4.809486e-01
5.153971e-01
5.153539e-01
3.305559e-01
3.650218e-01
3.305071e-01
9.256309e-01
9.265099e-01
8.913761e-01
2.504034e+00
2.469660e+00
2.504114e+00
1.681341e+00
1.647252e+00
1.681384e+00
5.380150e-01
5.724246e-01
5.379970e-01
6.071012e-01
6.071885e-01
6.414786e-01
1.293101e+00
1.327347e+00
1.293073e+00
6.871272e-01
7.214616e-01
7.214398e-01
2.160195e+00
2.125928e+00
2.160283e+00
2.988417e+00
2.953671e+00
2.988415e+00
9.256904e-01
9.256108e-01
8.913707e-01
8.912488e-01
9.255433e-01
9.254719e-01
1.564775e+00
1.598949e+00
1.564681e+00
9.254025e-01
9.253505e-01
8.910885e-01
1.082799e-02
4.331893e-02
1.083120e-02
8.114396e-01
8.457498e-01
8.113978e-01
1.747519e+00
1.747439e+00
1.713261e+00
8.930124e-01
9.273758e-01
9.273243e-01
8.245519e-01
8.586678e-01
8.587959e-01
1.198326e-01
1.215381e-01
8.983666e-02
2.183285e+00
2.183200e+00
2.216959e+00
2.988412e+00
2.953656e+00
2.988412e+00
3.309026e-01
3.652357e-01
3.306728e-01
9.937429e-01
9.927024e-01
9.604098e-01
1.099410e-02
4.396070e-02
1.098663e-02
1.510081e+00
1.544337e+00
1.544279e+00
8.241186e-01
8.584925e-01
8.584332e-01
2.367867e+00
2.333547e+00
2.367942e+00
5.363492e-01
5.707464e-01
5.363050e-01
8.242429e-01
8.585939e-01
8.585492e-01
3.424788e-01
3.769603e-01
3.768018e-01
9.617225e-01
9.960319e-01
9.959785e-01
9.938662e-01
9.938127e-01
9.596001e-01
2.227795e+00
2.193340e+00
2.227892e+00
8.243328e-01
8.586538e-01
8.586335e-01
2.045762e+00
2.045898e+00
2.080165e+00
1.544062e+00
1.509808e+00
1.544071e+00
3.766395e-01
3.765511e-01
3.420917e-01
2.493998e+00
2.459577e+00
2.459641e+00
2.988382e+00
2.953534e+00
2.988381e+00
2.115183e+00
2.115800e+00
2.149450e+00
1.567028e+00
1.567060e+00
1.601290e+00
1.154168e-02
4.617859e-02
1.154724e-02
4.691718e-01
5.036020e-01
4.691304e-01
2.227725e+00
2.227599e+00
2.193294e+00
7.445075e-01
7.445736e-01
7.788751e-01
6.396993e-01
6.052928e-01
6.053301e-01
2.227508e+00
2.227339e+00
2.193232e+00
6.053023e-01
6.395685e-01
6.064386e-01
2.091450e+00
2.057154e+00
2.091550e+00
8.813930e-01
9.157218e-01
8.813345e-01
9.943618e-01
9.942746e-01
9.600324e-01
2.425176e+00
2.390774e+00
2.390849e+00
1.670241e+00
1.636103e+00
1.636755e+00
8.934722e-01
9.294420e-01
9.278669e-01
2.976909e+00
2.942263e+00
2.942274e+00
2.629324e+00
2.594803e+00
2.594915e+00
2.299125e+00
2.264798e+00
2.299168e+00
2.047953e+00
2.050855e+00
2.082637e+00
8.239932e-01
8.583753e-01
8.583246e-01
6.515145e-01
6.514708e-01
6.170689e-01
7.444756e-01
7.787880e-01
7.444720e-01
3.305028e-01
3.649725e-01
3.305476e-01
2.631734e+00
2.597281e+00
2.597321e+00
2.562842e+00
2.528411e+00
2.528449e+00
8.800254e-01
9.143031e-01
8.799647e-01
6.397786e-01
6.053644e-01
6.054035e-01
1.715515e+00
1.749761e+00
1.749719e+00
1.909524e+00
1.909044e+00
1.944175e+00
2.988451e+00
2.953813e+00
2.988451e+00
1.126653e-02
4.507085e-02
1.126739e-02
1.099066e+00
1.133316e+00
1.133285e+00
8.455354e-01
8.111868e-01
8.112631e-01
1.578344e+00
1.612601e+00
1.612602e+00
9.502566e-01
9.845295e-01
9.502023e-01
8.799000e-01
9.141593e-01
8.798464e-01
6.063437e-01
6.415203e-01
6.068641e-01
8.456445e-01
8.113186e-01
8.113532e-01
2.356389e+00
2.322021e+00
2.322066e+00
2.988438e+00
2.953751e+00
2.988436e+00
1.498334e+00
1.498369e+00
1.532633e+00
2.665226e+00
2.665353e+00
2.699711e+00
9.139226e-01
8.796495e-01
8.796395e-01
2.458577e+00
2.458754e+00
2.493007e+00
1.030351e+00
1.064645e+00
1.064591e+00
8.131530e-01
8.474101e-01
8.130980e-01
2.046510e+00
2.046711e+00
2.080778e+00
8.128122e-01
8.128633e-01
8.471815e-01
2.127197e+00
2.160761e+00
2.160843e+00
2.217466e+00
2.183079e+00
2.183168e+00
9.613349e-01
9.956752e-01
9.956350e-01
1.167585e+00
1.201836e+00
1.201806e+00
2.230431e+00
2.196141e+00
2.230451e+00
9.826905e-01
9.493405e-01
9.484587e-01
1.085497e+00
1.119624e+00
1.085357e+00
8.815388e-01
9.158678e-01
8.815164e-01
8.797740e-01
9.140173e-01
8.796852e-01
6.740269e-01
7.083715e-01
6.740308e-01
1.131479e+00
1.131387e+00
1.097175e+00
2.988430e+00
2.953719e+00
2.988427e+00
1.909483e+00
1.909524e+00
1.943744e+00
1.601227e+00
1.566907e+00
1.567035e+00
1.567105e+00
1.567161e+00
1.601379e+00
2.538590e+00
2.573001e+00
2.572617e+00
8.126913e-01
8.127580e-01
8.470822e-01
1.738270e+00
1.704008e+00
1.704226e+00
2.658229e-01
2.656109e-01
2.987949e-01
1.224510e+00
1.224551e+00
1.258806e+00
1.428305e+00
1.462513e+00
1.428192e+00
1.222382e+00
1.256534e+00
1.222179e+00
1.098953e+00
1.133235e+00
1.133188e+00
1.108182e-02
4.432037e-02
1.107868e-02
9.482506e-01
9.824846e-01
9.482010e-01
1.270236e+00
1.235996e+00
1.270262e+00
2.115882e+00
2.115844e+00
2.150310e+00
2.161742e+00
2.127359e+00
2.161781e+00
2.287662e+00
2.253310e+00
2.253332e+00
1.087638e+00
1.087614e+00
1.121907e+00
1.704048e+00
1.704082e+00
1.738295e+00
2.700667e+00
2.666198e+00
2.666254e+00
2.838638e+00
2.804122e+00
2.804166e+00
2.012040e+00
1.978868e+00
1.976594e+00
1.087550e+00
1.087616e+00
1.121852e+00
1.063895e-02
4.253943e-02
1.063118e-02
9.502986e-01
9.503240e-01
9.846282e-01
1.598243e+00
1.570378e+00
1.555131e+00
8.815147e-01
9.159222e-01
8.816344e-01
2.218981e+00
2.184646e+00
2.184688e+00
1.704123e+00
1.704163e+00
1.738375e+00
2.502709e+00
2.468363e+00
2.502784e+00
6.398762e-01
6.054414e-01
6.054827e-01
1.395899e+00
1.361610e+00
1.361639e+00
2.092994e+00
2.058523e+00
2.092954e+00
1.224474e+00
1.224340e+00
1.258243e+00
1.018890e+00
1.053147e+00
1.018833e+00
1.119933e+00
1.085629e+00
1.085705e+00
1.235935e+00
1.269687e+00
1.270147e+00
2.148711e+00
2.114340e+00
2.114440e+00
1.806896e+00
1.772560e+00
1.772482e+00
2.527141e+00
2.527211e+00
2.561618e+00
1.062285e+00
1.062219e+00
1.028030e+00
1.921091e+00
1.955739e+00
1.955305e+00
2.159163e+00
2.124700e+00
2.159305e+00
1.324312e+00
1.290372e+00
1.289517e+00
1.017223e+00
1.051474e+00
1.017135e+00
2.525815e+00
2.525920e+00
2.560303e+00
9.617770e-01
9.960776e-01
9.960647e-01
2.988450e+00
2.953809e+00
2.988451e+00
1.100621e-02
4.403539e-02
1.101111e-02
2.640439e+00
2.640294e+00
2.605957e+00
1.064692e+00
1.030411e+00
1.064754e+00
1.941414e+00
1.907764e+00
1.907237e+00
1.407245e+00
1.373019e+00
1.407294e+00
1.130823e+00
1.130760e+00
1.096560e+00
1.062855e+00
1.062778e+00
1.028533e+00
2.492681e+00
2.458222e+00
2.458295e+00
2.150281e+00
2.115933e+00
2.115895e+00
1.122061e-02
4.487848e-02
1.121852e-02
1.442670e+00
1.478928e+00
1.476715e+00
1.681455e+00
1.681238e+00
1.647187e+00
2.081563e+00
2.047223e+00
2.047088e+00
1.268544e+00
1.268437e+00
1.234249e+00
8.587645e-01
8.587290e-01
8.244412e-01
1.610477e+00
1.610394e+00
1.576228e+00
1.872863e+00
1.838615e+00
1.838689e+00
9.523322e-01
9.850245e-01
9.507519e-01
1.235917e+00
1.270196e+00
1.270144e+00
8.125608e-01
8.126265e-01
8.469590e-01
1.441567e+00
1.475820e+00
1.475774e+00
5.751671e-02
5.688465e-02
2.288047e-02
2.024327e+00
1.989977e+00
2.024190e+00
2.389165e+00
2.389253e+00
2.423614e+00
2.160452e+00
2.126246e+00
2.160720e+00
1.441635e+00
1.475895e+00
1.475857e+00
1.405746e+00
1.405581e+00
1.371336e+00
1.430292e+00
1.430505e+00
1.464563e+00
2.988400e+00
2.953610e+00
2.988400e+00
2.079944e+00
2.045515e+00
2.045642e+00
1.715591e+00
1.749814e+00
1.749794e+00
1.053334e+00
1.018970e+00
1.018970e+00
1.154327e+00
1.188566e+00
1.154236e+00
2.092404e+00
2.058341e+00
2.093024e+00
1.441320e+00
1.475585e+00
1.475556e+00
1.335767e+00
1.335657e+00
1.300870e+00
6.052748e-01
6.396634e-01
6.052664e-01
1.016255e+00
1.050459e+00
1.015216e+00
8.812829e-01
9.156258e-01
8.812335e-01
1.016694e+00
1.050911e+00
1.016642e+00
1.335613e+00
1.334732e+00
1.301679e+00
2.388990e+00
2.389077e+00
2.423437e+00
1.633538e+00
1.633621e+00
1.667801e+00
2.296557e+00
2.262309e+00
2.296647e+00
1.085158e-02
4.339800e-02
1.084697e-02
1.267160e+00
1.266496e+00
1.232427e+00
1.430167e+00
1.430197e+00
1.464432e+00
1.156146e+00
1.190384e+00
1.156113e+00
1.635546e+00
1.635590e+00
1.669804e+00
1.841199e+00
1.841236e+00
1.875672e+00
1.679246e+00
1.645073e+00
1.679332e+00
1.430076e+00
1.430126e+00
1.464344e+00
1.441474e+00
1.475729e+00
1.475690e+00
1.291382e+00
1.325602e+00
1.291276e+00
2.057417e+00
2.091827e+00
2.091679e+00
1.199912e+00
1.199741e+00
1.165596e+00
1.256953e+00
1.222580e+00
1.222752e+00
1.647024e+00
1.681265e+00
1.681229e+00
1.884428e+00
1.884959e+00
1.850185e+00
2.769627e+00
2.735141e+00
2.735194e+00
1.704537e+00
1.705592e+00
1.738767e+00
2.665088e+00
2.665147e+00
2.699580e+00
2.012819e+00
1.978430e+00
1.978590e+00
1.635668e+00
1.635819e+00
1.669917e+00
6.511401e-01
6.511255e-01
6.167503e-01
6.745858e-01
7.090481e-01
6.745339e-01
1.224663e+00
1.258891e+00
1.224632e+00
1.910031e+00
1.910046e+00
1.944289e+00
2.012943e+00
1.978645e+00
1.978588e+00
7.205253e-01
7.205394e-01
6.860892e-01
1.542262e+00
1.542172e+00
1.508906e+00
1.087496e+00
1.121747e+00
1.087439e+00
1.955777e+00
1.921468e+00
1.955718e+00
1.886577e+00
1.852393e+00
1.886100e+00
1.804513e+00
1.770251e+00
1.770334e+00
5.150627e-01
5.150389e-01
4.806032e-01
1.736158e+00
1.701890e+00
1.701975e+00
1.475613e+00
1.475508e+00
1.441221e+00
1.293035e+00
1.327269e+00
1.292981e+00
1.747694e+00
1.747605e+00
1.713429e+00
1.667454e+00
1.633200e+00
1.633285e+00
2.400575e+00
2.434954e+00
2.434853e+00
1.678990e+00
1.678898e+00
1.644736e+00
1.544211e+00
1.544084e+00
1.509933e+00
1.944370e+00
1.910081e+00
1.910056e+00
1.498465e+00
1.532626e+00
1.498359e+00
1.736334e+00
1.702061e+00
1.702148e+00
5.494949e-01
5.838781e-01
5.838860e-01
6.516105e-01
6.515650e-01
6.171579e-01
1.428591e+00
1.462714e+00
1.428425e+00
1.372937e+00
1.407201e+00
1.407159e+00
1.509991e+00
1.544235e+00
1.544203e+00
6.742562e-01
7.086598e-01
6.741968e-01
4.008402e-01
4.351798e-01
4.008175e-01
1.907518e+00
1.907623e+00
1.941796e+00
2.365059e+00
2.330809e+00
2.365159e+00
9.487946e-01
9.830007e-01
9.486529e-01
2.526986e+00
2.527066e+00
2.561468e+00
1.153449e+00
1.187063e+00
1.153386e+00
1.509768e+00
1.544055e+00
1.544081e+00
1.815805e+00
1.781622e+00
1.815877e+00
1.636674e+00
1.634713e+00
1.671214e+00
1.542583e+00
1.542510e+00
1.508330e+00
1.441250e+00
1.475521e+00
1.475489e+00
6.757625e-01
7.100519e-01
6.756974e-01
1.292507e+00
1.327214e+00
1.292967e+00
1.290152e+00
1.324396e+00
1.289490e+00
1.498556e+00
1.532779e+00
1.498516e+00
2.113846e+00
2.113892e+00
2.148204e+00
6.167359e-01
6.511181e-01
6.511221e-01
1.430033e+00
1.464261e+00
1.429989e+00
1.085853e+00
1.120104e+00
1.085784e+00
1.566925e+00
1.601244e+00
1.566949e+00
1.612963e+00
1.612933e+00
1.578669e+00
1.783938e+00
1.818196e+00
1.818150e+00
8.814841e-01
9.158022e-01
8.814390e-01
1.304481e+00
1.338739e+00
1.338701e+00
1.578345e+00
1.612612e+00
1.612656e+00
2.113954e+00
2.114019e+00
2.148340e+00
1.667635e+00
1.633371e+00
1.633455e+00
1.715444e+00
1.749685e+00
1.749653e+00
1.599121e+00
1.564861e+00
1.564948e+00
7.082870e-01
6.738393e-01
6.740108e-01
1.463998e+00
1.429554e+00
1.429700e+00
1.612803e+00
1.612696e+00
1.578514e+00
1.747877e+00
1.747784e+00
1.713605e+00
1.530900e+00
1.497531e+00
1.496696e+00
2.640740e+00
2.640581e+00
2.606220e+00
1.646940e+00
1.681190e+00
1.681152e+00
1.222945e+00
1.257177e+00
1.222870e+00
1.360146e+00
1.394393e+00
1.359971e+00
1.578430e+00
1.612682e+00
1.612647e+00
1.498641e+00
1.532850e+00
1.498595e+00
1.635749e+00
1.669808e+00
1.635717e+00
1.679507e+00
1.679417e+00
1.645235e+00
1.566905e+00
1.566916e+00
1.601182e+00
1.817076e+00
1.782938e+00
1.817138e+00
1.501684e+00
1.533702e+00
1.499475e+00
1.887194e+00
1.852815e+00
1.887166e+00
1.224464e+00
1.258706e+00
1.224412e+00
1.750017e+00
1.749768e+00
1.715732e+00
1.772846e+00
1.807042e+00
1.772596e+00
2.907636e+00
2.872984e+00
2.873059e+00
1.635675e+00
1.669704e+00
1.635637e+00
1.565401e+00
1.599596e+00
1.565327e+00
2.126389e+00
2.160655e+00
2.160623e+00
2.194727e+00
2.228400e+00
2.228967e+00
6.399777e-01
6.055218e-01
6.055664e-01
1.610963e+00
1.610886e+00
1.576703e+00
3.430939e-01
3.776310e-01
3.775113e-01
7.768911e-01
7.426177e-01
7.426523e-01
1.875775e+00
1.841478e+00
1.841391e+00
1.155983e+00
1.190232e+00
1.155930e+00
1.612903e+00
1.612865e+00
1.578617e+00
1.578640e+00
1.613001e+00
1.612848e+00
7.894147e-01
7.894176e-01
7.549904e-01
1.542360e+00
1.508172e+00
1.542433e+00
1.429805e+00
1.464055e+00
1.429765e+00
1.498320e+00
1.532642e+00
1.498282e+00
2.388809e+00
2.388900e+00
2.423254e+00
9.271385e-01
9.270936e-01
8.927680e-01
1.359341e+00
1.396595e+00
1.358462e+00
1.952748e+00
1.952659e+00
1.918484e+00
1.647054e+00
1.681134e+00
1.681075e+00
3.645894e-01
3.302347e-01
3.302452e-01
2.024368e+00
2.024301e+00
1.990076e+00
7.443397e-01
7.786309e-01
7.443138e-01
1.920878e+00
1.955136e+00
1.955097e+00
2.740341e-01
3.081003e-01
3.078760e-01
1.807221e+00
1.772944e+00
1.772911e+00
1.646856e+00
1.681104e+00
1.681085e+00
1.601426e+00
1.567127e+00
1.567168e+00
1.681967e+00
1.648491e+00
1.683025e+00
2.227999e+00
2.193579e+00
2.228080e+00
2.182151e+00
2.182295e+00
2.216657e+00
1.429879e+00
1.464125e+00
1.429840e+00
1.612600e+00
1.612518e+00
1.578139e+00
1.667970e+00
1.633702e+00
1.633780e+00
1.361533e+00
1.361572e+00
1.395812e+00
1.772583e+00
1.806807e+00
1.772544e+00
7.893867e-01
7.894064e-01
7.549683e-01
1.738647e+00
1.704353e+00
1.704270e+00
2.262729e+00
2.297149e+00
2.297036e+00
1.818626e+00
1.818547e+00
1.784357e+00
1.884397e+00
1.884308e+00
1.850136e+00
2.021662e+00
2.022738e+00
1.987293e+00
1.679078e+00
1.644907e+00
1.679161e+00
2.768240e+00
2.733662e+00
2.733766e+00
1.816931e+00
1.782863e+00
1.817020e+00
4.332943e-01
3.989437e-01
3.989634e-01
1.601497e+00
1.567201e+00
1.567223e+00
1.702328e+00
1.736517e+00
1.702237e+00
1.635448e+00
1.669686e+00
1.635489e+00
1.497084e+00
1.531232e+00
1.496968e+00
1.361492e+00
1.395727e+00
1.361448e+00
2.470303e+00
2.504767e+00
2.504553e+00
1.407330e+00
1.373083e+00
1.407360e+00
1.816048e+00
1.815960e+00
1.781786e+00
1.018930e+00
1.018946e+00
1.053244e+00
1.840034e+00
1.840152e+00
1.874341e+00
1.566949e+00
1.601193e+00
1.566925e+00
1.770991e+00
1.771110e+00
1.805273e+00
2.958217e-01
2.606139e-01
2.621619e-01
2.331848e+00
2.366220e+00
2.366185e+00
2.181898e+00
2.182032e+00
2.216454e+00
1.852368e+00
1.886620e+00
1.886585e+00
1.085259e+00
1.119455e+00
1.085178e+00
1.818613e+00
1.784309e+00
1.818523e+00
1.839874e+00
1.839936e+00
1.874127e+00
2.469975e+00
2.504399e+00
2.504334e+00
1.875740e+00
1.841392e+00
1.841473e+00
1.887222e+00
1.887194e+00
1.852933e+00
1.633975e+00
1.668151e+00
1.633870e+00
1.610562e+00
1.576398e+00
1.610645e+00
2.263573e+00
2.297962e+00
2.297804e+00
1.953263e+00
1.919095e+00
1.953396e+00
7.543118e-01
7.887414e-01
7.886214e-01
3.071556e-01
3.071797e-01
2.728082e-01
1.166047e+00
1.200460e+00
1.200237e+00
2.250918e+00
2.251002e+00
2.285261e+00
1.531068e+00
1.496796e+00
1.496878e+00
1.302887e+00
1.337269e+00
1.337094e+00
1.154420e+00
1.154530e+00
1.188734e+00
2.708690e+00
2.708762e+00
2.674240e+00
7.205060e-01
7.204551e-01
6.860102e-01
1.599444e+00
1.565178e+00
1.565252e+00
1.750062e+00
1.715692e+00
1.750028e+00
1.542044e+00
1.507851e+00
1.542129e+00
8.915245e-01
9.259247e-01
9.257842e-01
1.635506e+00
1.669727e+00
1.635471e+00
1.475452e+00
1.475417e+00
1.441175e+00
2.988468e+00
2.953865e+00
2.988466e+00
1.480181e+00
1.460182e+00
1.440707e+00
1.598784e+00
1.618814e+00
1.638259e+00
1.517120e+00
1.479296e+00
1.499277e+00
1.362342e+00
1.323443e+00
1.342413e+00
1.401381e+00
1.381818e+00
1.361905e+00
1.262527e+00
1.283032e+00
1.240169e+00
1.322623e+00
1.303635e+00
1.283152e+00
1.421023e+00
1.440515e+00
1.401480e+00
1.242547e+00
1.220171e+00
1.203072e+00
1.835526e+00
1.855261e+00
1.875001e+00
1.441004e+00
1.461371e+00
1.480479e+00
1.953948e+00
1.934209e+00
1.914472e+00
1.046289e+00
1.066721e+00
1.085760e+00
1.202445e+00
1.217668e+00
1.241920e+00
1.875000e+00
1.855261e+00
1.835526e+00
1.914472e+00
1.875001e+00
1.894735e+00
1.794844e+00
1.771474e+00
1.755368e+00
1.814577e+00
1.834316e+00
1.791214e+00
1.558580e+00
1.536937e+00
1.519103e+00
1.221848e+00
1.256003e+00
1.221259e+00
1.544018e+00
1.543847e+00
1.509670e+00
2.057854e+00
2.092119e+00
2.092079e+00
1.337442e+00
1.303243e+00
1.337605e+00
9.154429e-01
8.810791e-01
8.810980e-01
1.566997e+00
1.601223e+00
1.566968e+00
1.064768e+00
1.030421e+00
1.064740e+00
2.730020e-01
3.075462e-01
3.075081e-01
6.400695e-01
6.056049e-01
6.056517e-01
1.772504e+00
1.806723e+00
1.772473e+00
1.440063e+00
1.474291e+00
1.474175e+00
9.959312e-01
9.959019e-01
9.616235e-01
1.704012e+00
1.738229e+00
1.703975e+00
1.770888e+00
1.805077e+00
1.770793e+00
1.338655e+00
1.338613e+00
1.304384e+00
9.840252e-01
9.495559e-01
9.496733e-01
2.676891e+00
2.711374e+00
2.711246e+00
5.021349e-01
4.677242e-01
4.677502e-01
2.906496e+00
2.871415e+00
2.871406e+00
1.097335e+00
1.131679e+00
1.131570e+00
1.703973e+00
1.738373e+00
1.704025e+00
1.201620e+00
1.201571e+00
1.167336e+00
1.576862e+00
1.611153e+00
1.611048e+00
4.693952e-01
4.694422e-01
5.038589e-01
2.400591e+00
2.435035e+00
2.434946e+00
1.544170e+00
1.544142e+00
1.509918e+00
7.901969e-01
7.901533e-01
7.559026e-01
8.581849e-01
8.581672e-01
8.237919e-01
1.464240e+00
1.429836e+00
1.429994e+00
1.771508e+00
1.771526e+00
1.805672e+00
3.779853e-01
3.779753e-01
3.437865e-01
9.483908e-01
9.826408e-01
9.483209e-01
1.165801e+00
1.200101e+00
1.200025e+00
7.442085e-01
7.442776e-01
7.785722e-01
1.189806e+00
1.155296e+00
1.155603e+00
5.709104e-01
5.365238e-01
5.365472e-01
1.681109e+00
1.681164e+00
1.646924e+00
1.772681e+00
1.806892e+00
1.772667e+00
1.704245e+00
1.704289e+00
1.738589e+00
1.816725e+00
1.782570e+00
1.816814e+00
1.851640e+00
1.885974e+00
1.885822e+00
6.069552e-01
6.070313e-01
6.413436e-01
1.326906e+00
1.292399e+00
1.292744e+00
9.498047e-01
9.498595e-01
9.841752e-01
1.658320e+00
1.677616e+00
1.640326e+00
1.028698e+00
1.063001e+00
1.062932e+00
2.296367e+00
2.295997e+00
2.262021e+00
2.249900e+00
2.282794e+00
2.249729e+00
1.532846e+00
1.498557e+00
1.498603e+00
2.319422e+00
2.319515e+00
2.353775e+00
1.052686e+00
1.018396e+00
1.018452e+00
1.407116e+00
1.407079e+00
1.372852e+00
1.770510e+00
1.804690e+00
1.770420e+00
1.713789e+00
1.748066e+00
1.747970e+00
1.782350e+00
1.816625e+00
1.816532e+00
6.755957e-01
6.756525e-01
7.099810e-01
1.749829e+00
1.749817e+00
1.715491e+00
1.133135e+00
1.133084e+00
1.098846e+00
8.811383e-01
8.811865e-01
9.155380e-01
1.475870e+00
1.475846e+00
1.441588e+00
8.124450e-01
8.125018e-01
8.468506e-01
1.851395e+00
1.885694e+00
1.885578e+00
1.429952e+00
1.464190e+00
1.429912e+00
1.018425e+00
1.018467e+00
1.052742e+00
2.976781e+00
2.942180e+00
2.941725e+00
1.875158e+00
1.841092e+00
1.840890e+00
2.184602e+00
2.218789e+00
2.184535e+00
2.387931e+00
2.388035e+00
2.422306e+00
2.538587e+00
2.573059e+00
2.572984e+00
1.327177e+00
1.292886e+00
1.292935e+00
2.730676e-01
3.075203e-01
3.075783e-01
2.161692e+00
2.161548e+00
2.127349e+00
2.676663e+00
2.711144e+00
2.711092e+00
1.463952e+00
1.429792e+00
1.429702e+00
1.301861e+00
1.336302e+00
1.336094e+00
1.907212e+00
1.941390e+00
1.907120e+00
1.601519e+00
1.567214e+00
1.567134e+00
2.032337e+00
2.010925e+00
1.992862e+00
1.973124e+00
1.991189e+00
1.953390e+00
2.125371e+00
2.159752e+00
2.159678e+00
2.272783e-01
1.955049e-01
1.957980e-01
1.544283e+00
1.510050e+00
1.544324e+00
2.595798e+00
2.629776e+00
2.595414e+00
1.875090e+00
1.840831e+00
1.840868e+00
1.406862e+00
1.406954e+00
1.372598e+00
7.883298e-01
7.541093e-01
7.884075e-01
1.838863e+00
1.873040e+00
1.838772e+00
2.125510e+00
2.159908e+00
2.159826e+00
1.406961e+00
1.406924e+00
1.372684e+00
2.251403e+00
2.285742e+00
2.251318e+00
1.670105e+00
1.635828e+00
1.635821e+00
1.164875e+00
1.199066e+00
1.198476e+00
1.017327e+00
1.017487e+00
1.051648e+00
1.975599e+00
2.009879e+00
1.975506e+00
1.028150e+00
1.062433e+00
1.062351e+00
1.909444e+00
1.943669e+00
1.909411e+00
1.113368e-01
7.900315e-02
7.962374e-02
2.400414e+00
2.434857e+00
2.434764e+00
1.839720e+00
1.839808e+00
1.874017e+00
1.839541e+00
1.839629e+00
1.873832e+00
1.681120e+00
1.681097e+00
1.646873e+00
1.018791e+00
1.053057e+00
1.018759e+00
8.123240e-01
8.467139e-01
8.123413e-01
1.818114e+00
1.818080e+00
1.783870e+00
5.843118e-01
5.499906e-01
5.842003e-01
1.851258e+00
1.885504e+00
1.885460e+00
1.977964e+00
2.012192e+00
1.977927e+00
1.327296e+00
1.292972e+00
1.292929e+00
1.532388e+00
1.498164e+00
1.498202e+00
1.190047e+00
1.155700e+00
1.155666e+00
1.886496e+00
1.886506e+00
1.852243e+00
1.407038e+00
1.407003e+00
1.372770e+00
1.052756e+00
1.018439e+00
1.018423e+00
1.361158e+00
1.395420e+00
1.361142e+00
8.801342e-01
8.802629e-01
9.145537e-01
8.467037e-01
8.122766e-01
8.124071e-01
2.596098e+00
2.596165e+00
2.630598e+00
1.475651e+00
1.475619e+00
1.441392e+00
1.464446e+00
1.430153e+00
1.430130e+00
1.805490e+00
1.771238e+00
1.771413e+00
1.224323e+00
1.224202e+00
1.258587e+00
1.338304e+00
1.338291e+00
1.304009e+00
1.086445e+00
1.069454e+00
1.046975e+00
1.087048e+00
1.087033e+00
1.121341e+00
1.361553e+00
1.361417e+00
1.395811e+00
1.992917e+00
2.011146e+00
2.032393e+00
1.496663e+00
1.496724e+00
1.530922e+00
1.406948e+00
1.372688e+00
1.407105e+00
4.462049e-01
4.461575e-01
4.117224e-01
1.532717e+00
1.498450e+00
1.498483e+00
2.022016e+00
2.021946e+00
1.987720e+00
1.839449e+00
1.873646e+00
1.839356e+00
2.735636e-01
3.077132e-01
3.077378e-01
4.462923e-01
4.462482e-01
4.118177e-01
2.633211e-01
2.650445e-01
2.974002e-01
2.297317e+00
2.297240e+00
2.262905e+00
1.909327e+00
1.943565e+00
1.909336e+00
8.229379e-01
8.573576e-01
8.572315e-01
1.269551e+00
1.235516e+00
1.269896e+00
1.839258e+00
1.873446e+00
1.839156e+00
2.365587e+00
2.365487e+00
2.331180e+00
1.132433e+00
1.098350e+00
1.132738e+00
1.840936e+00
1.875159e+00
1.840903e+00
7.770577e-01
7.427068e-01
7.427268e-01
7.197716e-01
6.855122e-01
7.198095e-01
1.498699e+00
1.498705e+00
1.532874e+00
2.742378e-01
3.078468e-01
3.076154e-01
2.251208e+00
2.285964e+00
2.251778e+00
1.270093e+00
1.270046e+00
1.235816e+00
2.365888e+00
2.331572e+00
2.365979e+00
1.475716e+00
1.441480e+00
1.475761e+00
2.114952e+00
2.149189e+00
2.114914e+00
1.496480e+00
1.496585e+00
1.530770e+00
8.116592e-01
8.459739e-01
8.115347e-01
1.338526e+00
1.304291e+00
1.338567e+00
2.262479e+00
2.296821e+00
2.296735e+00
1.681497e+00
1.647222e+00
1.681413e+00
2.183490e+00
2.217735e+00
2.183460e+00
2.150047e+00
2.115678e+00
2.115844e+00
1.749602e+00
1.749682e+00
1.715378e+00
2.110777e+00
2.087844e+00
2.071302e+00
8.881637e-01
9.078899e-01
9.276330e-01
1.201522e+00
1.201477e+00
1.167242e+00
1.770696e+00
1.804879e+00
1.770603e+00
1.781967e+00
1.816236e+00
1.816141e+00
2.663571e+00
2.699271e+00
2.664103e+00
1.818008e+00
1.783800e+00
1.818045e+00
1.006348e+00
9.859004e-01
9.668750e-01
1.395647e+00
1.361364e+00
1.361408e+00
2.505403e+00
2.505270e+00
2.470986e+00
1.850912e+00
1.885197e+00
1.885102e+00
1.816435e+00
1.816334e+00
1.782158e+00
2.299066e+00
2.298959e+00
2.264719e+00
1.886551e+00
1.886517e+00
1.852300e+00
7.899245e-01
7.556298e-01
7.899748e-01
1.361519e+00
1.361554e+00
1.395825e+00
1.954981e+00
1.955001e+00
1.920758e+00
2.010471e+00
1.976107e+00
1.976240e+00
2.228201e+00
2.228161e+00
2.193867e+00
9.603024e-01
9.946493e-01
9.944912e-01
1.544354e+00
1.510107e+00
1.544375e+00
1.395568e+00
1.361277e+00
1.361324e+00
2.250529e+00
2.284505e+00
2.250401e+00
3.321081e-01
3.662873e-01
3.317348e-01
2.354567e+00
2.320156e+00
2.320233e+00
1.395486e+00
1.361188e+00
1.361235e+00
1.806656e+00
1.772405e+00
1.772440e+00
2.354873e+00
2.320555e+00
2.320508e+00
1.063121e+00
1.028977e+00
1.063254e+00
2.457968e+00
2.492633e+00
2.457869e+00
2.919203e+00
2.919188e+00
2.884615e+00
1.224365e+00
1.258610e+00
1.224318e+00
2.617273e-01
2.624382e-01
2.962870e-01
9.272877e-01
9.272559e-01
8.929553e-01
1.703943e+00
1.738163e+00
1.703919e+00
1.749618e+00
1.749584e+00
1.715371e+00
1.463982e+00
1.429694e+00
1.429730e+00
2.092997e+00
2.092833e+00
2.058662e+00
9.955225e-01
9.611854e-01
9.955749e-01
1.953601e+00
1.953506e+00
1.919306e+00
2.230383e+00
2.230304e+00
2.196053e+00
2.710661e+00
2.676235e+00
2.710764e+00
1.338342e+00
1.304099e+00
1.338387e+00
1.190132e+00
1.155835e+00
1.155882e+00
1.270100e+00
1.235804e+00
1.270054e+00
1.475873e+00
1.441566e+00
1.475877e+00
1.850322e+00
1.884597e+00
1.884494e+00
2.779717e+00
2.779687e+00
2.745146e+00
1.610726e+00
1.576551e+00
1.610807e+00
2.182379e+00
2.182444e+00
2.216788e+00
2.261324e+00
2.295425e+00
2.294218e+00
1.407299e+00
1.373030e+00
1.407275e+00
1.132814e+00
1.098501e+00
1.132779e+00
1.338683e+00
1.304328e+00
1.338545e+00
1.201446e+00
1.167079e+00
1.201324e+00
7.896676e-01
7.553905e-01
7.897353e-01
7.084014e-01
6.740366e-01
6.740543e-01
5.035538e-01
4.690870e-01
4.690999e-01
1.064179e+00
1.029861e+00
1.064162e+00
2.389103e+00
2.423383e+00
2.389070e+00
9.597145e-01
9.940166e-01
9.939288e-01
2.190863e+00
2.171344e+00
2.151388e+00
2.067549e+00
2.029599e+00
2.051007e+00
8.089367e-01
8.278120e-01
8.484033e-01
1.338448e+00
1.304299e+00
1.338592e+00
1.977834e+00
2.012169e+00
1.977854e+00
1.361307e+00
1.361453e+00
1.395737e+00
2.023660e+00
2.023809e+00
1.989350e+00
9.276313e-01
9.078869e-01
8.881653e-01
1.064538e+00
1.064493e+00
1.030244e+00
1.439578e+00
1.473888e+00
1.473828e+00
1.612622e+00
1.612612e+00
1.578377e+00
1.085956e+00
1.086090e+00
1.120317e+00
2.023586e+00
2.023544e+00
1.989323e+00
5.823766e-01
5.480245e-01
5.824091e-01
1.475343e+00
1.441104e+00
1.475379e+00
2.047192e+00
2.081367e+00
2.047123e+00
1.838959e+00
1.839056e+00
1.873241e+00
1.634307e+00
1.668418e+00
1.634116e+00
2.596255e+00
2.596400e+00
2.630747e+00
2.151296e+00
2.170974e+00
2.190769e+00
1.851094e+00
1.885384e+00
1.885289e+00
1.406883e+00
1.406849e+00
1.372599e+00
1.201337e+00
1.167147e+00
1.201444e+00
1.850519e+00
1.884803e+00
1.884700e+00
1.908306e+00
1.942466e+00
1.908262e+00
1.544364e+00
1.510119e+00
1.544283e+00
1.269746e+00
1.235519e+00
1.269798e+00
1.326899e+00
1.292590e+00
1.292644e+00
2.046415e+00
2.080645e+00
2.046375e+00
1.407262e+00
1.373003e+00
1.407290e+00
1.498640e+00
1.498668e+00
1.532925e+00
1.224197e+00
1.224306e+00
1.258592e+00
1.016768e+00
1.016854e+00
1.051067e+00
2.615396e-01
2.614988e-01
2.960089e-01
1.190047e+00
1.155772e+00
1.155797e+00
2.643171e+00
2.643070e+00
2.608718e+00
2.538727e+00
2.573197e+00
2.573131e+00
1.612945e+00
1.578570e+00
1.612936e+00
2.332083e+00
2.366502e+00
2.366414e+00
1.201181e+00
1.166990e+00
1.201236e+00
1.565028e+00
1.565102e+00
1.599285e+00
5.825137e-01
5.481450e-01
5.825450e-01
1.987037e+00
2.021255e+00
2.021316e+00
2.436566e+00
2.436420e+00
2.402168e+00
1.942042e+00
1.907735e+00
1.907836e+00
1.291537e+00
1.291720e+00
1.325932e+00
2.641276e+00
2.606862e+00
2.641339e+00
1.087012e+00
1.087115e+00
1.121417e+00
1.258305e+00
1.224009e+00
1.224065e+00
1.532971e+00
1.498692e+00
1.498717e+00
9.955485e-01
9.612347e-01
9.955892e-01
1.049493e+00
1.006565e+00
1.026993e+00
1.955751e+00
1.955594e+00
1.921470e+00
1.326881e+00
1.292640e+00
1.292587e+00
4.461432e-01
4.461230e-01
4.117121e-01
1.064139e+00
1.029920e+00
1.064239e+00
1.121644e+00
1.087342e+00
1.087389e+00
1.920745e+00
1.955000e+00
1.954978e+00
4.346727e-01
4.002311e-01
4.002195e-01
6.401654e-01
6.056956e-01
6.057482e-01
1.508042e+00
1.542290e+00
1.542217e+00
2.778235e+00
2.778710e+00
2.743563e+00
2.114552e+00
2.114702e+00
2.148912e+00
7.090665e-01
6.746137e-01
6.746686e-01
2.193813e+00
2.228217e+00
2.228172e+00
9.269051e-01
8.925756e-01
9.269595e-01
8.467082e-01
8.210296e-01
8.072359e-01
2.184559e+00
2.218814e+00
2.184413e+00
2.270827e+00
2.254362e+00
2.231353e+00
7.285737e-01
7.432319e-01
7.680496e-01
9.844604e-01
9.501316e-01
9.501648e-01
2.319601e+00
2.319689e+00
2.353946e+00
1.885006e+00
1.884905e+00
1.850723e+00
7.779321e-01
7.434975e-01
7.435538e-01
3.998737e-01
4.341308e-01
3.997130e-01
2.639538e-01
2.653203e-01
2.979192e-01
5.381241e-01
5.724844e-01
5.381088e-01
2.389339e+00
2.389428e+00
2.423783e+00
2.090966e+00
2.056687e+00
2.091013e+00
6.058154e-01
6.059170e-01
6.402876e-01
1.018768e+00
1.053022e+00
1.018708e+00
3.314751e-01
3.315489e-01
3.659774e-01
2.284095e-01
1.966978e-01
1.956477e-01
8.582244e-01
8.238831e-01
8.582732e-01
2.620451e-01
2.616974e-01
2.962110e-01
1.987906e+00
2.022210e+00
2.022106e+00
2.572161e+00
2.572055e+00
2.537667e+00
2.469493e+00
2.503951e+00
2.503864e+00
2.056556e+00
2.090902e+00
2.090824e+00
9.497579e-01
9.498519e-01
9.841666e-01
2.160630e+00
2.160718e+00
2.126356e+00
2.503387e+00
2.503284e+00
2.468924e+00
2.092105e+00
2.092263e+00
2.057838e+00
3.991210e-01
4.334728e-01
3.990260e-01
2.125267e+00
2.159621e+00
2.159569e+00
1.909377e+00
1.943602e+00
1.909342e+00
2.262560e+00
2.296946e+00
2.296865e+00
2.309479e+00
2.330024e+00
2.348954e+00
2.297564e+00
2.297611e+00
2.263379e+00
2.330994e+00
2.365335e+00
2.365253e+00
1.669680e+00
1.635438e+00
1.635449e+00
2.230169e+00
2.229991e+00
2.195774e+00
2.331357e+00
2.365786e+00
2.365681e+00
2.640985e+00
2.640868e+00
2.606462e+00
1.189770e+00
1.155563e+00
1.155565e+00
4.447447e-01
4.104255e-01
4.447678e-01
2.251119e+00
2.285419e+00
2.251073e+00
4.347458e-01
4.002516e-01
4.002987e-01
1.645447e+00
1.679741e+00
1.679614e+00
2.251082e+00
2.285391e+00
2.251042e+00
1.018548e+00
1.052825e+00
1.018507e+00
9.268500e-01
8.925248e-01
9.269387e-01
1.955063e+00
1.955030e+00
1.920809e+00
7.895428e-01
7.552450e-01
7.896014e-01
1.908028e+00
1.942235e+00
1.907933e+00
5.826607e-01
5.482732e-01
5.826989e-01
2.607554e+00
2.642049e+00
2.641978e+00
8.467494e-01
8.123406e-01
8.123920e-01
2.574274e+00
2.574178e+00
2.539844e+00
2.958903e-01
2.615357e-01
2.621057e-01
6.902989e-01
6.691069e-01
6.508389e-01
2.182806e+00
2.217099e+00
2.182723e+00
1.096714e+00
1.130966e+00
1.130894e+00
2.130586e+00
2.150543e+00
2.107655e+00
8.681319e-01
8.475595e-01
8.878851e-01
1.703918e+00
1.738165e+00
1.703932e+00
8.811027e-01
8.812017e-01
9.155362e-01
2.779034e+00
2.779185e+00
2.744622e+00
2.629177e-01
2.623624e-01
2.965400e-01
2.538424e+00
2.572901e+00
2.572807e+00
7.426907e-01
7.426893e-01
7.770056e-01
1.132990e+00
1.098752e+00
1.133035e+00
2.320848e+00
2.355113e+00
2.320688e+00
1.818268e+00
1.783861e+00
1.818065e+00
2.012114e+00
1.977856e+00
1.977889e+00
8.582013e-01
8.239177e-01
8.582938e-01
9.661751e-01
9.273982e-01
9.471277e-01
7.894168e-01
7.550540e-01
7.894685e-01
1.976435e+00
2.010641e+00
1.976340e+00
2.400228e+00
2.434669e+00
2.434567e+00
9.955602e-01
9.612363e-01
9.955418e-01
2.388295e+00
2.408449e+00
2.427770e+00
1.223329e+00
1.257521e+00
1.223106e+00
2.662886e+00
2.697221e+00
2.662771e+00
2.320406e+00
2.354745e+00
2.320453e+00
1.269727e+00
1.269782e+00
1.235446e+00
6.740729e-01
6.740418e-01
7.083838e-01
7.213219e-01
6.870228e-01
7.213892e-01
2.287484e+00
2.253161e+00
2.253242e+00
5.829081e-01
5.486558e-01
5.830095e-01
2.251149e+00
2.251226e+00
2.285539e+00
1.977829e+00
2.012059e+00
1.977807e+00
2.297691e+00
2.263423e+00
2.297646e+00
7.884440e-01
7.541452e-01
7.884783e-01
7.205591e-01
6.861756e-01
7.206146e-01
6.516636e-01
6.172591e-01
6.517161e-01
2.456674e+00
2.456762e+00
2.491054e+00
2.393107e-01
2.065991e-01
2.400123e-01
1.748180e+00
1.714029e+00
1.748299e+00
2.676546e+00
2.711033e+00
2.710968e+00
6.526973e-01
6.183816e-01
6.527510e-01
2.527345e+00
2.561753e+00
2.527278e+00
2.663762e+00
2.698308e+00
2.663603e+00
1.224355e+00
1.224364e+00
1.258675e+00
2.606675e+00
2.641189e+00
2.641091e+00
2.457975e+00
2.492350e+00
2.457886e+00
2.675715e+00
2.710218e+00
2.710162e+00
2.045070e+00
2.079342e+00
2.044966e+00
3.657723e-01
3.313209e-01
3.312474e-01
2.319851e+00
2.354179e+00
2.319770e+00
2.629898e+00
2.595416e+00
2.595503e+00
2.466826e+00
2.485730e+00
2.506303e+00
5.841960e-01
5.498424e-01
5.842755e-01
4.538411e-01
4.338003e-01
4.143765e-01
1.464413e+00
1.430114e+00
1.430144e+00
5.340276e-01
5.177126e-01
4.945658e-01
1.338737e+00
1.338718e+00
1.304426e+00
1.292693e+00
1.292745e+00
1.326996e+00
5.824502e-01
5.481061e-01
5.824815e-01
2.388505e+00
2.422854e+00
2.388406e+00
2.547168e+00
2.570253e+00
2.586644e+00
1.430068e+00
1.430089e+00
1.464360e+00
5.840537e-01
5.497280e-01
5.841248e-01
1.372940e+00
1.407234e+00
1.407213e+00
3.772430e-01
3.427366e-01
3.772395e-01
2.149348e+00
2.115141e+00
2.114982e+00
7.898027e-01
7.555301e-01
7.898702e-01
1.715401e+00
1.749724e+00
1.749794e+00
2.572718e+00
2.572634e+00
2.538249e+00
7.781997e-01
7.438281e-01
7.439044e-01
5.728709e-01
5.384180e-01
5.385406e-01
1.269858e+00
1.235652e+00
1.269908e+00
2.398778e-01
2.075130e-01
2.395157e-01
5.136057e-01
4.792312e-01
5.136259e-01
1.976674e+00
2.010960e+00
1.976667e+00
2.023510e+00
2.023482e+00
1.989257e+00
1.498211e+00
1.532323e+00
1.498496e+00
4.447934e-01
4.104092e-01
4.448183e-01
2.366215e+00
2.366286e+00
2.331924e+00
2.113786e+00
2.148093e+00
2.113708e+00
2.596027e+00
2.630456e+00
2.595951e+00
2.182501e+00
2.216788e+00
2.182450e+00
1.908213e+00
1.942410e+00
1.908119e+00
1.910029e+00
1.944159e+00
1.910000e+00
2.712112e+00
2.712034e+00
2.677643e+00
2.526339e+00
2.560734e+00
2.526237e+00
2.528322e+00
2.562657e+00
2.528187e+00
2.779738e+00
2.779756e+00
2.745288e+00
2.781093e+00
2.781057e+00
2.746606e+00
2.293054e-01
1.973850e-01
1.958735e-01
1.702744e+00
1.703054e+00
1.737022e+00
1.327089e+00
1.292792e+00
1.292841e+00
1.475793e+00
1.441533e+00
1.475819e+00
2.710904e+00
2.710848e+00
2.676411e+00
2.527702e+00
2.562039e+00
2.527486e+00
2.234699e+00
2.192173e+00
2.211689e+00
7.626943e-01
8.063991e-01
7.874933e-01
8.664363e-01
8.861846e-01
8.407727e-01
3.086127e-01
2.749591e-01
3.085492e-01
2.388710e+00
2.423053e+00
2.388606e+00
2.971843e-01
2.627438e-01
2.632925e-01
1.258522e+00
1.224249e+00
1.224279e+00
3.994443e-01
4.337942e-01
3.993997e-01
3.086821e-01
2.748010e-01
3.087537e-01
1.338436e+00
1.304199e+00
1.338480e+00
6.854846e-01
7.198097e-01
7.198102e-01
2.526957e+00
2.560985e+00
2.526473e+00
6.174664e-01
6.519841e-01
6.518219e-01
2.595132e+00
2.629552e+00
2.595027e+00
2.919242e+00
2.919241e+00
2.884677e+00
2.506703e+00
2.487334e+00
2.467228e+00
4.928542e-01
5.108756e-01
5.323285e-01
1.269998e+00
1.269952e+00
1.235723e+00
5.825948e-01
5.482471e-01
5.826286e-01
2.229151e+00
2.229159e+00
2.194878e+00
7.784667e-01
7.441092e-01
7.441542e-01
3.749962e-01
3.552600e-01
3.355328e-01
5.382896e-01
5.383399e-01
5.727053e-01
5.710444e-01
5.366510e-01
5.366670e-01
7.439775e-01
7.440474e-01
7.783383e-01
4.348371e-01
4.003488e-01
4.004021e-01
9.268826e-01
9.268910e-01
8.925353e-01
2.664178e+00
2.698630e+00
2.664080e+00
1.064459e+00
1.064437e+00
1.030180e+00
2.663971e+00
2.698408e+00
2.663855e+00
2.457604e+00
2.491969e+00
2.457503e+00
2.624485e-01
2.628853e-01
2.962673e-01
7.436284e-01
7.437432e-01
7.780581e-01
1.270108e+00
1.235808e+00
1.270110e+00
1.907407e+00
1.941556e+00
1.907302e+00
2.526899e+00
2.561287e+00
2.526812e+00
2.802174e+00
2.837181e+00
2.802324e+00
1.087137e+00
1.087095e+00
1.121451e+00
4.447718e-01
4.104163e-01
4.447860e-01
1.989246e+00
2.023493e+00
2.023576e+00
2.734157e+00
2.768716e+00
2.734105e+00
2.457795e+00
2.492168e+00
2.457702e+00
2.631554e+00
2.597105e+00
2.597202e+00
2.319950e+00
2.320062e+00
2.354383e+00
1.988075e+00
2.022363e+00
2.022295e+00
7.098584e-01
6.755023e-01
6.755421e-01
1.234447e+00
1.268848e+00
1.268665e+00
1.953846e+00
1.953839e+00
1.919648e+00
2.399521e+00
2.433877e+00
2.433792e+00
3.760447e-01
3.417095e-01
3.760712e-01
2.595864e+00
2.630277e+00
2.595770e+00
5.368293e-01
5.369188e-01
5.712727e-01
1.233501e+00
1.267844e+00
1.267644e+00
7.207253e-01
6.864485e-01
7.208420e-01
5.365782e-01
5.366250e-01
5.709790e-01
2.733173e+00
2.767534e+00
2.733117e+00
5.827618e-01
5.484186e-01
5.828097e-01
2.183481e+00
2.217766e+00
2.183571e+00
2.182643e+00
2.216934e+00
2.182569e+00
2.491765e+00
2.457304e+00
2.457401e+00
1.975633e+00
1.975710e+00
2.009856e+00
1.919492e+00
1.953777e+00
1.953693e+00
3.773738e-01
3.429386e-01
3.774276e-01
2.391664e-01
2.064102e-01
2.397347e-01
3.760193e-01
3.415965e-01
3.760047e-01
1.953141e+00
1.953014e+00
1.918869e+00
2.665023e+00
2.699450e+00
2.664951e+00
2.401223e-01
2.067007e-01
2.406722e-01
1.976530e+00
1.976614e+00
2.010840e+00
2.286220e+00
2.251996e+00
2.251986e+00
5.366969e-01
5.367602e-01
5.711160e-01
2.367777e+00
2.367628e+00
2.333414e+00
1.153690e+00
1.153761e+00
1.187894e+00
9.841042e-01
9.497820e-01
9.497758e-01
5.037427e-01
4.692954e-01
4.693448e-01
5.711875e-01
5.367868e-01
5.367913e-01
5.152371e-01
4.808532e-01
5.152995e-01
5.725704e-01
5.381647e-01
5.382307e-01
2.666120e+00
2.700510e+00
2.666018e+00
3.075595e-01
2.739095e-01
3.075799e-01
2.733868e+00
2.768269e+00
2.733812e+00
1.702432e+00
1.702558e+00
1.736717e+00
6.747587e-01
6.749197e-01
7.092128e-01
2.743244e+00
2.722974e+00
2.703770e+00
2.562304e-01
2.749099e-01
2.956991e-01
2.504027e+00
2.503541e+00
2.469262e+00
3.300939e-01
3.301279e-01
3.645589e-01
3.645246e-01
3.301089e-01
3.300847e-01
1.121560e+00
1.087281e+00
1.087305e+00
2.703775e+00
2.722998e+00
2.743250e+00
2.949571e-01
2.719366e-01
2.554906e-01
2.802782e+00
2.837462e+00
2.802799e+00
2.439506e-01
2.129699e-01
2.433339e-01
1.201495e+00
1.201489e+00
1.167163e+00
2.159048e+00
2.124910e+00
2.159018e+00
1.292918e+00
1.292953e+00
1.327225e+00
4.333313e-01
3.989537e-01
3.989377e-01
2.080833e+00
2.046377e+00
2.046404e+00
4.463404e-01
4.119194e-01
4.463880e-01
3.073488e-01
2.735698e-01
3.073783e-01
3.772722e-01
3.428392e-01
3.773246e-01
1.918661e+00
1.952910e+00
1.952836e+00
2.193975e+00
2.228336e+00
2.228258e+00
2.675333e+00
2.709884e+00
2.709878e+00
2.383779e-01
2.069153e-01
2.399413e-01
5.714151e-01
5.370083e-01
5.371493e-01
2.393694e-01
2.073006e-01
2.393151e-01
6.067817e-01
6.411173e-01
6.067936e-01
5.380800e-01
5.724336e-01
5.380362e-01
2.388208e+00
2.422483e+00
2.388124e+00
1.132935e+00
1.098698e+00
1.132958e+00
1.749565e+00
1.749569e+00
1.715329e+00
2.641898e+00
2.641806e+00
2.607399e+00
2.228499e+00
2.228414e+00
2.194128e+00
2.349901e+00
2.388981e+00
2.368828e+00
2.767678e+00
2.732999e+00
2.733111e+00
1.132869e+00
1.098527e+00
1.132836e+00
3.995982e-01
4.339131e-01
3.995017e-01
2.731756e+00
2.766496e+00
2.731824e+00
1.395881e+00
1.361581e+00
1.361601e+00
2.469128e+00
2.503589e+00
2.503488e+00
2.710073e+00
2.709962e+00
2.675528e+00
3.992720e-01
4.336025e-01
3.991911e-01
2.503775e+00
2.503684e+00
2.469316e+00
7.212706e-01
7.212251e-01
6.869320e-01
3.759997e-01
3.415674e-01
3.760220e-01
3.989487e-01
3.989735e-01
4.333684e-01
1.645848e+00
1.680261e+00
1.679950e+00
2.284034e-01
1.963725e-01
1.956882e-01
2.538885e+00
2.573434e+00
2.573290e+00
3.658657e-01
3.313692e-01
3.314165e-01
1.224125e+00
1.224199e+00
1.258419e+00
1.806597e+00
1.772386e+00
1.772383e+00
1.966970e-01
1.966453e-01
2.287160e-01
2.561115e+00
2.526634e+00
2.526725e+00
2.044139e+00
2.078567e+00
2.044197e+00
3.084588e-01
3.084082e-01
2.740282e-01
2.447229e+00
2.427909e+00
2.466131e+00
2.434842e+00
2.434938e+00
2.400529e+00
1.201443e+00
1.201416e+00
1.167185e+00
2.434466e+00
2.434367e+00
2.400022e+00
3.312486e-01
3.313114e-01
3.657613e-01
1.703959e+00
1.738269e+00
1.703938e+00
2.699322e+00
2.664786e+00
2.664879e+00
1.064190e+00
1.064193e+00
1.029889e+00
1.235787e+00
1.270092e+00
1.270059e+00
4.978800e-01
4.546759e-01
4.747191e-01
1.338664e+00
1.304404e+00
1.338698e+00
2.506585e+00
2.550238e+00
2.527153e+00
2.389114e+00
2.423526e+00
2.389188e+00
3.989756e-01
3.989581e-01
4.333239e-01
2.769536e+00
2.735007e+00
2.735085e+00
1.155744e+00
1.155756e+00
1.190057e+00
2.147617e+00
2.113117e+00
2.113152e+00
2.045153e+00
2.045220e+00
2.079504e+00
2.627945e+00
2.593273e+00
2.593654e+00
2.850129e+00
2.850128e+00
2.815611e+00
4.140712e-01
3.748938e-01
3.946321e-01
2.253022e+00
2.287183e+00
2.252843e+00
3.993659e-01
4.337103e-01
3.993216e-01
2.849884e+00
2.815241e+00
2.849962e+00
2.396354e-01
2.405602e-01
2.079290e-01
1.327284e+00
1.292976e+00
1.292980e+00
1.290509e+00
1.290709e+00
1.324961e+00
2.298841e+00
2.298681e+00
2.264524e+00
2.595233e+00
2.595333e+00
2.629752e+00
2.663048e+00
2.697226e+00
2.662941e+00
2.628103e-01
2.631629e-01
2.964808e-01
2.491986e+00
2.457803e+00
2.457705e+00
2.526541e+00
2.560935e+00
2.526440e+00
1.018500e+00
1.018496e+00
1.052837e+00
2.743221e+00
2.777691e+00
2.777964e+00
2.435703e+00
2.401507e+00
2.435878e+00
2.674351e+00
2.708636e+00
2.708689e+00
2.800940e+00
2.836212e+00
2.801210e+00
6.526103e-01
6.182905e-01
6.526499e-01
2.665482e+00
2.665617e+00
2.699968e+00
5.839912e-01
5.839473e-01
5.496032e-01
2.321922e+00
2.356138e+00
2.321812e+00
6.412305e-01
6.068535e-01
6.068990e-01
1.258685e+00
1.224368e+00
1.224377e+00
3.146924e-01
3.344363e-01
2.916740e-01
2.804094e+00
2.838611e+00
2.804059e+00
2.390650e+00
2.424904e+00
2.390499e+00
2.664250e+00
2.664313e+00
2.698759e+00
1.748501e+00
1.714542e+00
1.748676e+00
2.407226e-01
2.415549e-01
2.088100e-01
3.085803e-01
2.751040e-01
3.086509e-01
2.572546e+00
2.572459e+00
2.538070e+00
1.098591e+00
1.132889e+00
1.132879e+00
2.012378e+00
1.977926e+00
1.977915e+00
2.972148e-01
2.636592e-01
2.628210e-01
1.018649e+00
1.052901e+00
1.018591e+00
5.136665e-01
4.793189e-01
5.137067e-01
1.201487e+00
1.167200e+00
1.201493e+00
1.132792e+00
1.098588e+00
1.132882e+00
2.907721e+00
2.873157e+00
2.873155e+00
2.836331e+00
2.801097e+00
2.801446e+00
4.677808e-01
4.678325e-01
5.021891e-01
2.090727e+00
2.090619e+00
2.056355e+00
4.104659e-01
4.448993e-01
4.448525e-01
2.021803e+00
2.021582e+00
1.987445e+00
4.109278e-01
4.453224e-01
4.452712e-01
2.537873e+00
2.572363e+00
2.572263e+00
2.595677e+00
2.630085e+00
2.595593e+00
8.581821e-01
8.582322e-01
8.238265e-01
2.731623e+00
2.731573e+00
2.766093e+00
1.190059e+00
1.155751e+00
1.155720e+00
2.988430e+00
2.953728e+00
2.988430e+00
2.637709e-01
2.638751e-01
2.973685e-01
1.121393e+00
1.087068e+00
1.087067e+00
4.107604e-01
4.451315e-01
4.450850e-01
1.155613e+00
1.155704e+00
1.189874e+00
9.269155e-01
9.269404e-01
8.926097e-01
1.064259e+00
1.029931e+00
1.064213e+00
3.077960e-01
2.741258e-01
3.075726e-01
2.699120e+00
2.664589e+00
2.664689e+00
2.044872e+00
2.079139e+00
2.044801e+00
2.607031e+00
2.641518e+00
2.641421e+00
9.613230e-01
9.956151e-01
9.956237e-01
2.632624e-01
2.630434e-01
2.967222e-01
4.111032e-01
4.455067e-01
4.454092e-01
2.711930e+00
2.711798e+00
2.677438e+00
2.642958e+00
2.642820e+00
2.608510e+00
3.646278e-01
3.304235e-01
3.301962e-01
2.907627e+00
2.872984e+00
2.872966e+00
1.052771e+00
1.018471e+00
1.018453e+00
1.816314e+00
1.818238e+00
1.781811e+00
2.574051e+00
2.573905e+00
2.539585e+00
2.744400e-01
3.078974e-01
3.077482e-01
2.848979e+00
2.848865e+00
2.814324e+00
3.303106e-01
3.304526e-01
3.646745e-01
9.841370e-01
9.498201e-01
9.497992e-01
9.150952e-01
8.799313e-01
8.799399e-01
3.761193e-01
3.419068e-01
3.761061e-01
2.988327e+00
2.953312e+00
2.988325e+00
2.838471e+00
2.803749e+00
2.803919e+00
6.521894e-01
6.179425e-01
6.523807e-01
2.641711e+00
2.641611e+00
2.607210e+00
2.608225e+00
2.642680e+00
2.642547e+00
2.780175e+00
2.780003e+00
2.745569e+00
6.525411e-01
6.525064e-01
6.182321e-01
5.032481e-01
4.688769e-01
4.689775e-01
9.498689e-01
9.498453e-01
9.841798e-01
2.709661e+00
2.709174e+00
2.674957e+00
4.108429e-01
4.452193e-01
4.451820e-01
4.106232e-01
4.450189e-01
4.449680e-01
2.745390e+00
2.779889e+00
2.779785e+00
9.956000e-01
9.612791e-01
9.955782e-01
1.806071e+00
1.771764e+00
1.772185e+00
8.475273e-01
8.679942e-01
8.878458e-01
2.847963e+00
2.847975e+00
2.812729e+00
6.525816e-01
6.525554e-01
6.182383e-01
1.976719e+00
1.976819e+00
2.011037e+00
1.987159e+00
2.021423e+00
2.021302e+00
2.768133e+00
2.733493e+00
2.733587e+00
4.678785e-01
4.679379e-01
5.022822e-01
7.097764e-01
6.754412e-01
6.754652e-01
8.811770e-01
9.155211e-01
8.812100e-01
1.132929e+00
1.132932e+00
1.098699e+00
2.838301e+00
2.803621e+00
2.803655e+00
6.750765e-01
6.752640e-01
7.094844e-01
1.919743e+00
1.953995e+00
1.953896e+00
2.960413e-01
2.625897e-01
2.616626e-01
1.190002e+00
1.155757e+00
1.155756e+00
2.596978e+00
2.631289e+00
2.596831e+00
7.211066e-01
6.868596e-01
7.211787e-01
2.674538e+00
2.708901e+00
2.708717e+00
1.121506e+00
1.087197e+00
1.087258e+00
1.975946e+00
2.010087e+00
1.975818e+00
5.137475e-01
4.794109e-01
5.137539e-01
1.064297e+00
1.064265e+00
1.030003e+00
8.926740e-01
9.269662e-01
9.269951e-01
2.802757e+00
2.837305e+00
2.802726e+00
2.976847e+00
2.942139e+00
2.942085e+00
8.124570e-01
8.123989e-01
8.468530e-01
9.154625e-01
8.811392e-01
8.810926e-01
2.907284e+00
2.872473e+00
2.872491e+00
8.467846e-01
8.123632e-01
8.123655e-01
2.229286e+00
2.229566e+00
2.195093e+00
2.367485e+00
2.367319e+00
2.333164e+00
2.710562e+00
2.710469e+00
2.676037e+00
2.779167e+00
2.779078e+00
2.744492e+00
2.664492e+00
2.698930e+00
2.664395e+00
4.679725e-01
4.680302e-01
5.023332e-01
1.600996e+00
1.566496e+00
1.566608e+00
1.646740e+00
1.680880e+00
1.680625e+00
1.201309e+00
1.167153e+00
1.201382e+00
2.734009e+00
2.768448e+00
2.733943e+00
1.543740e+00
1.543629e+00
1.509526e+00
2.665894e+00
2.700255e+00
2.665756e+00
1.908751e+00
1.942747e+00
1.908599e+00
7.096623e-01
6.753658e-01
6.753968e-01
2.663340e+00
2.697557e+00
2.663193e+00
2.424537e+00
2.390161e+00
2.390329e+00
5.137996e-01
4.795036e-01
5.138516e-01
1.841200e+00
1.875403e+00
1.841182e+00
2.570826e+00
2.570447e+00
2.536638e+00
6.410230e-01
6.065712e-01
6.067301e-01
2.734392e+00
2.768963e+00
2.734264e+00
8.582964e-01
8.238550e-01
8.582579e-01
2.677161e+00
2.711659e+00
2.711511e+00
2.976712e+00
2.941692e+00
2.941859e+00
2.779557e+00
2.779293e+00
2.744922e+00
1.064409e+00
1.064348e+00
1.030111e+00
1.886622e+00
1.886760e+00
1.852563e+00
1.132749e+00
1.098514e+00
1.132750e+00
2.732930e+00
2.767517e+00
2.732924e+00
2.906949e+00
2.871964e+00
2.871876e+00
2.286378e+00
2.252388e+00
2.252107e+00
1.954073e+00
1.954069e+00
1.919932e+00
7.209682e-01
6.867660e-01
7.210475e-01
2.675847e+00
2.710375e+00
2.710287e+00
6.060952e-01
6.063625e-01
6.406268e-01
4.916979e-01
4.600516e-01
4.692146e-01
4.680755e-01
4.681250e-01
5.024423e-01
2.744682e+00
2.779141e+00
2.779038e+00
5.138908e-01
4.795804e-01
5.138846e-01
1.955070e+00
1.920952e+00
1.955057e+00
5.831887e-01
5.490067e-01
5.834596e-01
2.780572e+00
2.780538e+00
2.745970e+00
1.908508e+00
1.942651e+00
1.908393e+00
4.681524e-01
4.682135e-01
5.024747e-01
5.838310e-01
5.836671e-01
5.494163e-01
1.749472e+00
1.749051e+00
1.715219e+00
2.090199e+00
2.090165e+00
2.055807e+00
1.121355e+00
1.087102e+00
1.087136e+00
5.372865e-01
5.374556e-01
5.716539e-01
2.321668e+00
2.355825e+00
2.321506e+00
2.145807e+00
2.104667e+00
2.111556e+00
5.139363e-01
4.796838e-01
5.140185e-01
2.733344e+00
2.767721e+00
2.733256e+00
5.721360e-01
5.376705e-01
5.378670e-01
3.658609e-01
3.317339e-01
3.314308e-01
3.772641e-01
3.772343e-01
3.428218e-01
4.682905e-01
4.683931e-01
5.026414e-01
2.044300e+00
2.078661e+00
2.044177e+00
2.765620e-01
3.093679e-01
3.089048e-01
5.141295e-01
4.798925e-01
5.142682e-01
5.149630e-01
5.147609e-01
4.805074e-01
1.703301e+00
1.703556e+00
1.737444e+00
2.802963e+00
2.837686e+00
2.802859e+00
4.459722e-01
4.116374e-01
4.460779e-01
5.144340e-01
4.802464e-01
5.146055e-01
2.660065e-01
2.667000e-01
2.988233e-01
2.745742e+00
2.780438e+00
2.780296e+00
2.849315e+00
2.849296e+00
2.814580e+00
1.943641e+00
1.909529e+00
1.909393e+00
4.114123e-01
4.458448e-01
4.456569e-01
2.055614e+00
2.090094e+00
2.090041e+00
1.703775e+00
1.737615e+00
1.703715e+00
1.748826e+00
1.714946e+00
1.748844e+00
1.735180e+00
1.714155e+00
1.751237e+00
3.771989e-01
3.431806e-01
3.772967e-01
2.747353e+00
2.785757e+00
2.783160e+00
2.350560e+00
2.371469e+00
2.389642e+00
4.346446e-01
4.001937e-01
4.002155e-01
1.270165e+00
1.274965e+00
1.237828e+00
2.102742e-01
2.108771e-01
2.460777e-01
2.783235e+00
2.786213e+00
2.747480e+00
2.802241e+00
2.837078e+00
2.802136e+00
3.311846e-01
3.316456e-01
3.656786e-01
4.000218e-01
4.001159e-01
4.344664e-01
2.980401e-01
2.662205e-01
2.643683e-01
1.874834e+00
1.913806e+00
1.894568e+00
2.848603e+00
2.848693e+00
2.813860e+00
1.973013e+00
1.952779e+00
1.991242e+00
3.096514e-01
2.775458e-01
3.093557e-01
2.814387e+00
2.849207e+00
2.849060e+00
4.685344e-01
4.687219e-01
5.029240e-01
2.081215e+00
2.051304e+00
2.047452e+00
7.747729e-01
7.407298e-01
7.412758e-01
2.731826e+00
2.766235e+00
2.731641e+00
2.349716e+00
2.333080e+00
2.310243e+00
2.421569e+00
2.385102e+00
2.386804e+00
2.369454e+00
2.389190e+00
2.352817e+00
2.778231e+00
2.777884e+00
2.743473e+00
1.026111e+00
1.005090e+00
1.046558e+00
9.272055e-01
9.653862e-01
9.469280e-01
6.736702e-01
7.072678e-01
6.750425e-01
1.578654e+00
1.557759e+00
1.598692e+00
1.480729e+00
1.518398e+00
1.499818e+00
2.373103e-01
2.200267e-01
2.559950e-01
2.501474e+00
2.498315e+00
2.467146e+00
5.306202e-01
5.718031e-01
5.520571e-01
2.813773e+00
2.848709e+00
2.848775e+00
2.408388e-01
2.082033e-01
2.402729e-01
2.412008e-01
2.084892e-01
2.409881e-01
8.567997e-02
1.166153e-01
1.168408e-01
7.731352e-02
1.093427e-01
7.842304e-02
1.372226e-01
1.369909e-01
1.671953e-01
2.191198e+00
2.232187e+00
2.210991e+00
2.290228e+00
2.271950e+00
2.310774e+00
1.914306e+00
1.933542e+00
1.953781e+00
1.874186e+00
1.841329e+00
1.839410e+00
6.411549e-01
6.048256e-01
6.066532e-01
1.921256e+00
1.958365e+00
1.956382e+00
1.284628e+00
1.268913e+00
1.241767e+00
2.812621e+00
2.847938e+00
2.847895e+00
2.800961e+00
2.836205e+00
2.800888e+00
2.419073e-01
2.099352e-01
2.420219e-01
2.743086e+00
2.777681e+00
2.777609e+00
2.291597e+00
2.314434e+00
2.275133e+00
2.355544e+00
2.391918e+00
2.380363e+00
2.571633e+00
2.536545e+00
2.567819e+00
2.469332e+00
2.503320e+00
2.503995e+00
2.590290e+00
2.627306e+00
2.606676e+00
2.684337e+00
2.665495e+00
2.703556e+00
1.839785e+00
1.836152e+00
1.873496e+00
2.467598e+00
2.427754e+00
2.447491e+00
3.328185e-01
3.306287e-01
3.675166e-01
1.290536e+00
1.286515e+00
1.323820e+00
2.363381e+00
2.361681e+00
2.327881e+00
1.047859e+00
1.020455e+00
1.004933e+00
9.652896e-01
1.002556e+00
9.979663e-01
9.666802e-01
9.851061e-01
1.006151e+00
7.187401e-01
7.181826e-01
6.846052e-01
1.987843e+00
2.024869e+00
2.008625e+00
1.440487e+00
1.476746e+00
1.460520e+00
1.514831e+00
1.552046e+00
1.546836e+00
2.437260e-01
2.135271e-01
2.452978e-01
9.917363e-02
1.203914e-01
1.386566e-01
4.151784e-01
4.526001e-01
4.491254e-01
6.933567e-01
7.342680e-01
7.280570e-01
1.615221e+00
1.585414e+00
1.613261e+00
1.371611e+00
1.408463e+00
1.407548e+00
4.165133e-01
4.423520e-01
4.559782e-01
2.248357e+00
2.242954e+00
2.280524e+00
2.063917e+00
2.100199e+00
2.095696e+00
2.424387e-01
2.118513e-01
2.438011e-01
8.679779e-02
1.174253e-01
1.183960e-01
1.642335e-01
1.319026e-01
1.330069e-01
1.280617e+00
1.293503e+00
1.320088e+00
1.751589e+00
1.715303e+00
1.735479e+00
1.409489e-01
1.814024e-01
1.592026e-01
1.784506e-01
2.006424e-01
2.179221e-01
2.337881e-01
2.026858e-01
2.028072e-01
1.835436e+00
1.819048e+00
1.792331e+00
1.638124e+00
1.676004e+00
1.657558e+00
2.030310e+00
2.069568e+00
2.051553e+00
2.130984e+00
2.109526e+00
2.150663e+00
8.013046e-01
7.677569e-01
7.874896e-01
1.200441e+00
1.163604e+00
1.183324e+00
1.664266e-01
1.340517e-01
1.348975e-01
2.990251e+00
2.961026e+00
2.990253e+00
2.990253e+00
2.961026e+00
2.990251e+00
9.747322e-03
3.898548e-02
9.731056e-03
1.146625e-01
1.138049e-01
8.546486e-02
7.100359e-01
7.297887e-01
6.888414e-01
1.106172e+00
1.125928e+00
1.089196e+00
1.742302e-01
1.422115e-01
1.745381e-01
2.977097e+00
2.947864e+00
2.937620e+00
2.937620e+00
2.947864e+00
2.977096e+00
6.236608e-02
5.213623e-02
2.290928e-02
8.638245e-02
1.162788e-01
1.162016e-01
2.703646e+00
2.665936e+00
2.684443e+00
8.527024e-02
1.157261e-01
1.150021e-01
1.519350e+00
1.537914e+00
1.558824e+00
8.817230e-01
8.809215e-01
9.177115e-01
1.477116e+00
1.480888e+00
1.444637e+00
2.892589e+00
2.928181e+00
2.923696e+00
2.419399e-01
2.118720e-01
2.436628e-01
1.086052e+00
1.123608e+00
1.105082e+00
1.182294e+00
1.161339e+00
1.197528e+00
2.923724e+00
2.928189e+00
2.892606e+00
7.620957e-02
7.177593e-02
1.071776e-01
6.493831e-01
6.113521e-01
6.310868e-01
5.537664e-01
5.735226e-01
5.374412e-01
2.406948e-01
2.092407e-01
2.411253e-01
2.752797e-01
2.589889e-01
2.947951e-01
2.300388e-01
1.975374e-01
1.974000e-01
2.409579e-01
2.090927e-01
2.413203e-01
5.723743e-01
5.921026e-01
6.118396e-01
5.185276e-01
5.241782e-01
4.874213e-01
1.364654e+00
1.392805e+00
1.404124e+00
2.904846e-01
2.546885e-01
2.580422e-01
3.325576e-01
3.433664e-01
3.720268e-01
2.557997e+00
2.521026e+00
2.524189e+00
8.433936e-01
8.044009e-01
8.079143e-01
7.085523e-01
6.879800e-01
7.232267e-01
8.874275e-01
9.252504e-01
9.072637e-01
1.444562e+00
1.412876e+00
1.424513e+00
9.276859e-01
9.303363e-01
8.925388e-01
8.279036e-01
8.093972e-01
8.483906e-01
2.293041e-01
1.972213e-01
1.969385e-01
2.331809e+00
2.314639e+00
2.352717e+00
2.457296e+00
2.455855e+00
2.491285e+00
1.646493e+00
1.683781e+00
1.682985e+00
9.530733e-03
3.816097e-02
9.540311e-03
4.966350e-01
4.697589e-01
4.534480e-01
2.525367e-01
2.172963e-01
2.360710e-01
2.742314e+00
2.781042e+00
2.762568e+00
2.025139e+00
2.028999e+00
1.991970e+00
2.269994e-02
5.131234e-02
6.216612e-02
1.431619e+00
1.432528e+00
1.467886e+00
3.107617e-01
3.228457e-01
2.912505e-01
7.540447e-02
1.060647e-01
7.519442e-02
2.762446e+00
2.780575e+00
2.742175e+00
1.990809e+00
1.971596e+00
1.953007e+00
7.638642e-02
1.067133e-01
7.577161e-02
3.678904e-01
3.420229e-01
3.299127e-01
8.261808e-01
8.580232e-01
8.588470e-01
1.167274e-01
1.164473e-01
8.578922e-02
2.230748e+00
2.251942e+00
2.270223e+00
2.607537e+00
2.628502e+00
2.593393e+00
7.557183e-02
1.055158e-01
7.449835e-02
1.405129e+00
1.393474e+00
1.367002e+00
7.555729e-02
1.065076e-01
7.597357e-02
1.873388e-01
1.859788e-01
1.562794e-01
7.728734e-02
1.075912e-01
7.603132e-02
1.423807e-01
1.725497e-01
1.413338e-01
1.166260e-01
1.160506e-01
8.610023e-02
1.174865e-01
1.168870e-01
8.593287e-02
2.311437e-01
1.990511e-01
1.983848e-01
8.913390e-02
1.200444e-01
1.201363e-01
1.325024e+00
1.296764e+00
1.291964e+00
2.028642e+00
2.044881e+00
2.067901e+00
1.440517e+00
1.421021e+00
1.401479e+00
4.491326e-01
4.399291e-01
4.113156e-01
1.201483e-01
1.197417e-01
8.841800e-02
1.352634e-01
1.359797e-01
1.662994e-01
1.980393e+00
1.982370e+00
2.017292e+00
6.534196e-01
6.557161e-01
6.170964e-01
2.853825e+00
2.818358e+00
2.839701e+00
1.362215e-01
1.363095e-01
1.664856e-01
8.861730e-01
8.664104e-01
8.407710e-01
7.504731e-02
1.061673e-01
7.523006e-02
1.600345e-01
1.807523e-01
1.457277e-01
2.839819e+00
2.818822e+00
2.853951e+00
1.388207e-01
1.378405e-01
1.684804e-01
7.765061e-02
1.089705e-01
7.707552e-02
7.692115e-02
1.070841e-01
7.556957e-02
1.821075e-01
1.820002e-01
1.510189e-01
1.450658e-01
1.747621e-01
1.424803e-01
1.194895e-01
1.180635e-01
8.790287e-02
2.625296e+00
2.645928e+00
2.664773e+00
1.170046e-01
1.166087e-01
8.549409e-02
2.527022e+00
2.526345e+00
2.561434e+00
2.348421e+00
2.310338e+00
2.314620e+00
2.427631e+00
2.407894e+00
2.388157e+00
1.743630e+00
1.706536e+00
1.704742e+00
5.282404e-01
5.425159e-01
5.694158e-01
2.433497e+00
2.434529e+00
2.397033e+00
3.347277e-01
3.158887e-01
2.919802e-01
1.782864e+00
1.813496e+00
1.817125e+00
2.449809e-01
2.130997e-01
2.431379e-01
1.765958e-01
1.462841e-01
1.764639e-01
6.115571e-01
6.502075e-01
6.312938e-01
2.676352e-01
2.685097e-01
3.004337e-01
2.498140e+00
2.462712e+00
2.484719e+00
1.234260e+00
1.264118e+00
1.268148e+00
1.764770e-01
1.462991e-01
1.761807e-01
1.020394e+00
1.024984e+00
1.055004e+00
2.026924e-01
2.028750e-01
2.330735e-01
1.569185e+00
1.574381e+00
1.604208e+00
4.717216e-01
4.752261e-01
5.056037e-01
4.751480e-01
4.615139e-01
4.931920e-01
2.821832e+00
2.800492e+00
2.782357e+00
1.966820e-01
2.000664e-01
2.306624e-01
2.117480e+00
2.121977e+00
2.151046e+00
2.174203e-01
1.986638e-01
1.779645e-01
2.782473e+00
2.800954e+00
2.821948e+00
2.664884e+00
2.646376e+00
2.625408e+00
2.444022e-01
2.130928e-01
2.441807e-01
1.196876e-01
1.185025e-01
8.820180e-02
2.601096e+00
2.636210e+00
2.638356e+00
2.192626e+00
2.220981e+00
2.226381e+00
1.235128e+00
1.272272e+00
1.259369e+00
1.716959e+00
1.696766e+00
1.677483e+00
7.554253e-02
1.067118e-01
7.608407e-02
2.487214e+00
2.457069e+00
2.456045e+00
2.071793e+00
2.089806e+00
2.111268e+00
1.677200e+00
1.695636e+00
1.716677e+00
7.697332e-01
7.499918e-01
7.302737e-01
1.766778e-01
1.464829e-01
1.751694e-01
2.390937e+00
2.428429e+00
2.409109e+00
1.652376e-01
1.365449e-01
1.369394e-01
1.164478e+00
1.144721e+00
1.125006e+00
2.807786e+00
2.810378e+00
2.845846e+00
1.524534e-01
1.874336e-01
1.868867e-01
2.845961e+00
2.810831e+00
2.807858e+00
1.163408e-01
1.168567e-01
8.652894e-02
1.403570e-01
1.719608e-01
1.420740e-01
5.837473e-01
5.568670e-01
5.855891e-01
1.944647e+00
1.908789e+00
1.908724e+00
7.510837e-02
1.057520e-01
7.529584e-02
1.968046e-01
2.001534e-01
2.302312e-01
7.466867e-02
1.058982e-01
7.599547e-02
1.885796e+00
1.885868e+00
1.852947e+00
1.124598e+00
1.143094e+00
1.164066e+00
6.118363e-01
5.920958e-01
5.723802e-01
2.376973e-01
2.063208e-01
2.077073e-01
1.781389e-01
1.475120e-01
1.774813e-01
7.555522e-02
1.039096e-01
7.505362e-02
1.961107e-01
1.979842e-01
2.294425e-01
1.129882e-01
1.118719e-01
8.413238e-02
1.758834e-01
1.464160e-01
1.751850e-01
1.655725e-01
1.367896e-01
1.373984e-01
1.753869e-01
1.441752e-01
1.765495e-01
1.759990e-01
1.458888e-01
1.759318e-01
1.479768e+00
1.495968e+00
1.517438e+00
7.378558e-02
1.015365e-01
7.163174e-02
1.660966e-01
1.360414e-01
1.366309e-01
1.406816e-01
1.716638e-01
1.407637e-01
7.847553e-01
7.812161e-01
7.507245e-01
2.273073e+00
2.294725e+00
2.311900e+00
1.761435e-01
1.461937e-01
1.750939e-01
1.968092e-01
1.979586e-01
2.298356e-01
1.652054e-01
1.363005e-01
1.365820e-01
1.846036e+00
1.878958e+00
1.858153e+00
1.720635e-01
1.406425e-01
1.410708e-01
2.208329e-01
2.404956e-01
2.567849e-01
2.447608e-01
2.138513e-01
2.454612e-01
9.266234e-01
9.445626e-01
9.647932e-01
2.083281e+00
2.060269e+00
2.090170e+00
1.424067e+00
1.412764e+00
1.444452e+00
1.933044e+00
1.914876e+00
1.950725e+00
5.016809e-02
4.829681e-02
1.970011e-02
2.916637e-01
3.232937e-01
3.124631e-01
2.945303e+00
2.949779e+00
2.979020e+00
2.979026e+00
2.949786e+00
2.945328e+00
2.098137e-02
5.018440e-02
5.468002e-02
2.404858e+00
2.434249e+00
2.435689e+00
3.106312e-01
2.787023e-01
3.083999e-01
9.824833e-01
9.528260e-01
9.501695e-01
1.875188e+00
1.895984e+00
1.914163e+00
1.703574e-01
1.386747e-01
1.401054e-01
2.482620e+00
2.463717e+00
2.493856e+00
7.628240e-01
7.879920e-01
8.065193e-01
2.366461e-01
2.332701e-01
2.048765e-01
1.532313e+00
1.502803e+00
1.499037e+00
2.466963e+00
2.444955e+00
2.427120e+00
2.427907e+00
2.447228e+00
2.466133e+00
2.292330e+00
2.288053e+00
2.259267e+00
5.747423e-01
5.460145e-01
5.403539e-01
6.510450e-01
6.699267e-01
6.905078e-01
1.532667e+00
1.511224e+00
1.540715e+00
7.411396e-01
7.716718e-01
7.464725e-01
2.465501e-01
2.160427e-01
2.473981e-01
9.806516e-01
9.604594e-01
9.900989e-01
1.971883e-01
2.256100e-01
2.059252e-01
1.821641e-01
1.509252e-01
1.823290e-01
2.250624e+00
2.279407e+00
2.257754e+00
1.006145e-01
6.855037e-02
7.038741e-02
1.759253e-01
1.476347e-01
1.793093e-01
8.239877e-02
7.153551e-02
1.036219e-01
2.350678e-01
2.034503e-01
2.031688e-01
1.825830e-01
1.828536e-01
1.526999e-01
1.706316e-01
1.391082e-01
1.402924e-01
1.676240e-01
1.371268e-01
1.366182e-01
1.762767e-01
1.481074e-01
1.796216e-01
2.409987e+00
2.427823e+00
2.398432e+00
1.754622e-01
1.468421e-01
1.773323e-01
