0.000000e+00 0.000000e+00
0.000000e+00 0.000000e+00
0.000000e+00 0.000000e+00
0.000000e+00 0.000000e+00
0.000000e+00 0.000000e+00
0.000000e+00 0.000000e+00
0.000000e+00 0.000000e+00
0.000000e+00 0.000000e+00
0.000000e+00 0.000000e+00
0.000000e+00 0.000000e+00
0.000000e+00 0.000000e+00
0.000000e+00 0.000000e+00
0.000000e+00 0.000000e+00
0.000000e+00 0.000000e+00
0.000000e+00 0.000000e+00
0.000000e+00 0.000000e+00
0.000000e+00 0.000000e+00
0.000000e+00 0.000000e+00
0.000000e+00 0.000000e+00
0.000000e+00 0.000000e+00
0.000000e+00 0.000000e+00
0.000000e+00 0.000000e+00
0.000000e+00 0.000000e+00
0.000000e+00 0.000000e+00
0.000000e+00 0.000000e+00
0.000000e+00 0.000000e+00
0.000000e+00 0.000000e+00
0.000000e+00 0.000000e+00
0.000000e+00 0.000000e+00
0.000000e+00 0.000000e+00
0.000000e+00 0.000000e+00
0.000000e+00 0.000000e+00
0.000000e+00 0.000000e+00
0.000000e+00 0.000000e+00
0.000000e+00 0.000000e+00
0.000000e+00 0.000000e+00
0.000000e+00 0.000000e+00
0.000000e+00 0.000000e+00
0.000000e+00 0.000000e+00
0.000000e+00 0.000000e+00
0.000000e+00 0.000000e+00
0.000000e+00 0.000000e+00
0.000000e+00 0.000000e+00
0.000000e+00 0.000000e+00
0.000000e+00 0.000000e+00
0.000000e+00 0.000000e+00
0.000000e+00 0.000000e+00
0.000000e+00 0.000000e+00
0.000000e+00 0.000000e+00
0.000000e+00 0.000000e+00
0.000000e+00 0.000000e+00
7.986110e-02 0.000000e+00
1.527774e-01 0.000000e+00
2.187496e-01 0.000000e+00
2.777776e-01 0.000000e+00
3.298610e-01 0.000000e+00
3.750000e-01 0.000000e+00
4.131945e-01 0.000000e+00
4.444446e-01 0.000000e+00
4.687502e-01 0.000000e+00
4.861113e-01 0.000000e+00
4.965280e-01 0.000000e+00
5.000002e-01 0.000000e+00
4.965280e-01 0.000000e+00
4.861113e-01 0.000000e+00
4.687502e-01 0.000000e+00
4.444446e-01 0.000000e+00
4.131946e-01 0.000000e+00
3.750000e-01 0.000000e+00
3.298610e-01 0.000000e+00
2.777776e-01 0.000000e+00
2.187496e-01 0.000000e+00
1.527774e-01 0.000000e+00
7.986110e-02 0.000000e+00
4.079862e-02 0.000000e+00
1.171873e-01 0.000000e+00
1.866315e-01 0.000000e+00
2.491316e-01 0.000000e+00
3.046874e-01 0.000000e+00
3.532986e-01 0.000000e+00
3.949653e-01 0.000000e+00
4.296876e-01 0.000000e+00
4.574655e-01 0.000000e+00
4.782988e-01 0.000000e+00
4.921877e-01 0.000000e+00
4.991322e-01 0.000000e+00
4.991322e-01 0.000000e+00
4.921877e-01 0.000000e+00
4.782988e-01 0.000000e+00
4.574655e-01 0.000000e+00
4.296876e-01 0.000000e+00
3.949653e-01 0.000000e+00
3.532986e-01 0.000000e+00
3.046873e-01 0.000000e+00
2.491316e-01 0.000000e+00
1.866315e-01 0.000000e+00
1.171874e-01 0.000000e+00
4.079862e-02 0.000000e+00
0.000000e+00 0.000000e+00
0.000000e+00 0.000000e+00
0.000000e+00 0.000000e+00
0.000000e+00 0.000000e+00
0.000000e+00 0.000000e+00
0.000000e+00 0.000000e+00
0.000000e+00 0.000000e+00
0.000000e+00 0.000000e+00
0.000000e+00 0.000000e+00
0.000000e+00 0.000000e+00
0.000000e+00 0.000000e+00
0.000000e+00 0.000000e+00
0.000000e+00 0.000000e+00
0.000000e+00 0.000000e+00
0.000000e+00 0.000000e+00
0.000000e+00 0.000000e+00
0.000000e+00 0.000000e+00
0.000000e+00 0.000000e+00
0.000000e+00 0.000000e+00
0.000000e+00 0.000000e+00
0.000000e+00 0.000000e+00
0.000000e+00 0.000000e+00
0.000000e+00 0.000000e+00
0.000000e+00 0.000000e+00
0.000000e+00 0.000000e+00
0.000000e+00 0.000000e+00
0.000000e+00 0.000000e+00
0.000000e+00 0.000000e+00
0.000000e+00 0.000000e+00
0.000000e+00 0.000000e+00
0.000000e+00 0.000000e+00
0.000000e+00 0.000000e+00
0.000000e+00 0.000000e+00
0.000000e+00 0.000000e+00
0.000000e+00 0.000000e+00
0.000000e+00 0.000000e+00
0.000000e+00 0.000000e+00
0.000000e+00 0.000000e+00
0.000000e+00 0.000000e+00
0.000000e+00 0.000000e+00
0.000000e+00 0.000000e+00
0.000000e+00 0.000000e+00
0.000000e+00 0.000000e+00
0.000000e+00 0.000000e+00
0.000000e+00 0.000000e+00
0.000000e+00 0.000000e+00
0.000000e+00 0.000000e+00
7.986111e-02 0.000000e+00
1.527778e-01 0.000000e+00
2.187500e-01 0.000000e+00
2.777778e-01 0.000000e+00
3.298611e-01 0.000000e+00
3.750000e-01 0.000000e+00
4.131944e-01 0.000000e+00
4.444444e-01 0.000000e+00
4.687500e-01 0.000000e+00
4.861111e-01 0.000000e+00
4.965278e-01 0.000000e+00
5.000000e-01 0.000000e+00
4.965278e-01 0.000000e+00
4.861111e-01 0.000000e+00
4.687500e-01 0.000000e+00
4.444444e-01 0.000000e+00
4.131944e-01 0.000000e+00
3.750000e-01 0.000000e+00
3.298611e-01 0.000000e+00
2.777778e-01 0.000000e+00
2.187500e-01 0.000000e+00
1.527778e-01 0.000000e+00
7.986111e-02 0.000000e+00
4.079861e-02 0.000000e+00
1.171875e-01 0.000000e+00
1.866319e-01 0.000000e+00
2.491319e-01 0.000000e+00
3.046875e-01 0.000000e+00
3.532986e-01 0.000000e+00
3.949653e-01 0.000000e+00
4.296875e-01 0.000000e+00
4.574653e-01 0.000000e+00
4.782986e-01 0.000000e+00
4.921875e-01 0.000000e+00
4.991319e-01 0.000000e+00
4.991319e-01 0.000000e+00
4.921875e-01 0.000000e+00
4.782986e-01 0.000000e+00
4.574653e-01 0.000000e+00
4.296875e-01 0.000000e+00
3.949653e-01 0.000000e+00
3.532986e-01 0.000000e+00
3.046875e-01 0.000000e+00
2.491319e-01 0.000000e+00
1.866319e-01 0.000000e+00
1.171875e-01 0.000000e+00
4.079861e-02 0.000000e+00
7.986114e-02 -1.938027e-08
1.527778e-01 -4.803656e-08
2.187501e-01 -9.897077e-08
2.777779e-01 -1.758368e-07
3.298612e-01 -2.661397e-07
3.750000e-01 -3.429163e-07
4.131944e-01 -3.763890e-07
4.444444e-01 -3.497982e-07
4.687499e-01 -2.755368e-07
4.861111e-01 -1.886026e-07
4.965277e-01 -9.136234e-08
4.999999e-01 1.186304e-08
4.965277e-01 1.082257e-07
4.861111e-01 1.917733e-07
4.687500e-01 2.718104e-07
4.444444e-01 3.589223e-07
4.131944e-01 4.258737e-07
3.750000e-01 3.971424e-07
3.298612e-01 2.940449e-07
2.777779e-01 1.788388e-07
2.187501e-01 8.973841e-08
1.527778e-01 3.446651e-08
7.986113e-02 5.204327e-09
7.986114e-02 1.170923e-09
1.527778e-01 5.868004e-10
2.187501e-01 -1.572012e-09
2.777779e-01 -1.082543e-08
3.298613e-01 -4.153778e-08
3.750002e-01 -1.124391e-07
4.131946e-01 -2.289112e-07
4.444444e-01 -3.402163e-07
4.687499e-01 -3.709804e-07
4.861109e-01 -3.000608e-07
4.965275e-01 -1.663840e-07
4.999997e-01 -6.049347e-09
4.965275e-01 1.585191e-07
4.861109e-01 3.005636e-07
4.687499e-01 3.731667e-07
4.444444e-01 3.316560e-07
4.131946e-01 1.943561e-07
3.750002e-01 8.053881e-08
3.298613e-01 2.756826e-08
2.777779e-01 8.332199e-09
2.187501e-01 9.595847e-10
1.527778e-01 -2.049786e-10
7.986113e-02 2.104375e-09
7.986114e-02 2.578317e-09
1.527778e-01 -8.828583e-10
2.187501e-01 -4.381789e-09
2.777779e-01 -3.212241e-09
3.298613e-01 4.889859e-09
3.750002e-01 2.029380e-08
4.131946e-01 3.741453e-08
4.444445e-01 3.035968e-08
4.687499e-01 -5.649886e-09
4.861108e-01 -3.360732e-08
4.965274e-01 -3.858085e-08
4.999996e-01 -2.617230e-08
4.965274e-01 -1.341861e-08
4.861108e-01 -1.327038e-08
4.687499e-01 -2.949544e-08
4.444445e-01 -5.088034e-08
4.131946e-01 -5.122851e-08
3.750002e-01 -3.369971e-08
3.298613e-01 -1.379193e-08
2.777779e-01 1.150847e-09
2.187501e-01 8.302301e-09
1.527778e-01 7.914737e-09
7.986113e-02 4.619894e-09
7.986114e-02 -1.911641e-09
1.527778e-01 -1.241702e-08
2.187501e-01 -2.232597e-08
2.777779e-01 -2.326938e-08
3.298613e-01 -1.063496e-08
3.750002e-01 1.706968e-08
4.131946e-01 5.915553e-08
4.444445e-01 1.008294e-07
4.687499e-01 1.114807e-07
4.861109e-01 8.451327e-08
4.965274e-01 3.658128e-08
4.999996e-01 -1.653282e-08
4.965274e-01 -6.408418e-08
4.861109e-01 -1.029735e-07
4.687499e-01 -1.212961e-07
4.444445e-01 -1.066711e-07
4.131946e-01 -6.862900e-08
3.750002e-01 -2.569315e-08
3.298613e-01 6.580735e-09
2.777779e-01 2.317498e-08
2.187501e-01 2.449787e-08
1.527778e-01 1.516684e-08
7.986114e-02 4.652653e-09
7.986116e-02 -3.510377e-10
1.527779e-01 -6.940320e-09
2.187501e-01 -1.522023e-08
2.777779e-01 -1.557374e-08
3.298613e-01 -1.979636e-09
3.750001e-01 2.666847e-08
4.131945e-01 6.509102e-08
4.444444e-01 1.012406e-07
4.687499e-01 1.185834e-07
4.861109e-01 1.043128e-07
4.965275e-01 6.035130e-08
4.999997e-01 -1.242580e-09
4.965275e-01 -6.243836e-08
4.861109e-01 -1.046884e-07
4.687499e-01 -1.179648e-07
4.444444e-01 -1.032292e-07
4.131945e-01 -7.015977e-08
3.750001e-01 -3.197186e-08
3.298613e-01 -1.706991e-09
2.777779e-01 1.345070e-08
2.187501e-01 1.408603e-08
1.527779e-01 6.840791e-09
7.986115e-02 4.326317e-10
7.986115e-02 5.742163e-09
1.527779e-01 1.197259e-08
2.187501e-01 1.706061e-08
2.777779e-01 2.465812e-08
3.298612e-01 4.058995e-08
3.750001e-01 6.540533e-08
4.131945e-01 9.395307e-08
4.444444e-01 1.158992e-07
4.687499e-01 1.209717e-07
4.861110e-01 1.021733e-07
4.965276e-01 6.048871e-08
4.999998e-01 4.855343e-09
4.965276e-01 -5.136051e-08
4.861110e-01 -9.474041e-08
4.687499e-01 -1.167141e-07
4.444444e-01 -1.157867e-07
4.131945e-01 -9.665176e-08
3.750001e-01 -6.942510e-08
3.298612e-01 -4.435432e-08
2.777779e-01 -2.720302e-08
2.187501e-01 -1.760850e-08
1.527779e-01 -1.126270e-08
7.986115e-02 -5.142462e-09
7.986114e-02 1.136619e-08
1.527778e-01 3.012398e-08
2.187501e-01 5.269486e-08
2.777779e-01 7.426469e-08
3.298612e-01 9.575990e-08
3.750000e-01 1.171855e-07
4.131944e-01 1.350208e-07
4.444444e-01 1.426695e-07
4.687499e-01 1.339878e-07
4.861110e-01 1.062206e-07
4.965277e-01 6.155871e-08
4.999999e-01 6.805213e-09
4.965277e-01 -4.882589e-08
4.861110e-01 -9.605204e-08
4.687499e-01 -1.276876e-07
4.444444e-01 -1.404853e-07
4.131944e-01 -1.359787e-07
3.750000e-01 -1.196545e-07
3.298612e-01 -9.780062e-08
2.777779e-01 -7.459296e-08
2.187501e-01 -5.124678e-08
1.527778e-01 -2.848949e-08
7.986114e-02 -9.680402e-09
7.986111e-02 1.668344e-08
1.527778e-01 4.553801e-08
2.187501e-01 8.038697e-08
2.777778e-01 1.131721e-07
3.298612e-01 1.400411e-07
3.750000e-01 1.592072e-07
4.131944e-01 1.682187e-07
4.444444e-01 1.640468e-07
4.687500e-01 1.443879e-07
4.861111e-01 1.093128e-07
4.965277e-01 6.176787e-08
5.000000e-01 7.016531e-09
4.965277e-01 -4.853619e-08
4.861111e-01 -9.840033e-08
4.687500e-01 -1.368696e-07
4.444444e-01 -1.600627e-07
4.131944e-01 -1.668661e-07
3.750000e-01 -1.587937e-07
3.298612e-01 -1.388863e-07
2.777778e-01 -1.105460e-07
2.187501e-01 -7.737273e-08
1.527778e-01 -4.362728e-08
7.986111e-02 -1.422808e-08
7.986106e-02 2.175660e-08
1.527777e-01 6.017379e-08
2.187500e-01 1.002331e-07
2.777778e-01 1.360667e-07
3.298611e-01 1.631406e-07
3.750000e-01 1.785164e-07
4.131944e-01 1.802564e-07
4.444444e-01 1.678815e-07
4.687500e-01 1.419640e-07
4.861111e-01 1.042966e-07
4.965278e-01 5.790062e-08
5.000000e-01 6.653342e-09
4.965278e-01 -4.522553e-08
4.861111e-01 -9.340536e-08
4.687500e-01 -1.336101e-07
4.444444e-01 -1.621188e-07
4.131944e-01 -1.763731e-07
3.750000e-01 -1.753451e-07
3.298611e-01 -1.597913e-07
2.777778e-01 -1.323103e-07
2.187500e-01 -9.671744e-08
1.527777e-01 -5.703330e-08
7.986106e-02 -1.951650e-08
7.986100e-02 2.171060e-08
1.527777e-01 6.783904e-08
2.187499e-01 1.093635e-07
2.777777e-01 1.430812e-07
3.298611e-01 1.656354e-07
3.750000e-01 1.747841e-07
4.131944e-01 1.700669e-07
4.444445e-01 1.528820e-07
4.687501e-01 1.254475e-07
4.861112e-01 9.016848e-08
4.965279e-01 4.954530e-08
5.000001e-01 6.090236e-09
4.965279e-01 -3.782379e-08
4.861112e-01 -7.971701e-08
4.687501e-01 -1.167686e-07
4.444445e-01 -1.460439e-07
4.131944e-01 -1.647314e-07
3.750000e-01 -1.704178e-07
3.298611e-01 -1.618227e-07
2.777777e-01 -1.396791e-07
2.187499e-01 -1.059998e-07
1.527777e-01 -6.401316e-08
7.986100e-02 -2.086511e-08
7.986095e-02 1.358529e-08
1.527776e-01 6.149681e-08
2.187499e-01 1.035283e-07
2.777777e-01 1.340468e-07
3.298611e-01 1.509095e-07
3.750000e-01 1.536261e-07
4.131945e-01 1.439956e-07
4.444445e-01 1.250258e-07
4.687501e-01 9.971142e-08
4.861112e-01 7.031599e-08
4.965279e-01 3.845840e-08
5.000002e-01 5.352429e-09
4.965279e-01 -2.809070e-08
4.861112e-01 -6.087328e-08
4.687501e-01 -9.156168e-08
4.444445e-01 -1.182783e-07
4.131945e-01 -1.385578e-07
3.750000e-01 -1.493064e-07
3.298611e-01 -1.474280e-07
2.777777e-01 -1.311038e-07
2.187499e-01 -1.002993e-07
1.527776e-01 -5.720877e-08
7.986094e-02 -1.343267e-08
7.986091e-02 7.536262e-10
1.527775e-01 4.246691e-08
2.187498e-01 8.372706e-08
2.777777e-01 1.112082e-07
3.298611e-01 1.233195e-07
3.750000e-01 1.216133e-07
4.131945e-01 1.097405e-07
4.444445e-01 9.171814e-08
4.687501e-01 7.078831e-08
4.861113e-01 4.885104e-08
4.965280e-01 2.667237e-08
5.000002e-01 4.383566e-09
4.965280e-01 -1.817269e-08
4.861113e-01 -4.107289e-08
4.687501e-01 -6.399586e-08
4.444445e-01 -8.597812e-08
4.131945e-01 -1.050010e-07
3.750000e-01 -1.177750e-07
3.298611e-01 -1.202200e-07
2.777777e-01 -1.085531e-07
2.187498e-01 -8.105546e-08
1.527775e-01 -3.919357e-08
7.986090e-02 -2.923460e-09
7.986090e-02 -1.094731e-08
1.527775e-01 1.806345e-08
2.187498e-01 5.651980e-08
2.777776e-01 8.040848e-08
3.298611e-01 8.902616e-08
3.750000e-01 8.538153e-08
4.131945e-01 7.393046e-08
4.444446e-01 5.887773e-08
4.687502e-01 4.332741e-08
4.861113e-01 2.886309e-08
4.965280e-01 1.569667e-08
5.000002e-01 3.220296e-09
4.965280e-01 -9.472989e-09
4.861113e-01 -2.319941e-08
4.687502e-01 -3.836984e-08
4.444446e-01 -5.460310e-08
4.131945e-01 -7.025824e-08
3.750000e-01 -8.226646e-08
3.298611e-01 -8.649100e-08
2.777776e-01 -7.834571e-08
2.187498e-01 -5.474814e-08
1.527775e-01 -1.688655e-08
7.986089e-02 6.431794e-09
7.986091e-02 -1.801721e-08
1.527774e-01 -5.029069e-09
2.187497e-01 2.869559e-08
2.777776e-01 4.879184e-08
3.298611e-01 5.496806e-08
3.750000e-01 5.117960e-08
4.131945e-01 4.182414e-08
4.444446e-01 3.065919e-08
4.687502e-01 2.039332e-08
4.861113e-01 1.237809e-08
4.965280e-01 6.578234e-09
5.000003e-01 1.996224e-09
4.965280e-01 -2.742994e-09
4.861113e-01 -8.930031e-09
4.687502e-01 -1.737621e-08
4.444446e-01 -2.798676e-08
4.131945e-01 -3.941857e-08
3.750000e-01 -4.906287e-08
3.298611e-01 -5.327663e-08
2.777776e-01 -4.772282e-08
2.187497e-01 -2.850109e-08
1.527774e-01 3.593829e-09
7.986091e-02 1.308079e-08
7.986095e-02 -1.956775e-08
1.527774e-01 -2.101119e-08
2.187497e-01 6.185246e-09
2.777776e-01 2.201606e-08
3.298611e-01 2.649083e-08
3.750000e-01 2.355842e-08
4.131945e-01 1.692628e-08
4.444446e-01 9.576014e-09
4.687502e-01 3.717281e-09
4.861113e-01 5.368559e-10
4.965280e-01 -4.267434e-11
5.000003e-01 8.636213e-10
4.965280e-01 1.683686e-09
4.861113e-01 8.976145e-10
4.687502e-01 -2.466225e-09
4.444446e-01 -8.405710e-09
4.131945e-01 -1.580046e-08
3.750000e-01 -2.257047e-08
3.298611e-01 -2.583739e-08
2.777776e-01 -2.203762e-08
2.187497e-01 -7.429600e-09
1.527774e-01 1.784175e-08
7.986094e-02 1.538204e-08
7.986098e-02 -1.780656e-08
1.527774e-01 -3.111863e-08
2.187497e-01 -9.400784e-09
2.777776e-01 2.628103e-09
3.298611e-01 6.146886e-09
3.750000e-01 4.573623e-09
4.131946e-01 6.294375e-10
4.444446e-01 -3.552713e-09
4.687502e-01 -6.254686e-09
4.861113e-01 -6.403476e-09
4.965280e-01 -3.994054e-09
5.000003e-01 -6.973376e-11
4.965280e-01 3.837504e-09
4.861113e-01 6.207695e-09
4.687502e-01 6.092205e-09
4.444446e-01 3.514940e-09
4.131946e-01 -5.587481e-10
3.750000e-01 -4.544487e-09
3.298611e-01 -6.381722e-09
2.777776e-01 -3.449165e-09
2.187497e-01 7.438172e-09
1.527774e-01 2.665769e-08
7.986098e-02 1.490154e-08
7.986102e-02 -1.406313e-08
1.527774e-01 -3.527812e-08
2.187497e-01 -1.783272e-08
2.777776e-01 -8.846124e-09
3.298611e-01 -5.737334e-09
3.750000e-01 -5.874025e-09
4.131946e-01 -7.548046e-09
4.444446e-01 -9.419922e-09
4.687502e-01 -1.022858e-08
4.861113e-01 -8.994311e-09
4.965280e-01 -5.558312e-09
5.000002e-01 -7.639634e-10
4.965280e-01 4.069628e-09
4.861113e-01 7.612406e-09
4.687502e-01 9.084239e-09
4.444446e-01 8.592242e-09
4.131946e-01 6.991747e-09
3.750000e-01 5.429216e-09
3.298611e-01 5.220078e-09
2.777776e-01 8.044140e-09
2.187496e-01 1.633748e-08
1.527773e-01 3.140651e-08
7.986102e-02 1.395592e-08
7.986105e-02 -7.521854e-09
1.527774e-01 -3.297939e-08
2.187496e-01 -1.938538e-08
2.777776e-01 -1.327062e-08
3.298611e-01 -1.042991e-08
3.750000e-01 -9.373839e-09
4.131946e-01 -9.357442e-09
4.444446e-01 -9.736350e-09
4.687502e-01 -9.685593e-09
4.861113e-01 -8.332698e-09
4.965280e-01 -5.330710e-09
5.000002e-01 -1.238872e-09
4.965280e-01 2.923153e-09
4.861113e-01 6.156851e-09
4.687502e-01 7.936644e-09
4.444446e-01 8.483949e-09
4.131946e-01 8.546864e-09
3.750000e-01 8.878001e-09
3.298611e-01 1.014901e-08
2.777776e-01 1.316541e-08
2.187496e-01 1.934454e-08
1.527773e-01 3.159441e-08
7.986105e-02 1.164091e-08
7.986107e-02 -1.690666e-09
1.527774e-01 -2.730192e-08
2.187496e-01 -1.722394e-08
2.777776e-01 -1.308239e-08
3.298610e-01 -1.027109e-08
3.750000e-01 -8.297863e-09
4.131946e-01 -7.114415e-09
4.444446e-01 -6.615591e-09
4.687502e-01 -6.389241e-09
4.861113e-01 -5.713242e-09
4.965280e-01 -4.030937e-09
5.000002e-01 -1.540129e-09
4.965280e-01 1.011408e-09
4.861113e-01 3.044493e-09
4.687502e-01 4.287888e-09
4.444446e-01 5.147080e-09
4.131946e-01 6.201914e-09
3.750000e-01 7.855032e-09
3.298611e-01 1.027310e-08
2.777776e-01 1.360825e-08
2.187496e-01 1.839700e-08
1.527774e-01 2.773446e-08
7.986107e-02 7.374062e-09
7.986108e-02 1.336933e-09
1.527774e-01 -2.155670e-08
2.187496e-01 -1.396361e-08
2.777776e-01 -1.075877e-08
3.298610e-01 -7.680596e-09
3.750000e-01 -5.031295e-09
4.131946e-01 -3.089107e-09
4.444446e-01 -2.085306e-09
4.687502e-01 -1.987179e-09
4.861113e-01 -2.326207e-09
4.965280e-01 -2.331563e-09
5.000002e-01 -1.704181e-09
4.965280e-01 -1.057704e-09
4.861113e-01 -6.143771e-10
4.687502e-01 -3.101974e-10
4.444446e-01 4.853109e-10
4.131946e-01 2.074784e-09
3.750000e-01 4.528069e-09
3.298610e-01 7.668869e-09
2.777776e-01 1.127311e-08
2.187496e-01 1.533984e-08
1.527774e-01 2.317393e-08
7.986109e-02 2.562144e-09
7.986109e-02 1.061198e-09
1.527774e-01 -1.671921e-08
2.187496e-01 -1.056625e-08
2.777776e-01 -7.512125e-09
3.298610e-01 -4.369266e-09
3.750000e-01 -1.499744e-09
4.131946e-01 7.738389e-10
4.444446e-01 2.068575e-09
4.687502e-01 2.092602e-09
4.861113e-01 9.030609e-10
4.965280e-01 -6.705851e-10
5.000002e-01 -1.922089e-09
4.965280e-01 -3.044755e-09
4.861113e-01 -4.009517e-09
4.687502e-01 -4.403148e-09
4.444446e-01 -3.654204e-09
4.131946e-01 -1.816096e-09
3.750000e-01 9.040182e-10
3.298610e-01 4.155233e-09
2.777776e-01 7.632764e-09
2.187496e-01 1.128803e-08
1.527774e-01 1.926335e-08
7.986110e-02 1.658930e-10
7.986110e-02 8.659843e-10
1.527774e-01 -1.059997e-08
2.187496e-01 -6.750343e-09
2.777776e-01 -3.965951e-09
3.298610e-01 -1.524974e-09
3.750000e-01 8.577163e-10
4.131946e-01 2.919127e-09
4.444446e-01 4.269040e-09
4.687502e-01 4.421141e-09
4.861113e-01 2.983015e-09
4.965280e-01 5.214316e-10
5.000002e-01 -2.105470e-09
4.965280e-01 -4.205177e-09
4.861113e-01 -5.744301e-09
4.687502e-01 -6.264736e-09
4.444446e-01 -5.457040e-09
4.131946e-01 -3.677599e-09
3.750000e-01 -1.299205e-09
3.298610e-01 1.316669e-09
2.777776e-01 3.854723e-09
2.187496e-01 6.274965e-09
1.527774e-01 1.420853e-08
7.986110e-02 -9.811202e-10
7.986110e-02 2.301174e-10
1.527774e-01 -4.612142e-09
2.187496e-01 -3.033664e-09
2.777776e-01 -1.282823e-09
3.298610e-01 -9.070148e-11
3.750000e-01 1.187910e-09
4.131946e-01 2.459596e-09
4.444446e-01 3.469615e-09
4.687502e-01 3.848767e-09
4.861113e-01 2.918768e-09
4.965280e-01 7.906184e-10
5.000002e-01 -1.799873e-09
4.965280e-01 -3.497874e-09
4.861113e-01 -4.382351e-09
4.687502e-01 -4.416362e-09
4.444446e-01 -3.704167e-09
4.131946e-01 -2.617775e-09
3.750000e-01 -1.272702e-09
3.298610e-01 1.634816e-10
2.777776e-01 1.382074e-09
2.187496e-01 1.616808e-09
1.527774e-01 8.103611e-09
7.986110e-02 -2.196683e-10
4.079861e-02 0.000000e+00
4.079862e-02 -4.844998e-09
7.986112e-02 -4.844949e-09
1.171875e-01 -1.453509e-08
1.171875e-01 -2.623575e-08
1.527778e-01 -2.169913e-08
1.866320e-01 -3.633586e-08
1.866320e-01 -6.489088e-08
2.187500e-01 -4.906937e-08
2.491320e-01 -7.041573e-08
2.491320e-01 -1.311515e-07
2.777778e-01 -8.963216e-08
3.046875e-01 -1.151010e-07
3.046876e-01 -2.224025e-07
3.298611e-01 -1.376766e-07
3.532986e-01 -1.588382e-07
3.532987e-01 -3.175727e-07
3.750000e-01 -1.780322e-07
3.949653e-01 -1.841817e-07
3.949653e-01 -3.830604e-07
4.131944e-01 -1.925498e-07
4.296875e-01 -1.775104e-07
4.296875e-01 -3.809443e-07
4.444444e-01 -1.708625e-07
4.574653e-01 -1.463644e-07
4.574652e-01 -3.172463e-07
4.687500e-01 -1.277988e-07
4.782986e-01 -1.046550e-07
4.782985e-01 -2.305894e-07
4.861111e-01 -8.292112e-08
4.921875e-01 -6.266813e-08
4.921874e-01 -1.359232e-07
4.965278e-01 -3.835776e-08
4.991319e-01 -1.810734e-08
4.991319e-01 -3.288744e-08
5.000000e-01 7.699342e-09
4.991319e-01 2.664311e-08
4.991319e-01 7.035846e-08
4.965278e-01 5.073409e-08
4.921875e-01 6.451033e-08
4.921874e-01 1.609201e-07
4.861111e-01 8.539751e-08
4.782986e-01 9.536354e-08
4.782986e-01 2.385900e-07
4.687500e-01 1.153730e-07
4.574653e-01 1.285839e-07
4.574652e-01 3.152538e-07
4.444444e-01 1.503621e-07
4.296875e-01 1.722524e-07
4.296874e-01 3.897185e-07
4.131944e-01 1.889904e-07
3.949653e-01 2.084076e-07
3.949653e-01 4.097555e-07
3.750000e-01 2.012249e-07
3.532986e-01 1.957944e-07
3.532987e-01 3.444390e-07
3.298611e-01 1.700202e-07
3.046875e-01 1.454003e-07
3.046876e-01 2.364684e-07
2.777778e-01 1.165989e-07
2.491320e-01 8.777080e-08
2.491320e-01 1.343987e-07
2.187500e-01 6.549577e-08
1.866320e-01 4.311061e-08
1.866320e-01 6.204920e-08
1.527778e-01 2.929268e-08
1.171875e-01 1.552797e-08
1.171875e-01 1.943132e-08
7.986112e-02 8.212480e-09
4.079862e-02 1.301082e-09
4.079862e-02 1.300969e-09
4.079863e-02 -4.844871e-09
4.079863e-02 2.928914e-10
7.986114e-02 -4.243567e-09
1.171875e-01 -1.082235e-08
1.171875e-01 4.033682e-10
1.527778e-01 -1.508913e-08
1.866320e-01 -2.749323e-08
1.866320e-01 -8.889554e-10
2.187501e-01 -4.099710e-08
2.491320e-01 -6.035699e-08
2.491321e-01 -5.320023e-09
2.777779e-01 -8.666025e-08
3.046876e-01 -1.124281e-07
3.046877e-01 -2.095671e-08
3.298613e-01 -1.523450e-07
3.532987e-01 -1.844422e-07
3.532988e-01 -6.546665e-08
3.750001e-01 -2.339433e-07
3.949653e-01 -2.715588e-07
3.949654e-01 -1.548823e-07
4.131945e-01 -3.118796e-07
4.296875e-01 -3.501430e-07
4.296875e-01 -2.799770e-07
4.444444e-01 -3.639825e-07
4.574652e-01 -3.778304e-07
4.574652e-01 -3.662646e-07
4.687499e-01 -3.623073e-07
4.782985e-01 -3.375988e-07
4.782984e-01 -3.485300e-07
4.861110e-01 -2.914993e-07
4.921874e-01 -2.364503e-07
4.921873e-01 -2.434803e-07
4.965276e-01 -1.703622e-07
4.991318e-01 -1.008792e-07
4.991317e-01 -9.338677e-08
4.999998e-01 -2.639041e-08
4.991318e-01 4.495366e-08
4.991317e-01 7.120837e-08
4.965276e-01 1.179036e-07
4.921874e-01 1.849588e-07
4.921873e-01 2.284385e-07
4.861110e-01 2.472775e-07
4.782985e-01 3.039004e-07
4.782984e-01 3.426756e-07
4.687499e-01 3.437169e-07
4.574652e-01 3.778348e-07
4.574652e-01 3.662251e-07
4.444444e-01 3.815157e-07
4.296874e-01 3.740619e-07
4.296875e-01 2.743816e-07
4.131944e-01 3.308018e-07
3.949653e-01 2.779183e-07
3.949654e-01 1.377217e-07
3.750001e-01 2.225351e-07
3.532988e-01 1.680320e-07
3.532988e-01 5.011686e-08
3.298613e-01 1.260145e-07
3.046877e-01 8.790687e-08
3.046877e-01 1.279834e-08
2.777779e-01 6.093289e-08
2.491321e-01 3.900061e-08
2.491321e-01 -2.138159e-11
2.187501e-01 2.328627e-08
1.866320e-01 1.229239e-08
1.866320e-01 -3.658431e-09
1.527778e-01 4.281637e-09
1.171875e-01 7.106841e-10
1.171875e-01 -1.614235e-09
7.986114e-02 -1.314227e-09
4.079862e-02 5.259694e-10
4.079862e-02 5.259252e-10
4.079863e-02 2.929264e-10
4.079863e-02 6.447634e-10
7.986114e-02 3.159998e-10
1.171875e-01 1.458946e-09
1.171875e-01 -1.753393e-10
1.527778e-01 -3.423835e-10
1.866320e-01 -7.243303e-10
1.866320e-01 -4.737789e-09
2.187501e-01 -3.033681e-09
2.491321e-01 -4.116341e-09
2.491321e-01 -6.344355e-09
2.777779e-01 -6.277084e-09
3.046877e-01 -1.111551e-08
3.046877e-01 -1.530801e-09
3.298613e-01 -1.529343e-08
3.532988e-01 -2.862372e-08
3.532988e-01 1.153195e-08
3.750002e-01 -3.809776e-08
3.949655e-01 -6.230508e-08
3.949655e-01 3.111214e-08
4.131946e-01 -8.126422e-08
4.296876e-01 -1.070684e-07
4.296876e-01 3.993327e-08
4.444445e-01 -1.271892e-07
4.574652e-01 -1.426903e-07
4.574652e-01 1.781452e-08
4.687499e-01 -1.469719e-07
4.782984e-01 -1.437043e-07
4.782984e-01 -1.673206e-08
4.861108e-01 -1.275320e-07
4.921872e-01 -1.039990e-07
4.921872e-01 -3.436819e-08
4.965274e-01 -7.232849e-08
4.991316e-01 -3.521443e-08
4.991315e-01 -3.057957e-08
4.999996e-01 4.003663e-09
4.991316e-01 4.645055e-08
4.991315e-01 -1.722018e-08
4.965274e-01 8.404762e-08
4.921872e-01 1.201716e-07
4.921872e-01 -1.051526e-08
4.861108e-01 1.441702e-07
4.782984e-01 1.595285e-07
4.782984e-01 -1.895039e-08
4.687499e-01 1.589086e-07
4.574652e-01 1.420419e-07
4.574652e-01 -4.218249e-08
4.444445e-01 1.137464e-07
4.296876e-01 7.606964e-08
4.296876e-01 -5.636496e-08
4.131946e-01 4.780270e-08
3.949655e-01 2.457170e-08
3.949655e-01 -4.408957e-08
3.750002e-01 1.177472e-08
3.532988e-01 4.539610e-09
3.532988e-01 -2.468940e-08
3.298613e-01 -4.442454e-10
3.046877e-01 6.671722e-10
3.046877e-01 -7.996808e-09
2.777779e-01 -2.107492e-09
2.491321e-01 1.461255e-09
2.491321e-01 2.652072e-09
2.187501e-01 -1.077714e-09
1.866320e-01 2.493478e-09
1.866320e-01 6.170250e-09
1.527778e-01 4.100125e-10
1.171875e-01 2.828717e-09
1.171875e-01 4.715372e-09
7.986113e-02 9.526597e-10
4.079862e-02 1.154800e-09
4.079863e-02 1.154785e-09
4.079863e-02 6.447673e-10
4.079863e-02 -4.777293e-10
7.986114e-02 -1.721493e-09
1.171875e-01 -3.542788e-09
1.171876e-01 -8.068981e-09
1.527778e-01 -9.149309e-09
1.866320e-01 -1.174575e-08
1.866320e-01 -1.944022e-08
2.187501e-01 -1.647790e-08
2.491321e-01 -1.659406e-08
2.491321e-01 -2.546249e-08
2.777779e-01 -1.717393e-08
3.046877e-01 -1.271951e-08
3.046877e-01 -1.965685e-08
3.298613e-01 -6.769699e-09
3.532988e-01 2.944480e-09
3.532988e-01 1.379701e-09
3.750002e-01 1.640893e-08
3.949655e-01 2.945279e-08
3.949654e-01 3.709409e-08
4.131946e-01 4.425688e-08
4.296876e-01 5.403297e-08
4.296876e-01 8.056352e-08
4.444445e-01 6.090887e-08
4.574653e-01 6.175366e-08
4.574652e-01 1.100777e-07
4.687499e-01 6.032394e-08
4.782984e-01 5.207451e-08
4.782984e-01 1.026215e-07
4.861108e-01 4.581544e-08
4.921872e-01 3.320544e-08
4.921872e-01 6.443139e-08
4.965274e-01 2.612191e-08
4.991315e-01 1.335661e-08
4.991316e-01 1.279283e-08
4.999996e-01 5.842140e-09
4.991315e-01 -7.016913e-09
4.991316e-01 -3.871844e-08
4.965274e-01 -1.603813e-08
4.921872e-01 -2.947931e-08
4.921872e-01 -8.338070e-08
4.861108e-01 -4.082510e-08
4.782984e-01 -5.475216e-08
4.782984e-01 -1.150501e-07
4.687499e-01 -6.667339e-08
4.574652e-01 -7.368523e-08
4.574652e-01 -1.181227e-07
4.444445e-01 -7.542633e-08
4.296876e-01 -6.771821e-08
4.296876e-01 -8.909610e-08
4.131946e-01 -5.545077e-08
3.949655e-01 -4.011217e-08
3.949654e-01 -4.615221e-08
3.750002e-01 -2.534471e-08
3.532988e-01 -1.064281e-08
3.532988e-01 -8.092623e-09
3.298613e-01 -5.148075e-10
3.046877e-01 9.825678e-09
3.046877e-01 1.600477e-08
2.777779e-01 1.368767e-08
2.491321e-01 1.849712e-08
2.491321e-01 2.436773e-08
2.187501e-01 1.679272e-08
1.866320e-01 1.649521e-08
1.866320e-01 1.978964e-08
1.527778e-01 1.178681e-08
1.171875e-01 8.673038e-09
1.171876e-01 8.697607e-09
7.986114e-02 3.734360e-09
4.079863e-02 1.162975e-09
4.079863e-02 1.162979e-09
4.079863e-02 -4.777387e-10
4.079864e-02 -8.759267e-11
7.986115e-02 -4.096482e-09
1.171876e-01 -6.898513e-09
1.171876e-01 -4.535692e-09
1.527779e-01 -1.309177e-08
1.866320e-01 -1.632633e-08
1.866321e-01 -1.265813e-08
2.187501e-01 -2.129693e-08
2.491321e-01 -2.202494e-08
2.491321e-01 -1.751154e-08
2.777779e-01 -2.165933e-08
3.046877e-01 -1.647461e-08
3.046876e-01 -1.070368e-08
3.298613e-01 -7.987481e-09
3.532988e-01 4.264100e-09
3.532987e-01 1.123340e-08
3.750002e-01 2.092921e-08
3.949654e-01 3.972359e-08
3.949654e-01 4.580870e-08
4.131946e-01 6.031892e-08
4.296876e-01 8.041389e-08
4.296875e-01 8.397126e-08
4.444445e-01 9.603700e-08
4.574652e-01 1.069316e-07
4.574652e-01 1.119157e-07
4.687499e-01 1.091501e-07
4.782984e-01 1.047400e-07
4.782985e-01 1.143870e-07
4.861109e-01 9.307371e-08
4.921872e-01 7.458389e-08
4.921873e-01 8.525256e-08
4.965275e-01 5.308391e-08
4.991316e-01 2.589418e-08
4.991317e-01 3.126295e-08
4.999997e-01 1.982867e-10
4.991316e-01 -2.879697e-08
4.991317e-01 -3.236642e-08
4.965275e-01 -5.366977e-08
4.921872e-01 -7.816543e-08
4.921873e-01 -8.638288e-08
4.861109e-01 -9.622358e-08
4.782984e-01 -1.085475e-07
4.782985e-01 -1.150335e-07
4.687499e-01 -1.123492e-07
4.574652e-01 -1.083054e-07
4.574652e-01 -1.131326e-07
4.444445e-01 -9.655682e-08
4.296876e-01 -8.082707e-08
4.296875e-01 -8.703385e-08
4.131945e-01 -6.081670e-08
3.949654e-01 -4.147620e-08
3.949654e-01 -4.996540e-08
3.750001e-01 -2.239703e-08
3.532988e-01 -5.882119e-09
3.532987e-01 -1.491212e-08
3.298613e-01 6.959665e-09
3.046876e-01 1.674704e-08
3.046876e-01 7.792214e-09
2.777779e-01 2.139856e-08
2.491321e-01 2.359828e-08
2.491321e-01 1.518512e-08
2.187501e-01 2.138168e-08
1.866320e-01 1.779096e-08
1.866320e-01 1.108461e-08
1.527779e-01 1.213899e-08
1.171876e-01 7.077915e-09
1.171876e-01 3.912892e-09
7.986115e-02 3.149367e-09
4.079863e-02 1.079762e-10
4.079863e-02 1.079884e-10
4.079864e-02 -8.760754e-11
4.079864e-02 1.435689e-09
7.986116e-02 -1.189392e-09
1.171876e-01 3.421985e-11
1.171876e-01 7.225851e-09
1.527779e-01 -2.055983e-09
1.866321e-01 -9.368447e-10
1.866321e-01 1.327578e-08
2.187501e-01 -1.867733e-09
2.491321e-01 5.566782e-10
2.491321e-01 1.970118e-08
2.777779e-01 3.927658e-09
3.046876e-01 1.038368e-08
3.046876e-01 3.199111e-08
3.298612e-01 2.041775e-08
3.532987e-01 3.219557e-08
3.532987e-01 5.313857e-08
3.750001e-01 4.793413e-08
3.949654e-01 6.360255e-08
3.949653e-01 8.067358e-08
4.131945e-01 8.058251e-08
4.296875e-01 9.576229e-08
4.296875e-01 1.065918e-07
4.444444e-01 1.075885e-07
4.574652e-01 1.157448e-07
4.574652e-01 1.203460e-07
4.687499e-01 1.163844e-07
4.782985e-01 1.121740e-07
4.782985e-01 1.133515e-07
4.861109e-01 9.940482e-08
4.921873e-01 8.193554e-08
4.921873e-01 8.238813e-08
4.965275e-01 5.782483e-08
4.991317e-01 3.094776e-08
4.991317e-01 3.239402e-08
4.999997e-01 1.214877e-09
4.991317e-01 -2.771476e-08
4.991317e-01 -2.513869e-08
4.965275e-01 -5.515042e-08
4.921873e-01 -7.788110e-08
4.921873e-01 -7.608116e-08
4.861109e-01 -9.575179e-08
4.782985e-01 -1.068855e-07
4.782985e-01 -1.087254e-07
4.687499e-01 -1.112303e-07
4.574652e-01 -1.100419e-07
4.574652e-01 -1.180707e-07
4.444444e-01 -1.018818e-07
4.296875e-01 -9.156242e-08
4.296875e-01 -1.065625e-07
4.131945e-01 -7.613114e-08
3.949653e-01 -6.145732e-08
3.949653e-01 -8.216280e-08
3.750001e-01 -4.515700e-08
3.532987e-01 -3.165990e-08
3.532987e-01 -5.535271e-08
3.298612e-01 -1.968232e-08
3.046876e-01 -1.116231e-08
3.046876e-01 -3.414187e-08
2.777779e-01 -5.298832e-09
2.491321e-01 -2.489044e-09
2.491321e-01 -2.105063e-08
2.187501e-01 -1.280492e-09
1.866321e-01 -2.048340e-09
1.866320e-01 -1.343821e-08
1.527779e-01 -1.787735e-09
1.171876e-01 -2.800743e-09
1.171876e-01 -6.982073e-09
7.986116e-02 -1.487167e-09
4.079863e-02 -1.285782e-09
4.079863e-02 -1.285766e-09
4.079863e-02 1.435673e-09
4.079863e-02 2.841677e-09
7.986115e-02 4.203311e-09
1.171876e-01 1.144388e-08
1.171876e-01 1.828839e-08
1.527779e-01 1.616454e-08
1.866320e-01 2.458267e-08
1.866320e-01 3.999226e-08
2.187501e-01 3.096662e-08
2.491321e-01 3.992584e-08
2.491320e-01 6.325444e-08
2.777779e-01 4.866839e-08
3.046876e-01 5.826908e-08
3.046876e-01 8.558192e-08
3.298612e-01 6.998776e-08
3.532987e-01 8.099568e-08
3.532987e-01 1.077804e-07
3.750001e-01 9.448354e-08
3.949653e-01 1.056691e-07
3.949653e-01 1.279336e-07
4.131945e-01 1.172803e-07
4.296875e-01 1.253950e-07
4.296875e-01 1.408896e-07
4.444444e-01 1.304861e-07
4.574652e-01 1.316217e-07
4.574652e-01 1.401448e-07
4.687499e-01 1.265310e-07
4.782985e-01 1.178446e-07
4.782985e-01 1.212747e-07
4.861110e-01 1.015391e-07
4.921874e-01 8.300534e-08
4.921874e-01 8.406493e-08
4.965276e-01 5.765385e-08
4.991318e-01 3.240443e-08
4.991318e-01 3.315899e-08
4.999998e-01 2.776337e-09
4.991318e-01 -2.394338e-08
4.991318e-01 -2.311299e-08
4.965276e-01 -5.172651e-08
4.921874e-01 -7.437694e-08
4.921874e-01 -7.509314e-08
4.861110e-01 -9.467480e-08
4.782985e-01 -1.093209e-07
4.782985e-01 -1.142892e-07
4.687499e-01 -1.188180e-07
4.574652e-01 -1.240760e-07
4.574652e-01 -1.356453e-07
4.444444e-01 -1.228347e-07
4.296875e-01 -1.196918e-07
4.296875e-01 -1.387968e-07
4.131945e-01 -1.108827e-07
3.949653e-01 -1.023847e-07
3.949653e-01 -1.275769e-07
3.750001e-01 -9.049884e-08
3.532987e-01 -8.038989e-08
3.532987e-01 -1.080305e-07
3.298612e-01 -6.900170e-08
3.046876e-01 -5.994757e-08
3.046876e-01 -8.534182e-08
2.777779e-01 -5.039183e-08
2.491321e-01 -4.304632e-08
2.491320e-01 -6.200440e-08
2.187501e-01 -3.462590e-08
1.866320e-01 -2.811841e-08
1.866320e-01 -3.841067e-08
1.527779e-01 -1.967851e-08
1.171876e-01 -1.391661e-08
1.171875e-01 -1.732008e-08
7.986115e-02 -6.643260e-09
4.079863e-02 -2.420248e-09
4.079862e-02 -2.420232e-09
4.079862e-02 2.841661e-09
4.079861e-02 4.170972e-09
7.986113e-02 9.245286e-09
1.171875e-01 2.227634e-08
1.171875e-01 2.868073e-08
1.527778e-01 3.371557e-08
1.866320e-01 4.900191e-08
1.866320e-01 6.199103e-08
2.187501e-01 6.288132e-08
2.491320e-01 7.795744e-08
2.491320e-01 9.702561e-08
2.777779e-01 9.209723e-08
3.046876e-01 1.054212e-07
3.046876e-01 1.279165e-07
3.298612e-01 1.188027e-07
3.532987e-01 1.295663e-07
3.532986e-01 1.516774e-07
3.750000e-01 1.406473e-07
3.949653e-01 1.478442e-07
3.949653e-01 1.660239e-07
4.131944e-01 1.540539e-07
4.296875e-01 1.559078e-07
4.296875e-01 1.682793e-07
4.444444e-01 1.545107e-07
4.574652e-01 1.491505e-07
4.574652e-01 1.558184e-07
4.687499e-01 1.384648e-07
4.782985e-01 1.250069e-07
4.782986e-01 1.276193e-07
4.861110e-01 1.052482e-07
4.921874e-01 8.454478e-08
4.921875e-01 8.532721e-08
4.965277e-01 5.794753e-08
4.991319e-01 3.258571e-08
4.991319e-01 3.321822e-08
4.999999e-01 2.887800e-09
4.991319e-01 -2.353419e-08
4.991319e-01 -2.265195e-08
4.965277e-01 -5.188275e-08
4.921874e-01 -7.568567e-08
4.921875e-01 -7.563166e-08
4.861110e-01 -9.847966e-08
4.782985e-01 -1.166915e-07
4.782986e-01 -1.195807e-07
4.687499e-01 -1.310668e-07
4.574652e-01 -1.419381e-07
4.574652e-01 -1.498944e-07
4.444444e-01 -1.471743e-07
4.296875e-01 -1.504179e-07
4.296875e-01 -1.643356e-07
4.131944e-01 -1.477979e-07
3.949653e-01 -1.445467e-07
3.949653e-01 -1.632513e-07
3.750000e-01 -1.363679e-07
3.532987e-01 -1.284651e-07
3.532986e-01 -1.489459e-07
3.298612e-01 -1.168312e-07
3.046876e-01 -1.059467e-07
3.046876e-01 -1.245576e-07
2.777779e-01 -9.210956e-08
2.491320e-01 -7.934655e-08
2.491320e-01 -9.341837e-08
2.187501e-01 -6.390640e-08
1.866320e-01 -5.046480e-08
1.866320e-01 -5.932917e-08
1.527778e-01 -3.556128e-08
1.171875e-01 -2.359350e-08
1.171875e-01 -2.700427e-08
7.986112e-02 -1.140363e-08
4.079861e-02 -3.557148e-09
4.079860e-02 -3.557132e-09
4.079860e-02 4.170957e-09
4.079859e-02 5.439245e-09
7.986109e-02 1.439375e-08
1.171875e-01 3.248560e-08
1.171875e-01 3.990828e-08
1.527778e-01 4.983070e-08
1.866320e-01 6.920414e-08
1.866319e-01 8.015758e-08
2.187500e-01 8.766134e-08
2.491320e-01 1.059183e-07
2.491320e-01 1.188846e-07
2.777778e-01 1.229039e-07
3.046875e-01 1.378448e-07
3.046875e-01 1.512487e-07
3.298611e-01 1.514581e-07
3.532986e-01 1.613729e-07
3.532986e-01 1.730561e-07
3.750000e-01 1.697809e-07
3.949653e-01 1.736500e-07
3.949653e-01 1.816556e-07
4.131944e-01 1.751887e-07
4.296875e-01 1.723114e-07
4.296875e-01 1.759302e-07
4.444444e-01 1.659042e-07
4.574653e-01 1.560344e-07
4.574653e-01 1.560877e-07
4.687500e-01 1.415553e-07
4.782986e-01 1.251420e-07
4.782986e-01 1.234737e-07
4.861111e-01 1.036261e-07
4.921875e-01 8.197940e-08
4.921875e-01 8.062978e-08
4.965278e-01 5.551891e-08
4.991319e-01 3.070059e-08
4.991320e-01 3.112801e-08
5.000000e-01 2.108826e-09
4.991319e-01 -2.344256e-08
4.991320e-01 -2.086644e-08
4.965278e-01 -5.104139e-08
4.921875e-01 -7.489713e-08
4.921875e-01 -7.101021e-08
4.861111e-01 -9.850480e-08
4.782986e-01 -1.184726e-07
4.782986e-01 -1.150466e-07
4.687500e-01 -1.357500e-07
4.574653e-01 -1.500608e-07
4.574653e-01 -1.491328e-07
4.444444e-01 -1.597599e-07
4.296875e-01 -1.673197e-07
4.296875e-01 -1.702636e-07
4.131944e-01 -1.692864e-07
3.949653e-01 -1.698144e-07
3.949653e-01 -1.766835e-07
3.750000e-01 -1.646863e-07
3.532986e-01 -1.586282e-07
3.532986e-01 -1.682087e-07
3.298611e-01 -1.474961e-07
3.046875e-01 -1.358821e-07
3.046875e-01 -1.464372e-07
2.777778e-01 -1.201775e-07
2.491320e-01 -1.046276e-07
2.491319e-01 -1.145403e-07
2.187500e-01 -8.612218e-08
1.866320e-01 -6.876121e-08
1.866319e-01 -7.637992e-08
1.527778e-01 -4.956695e-08
1.171875e-01 -3.279158e-08
1.171875e-01 -3.675790e-08
7.986109e-02 -1.629845e-08
4.079859e-02 -4.879235e-09
4.079858e-02 -4.879221e-09
4.079857e-02 5.439232e-09
4.079856e-02 5.427731e-09
7.986103e-02 1.941427e-08
1.171874e-01 3.987378e-08
1.171874e-01 4.489797e-08
1.527777e-01 6.137488e-08
1.866319e-01 8.279864e-08
1.866319e-01 8.919762e-08
2.187500e-01 1.028729e-07
2.491319e-01 1.216161e-07
2.491319e-01 1.276146e-07
2.777778e-01 1.384591e-07
3.046875e-01 1.522647e-07
3.046875e-01 1.562804e-07
3.298611e-01 1.639749e-07
3.532986e-01 1.715352e-07
3.532986e-01 1.722975e-07
3.750000e-01 1.765267e-07
3.949653e-01 1.771609e-07
3.949653e-01 1.742763e-07
4.131944e-01 1.747493e-07
4.296875e-01 1.686253e-07
4.296875e-01 1.627603e-07
4.444445e-01 1.590148e-07
4.574653e-01 1.469530e-07
4.574653e-01 1.397440e-07
4.687500e-01 1.310212e-07
4.782987e-01 1.141662e-07
4.782987e-01 1.076960e-07
4.861112e-01 9.327892e-08
4.921876e-01 7.297184e-08
4.921876e-01 6.916599e-08
4.965279e-01 4.885558e-08
4.991320e-01 2.657855e-08
4.991321e-01 2.672725e-08
5.000001e-01 1.165073e-09
4.991320e-01 -2.157825e-08
4.991321e-01 -1.713767e-08
4.965279e-01 -4.629615e-08
4.921876e-01 -6.804905e-08
4.921876e-01 -6.001556e-08
4.861112e-01 -9.011216e-08
4.782987e-01 -1.093918e-07
4.782987e-01 -9.932966e-08
4.687500e-01 -1.270500e-07
4.574653e-01 -1.423534e-07
4.574653e-01 -1.323196e-07
4.444445e-01 -1.542533e-07
4.296875e-01 -1.642227e-07
4.296875e-01 -1.562073e-07
4.131944e-01 -1.694617e-07
3.949653e-01 -1.730571e-07
3.949653e-01 -1.683914e-07
3.750000e-01 -1.712306e-07
3.532986e-01 -1.679471e-07
3.532986e-01 -1.669448e-07
3.298611e-01 -1.593144e-07
3.046875e-01 -1.494709e-07
3.046875e-01 -1.515049e-07
2.777778e-01 -1.350631e-07
2.491319e-01 -1.198751e-07
2.491319e-01 -1.233912e-07
2.187500e-01 -1.010388e-07
1.866319e-01 -8.214617e-08
1.866319e-01 -8.519695e-08
1.527777e-01 -6.075329e-08
1.171874e-01 -4.068699e-08
1.171874e-01 -4.169845e-08
7.986103e-02 -2.014182e-08
4.079856e-02 -5.216372e-09
4.079854e-02 -5.216359e-09
4.079854e-02 5.427719e-09
4.079853e-02 3.396390e-09
7.986097e-02 2.047930e-08
1.171874e-01 3.880399e-08
1.171873e-01 3.717104e-08
1.527777e-01 6.175935e-08
1.866318e-01 8.448835e-08
1.866318e-01 8.351010e-08
2.187499e-01 1.048179e-07
2.491319e-01 1.227576e-07
2.491318e-01 1.207360e-07
2.777777e-01 1.379480e-07
3.046875e-01 1.492677e-07
3.046874e-01 1.445901e-07
3.298611e-01 1.578584e-07
3.532986e-01 1.622491e-07
3.532986e-01 1.541036e-07
3.750000e-01 1.636000e-07
3.949653e-01 1.612639e-07
3.949653e-01 1.501120e-07
4.131945e-01 1.558461e-07
4.296875e-01 1.478410e-07
4.296875e-01 1.351607e-07
4.444445e-01 1.368194e-07
4.574653e-01 1.245682e-07
4.574654e-01 1.123928e-07
4.687501e-01 1.093081e-07
4.782987e-01 9.413533e-08
4.782987e-01 8.453036e-08
4.861112e-01 7.594006e-08
4.921876e-01 5.891846e-08
4.921877e-01 5.355867e-08
4.965279e-01 3.900010e-08
4.991321e-01 2.100013e-08
4.991321e-01 2.091620e-08
5.000001e-01 4.745939e-10
4.991321e-01 -1.779155e-08
4.991321e-01 -1.233537e-08
4.965279e-01 -3.787047e-08
4.921876e-01 -5.573865e-08
4.921877e-01 -4.528643e-08
4.861112e-01 -7.428376e-08
4.782987e-01 -9.093815e-08
4.782987e-01 -7.680661e-08
4.687501e-01 -1.068421e-07
4.574653e-01 -1.212442e-07
4.574654e-01 -1.053518e-07
4.444445e-01 -1.334146e-07
4.296875e-01 -1.443340e-07
4.296875e-01 -1.288466e-07
4.131945e-01 -1.516421e-07
3.949653e-01 -1.577052e-07
3.949653e-01 -1.445225e-07
3.750000e-01 -1.590681e-07
3.532986e-01 -1.590162e-07
3.532986e-01 -1.491991e-07
3.298611e-01 -1.537646e-07
3.046875e-01 -1.469274e-07
3.046874e-01 -1.402446e-07
2.777777e-01 -1.349782e-07
2.491319e-01 -1.214987e-07
2.491319e-01 -1.166585e-07
2.187499e-01 -1.034913e-07
1.866318e-01 -8.433663e-08
1.866318e-01 -7.941930e-08
1.527776e-01 -6.203627e-08
1.171874e-01 -3.981140e-08
1.171873e-01 -3.423707e-08
7.986097e-02 -1.843489e-08
4.079853e-02 -3.358247e-09
4.079852e-02 -3.358236e-09
4.079851e-02 3.396380e-09
4.079851e-02 1.884622e-10
7.986092e-02 1.519266e-08
1.171873e-01 2.754729e-08
1.171873e-01 1.975506e-08
1.527776e-01 4.948104e-08
1.866318e-01 7.227243e-08
1.866317e-01 6.442731e-08
2.187499e-01 9.216553e-08
2.491318e-01 1.087798e-07
2.491318e-01 9.964228e-08
2.777777e-01 1.219779e-07
3.046874e-01 1.308891e-07
3.046874e-01 1.192823e-07
3.298611e-01 1.364320e-07
3.532986e-01 1.381204e-07
3.532986e-01 1.238884e-07
3.750000e-01 1.365876e-07
3.949653e-01 1.323313e-07
3.949653e-01 1.164127e-07
4.131945e-01 1.252708e-07
4.296876e-01 1.168242e-07
4.296876e-01 1.008386e-07
4.444445e-01 1.060144e-07
4.574654e-01 9.507069e-08
4.574654e-01 8.087411e-08
4.687501e-01 8.200629e-08
4.782988e-01 6.980383e-08
4.782988e-01 5.912119e-08
4.861113e-01 5.552688e-08
4.921877e-01 4.277636e-08
4.921877e-01 3.691422e-08
4.965280e-01 2.796631e-08
4.991321e-01 1.499231e-08
4.991322e-01 1.469593e-08
5.000002e-01 9.344266e-11
4.991321e-01 -1.300786e-08
4.991322e-01 -7.561381e-09
4.965280e-01 -2.764669e-08
4.921877e-01 -4.081490e-08
4.921877e-01 -3.002929e-08
4.861113e-01 -5.480089e-08
4.782988e-01 -6.779183e-08
4.782988e-01 -5.268606e-08
4.687501e-01 -8.063329e-08
4.574654e-01 -9.289176e-08
4.574654e-01 -7.501081e-08
4.444445e-01 -1.038856e-07
4.296876e-01 -1.144274e-07
4.296876e-01 -9.560181e-08
4.131945e-01 -1.224605e-07
3.949653e-01 -1.297913e-07
3.949653e-01 -1.118042e-07
3.750000e-01 -1.333469e-07
3.532986e-01 -1.356548e-07
3.532986e-01 -1.198294e-07
3.298611e-01 -1.331636e-07
3.046874e-01 -1.288619e-07
3.046874e-01 -1.155688e-07
2.777777e-01 -1.192010e-07
2.491318e-01 -1.074010e-07
2.491318e-01 -9.613807e-08
2.187499e-01 -9.041913e-08
1.866318e-01 -7.143833e-08
1.866317e-01 -6.108678e-08
1.527776e-01 -4.894516e-08
1.171873e-01 -2.657342e-08
1.171873e-01 -1.869151e-08
7.986092e-02 -1.078962e-08
4.079851e-02 -7.309317e-10
4.079851e-02 -7.309215e-10
4.079851e-02 1.884538e-10
4.079850e-02 -2.736780e-09
7.986089e-02 6.024745e-09
1.171873e-01 1.097936e-08
1.171872e-01 3.590891e-10
1.527775e-01 2.987743e-08
1.866317e-01 5.064413e-08
1.866317e-01 3.904466e-08
2.187498e-01 6.930318e-08
2.491318e-01 8.403449e-08
2.491318e-01 7.058190e-08
2.777777e-01 9.505299e-08
3.046874e-01 1.019352e-07
3.046874e-01 8.634322e-08
3.298611e-01 1.050851e-07
3.532986e-01 1.051870e-07
3.532986e-01 8.808663e-08
3.750000e-01 1.020435e-07
3.949653e-01 9.728122e-08
3.949653e-01 7.987730e-08
4.131945e-01 9.002229e-08
4.296876e-01 8.243245e-08
4.296876e-01 6.612320e-08
4.444446e-01 7.305791e-08
4.574654e-01 6.434296e-08
4.574654e-01 5.049535e-08
4.687502e-01 5.427282e-08
4.782988e-01 4.550790e-08
4.782988e-01 3.533065e-08
4.861113e-01 3.549996e-08
4.921877e-01 2.710352e-08
4.921877e-01 2.150956e-08
4.965280e-01 1.740801e-08
4.991322e-01 9.314196e-09
4.991322e-01 8.820407e-09
5.000002e-01 -1.104297e-10
4.991322e-01 -8.230864e-09
4.991322e-01 -3.514336e-09
4.965280e-01 -1.753541e-08
4.921877e-01 -2.604612e-08
4.921877e-01 -1.642287e-08
4.861113e-01 -3.535986e-08
4.782988e-01 -4.443583e-08
4.782988e-01 -3.063036e-08
4.687502e-01 -5.374757e-08
4.574654e-01 -6.319026e-08
4.574654e-01 -4.626702e-08
4.444446e-01 -7.211632e-08
4.296876e-01 -8.115003e-08
4.296876e-01 -6.238246e-08
4.131945e-01 -8.867330e-08
3.949653e-01 -9.582896e-08
3.949653e-01 -7.659544e-08
3.750000e-01 -1.002741e-07
3.532986e-01 -1.035544e-07
3.532986e-01 -8.519572e-08
3.298611e-01 -1.028760e-07
3.046874e-01 -1.001985e-07
3.046874e-01 -8.371875e-08
2.777777e-01 -9.262149e-08
2.491318e-01 -8.241043e-08
2.491318e-01 -6.810606e-08
2.187498e-01 -6.700779e-08
1.866317e-01 -4.908382e-08
1.866317e-01 -3.701418e-08
1.527775e-01 -2.818388e-08
1.171872e-01 -8.454134e-09
1.171872e-01 -1.437696e-09
7.986090e-02 -1.162872e-09
4.079850e-02 1.607893e-09
4.079851e-02 1.607902e-09
4.079851e-02 -2.736787e-09
4.079851e-02 -4.504265e-09
7.986090e-02 -3.187379e-09
1.171872e-01 -4.943336e-09
1.171872e-01 -1.529808e-08
1.527774e-01 9.670839e-09
1.866317e-01 2.630688e-08
1.866316e-01 1.390144e-08
2.187498e-01 4.282802e-08
2.491317e-01 5.516314e-08
2.491317e-01 4.069056e-08
2.777776e-01 6.396759e-08
3.046874e-01 6.919916e-08
3.046874e-01 5.299629e-08
3.298611e-01 7.071493e-08
3.532986e-01 7.023139e-08
3.532986e-01 5.343465e-08
3.750000e-01 6.664295e-08
3.949653e-01 6.247211e-08
3.949653e-01 4.633002e-08
4.131945e-01 5.608933e-08
4.296876e-01 5.015896e-08
4.296876e-01 3.573231e-08
4.444446e-01 4.287313e-08
4.574654e-01 3.670345e-08
4.574654e-01 2.484201e-08
4.687502e-01 2.975655e-08
4.782988e-01 2.425801e-08
4.782988e-01 1.566718e-08
4.861113e-01 1.819256e-08
4.921877e-01 1.361539e-08
4.921877e-01 8.849341e-09
4.965280e-01 8.408577e-09
4.991322e-01 4.468014e-09
4.991322e-01 3.860136e-09
5.000002e-01 -2.384469e-10
4.991322e-01 -4.130532e-09
4.991322e-01 -5.144971e-10
4.965280e-01 -8.833294e-09
4.921877e-01 -1.330892e-08
4.921877e-01 -5.686870e-09
4.861113e-01 -1.849373e-08
4.782988e-01 -2.398303e-08
4.782988e-01 -1.281512e-08
4.687502e-01 -2.993319e-08
4.574654e-01 -3.644131e-08
4.574654e-01 -2.234819e-08
4.444446e-01 -4.295931e-08
4.296876e-01 -4.985924e-08
4.296876e-01 -3.359122e-08
4.131945e-01 -5.605217e-08
3.949653e-01 -6.202379e-08
3.949653e-01 -4.451801e-08
3.750000e-01 -6.630786e-08
3.532986e-01 -6.949791e-08
3.532986e-01 -5.191316e-08
3.298611e-01 -6.981533e-08
3.046874e-01 -6.808914e-08
3.046874e-01 -5.172188e-08
2.777776e-01 -6.236037e-08
2.491318e-01 -5.385044e-08
2.491317e-01 -3.965097e-08
2.187498e-01 -4.077641e-08
1.866317e-01 -2.496660e-08
1.866316e-01 -1.356862e-08
1.527774e-01 -7.323589e-09
1.171872e-01 7.644694e-09
1.171872e-01 1.263144e-08
7.986090e-02 6.800494e-09
4.079851e-02 3.270151e-09
4.079852e-02 3.270159e-09
4.079853e-02 -4.504271e-09
4.079854e-02 -4.891907e-09
7.986092e-02 -9.924106e-09
1.171872e-01 -1.646098e-08
1.171872e-01 -2.341639e-08
1.527774e-01 -6.322475e-09
1.866316e-01 4.874729e-09
1.866316e-01 -5.206895e-09
2.187497e-01 1.864479e-08
2.491317e-01 2.826184e-08
2.491317e-01 1.559950e-08
2.777776e-01 3.488001e-08
3.046874e-01 3.888285e-08
3.046874e-01 2.479512e-08
3.298611e-01 3.941535e-08
3.532986e-01 3.904516e-08
3.532986e-01 2.494766e-08
3.750000e-01 3.580148e-08
3.949653e-01 3.280635e-08
3.949653e-01 1.982403e-08
4.131945e-01 2.784789e-08
4.296876e-01 2.381676e-08
4.296876e-01 1.266301e-08
4.444446e-01 1.872869e-08
4.574654e-01 1.491258e-08
4.574655e-01 6.008200e-09
4.687502e-01 1.072581e-08
4.782988e-01 7.895517e-09
4.782988e-01 1.540147e-09
4.861113e-01 5.021914e-09
4.921877e-01 3.363476e-09
4.921877e-01 -1.913931e-10
4.965280e-01 1.646321e-09
4.991322e-01 7.940944e-10
4.991322e-01 2.054295e-10
5.000003e-01 -3.048964e-10
4.991322e-01 -1.058437e-09
4.991322e-01 1.349765e-09
4.965280e-01 -2.250215e-09
4.921877e-01 -3.668395e-09
4.921877e-01 1.614461e-09
4.861113e-01 -5.638167e-09
4.782988e-01 -8.270329e-09
4.782988e-01 -3.372308e-10
4.687502e-01 -1.143039e-08
4.574654e-01 -1.537131e-08
4.574655e-01 -5.055317e-09
4.444446e-01 -1.960248e-08
4.296876e-01 -2.432616e-08
4.296876e-01 -1.197082e-08
4.131945e-01 -2.886305e-08
3.949653e-01 -3.325525e-08
3.949653e-01 -1.941779e-08
3.750000e-01 -3.674446e-08
3.532986e-01 -3.925821e-08
3.532986e-01 -2.485147e-08
3.298611e-01 -3.990855e-08
3.046874e-01 -3.868939e-08
3.046874e-01 -2.501208e-08
2.777776e-01 -3.447296e-08
2.491317e-01 -2.764307e-08
2.491317e-01 -1.613380e-08
2.187497e-01 -1.708229e-08
1.866316e-01 -4.006402e-09
1.866316e-01 4.146533e-09
1.527774e-01 8.977323e-09
1.171872e-01 1.872643e-08
1.171872e-01 2.045236e-08
7.986092e-02 1.157107e-08
4.079853e-02 3.845471e-09
4.079854e-02 3.845477e-09
4.079855e-02 -4.891913e-09
4.079856e-02 -4.451614e-09
7.986096e-02 -1.283132e-08
1.171872e-01 -2.209549e-08
1.171872e-01 -2.634649e-08
1.527774e-01 -1.641830e-08
1.866316e-01 -1.106333e-08
1.866316e-01 -1.819625e-08
2.187497e-01 -1.772756e-10
2.491317e-01 7.146394e-09
2.491317e-01 -2.544331e-09
2.777776e-01 1.181405e-08
3.046874e-01 1.509789e-08
3.046874e-01 4.400248e-09
3.298611e-01 1.516761e-08
3.532986e-01 1.530135e-08
3.532986e-01 5.002464e-09
3.750000e-01 1.283182e-08
3.949653e-01 1.113812e-08
3.949654e-01 2.106995e-09
4.131946e-01 7.726544e-09
4.296876e-01 5.397295e-09
4.296876e-01 -1.983986e-09
4.444446e-01 2.248836e-09
4.574655e-01 2.607518e-10
4.574655e-01 -5.387529e-09
4.687502e-01 -1.796520e-09
4.782988e-01 -2.783541e-09
4.782988e-01 -6.710825e-09
4.861113e-01 -3.403817e-09
4.921877e-01 -3.204442e-09
4.921877e-01 -5.405331e-09
4.965280e-01 -2.580234e-09
4.991322e-01 -1.545064e-09
4.991322e-01 -2.004682e-09
5.000003e-01 -2.825039e-10
4.991322e-01 8.760258e-10
4.991322e-01 2.158733e-09
4.965280e-01 1.980451e-09
4.921877e-01 2.485569e-09
4.921877e-01 5.490149e-09
4.861113e-01 2.684519e-09
4.782988e-01 1.968268e-09
4.782988e-01 6.680628e-09
4.687502e-01 8.354244e-10
4.574655e-01 -1.209249e-09
4.574655e-01 5.220005e-09
4.444446e-01 -3.569777e-09
4.296876e-01 -6.479425e-09
4.296876e-01 1.640280e-09
4.131946e-01 -9.422507e-09
3.949654e-01 -1.229579e-08
3.949654e-01 -2.706523e-09
3.750000e-01 -1.475636e-08
3.532986e-01 -1.641475e-08
3.532986e-01 -5.947250e-09
3.298611e-01 -1.699860e-08
3.046874e-01 -1.602391e-08
3.046874e-01 -5.734684e-09
2.777776e-01 -1.303890e-08
2.491317e-01 -7.834581e-09
2.491317e-01 8.518265e-10
2.187497e-01 1.455872e-10
1.866316e-01 1.032790e-08
1.866316e-01 1.603017e-08
1.527774e-01 1.835833e-08
1.171872e-01 2.356603e-08
1.171872e-01 2.320566e-08
7.986096e-02 1.293594e-08
4.079855e-02 3.725355e-09
4.079856e-02 3.725361e-09
4.079857e-02 -4.451618e-09
4.079858e-02 -3.515762e-09
7.986100e-02 -1.317931e-08
1.171872e-01 -2.353892e-08
1.171872e-01 -2.536100e-08
1.527773e-01 -2.134973e-08
1.866315e-01 -2.053365e-08
1.866315e-01 -2.491986e-08
2.187497e-01 -1.232303e-08
2.491317e-01 -6.590060e-09
2.491317e-01 -1.313465e-08
2.777776e-01 -3.450896e-09
3.046874e-01 -5.293910e-10
3.046874e-01 -7.611272e-09
3.298611e-01 -5.032022e-10
3.532986e-01 2.001257e-10
3.532986e-01 -6.234838e-09
3.750000e-01 -1.314495e-09
3.949654e-01 -1.905689e-09
3.949654e-01 -7.113186e-09
4.131946e-01 -3.891909e-09
4.296876e-01 -4.953974e-09
4.296876e-01 -8.817339e-09
4.444446e-01 -6.581056e-09
4.574655e-01 -7.391374e-09
4.574655e-01 -1.006921e-08
4.687502e-01 -8.012231e-09
4.782988e-01 -8.006881e-09
4.782988e-01 -9.736434e-09
4.861113e-01 -7.302236e-09
4.921877e-01 -6.266613e-09
4.921877e-01 -7.229445e-09
4.965280e-01 -4.398998e-09
4.991322e-01 -2.606110e-09
4.991322e-01 -2.905806e-09
5.000002e-01 -1.555131e-10
4.991322e-01 1.764198e-09
4.991322e-01 2.106284e-09
4.965280e-01 4.033017e-09
4.921877e-01 5.380186e-09
4.921877e-01 6.433622e-09
4.861113e-01 6.767974e-09
4.782988e-01 7.031902e-09
4.782988e-01 8.949647e-09
4.687502e-01 7.172226e-09
4.574655e-01 6.294293e-09
4.574655e-01 9.285981e-09
4.444446e-01 5.315267e-09
4.296876e-01 3.725893e-09
4.296876e-01 7.994149e-09
4.131946e-01 2.174600e-09
3.949654e-01 5.757146e-10
3.949654e-01 6.161814e-09
3.750000e-01 -7.582392e-10
3.532986e-01 -1.559647e-09
3.532986e-01 5.060609e-09
3.298611e-01 -1.697936e-09
3.046874e-01 -7.531414e-10
3.046874e-01 6.164160e-09
2.777776e-01 1.532097e-09
2.491317e-01 5.427830e-09
2.491317e-01 1.146454e-08
2.187497e-01 1.128832e-08
1.866315e-01 1.889277e-08
1.866315e-01 2.305419e-08
1.527774e-01 2.214705e-08
1.171872e-01 2.379305e-08
1.171872e-01 2.308383e-08
7.986100e-02 1.197961e-08
4.079857e-02 3.488955e-09
4.079858e-02 3.488959e-09
4.079859e-02 -3.515766e-09
4.079860e-02 -1.880448e-09
7.986104e-02 -1.139035e-08
1.171872e-01 -2.045505e-08
1.171872e-01 -1.965180e-08
1.527773e-01 -2.082250e-08
1.866315e-01 -2.342437e-08
1.866315e-01 -2.512147e-08
2.187496e-01 -1.757441e-08
2.491317e-01 -1.299021e-08
2.491317e-01 -1.663041e-08
2.777776e-01 -1.100380e-08
3.046874e-01 -8.395569e-09
3.046874e-01 -1.225995e-08
3.298611e-01 -8.148624e-09
3.532986e-01 -7.063035e-09
3.532986e-01 -1.021205e-08
3.750000e-01 -7.619540e-09
3.949654e-01 -7.463988e-09
3.949654e-01 -9.551645e-09
4.131946e-01 -8.261042e-09
4.296876e-01 -8.539078e-09
4.296876e-01 -9.617247e-09
4.444446e-01 -9.080723e-09
4.574655e-01 -9.307475e-09
4.574655e-01 -9.678420e-09
4.687502e-01 -9.110957e-09
4.782988e-01 -8.822503e-09
4.782988e-01 -8.866947e-09
4.861113e-01 -7.578125e-09
4.921877e-01 -6.523389e-09
4.921877e-01 -6.546965e-09
4.965280e-01 -4.318650e-09
4.991322e-01 -2.654631e-09
4.991322e-01 -2.834523e-09
5.000002e-01 3.053078e-11
4.991322e-01 1.811266e-09
4.991322e-01 1.435475e-09
4.965280e-01 4.330394e-09
4.921877e-01 5.662936e-09
4.921877e-01 5.224484e-09
4.861113e-01 7.440930e-09
4.782988e-01 7.932541e-09
4.782988e-01 7.676183e-09
4.687502e-01 8.702480e-09
4.574655e-01 8.394743e-09
4.574655e-01 8.642591e-09
4.444446e-01 8.333810e-09
4.296876e-01 7.638007e-09
4.296876e-01 8.709524e-09
4.131946e-01 7.214607e-09
3.949654e-01 6.645414e-09
3.949654e-01 8.722364e-09
3.750000e-01 6.412009e-09
3.532986e-01 6.432444e-09
3.532986e-01 9.418918e-09
3.298611e-01 6.988362e-09
3.046874e-01 8.106622e-09
3.046874e-01 1.149494e-08
2.777776e-01 1.020785e-08
2.491317e-01 1.319749e-08
2.491317e-01 1.597386e-08
2.187496e-01 1.769177e-08
1.866315e-01 2.328489e-08
1.866315e-01 2.474533e-08
1.527773e-01 2.238734e-08
1.171872e-01 2.181129e-08
1.171873e-01 2.007503e-08
7.986103e-02 9.844938e-09
4.079859e-02 2.910207e-09
4.079860e-02 2.910211e-09
4.079861e-02 -1.880451e-09
4.079861e-02 -4.226547e-10
7.986106e-02 -8.068680e-09
1.171873e-01 -1.527841e-08
1.171873e-01 -1.284893e-08
1.527773e-01 -1.722179e-08
1.866315e-01 -2.187348e-08
1.866315e-01 -2.209207e-08
2.187496e-01 -1.812767e-08
2.491317e-01 -1.425037e-08
2.491317e-01 -1.572587e-08
2.777776e-01 -1.291443e-08
3.046874e-01 -1.059623e-08
3.046874e-01 -1.198956e-08
3.298611e-01 -9.939459e-09
3.532986e-01 -8.659894e-09
3.532986e-01 -9.384581e-09
3.750000e-01 -8.348358e-09
3.949654e-01 -7.750982e-09
3.949654e-01 -7.643521e-09
4.131946e-01 -7.620026e-09
4.296876e-01 -7.481681e-09
4.296876e-01 -6.673710e-09
4.444446e-01 -7.311523e-09
4.574655e-01 -7.365632e-09
4.574655e-01 -6.213553e-09
4.687502e-01 -6.828372e-09
4.782988e-01 -6.722674e-09
4.782988e-01 -5.680225e-09
4.861113e-01 -5.518151e-09
4.921877e-01 -4.969959e-09
4.921877e-01 -4.407177e-09
4.965280e-01 -3.075832e-09
4.991322e-01 -2.097533e-09
4.991322e-01 -2.200516e-09
5.000002e-01 1.593622e-10
4.991322e-01 1.237199e-09
4.991322e-01 4.214057e-10
4.965280e-01 3.368314e-09
4.921877e-01 4.128532e-09
4.921877e-01 2.758945e-09
4.861113e-01 5.711475e-09
4.782988e-01 5.933410e-09
4.782988e-01 4.248220e-09
4.687502e-01 6.813630e-09
4.574655e-01 6.679025e-09
4.574655e-01 5.051673e-09
4.444446e-01 7.103880e-09
4.296876e-01 7.000006e-09
4.296876e-01 5.769251e-09
4.131946e-01 7.356601e-09
3.949654e-01 7.608168e-09
3.949654e-01 6.990165e-09
3.750000e-01 8.244745e-09
3.532986e-01 9.013952e-09
3.532986e-01 8.997187e-09
3.298611e-01 1.021040e-08
3.046874e-01 1.163579e-08
3.046874e-01 1.189676e-08
2.777776e-01 1.373331e-08
2.491317e-01 1.615573e-08
2.491317e-01 1.596760e-08
2.187496e-01 1.969128e-08
1.866315e-01 2.398591e-08
1.866315e-01 2.257950e-08
1.527774e-01 1.978929e-08
1.171873e-01 1.762149e-08
1.171873e-01 1.442135e-08
7.986106e-02 6.710926e-09
4.079861e-02 1.843500e-09
4.079861e-02 1.843503e-09
4.079861e-02 -4.226571e-10
4.079862e-02 3.342418e-10
7.986108e-02 -4.843867e-09
1.171873e-01 -1.057823e-08
1.171873e-01 -8.154977e-09
1.527774e-01 -1.361127e-08
1.866315e-01 -1.877010e-08
1.866315e-01 -1.834732e-08
2.187496e-01 -1.640910e-08
2.491317e-01 -1.288832e-08
2.491317e-01 -1.299217e-08
2.777776e-01 -1.169704e-08
3.046874e-01 -9.562085e-09
3.046874e-01 -9.362786e-09
3.298610e-01 -8.399240e-09
3.532986e-01 -6.993381e-09
3.532986e-01 -6.261996e-09
3.750000e-01 -5.972444e-09
3.949654e-01 -5.108339e-09
3.949654e-01 -3.797448e-09
4.131946e-01 -4.306621e-09
4.296876e-01 -3.959292e-09
4.296876e-01 -2.192984e-09
4.444446e-01 -3.362682e-09
4.574655e-01 -3.449578e-09
4.574655e-01 -1.547286e-09
4.687502e-01 -2.884781e-09
4.782988e-01 -3.180457e-09
4.782988e-01 -1.612255e-09
4.861113e-01 -2.379436e-09
4.921877e-01 -2.588344e-09
4.921877e-01 -1.753752e-09
4.965280e-01 -1.381640e-09
4.991322e-01 -1.335735e-09
4.991322e-01 -1.372738e-09
5.000002e-01 1.451148e-10
4.991322e-01 2.943566e-10
4.991322e-01 -6.290279e-10
4.965280e-01 1.695566e-09
4.921877e-01 1.613217e-09
4.921877e-01 -1.305347e-10
4.861113e-01 2.617215e-09
4.782988e-01 2.333101e-09
4.782988e-01 -2.811407e-11
4.687502e-01 2.958382e-09
4.574655e-01 2.814801e-09
4.574655e-01 2.180415e-10
4.444446e-01 3.372352e-09
4.296876e-01 3.704242e-09
4.296876e-01 1.171944e-09
4.131946e-01 4.476753e-09
3.949654e-01 5.395333e-09
3.949654e-01 3.090911e-09
3.750000e-01 6.546425e-09
3.532986e-01 7.974645e-09
3.532986e-01 5.891384e-09
3.298610e-01 9.549814e-09
3.046874e-01 1.137579e-08
3.046874e-01 9.329382e-09
2.777776e-01 1.343908e-08
2.491317e-01 1.567887e-08
2.491316e-01 1.327438e-08
2.187496e-01 1.854373e-08
1.866315e-01 2.192684e-08
1.866315e-01 1.885068e-08
1.527774e-01 1.566237e-08
1.171873e-01 1.293698e-08
1.171873e-01 9.328044e-09
7.986108e-02 4.096998e-09
4.079862e-02 6.405238e-10
4.079862e-02 6.405268e-10
4.079861e-02 3.342400e-10
4.079862e-02 2.653054e-10
7.986109e-02 -3.168957e-09
1.171873e-01 -8.361775e-09
1.171873e-01 -6.025340e-09
1.527774e-01 -1.149575e-08
1.866315e-01 -1.584626e-08
1.866315e-01 -1.477696e-08
2.187496e-01 -1.413776e-08
2.491316e-01 -1.066412e-08
2.491316e-01 -9.603277e-09
2.777776e-01 -9.274086e-09
3.046874e-01 -7.176989e-09
3.046874e-01 -6.027766e-09
3.298610e-01 -5.634903e-09
3.532986e-01 -4.099890e-09
3.532986e-01 -2.784979e-09
3.750000e-01 -2.634076e-09
3.949654e-01 -1.580809e-09
3.949654e-01 -2.969660e-11
4.131946e-01 -3.670687e-10
4.296876e-01 1.188496e-10
4.296876e-01 1.907073e-09
4.444446e-01 9.562326e-10
4.574655e-01 8.183715e-10
4.574655e-01 2.688581e-09
4.687502e-01 1.284310e-09
4.782988e-01 5.973169e-10
4.782988e-01 2.169414e-09
4.861113e-01 8.740139e-10
4.921877e-01 -9.658155e-11
4.921877e-01 7.712528e-10
4.965280e-01 3.123104e-10
4.991322e-01 -5.795949e-10
4.991322e-01 -6.344090e-10
5.000002e-01 2.141611e-11
4.991322e-01 -7.921225e-10
4.991322e-01 -1.721476e-09
4.965280e-01 -2.561272e-10
4.921877e-01 -1.188233e-09
4.921877e-01 -2.953462e-09
4.861113e-01 -9.189170e-10
4.782988e-01 -1.658025e-09
4.782988e-01 -3.997409e-09
4.687502e-01 -1.426820e-09
4.574655e-01 -1.535525e-09
4.574655e-01 -4.152336e-09
4.444446e-01 -1.058813e-09
4.296876e-01 -3.507595e-10
4.296876e-01 -3.072484e-09
4.131946e-01 5.117447e-10
3.949654e-01 1.921755e-09
3.949654e-01 -8.667396e-10
3.750000e-01 3.180032e-09
3.532986e-01 5.055828e-09
3.532986e-01 2.141860e-09
3.298610e-01 6.628182e-09
3.046874e-01 8.729715e-09
3.046874e-01 5.602011e-09
2.777776e-01 1.058375e-08
2.491316e-01 1.276173e-08
2.491316e-01 9.382720e-09
2.187496e-01 1.522791e-08
1.866315e-01 1.817788e-08
1.866315e-01 1.490908e-08
1.527774e-01 1.147879e-08
1.171873e-01 8.686269e-09
1.171873e-01 6.889081e-09
7.986109e-02 2.630828e-09
4.079862e-02 4.146419e-11
4.079862e-02 4.146694e-11
4.079862e-02 2.653040e-10
4.079862e-02 2.164997e-10
7.986110e-02 -2.159631e-09
1.171873e-01 -6.171748e-09
1.171873e-01 -3.270481e-09
1.527774e-01 -8.634204e-09
1.866315e-01 -1.155898e-08
1.866315e-01 -9.914649e-09
2.187496e-01 -1.039709e-08
2.491316e-01 -7.431699e-09
2.491316e-01 -5.762580e-09
2.777776e-01 -6.036890e-09
3.046874e-01 -4.150709e-09
3.046874e-01 -2.887790e-09
3.298610e-01 -2.673460e-09
3.532986e-01 -1.203605e-09
3.532986e-01 -2.409914e-10
3.750000e-01 2.938529e-10
3.949654e-01 1.365151e-09
3.949653e-01 2.179606e-09
4.131946e-01 2.690225e-09
4.296876e-01 3.237906e-09
4.296876e-01 4.060871e-09
4.444446e-01 4.189594e-09
4.574655e-01 4.066080e-09
4.574655e-01 4.977175e-09
4.687502e-01 4.478553e-09
4.782988e-01 3.586858e-09
4.782988e-01 4.431844e-09
4.861113e-01 3.489218e-09
4.921877e-01 2.006221e-09
4.921877e-01 2.472965e-09
4.965280e-01 1.740202e-09
4.991322e-01 9.086328e-11
4.991322e-01 -1.216999e-10
5.000002e-01 -8.422860e-11
4.991322e-01 -1.692293e-09
4.991322e-01 -2.459093e-09
4.965280e-01 -1.884412e-09
4.921877e-01 -3.347084e-09
4.921877e-01 -4.618594e-09
4.861113e-01 -3.621061e-09
4.782988e-01 -4.460684e-09
4.782988e-01 -6.018611e-09
4.687502e-01 -4.526966e-09
4.574655e-01 -4.455997e-09
4.574655e-01 -6.216054e-09
4.444446e-01 -4.131668e-09
4.296876e-01 -3.115262e-09
4.296876e-01 -5.069352e-09
4.131946e-01 -2.400902e-09
3.949653e-01 -7.741518e-10
3.949653e-01 -3.017519e-09
3.750000e-01 2.456184e-10
3.532986e-01 2.182004e-09
3.532986e-01 -4.578862e-10
3.298610e-01 3.413466e-09
3.046874e-01 5.403338e-09
3.046874e-01 2.266760e-09
2.777776e-01 6.874058e-09
2.491316e-01 8.741258e-09
2.491316e-01 5.074634e-09
2.187496e-01 1.097358e-08
1.866315e-01 1.356264e-08
1.866315e-01 1.002397e-08
1.527774e-01 7.946145e-09
1.171873e-01 5.372934e-09
1.171873e-01 4.512675e-09
7.986110e-02 1.492574e-09
4.079862e-02 -2.452865e-10
4.079862e-02 -2.452838e-10
4.079862e-02 2.164985e-10
4.079862e-02 5.753091e-11
7.986110e-02 -9.959440e-10
1.171873e-01 -3.747379e-09
1.171873e-01 -1.482998e-09
1.527774e-01 -5.235012e-09
1.866315e-01 -6.191201e-09
1.866315e-01 -4.473688e-09
2.187496e-01 -5.504878e-09
2.491316e-01 -3.763412e-09
2.491316e-01 -2.445622e-09
2.777776e-01 -2.857720e-09
3.046874e-01 -1.522452e-09
3.046874e-01 -8.581251e-10
3.298610e-01 -5.360144e-10
3.532986e-01 5.289542e-10
3.532986e-01 5.666529e-10
3.750000e-01 1.655278e-09
3.949653e-01 2.472102e-09
3.949653e-01 2.007482e-09
4.131946e-01 3.594461e-09
4.296876e-01 4.065960e-09
4.296876e-01 3.297248e-09
4.444446e-01 4.988786e-09
4.574655e-01 4.946463e-09
4.574655e-01 4.156053e-09
4.687502e-01 5.411736e-09
4.782988e-01 4.649881e-09
4.782988e-01 4.038739e-09
4.861113e-01 4.523015e-09
4.921877e-01 3.019860e-09
4.921877e-01 2.543315e-09
4.965280e-01 2.501741e-09
4.991322e-01 6.240320e-10
4.991322e-01 1.202422e-10
5.000002e-01 1.480658e-10
4.991322e-01 -1.649707e-09
4.991322e-01 -2.229544e-09
4.965280e-01 -2.102518e-09
4.921877e-01 -3.331453e-09
4.921877e-01 -3.855828e-09
4.861113e-01 -3.696485e-09
4.782988e-01 -4.132286e-09
4.782988e-01 -4.626504e-09
4.687502e-01 -4.293780e-09
4.574655e-01 -3.873461e-09
4.574655e-01 -4.507908e-09
4.444446e-01 -3.752374e-09
4.296876e-01 -2.682032e-09
4.296876e-01 -3.673335e-09
4.131946e-01 -2.344781e-09
3.949653e-01 -9.663909e-10
3.949653e-01 -2.419043e-09
3.750000e-01 -4.426381e-10
3.532986e-01 1.021270e-09
3.532986e-01 -9.142216e-10
3.298610e-01 1.695991e-09
3.046874e-01 3.049065e-09
3.046874e-01 6.236836e-10
2.777776e-01 3.968629e-09
2.491316e-01 5.027366e-09
2.491316e-01 1.834229e-09
2.187496e-01 6.851700e-09
1.866315e-01 8.558948e-09
1.866315e-01 4.285620e-09
1.527774e-01 4.282225e-09
1.171874e-01 2.681086e-09
1.171874e-01 3.252176e-09
7.986110e-02 1.090827e-09
4.079862e-02 -5.492157e-11
4.079862e-02 -5.491784e-11
4.079862e-02 5.752982e-11
7.986110e-02 -4.450153e-10
1.171873e-01 -1.655584e-09
1.527774e-01 -1.911732e-09
1.866315e-01 -1.517129e-09
2.187496e-01 -1.366759e-09
2.491316e-01 -9.290865e-10
2.777776e-01 -8.023524e-10
3.046874e-01 -5.043871e-10
3.298610e-01 -1.665877e-10
3.532986e-01 1.529682e-10
3.750000e-01 6.547522e-10
3.949653e-01 9.725412e-10
4.131945e-01 1.557860e-09
4.296876e-01 1.810194e-09
4.444446e-01 2.402054e-09
4.574655e-01 2.496632e-09
4.687502e-01 2.919354e-09
4.782988e-01 2.686604e-09
4.861113e-01 2.843477e-09
4.921877e-01 2.311152e-09
4.965280e-01 2.288723e-09
4.991322e-01 1.640776e-09
5.000002e-01 1.635959e-09
4.991322e-01 1.211106e-09
4.965280e-01 1.074596e-09
4.921877e-01 8.531531e-10
4.861113e-01 6.177919e-10
4.782988e-01 6.090011e-10
4.687502e-01 3.396569e-10
4.574655e-01 5.174557e-10
4.444446e-01 2.769009e-10
4.296876e-01 5.482887e-10
4.131946e-01 4.109247e-10
3.949653e-01 7.470221e-10
3.750000e-01 7.465901e-10
3.532986e-01 1.105503e-09
3.298610e-01 1.261156e-09
3.046873e-01 1.565707e-09
2.777776e-01 1.959245e-09
2.491316e-01 2.017864e-09
2.187496e-01 3.065014e-09
1.866315e-01 4.686677e-09
1.527774e-01 1.916080e-09
1.171874e-01 -1.647563e-10
7.986110e-02 -5.491603e-11
4.079862e-02 -0.000000e+00
