1.000000e+00
1.000000e-01
1.000000e+00 0.000000e+00
taylor-hood
rectangle
0.000000e+00 0.000000e+00
0.000000e+00 0.000000e+00
0.000000e+00 0.000000e+00
0.000000e+00 0.000000e+00
0.000000e+00 0.000000e+00
0.000000e+00 0.000000e+00
0.000000e+00 0.000000e+00
0.000000e+00 0.000000e+00
0.000000e+00 0.000000e+00
0.000000e+00 0.000000e+00
0.000000e+00 0.000000e+00
0.000000e+00 0.000000e+00
0.000000e+00 0.000000e+00
0.000000e+00 0.000000e+00
0.000000e+00 0.000000e+00
0.000000e+00 0.000000e+00
0.000000e+00 0.000000e+00
0.000000e+00 0.000000e+00
0.000000e+00 0.000000e+00
0.000000e+00 0.000000e+00
0.000000e+00 0.000000e+00
0.000000e+00 0.000000e+00
0.000000e+00 0.000000e+00
0.000000e+00 0.000000e+00
0.000000e+00 0.000000e+00
0.000000e+00 0.000000e+00
0.000000e+00 0.000000e+00
0.000000e+00 0.000000e+00
0.000000e+00 0.000000e+00
0.000000e+00 0.000000e+00
0.000000e+00 0.000000e+00
0.000000e+00 0.000000e+00
0.000000e+00 0.000000e+00
0.000000e+00 0.000000e+00
0.000000e+00 0.000000e+00
0.000000e+00 0.000000e+00
0.000000e+00 0.000000e+00
0.000000e+00 0.000000e+00
0.000000e+00 0.000000e+00
0.000000e+00 0.000000e+00
0.000000e+00 0.000000e+00
0.000000e+00 0.000000e+00
0.000000e+00 0.000000e+00
0.000000e+00 0.000000e+00
0.000000e+00 0.000000e+00
0.000000e+00 0.000000e+00
0.000000e+00 0.000000e+00
0.000000e+00 0.000000e+00
0.000000e+00 0.000000e+00
1.111400e-01 0.000000e+00
2.044880e-01 0.000000e+00
2.800459e-01 0.000000e+00
3.378176e-01 0.000000e+00
3.777724e-01 0.000000e+00
4.000310e-01 0.000000e+00
4.050049e-01 0.000000e+00
4.050055e-01 0.000000e+00
4.000524e-01 0.000000e+00
3.777426e-01 0.000000e+00
3.377557e-01 0.000000e+00
2.799815e-01 0.000000e+00
2.044319e-01 0.000000e+00
1.111042e-01 0.000000e+00
5.779427e-02 0.000000e+00
1.600378e-01 0.000000e+00
2.444907e-01 0.000000e+00
3.111556e-01 0.000000e+00
3.600188e-01 0.000000e+00
3.911339e-01 0.000000e+00
4.041340e-01 0.000000e+00
4.050065e-01 0.000000e+00
4.041866e-01 0.000000e+00
3.911080e-01 0.000000e+00
3.599700e-01 0.000000e+00
3.110904e-01 0.000000e+00
2.444290e-01 0.000000e+00
1.599902e-01 0.000000e+00
5.777404e-02 0.000000e+00
0.000000e+00 0.000000e+00
0.000000e+00 0.000000e+00
0.000000e+00 0.000000e+00
0.000000e+00 0.000000e+00
0.000000e+00 0.000000e+00
0.000000e+00 0.000000e+00
0.000000e+00 0.000000e+00
0.000000e+00 0.000000e+00
0.000000e+00 0.000000e+00
0.000000e+00 0.000000e+00
0.000000e+00 0.000000e+00
0.000000e+00 0.000000e+00
0.000000e+00 0.000000e+00
0.000000e+00 0.000000e+00
0.000000e+00 0.000000e+00
0.000000e+00 0.000000e+00
0.000000e+00 0.000000e+00
0.000000e+00 0.000000e+00
0.000000e+00 0.000000e+00
0.000000e+00 0.000000e+00
0.000000e+00 0.000000e+00
0.000000e+00 0.000000e+00
0.000000e+00 0.000000e+00
0.000000e+00 0.000000e+00
0.000000e+00 0.000000e+00
0.000000e+00 0.000000e+00
0.000000e+00 0.000000e+00
0.000000e+00 0.000000e+00
0.000000e+00 0.000000e+00
0.000000e+00 0.000000e+00
0.000000e+00 0.000000e+00
0.000000e+00 0.000000e+00
0.000000e+00 0.000000e+00
0.000000e+00 0.000000e+00
0.000000e+00 0.000000e+00
0.000000e+00 0.000000e+00
0.000000e+00 0.000000e+00
0.000000e+00 0.000000e+00
0.000000e+00 0.000000e+00
0.000000e+00 0.000000e+00
0.000000e+00 0.000000e+00
0.000000e+00 0.000000e+00
0.000000e+00 0.000000e+00
0.000000e+00 0.000000e+00
0.000000e+00 0.000000e+00
1.110999e-01 0.000000e+00
2.044259e-01 0.000000e+00
2.799774e-01 0.000000e+00
3.377568e-01 0.000000e+00
3.777430e-01 0.000000e+00
4.000884e-01 0.000000e+00
4.050090e-01 0.000000e+00
4.050100e-01 0.000000e+00
4.001393e-01 0.000000e+00
3.777889e-01 0.000000e+00
3.377982e-01 0.000000e+00
2.800122e-01 0.000000e+00
2.044517e-01 0.000000e+00
1.111145e-01 0.000000e+00
5.777161e-02 0.000000e+00
1.599847e-01 0.000000e+00
2.444235e-01 0.000000e+00
3.110884e-01 0.000000e+00
3.599723e-01 0.000000e+00
3.911310e-01 0.000000e+00
4.041722e-01 0.000000e+00
4.050096e-01 0.000000e+00
4.041862e-01 0.000000e+00
3.911771e-01 0.000000e+00
3.600169e-01 0.000000e+00
3.111268e-01 0.000000e+00
2.444541e-01 0.000000e+00
1.600052e-01 0.000000e+00
5.777947e-02 0.000000e+00
8.555127e-02 1.357419e-07
1.066481e-01 2.743642e-07
8.382986e-02 2.274826e-07
1.047584e-01 2.243514e-07
4.050073e-01 -2.514954e-06
4.050095e-01 9.143641e-07
8.831418e-02 -1.171729e-06
9.527963e-02 4.294766e-07
1.068805e-01 3.769248e-07
1.059187e-01 -3.231702e-07
3.595048e-01 1.622032e-06
3.607595e-01 7.484036e-06
3.599731e-01 -2.079190e-06
3.593195e-01 -6.015632e-06
1.006423e-01 5.604673e-07
9.874531e-02 -3.167632e-06
9.906059e-02 2.971397e-07
1.010550e-01 3.145603e-07
9.926227e-02 -2.991176e-07
8.800097e-02 2.756797e-07
8.702779e-02 -6.315721e-07
9.995908e-02 4.118075e-07
2.483008e-01 -3.148459e-06
2.444537e-01 9.398784e-07
2.452016e-01 -3.398049e-06
2.460008e-01 1.490451e-06
8.402987e-02 -5.447700e-07
9.999821e-02 2.955805e-07
8.267649e-02 2.458325e-07
1.011226e-01 -1.499224e-06
3.109745e-01 3.158882e-06
3.376165e-01 4.320547e-06
3.776359e-01 3.781116e-06
3.598436e-01 4.944052e-06
3.909067e-01 7.245350e-06
3.775474e-01 5.070889e-06
3.998318e-01 3.381955e-06
3.908566e-01 5.682270e-06
4.044495e-01 8.333422e-07
3.998000e-01 3.363991e-06
4.050096e-01 3.489823e-06
4.044135e-01 1.600614e-06
4.050094e-01 3.832693e-06
4.050095e-01 4.147327e-06
4.050092e-01 4.145147e-06
4.050094e-01 4.451338e-06
4.046728e-01 4.860029e-06
4.046537e-01 3.619417e-06
4.050092e-01 4.747063e-06
4.050095e-01 4.748237e-06
4.050094e-01 5.027627e-06
4.046800e-01 4.924277e-06
4.050092e-01 5.279972e-06
4.050094e-01 5.311699e-06
4.050091e-01 5.323026e-06
4.046733e-01 6.257796e-06
4.050093e-01 4.970836e-06
4.050088e-01 5.006822e-06
4.050089e-01 4.353094e-06
4.046886e-01 4.917997e-06
4.050095e-01 3.255457e-06
4.050079e-01 3.324803e-06
4.050084e-01 1.665588e-06
4.047000e-01 3.035462e-06
4.050098e-01 -7.764849e-07
4.050068e-01 -7.234130e-07
4.009675e-01 -1.965653e-06
4.047148e-01 -2.459844e-06
3.905912e-01 4.669838e-06
3.928709e-01 -2.497881e-06
4.010075e-01 -6.696547e-06
3.804949e-01 -5.202382e-06
3.804349e-01 -8.079305e-07
4.050094e-01 3.132406e-06
4.050101e-01 -7.007202e-06
3.929265e-01 -7.532340e-06
3.638049e-01 -7.394871e-06
3.596463e-01 4.477310e-06
3.427093e-01 -3.832852e-06
3.173852e-01 -5.231549e-06
3.805825e-01 -1.174968e-05
4.010763e-01 -1.869142e-05
3.109666e-01 3.602261e-06
2.876259e-01 -2.639581e-06
3.930254e-01 -1.876159e-05
3.639657e-01 -1.603644e-05
4.047652e-01 -8.040051e-06
2.537398e-01 -3.298607e-06
4.044697e-01 1.488994e-06
3.172132e-01 -1.635031e-06
2.536397e-01 -9.423429e-07
2.874473e-01 -1.407349e-07
2.877317e-01 -6.266940e-06
4.050100e-01 -1.388922e-05
4.050080e-01 -1.740139e-05
4.050059e-01 -1.390649e-05
4.042689e-01 -3.951811e-05
3.992266e-01 -4.653751e-05
3.899634e-01 -7.251629e-05
3.762236e-01 -4.735877e-05
3.898766e-01 -3.285649e-05
3.576982e-01 -3.329656e-05
3.357052e-01 -3.735891e-05
3.761915e-01 -2.331878e-05
3.352679e-01 -2.177244e-05
3.582524e-01 -1.517498e-05
3.070093e-01 -1.315822e-05
3.358471e-01 -8.743914e-06
2.737336e-01 -1.620445e-05
2.745269e-01 -6.839226e-06
3.089268e-01 -4.000557e-06
3.584226e-01 -4.032203e-06
3.362566e-01 -7.931969e-07
2.792997e-01 -1.076161e-06
3.105256e-01 9.170746e-07
3.585876e-01 1.876998e-06
3.366103e-01 2.768860e-06
2.791439e-01 1.631178e-06
3.092755e-01 2.838993e-06
3.585681e-01 4.102906e-06
3.364982e-01 3.713432e-06
2.784034e-01 2.360497e-06
3.101494e-01 2.784571e-06
3.587105e-01 3.879700e-06
3.367101e-01 2.855035e-06
2.797627e-01 1.979460e-06
3.104695e-01 2.194448e-06
3.765554e-01 3.334633e-06
3.991774e-01 -1.499325e-05
2.461271e-01 1.435997e-06
2.801010e-01 1.955666e-06
1.919299e-01 9.241540e-07
2.451241e-01 1.740737e-06
3.106502e-01 2.798269e-06
2.800702e-01 2.612341e-06
4.002536e-01 -8.076738e-06
4.016459e-01 -6.871229e-05
2.160259e-01 -7.932921e-09
2.541039e-01 6.984510e-07
3.170247e-01 9.939835e-07
2.873100e-01 1.660206e-06
3.421971e-01 2.364931e-06
3.167313e-01 2.712365e-06
3.631642e-01 3.529701e-06
3.419668e-01 3.613761e-06
2.869377e-01 2.535345e-06
3.164487e-01 3.280090e-06
3.629605e-01 4.412132e-06
3.417119e-01 3.870129e-06
2.866157e-01 2.718729e-06
3.161442e-01 3.332348e-06
2.524711e-01 2.145425e-06
2.862608e-01 2.899637e-06
3.414438e-01 3.974432e-06
3.158231e-01 3.793695e-06
3.625191e-01 4.805054e-06
3.411718e-01 4.905891e-06
2.867225e-01 3.550338e-06
3.163418e-01 4.817376e-06
3.625774e-01 5.979723e-06
3.408852e-01 5.925032e-06
2.844941e-01 4.215547e-06
3.131817e-01 5.253704e-06
3.619201e-01 6.421246e-06
3.402993e-01 5.962097e-06
3.791299e-01 6.584942e-06
2.822786e-01 4.213614e-06
3.141956e-01 4.851789e-06
2.496761e-01 3.016906e-06
3.920379e-01 8.070029e-06
4.004544e-01 4.086201e-06
3.919275e-01 6.427966e-06
4.045945e-01 2.694269e-06
4.003937e-01 4.759317e-06
3.798206e-01 4.450525e-06
3.900221e-01 4.957828e-06
3.795153e-01 4.705482e-06
3.800510e-01 2.911619e-06
2.191092e-01 9.943276e-07
2.193756e-01 -3.513588e-06
2.544075e-01 -6.047505e-06
2.183311e-01 1.687936e-06
2.277301e-01 1.720893e-06
2.029921e-01 2.246113e-06
2.057810e-01 1.064935e-06
2.059168e-01 1.432451e-06
2.451953e-01 2.250926e-06
3.763754e-01 -1.895909e-05
1.729973e-01 -3.885496e-07
1.265237e-01 8.853802e-09
1.763849e-01 -1.580657e-06
1.624259e-01 9.983335e-07
2.026914e-01 1.624311e-06
1.578384e-01 9.408514e-07
1.693871e-01 1.452712e-06
1.609465e-01 1.439370e-06
2.827898e-01 3.399849e-06
3.788808e-01 6.484174e-06
2.422236e-01 2.281842e-06
2.474538e-01 3.339248e-06
2.096476e-01 2.333012e-06
1.048033e-01 5.873009e-07
3.992651e-01 5.979293e-06
3.900667e-01 1.656787e-06
2.027348e-01 1.346553e-06
2.794027e-01 3.048402e-06
3.922720e-01 5.154927e-06
3.373357e-01 3.804563e-06
3.914550e-01 -3.293431e-06
3.592990e-01 3.301024e-06
4.050091e-01 1.649083e-06
3.925009e-01 5.479433e-06
3.924905e-01 4.890506e-06
4.043083e-01 5.207024e-06
1.714303e-01 -2.668389e-06
2.164896e-01 -4.051982e-06
2.860344e-01 -7.686981e-06
3.133595e-01 -3.812842e-06
3.417366e-01 -1.329965e-05
3.808513e-01 -1.745830e-05
4.046206e-01 4.408067e-06
2.793589e-01 2.167748e-06
4.043580e-01 4.688770e-06
3.994724e-01 6.616316e-06
3.375415e-01 4.443823e-06
3.988171e-01 -3.410493e-06
3.910458e-01 1.526474e-05
4.045157e-01 -9.261697e-07
3.119780e-01 9.466732e-07
2.135338e-01 1.740329e-06
3.110559e-01 -4.886359e-06
2.799836e-01 -1.140130e-05
2.042360e-01 -6.606291e-06
2.446176e-01 -1.551185e-05
3.108086e-01 -2.599990e-05
1.596659e-01 -6.564675e-06
2.034544e-01 -1.297300e-05
1.538347e-01 -7.066576e-06
2.375032e-01 -1.647182e-05
1.925951e-01 -8.795024e-06
2.283217e-01 -8.036464e-06
1.995200e-01 -3.586928e-06
2.435590e-01 -2.829724e-06
1.924428e-01 -5.954338e-07
3.054547e-01 -2.575506e-05
3.637615e-01 -2.399657e-06
2.132652e-01 -1.388795e-06
3.773211e-01 4.294575e-06
4.050094e-01 2.285728e-06
2.791276e-01 -2.452641e-05
2.537959e-01 1.732181e-06
2.122188e-01 1.384421e-06
1.740923e-01 8.202285e-07
1.630824e-01 8.540410e-07
2.410152e-01 1.898614e-06
2.445885e-01 1.695436e-06
2.004182e-01 1.197544e-06
1.611508e-01 7.231507e-07
1.560111e-01 6.815941e-07
2.426566e-01 1.636945e-06
2.052337e-01 8.411683e-07
3.909640e-01 2.044559e-05
4.045395e-01 1.336004e-05
4.050101e-01 -1.009752e-05
1.720813e-01 9.880327e-07
3.898756e-01 -1.209621e-05
4.042325e-01 -7.417432e-06
3.993132e-01 -7.171153e-06
4.050060e-01 -6.989165e-06
4.043341e-01 -1.980821e-06
3.994626e-01 2.060759e-06
3.901446e-01 -1.364784e-06
4.007378e-01 4.913023e-06
3.923988e-01 7.642701e-06
3.764277e-01 4.109730e-06
3.901750e-01 6.274346e-06
3.994438e-01 4.187897e-06
4.042252e-01 -1.758013e-05
9.528231e-02 2.080178e-07
2.533868e-01 2.498434e-06
2.179441e-01 2.087575e-06
3.763546e-01 -8.039697e-06
4.043693e-01 4.022907e-06
3.998928e-01 3.565565e-06
9.641590e-02 7.648281e-09
3.423913e-01 -3.930320e-07
4.008702e-01 5.068440e-06
3.796531e-01 5.247287e-06
3.799194e-01 4.486299e-06
4.050080e-01 -1.043808e-05
3.627446e-01 4.140723e-06
3.588245e-01 2.784386e-06
3.764867e-01 5.032752e-06
9.911568e-02 -2.340194e-06
1.071852e-01 -9.523860e-07
8.810443e-02 3.163564e-07
9.528281e-02 2.425343e-07
3.428147e-01 -8.992670e-06
3.901653e-01 3.413259e-06
4.050081e-01 -3.572232e-06
4.043415e-01 2.484485e-06
3.633013e-01 1.224758e-06
4.050099e-01 1.649676e-06
3.369476e-01 2.609684e-06
3.927878e-01 1.523372e-06
4.047240e-01 -8.918177e-06
3.994346e-01 -5.249411e-07
3.765627e-01 4.287187e-07
3.109102e-01 3.556594e-06
4.008942e-01 2.652388e-06
4.007689e-01 3.853892e-06
4.005755e-01 3.368656e-06
3.618968e-01 5.870885e-06
3.923335e-01 4.845618e-06
3.582165e-01 -3.725887e-05
3.768535e-01 3.165792e-06
3.171016e-01 -9.889886e-06
3.398573e-01 4.282037e-06
3.792133e-01 6.706624e-06
3.370336e-01 -1.533637e-05
4.050092e-01 3.491004e-06
4.045722e-01 2.071616e-06
4.050092e-01 2.721850e-06
4.050096e-01 2.720722e-06
4.006851e-01 3.399997e-06
1.751922e-01 1.188223e-06
1.614083e-01 4.725231e-07
1.605295e-01 -1.326607e-06
1.592266e-01 5.932038e-07
1.620196e-01 -1.705305e-06
2.442584e-01 3.832484e-07
1.655265e-01 3.418814e-07
8.532758e-02 -7.049103e-07
8.830757e-02 2.047659e-07
2.508761e-01 3.078818e-06
4.050027e-01 -7.470066e-06
8.924135e-02 -4.440837e-07
8.599085e-02 2.433135e-07
1.718203e-01 6.953677e-07
8.402287e-02 3.479383e-07
8.485950e-02 -7.424121e-08
1.726458e-01 8.792671e-07
1.729703e-01 2.146891e-07
1.713604e-01 -1.501531e-06
7.645575e-02 1.613380e-07
7.698710e-02 2.288145e-07
7.489155e-02 -1.488913e-06
4.049963e-01 -1.687790e-06
7.448500e-02 2.254908e-07
7.230678e-02 1.528384e-07
7.188911e-02 -1.605781e-06
1.575175e-01 -4.544898e-06
1.690321e-01 1.410123e-06
7.307071e-02 3.052056e-07
8.182369e-02 2.176644e-07
8.161626e-02 1.082302e-07
7.630328e-02 -2.175159e-07
8.163600e-02 -3.684645e-07
7.869594e-02 1.091503e-07
1.491684e-01 4.799050e-07
1.461541e-01 -1.877365e-06
1.490820e-01 9.828591e-07
1.512851e-01 7.953056e-07
4.050041e-01 -1.316054e-05
1.451675e-01 9.007900e-07
1.525151e-01 -1.655393e-06
7.778635e-02 5.728391e-08
1.656093e-01 8.986679e-07
3.848735e-01 9.422910e-06
1.590669e-01 -3.292212e-06
1.458585e-01 5.114454e-07
1.458588e-01 5.481815e-07
9.528255e-02 2.220982e-07
1.309837e-01 4.304841e-07
1.575453e-01 4.934239e-07
1.812992e-01 8.129412e-07
1.587079e-01 6.222699e-07
1.345860e-01 4.705920e-07
1.840291e-01 8.957961e-07
1.479634e-01 -5.047790e-07
1.466598e-01 -1.642619e-07
9.784065e-02 -1.272605e-07
4.026713e-01 -5.802153e-05
4.043373e-01 -5.256878e-06
4.049194e-01 -1.645544e-05
1.553415e-01 -3.674216e-06
1.825091e-01 -6.975302e-06
1.311775e-01 -3.531530e-06
2.913481e-01 -9.690324e-06
2.522978e-01 -7.684372e-06
2.705434e-01 -1.083195e-05
1.597870e-01 7.842294e-07
1.329528e-01 5.596749e-07
1.883472e-01 1.118787e-06
1.405214e-01 -4.017202e-07
1.936109e-01 -8.006835e-07
1.625631e-01 -7.892874e-07
3.806728e-01 -1.895725e-05
3.874677e-01 -1.771782e-05
3.729664e-01 -1.881020e-05
1.423336e-01 -8.015626e-07
1.952304e-01 -1.532744e-06
1.859738e-01 1.886686e-06
1.600302e-01 1.363113e-06
1.336010e-01 9.808347e-07
1.296778e-01 5.845444e-07
1.808485e-01 1.146568e-06
1.539943e-01 7.130242e-07
1.588890e-01 8.444326e-07
1.847079e-01 1.222960e-06
1.353681e-01 6.549926e-07
2.039370e-01 1.345796e-06
1.643475e-01 8.795868e-07
2.050901e-01 1.378016e-06
2.327624e-01 -3.892198e-06
2.532545e-01 -5.698022e-06
2.678161e-01 -5.420480e-06
1.935854e-01 1.091567e-06
1.388263e-01 5.628291e-07
9.173374e-02 2.147896e-07
1.203782e-01 4.006485e-07
2.068456e-01 -2.130433e-06
1.894173e-01 -2.571702e-06
2.065573e-01 2.350003e-06
2.290585e-01 2.843382e-06
2.269081e-01 1.644477e-06
3.684264e-01 -2.779608e-06
3.774994e-01 1.037405e-05
3.843290e-01 3.257651e-06
4.049397e-01 3.625157e-06
4.028291e-01 4.108400e-05
3.907504e-01 -1.750158e-05
3.961776e-01 1.520849e-05
2.391432e-01 -5.206121e-06
2.141922e-01 -5.521264e-06
1.188487e-01 -3.682113e-06
8.814280e-02 -1.591936e-06
1.544302e-01 1.307583e-06
1.824659e-01 1.844561e-06
1.316257e-01 9.681264e-07
3.534511e-01 -1.547640e-05
3.636054e-01 -1.697327e-05
8.736965e-02 2.740841e-07
1.176728e-01 5.445775e-07
2.561696e-01 -1.688030e-05
2.355934e-01 -1.258796e-05
2.157146e-01 -1.237194e-05
1.823922e-01 8.974381e-07
1.353512e-01 5.151917e-07
2.982896e-01 4.761308e-06
2.825226e-01 4.307896e-06
2.654093e-01 3.817151e-06
4.028898e-01 3.582520e-05
4.049530e-01 -4.459892e-06
1.361133e-01 9.844620e-07
1.865126e-01 1.853598e-06
2.344373e-01 1.812730e-06
1.978341e-01 1.290450e-06
5.435941e-02 1.598160e-07
5.435973e-02 1.538543e-07
1.533931e-01 -1.727248e-06
1.827131e-01 -2.909447e-06
3.001423e-01 -6.931375e-06
2.829996e-01 -3.909391e-06
2.909780e-01 -1.500030e-05
2.518690e-01 -1.172140e-05
1.736209e-01 -8.142314e-06
1.479802e-01 -5.213189e-06
1.271479e-01 -4.408528e-06
1.320861e-01 6.954591e-07
1.830150e-01 1.309699e-06
1.539523e-01 9.559624e-07
4.049183e-01 -2.010920e-05
4.050090e-01 -1.374858e-05
1.365211e-01 -7.566854e-07
1.820261e-01 -1.051162e-06
3.979799e-01 -2.957500e-05
3.936180e-01 -2.496371e-05
2.348085e-01 2.565108e-06
1.941974e-01 1.759890e-06
2.121248e-01 2.212435e-06
1.349067e-01 4.219115e-07
1.819884e-01 7.880289e-07
4.923462e-02 1.187382e-07
1.000601e-01 5.054807e-07
1.213145e-01 5.600069e-07
9.211230e-02 3.009465e-07
1.522796e-01 6.938445e-07
1.812151e-01 9.581545e-07
1.309848e-01 5.020565e-07
1.282683e-01 4.927960e-07
1.787593e-01 9.402228e-07
1.808258e-01 1.275376e-06
1.296590e-01 6.838621e-07
1.828131e-01 -1.073825e-07
1.360548e-01 7.517007e-08
1.156722e-01 3.812203e-07
8.874066e-02 1.992461e-07
2.973173e-01 -1.340311e-06
3.260275e-01 -6.512537e-07
1.538283e-01 -7.500257e-06
1.793258e-01 -1.008229e-05
1.269729e-01 -5.178475e-06
1.300488e-01 -5.080172e-06
1.820986e-01 -9.756312e-06
4.050074e-01 -8.000414e-07
4.049517e-01 -6.674515e-07
3.960161e-01 9.720572e-06
4.001225e-01 3.500596e-05
2.736769e-01 -2.134250e-05
2.901413e-01 -2.076975e-05
8.564767e-02 -2.005731e-06
1.143057e-01 -3.963804e-06
2.108692e-01 -8.657859e-06
2.590568e-01 -2.083222e-05
2.926769e-01 -2.628457e-05
3.237343e-01 -3.385961e-05
3.095125e-01 -3.070089e-05
2.955409e-01 -2.643043e-05
3.365660e-01 -3.278217e-05
3.475110e-01 -4.069502e-05
4.003405e-01 -3.364989e-05
4.043388e-01 -3.732125e-05
4.037646e-01 -1.602089e-05
2.993247e-01 4.755027e-06
2.665935e-01 3.811012e-06
3.299254e-01 -1.182899e-05
3.427394e-01 -1.220643e-05
3.244564e-01 -2.205141e-05
3.481209e-01 -2.741100e-05
3.678508e-01 -3.072005e-05
3.587984e-01 -1.759917e-05
2.450926e-01 3.228350e-06
2.259128e-01 2.803769e-06
3.488313e-01 -7.530355e-06
1.324216e-01 -1.795131e-06
1.836315e-01 -3.624575e-06
1.399613e-01 2.826033e-07
1.894037e-01 5.141600e-07
4.050007e-01 -4.400226e-06
4.029803e-01 1.647968e-05
1.891346e-01 8.593164e-07
1.402366e-01 4.647292e-07
2.943778e-01 2.661580e-06
2.610847e-01 2.033953e-06
2.781519e-01 2.201825e-06
1.407861e-01 6.189988e-07
1.896024e-01 1.137420e-06
2.016406e-01 1.124316e-06
2.244297e-01 1.237802e-06
2.645878e-01 -1.640451e-06
3.490578e-01 -8.729398e-07
3.383210e-01 -3.902880e-06
3.212628e-01 -3.134272e-05
1.345684e-01 -9.609373e-07
9.763662e-02 -3.912154e-07
3.470258e-01 -2.685374e-05
3.210223e-01 -2.427980e-05
3.339793e-01 -3.003790e-05
1.825514e-01 8.613600e-07
1.315651e-01 4.183420e-07
6.621548e-02 2.875815e-09
1.060546e-01 -5.272622e-08
4.367556e-02 -9.795979e-09
1.297241e-01 5.520882e-07
1.688564e-01 9.393660e-07
1.262190e-01 5.201508e-07
3.160672e-01 -1.013903e-05
3.021544e-01 -9.396360e-06
3.992921e-02 1.082873e-08
1.026461e-01 5.730830e-08
2.789371e-01 2.995313e-06
2.614147e-01 2.721738e-06
2.957543e-01 3.394828e-06
9.547873e-02 -1.763403e-07
1.306987e-01 -1.988155e-07
2.649995e-01 2.425119e-06
2.811871e-01 1.880357e-06
2.978813e-01 2.983969e-06
2.208727e-01 -1.521577e-05
2.435075e-01 -1.862672e-05
2.500971e-01 2.388932e-06
2.301441e-01 1.633113e-06
3.386082e-01 1.243795e-06
3.508106e-01 4.359332e-06
3.265364e-01 2.392257e-06
2.417383e-01 1.755536e-06
2.221471e-01 1.453982e-06
2.947239e-01 2.235467e-06
2.614798e-01 1.706658e-06
3.135499e-01 4.243843e-06
8.491127e-02 2.349838e-07
1.307251e-01 5.670934e-07
2.594545e-01 -4.578228e-06
2.222024e-01 -3.331301e-06
3.704132e-01 1.057909e-05
3.783235e-01 9.834208e-06
3.856891e-01 8.493467e-06
3.697703e-01 3.633905e-06
3.851981e-01 -1.533451e-05
4.049541e-01 6.457649e-07
4.028093e-01 2.494845e-05
3.069134e-01 -1.943177e-05
8.857727e-02 3.129415e-07
3.472245e-01 -3.711536e-05
3.962381e-01 -1.252008e-05
3.615577e-01 5.212290e-06
1.872265e-01 1.127447e-06
1.806528e-01 1.341818e-06
1.522459e-01 7.959067e-07
3.744341e-02 7.990293e-08
8.913618e-02 4.369002e-07
1.235796e-01 -9.865454e-07
1.159264e-01 -1.113942e-06
4.001485e-01 -3.326096e-06
2.229940e-01 1.951318e-06
2.022254e-01 1.537631e-06
4.050095e-01 4.299049e-06
4.048999e-01 1.771138e-06
4.049250e-01 4.524330e-06
1.977806e-01 -1.149563e-05
4.049209e-01 5.104602e-06
4.024417e-01 -1.242652e-05
4.040502e-01 3.796540e-08
3.971000e-01 9.084149e-06
3.923719e-01 4.983470e-06
3.865787e-01 6.701931e-06
2.241958e-01 1.329432e-06
2.433158e-01 1.924461e-06
2.624405e-01 1.562715e-06
4.006146e-01 4.756295e-06
3.970484e-01 2.404844e-06
4.031532e-01 -1.135291e-05
4.023463e-01 1.445408e-05
4.049647e-01 4.496193e-06
4.043316e-01 4.250602e-06
4.030998e-01 1.995370e-05
2.308720e-01 2.729681e-06
1.898191e-01 1.850295e-06
3.796874e-01 6.495937e-06
3.716621e-01 5.978739e-06
3.865025e-01 4.214000e-06
3.953551e-01 1.976226e-06
4.024071e-01 -8.922057e-06
3.994494e-01 6.564942e-06
3.969409e-01 7.255857e-06
4.040500e-01 3.919011e-06
4.049114e-01 6.899058e-06
3.771386e-01 3.525655e-06
3.844916e-01 5.693664e-06
3.688710e-01 4.348841e-06
2.433213e-01 2.334657e-06
3.686044e-01 2.512333e-06
3.842914e-01 2.093606e-06
2.957341e-01 2.803121e-06
2.613911e-01 2.463436e-06
3.953727e-01 1.082958e-05
4.024168e-01 2.139551e-05
3.867122e-01 4.198302e-06
3.925459e-01 4.629169e-06
3.972298e-01 2.983333e-06
3.490466e-01 4.052892e-06
3.595234e-01 4.231225e-06
3.690257e-01 3.891884e-06
3.282028e-01 -8.195171e-06
3.508839e-01 -1.142971e-05
4.007224e-01 6.088742e-06
4.032205e-01 -9.937440e-06
3.488540e-01 3.919398e-06
3.491402e-01 4.795823e-06
3.247781e-01 4.046355e-06
3.374754e-01 4.127827e-06
4.040234e-01 6.275313e-06
4.049020e-01 7.264710e-06
4.022848e-01 -1.060367e-05
2.493201e-01 3.278283e-06
4.023360e-01 2.092838e-05
4.049122e-01 3.000709e-06
3.709341e-01 -1.504244e-05
4.050095e-01 4.599620e-06
2.116151e-01 2.234100e-06
1.920325e-01 1.693902e-06
2.320770e-01 2.356070e-06
4.050087e-01 -6.306976e-06
4.049674e-01 5.263977e-06
4.043687e-01 4.465405e-06
4.031871e-01 2.049738e-05
3.971619e-01 7.396580e-06
3.993916e-01 5.225131e-06
3.953108e-01 1.688309e-06
4.024081e-01 -8.930765e-06
3.246659e-01 3.631959e-06
2.049664e-01 9.393434e-07
3.901898e-01 5.798281e-06
3.838844e-01 7.015430e-06
2.667285e-01 3.161693e-06
4.050093e-01 1.284922e-06
4.050097e-01 1.277621e-06
4.050095e-01 1.646859e-06
3.248484e-01 4.023260e-06
2.957385e-01 2.117261e-06
3.107376e-01 2.733506e-06
3.107117e-01 3.709698e-06
3.248041e-01 4.029294e-06
2.946100e-01 -2.321234e-06
2.619873e-01 -2.004804e-06
2.783510e-01 -3.530005e-06
1.554879e-01 -2.110601e-06
1.856659e-01 -2.390923e-06
1.402449e-01 -1.299315e-06
2.923832e-01 -5.562664e-06
2.230147e-01 1.842557e-06
3.913314e-01 -1.882477e-05
2.008539e-01 1.341185e-06
3.951745e-01 8.931346e-06
4.040024e-01 -4.785459e-06
4.048957e-01 2.580212e-06
4.023251e-01 -1.650616e-05
3.837935e-01 3.544475e-06
3.953635e-01 -1.079039e-06
3.839115e-01 4.814417e-07
3.902108e-01 1.362364e-06
3.861726e-01 7.705630e-06
3.969228e-01 9.586273e-06
3.921730e-01 6.088961e-06
3.764862e-01 -3.281084e-06
3.679303e-01 -6.599663e-06
3.838095e-01 -6.364813e-06
4.023807e-01 1.810131e-05
4.049051e-01 2.090654e-06
4.049423e-01 2.194965e-06
4.050097e-01 1.958480e-06
4.049422e-01 1.812662e-06
4.048749e-01 -6.685041e-06
4.022377e-01 6.665912e-06
3.996353e-01 4.589943e-06
3.955183e-01 -3.173001e-07
4.049680e-01 4.880170e-06
4.031323e-01 -1.188225e-05
4.050093e-01 1.996549e-06
4.049146e-01 -4.097188e-06
4.050075e-01 -2.150875e-06
1.222469e-01 4.488952e-07
1.147629e-01 5.166749e-07
3.953549e-01 5.279135e-06
3.838992e-01 9.666719e-07
3.902951e-01 2.546006e-06
4.050093e-01 4.760871e-07
4.049545e-01 1.058407e-06
4.006864e-01 5.346019e-06
3.969651e-01 2.381802e-06
4.032284e-01 2.101206e-05
3.971641e-01 7.013551e-06
2.957241e-01 3.337654e-06
4.048691e-01 -1.971312e-06
4.050071e-01 -5.281069e-06
3.248457e-01 3.765217e-06
4.023862e-01 -1.084043e-05
3.994030e-01 3.580586e-06
2.799247e-01 1.354337e-06
4.050081e-01 -6.998412e-06
4.050070e-01 -8.713583e-06
4.050090e-01 -8.718277e-06
4.007483e-01 5.619645e-06
4.032451e-01 1.974141e-05
3.972418e-01 6.363394e-06
3.714104e-01 6.210298e-06
3.863919e-01 6.043129e-06
4.050091e-01 -5.289411e-06
4.049142e-01 6.848804e-06
4.040694e-01 5.822485e-06
3.952589e-01 -7.222723e-06
3.900168e-01 -7.051538e-06
2.387060e-01 -8.859346e-07
2.188780e-01 -1.476109e-06
3.953514e-01 8.402744e-06
4.050085e-01 3.817076e-06
4.049280e-01 4.009322e-06
4.049044e-01 5.865241e-06
3.866108e-01 5.113455e-06
4.049693e-01 4.829173e-06
4.032043e-01 -1.122621e-05
4.049482e-01 6.881690e-07
4.049474e-01 1.164715e-06
8.785889e-02 2.247147e-07
3.374524e-01 -4.157916e-06
3.245689e-01 -8.818123e-06
4.050084e-01 2.486879e-06
4.049015e-01 -5.679055e-07
4.049267e-01 1.145474e-06
4.050077e-01 4.563024e-07
3.692427e-01 4.374935e-06
3.492498e-01 4.589536e-06
3.597529e-01 5.003136e-06
4.049606e-01 3.293451e-06
4.050093e-01 3.312192e-06
4.049605e-01 3.473122e-06
3.680481e-01 -1.171538e-06
3.971571e-01 2.752626e-06
3.691546e-01 5.380715e-06
4.050098e-01 4.444148e-07
4.049484e-01 1.815377e-07
4.049696e-01 3.873648e-06
4.043939e-01 2.978875e-06
4.049543e-01 1.430391e-06
4.040508e-01 2.516943e-06
4.050094e-01 5.161011e-06
4.049303e-01 4.889376e-06
4.050094e-01 4.887155e-06
4.048659e-01 -1.426758e-05
4.049139e-01 -1.124813e-05
2.443129e-01 1.206413e-06
3.376201e-01 4.411203e-06
9.238773e-02 4.506188e-07
1.283513e-01 8.162721e-07
4.049156e-01 3.442962e-06
3.970640e-01 4.428585e-06
4.026348e-01 -1.099714e-05
4.041606e-01 1.982616e-06
4.049408e-01 2.574354e-06
4.023791e-01 1.579631e-05
2.627884e-01 5.762503e-07
2.960430e-01 1.191819e-06
3.961039e-01 2.023072e-05
3.999205e-01 1.676844e-05
4.027645e-01 -2.035040e-05
2.443420e-01 -9.227257e-06
2.628508e-01 -1.442277e-05
2.249938e-01 -1.067120e-05
4.050093e-01 2.504309e-06
4.050095e-01 2.501951e-06
4.050094e-01 2.720691e-06
4.048562e-01 -9.437011e-06
4.050070e-01 -1.217181e-05
3.993831e-01 -3.719450e-07
2.631260e-01 -6.597398e-06
2.253029e-01 -5.365404e-06
3.868041e-01 4.355334e-06
3.926465e-01 3.012453e-06
3.722113e-01 1.955438e-06
3.869843e-01 1.698240e-06
3.802439e-01 1.348605e-06
3.305069e-01 -2.636848e-06
3.426607e-01 -1.998707e-06
3.537765e-01 -3.029215e-06
2.043904e-01 -1.074469e-05
4.050089e-01 4.674825e-06
3.724318e-01 4.623659e-07
3.871476e-01 7.740802e-07
3.498579e-01 2.899990e-06
3.253883e-01 -1.927739e-08
3.491862e-01 2.372955e-06
3.249953e-01 -2.010801e-06
3.973590e-01 2.733584e-07
3.726353e-01 -1.788983e-06
3.536324e-01 -1.367467e-06
3.635991e-01 -5.744784e-07
2.154633e-01 -6.455167e-07
2.340486e-01 -1.210514e-06
3.849690e-01 1.933453e-05
4.050095e-01 3.310598e-06
4.050094e-01 3.490097e-06
3.957565e-01 9.111030e-06
3.907585e-01 4.161433e-06
3.960041e-01 1.087041e-05
4.026908e-01 -7.236198e-06
3.637673e-01 -4.439710e-06
3.726697e-01 -3.475432e-06
2.803034e-01 -3.844245e-06
2.960749e-01 -7.550266e-06
3.377014e-01 3.773521e-06
3.493540e-01 3.337480e-06
4.050090e-01 -1.216381e-05
4.049750e-01 -1.197856e-05
4.049740e-01 -1.025282e-05
2.711724e-01 -1.678584e-06
2.527154e-01 -1.985886e-06
2.246230e-01 -1.491665e-05
4.049605e-01 3.099873e-06
4.050093e-01 2.934984e-06
2.369000e-01 1.355273e-06
1.972104e-01 9.424363e-07
2.160457e-01 1.257188e-06
3.492844e-01 5.329065e-06
3.958625e-01 9.720933e-07
3.846512e-01 3.094120e-06
4.049750e-01 -8.531634e-06
2.634989e-01 8.926839e-07
2.965678e-01 6.438768e-07
2.631592e-01 -1.531174e-06
2.961029e-01 -2.140260e-06
2.270422e-01 -1.220367e-06
2.250083e-01 5.145844e-07
2.664569e-01 3.624426e-06
2.270999e-01 2.703391e-06
3.494389e-01 1.525130e-07
3.249474e-01 2.409821e-06
2.258162e-01 5.500855e-07
2.254220e-01 -1.391637e-06
2.551500e-01 1.327001e-06
2.710773e-01 1.759258e-06
2.586540e-01 2.219935e-06
2.647423e-01 2.315854e-06
3.899278e-01 -5.007099e-05
3.951073e-01 -4.171754e-05
3.835915e-01 -4.195703e-05
3.774594e-01 4.766791e-06
3.598381e-01 4.650575e-06
3.692911e-01 5.735015e-06
2.619956e-01 2.035173e-06
2.231738e-01 1.462388e-06
3.775720e-01 5.238839e-06
3.847789e-01 3.893909e-06
3.760211e-01 -3.426579e-05
3.675318e-01 -4.075828e-05
3.533760e-01 4.092753e-07
3.908659e-01 4.793498e-06
3.847476e-01 6.594448e-06
3.958842e-01 9.635989e-06
3.305861e-01 -4.575800e-06
3.030487e-01 -3.820608e-06
3.173314e-01 -3.280315e-06
2.948480e-01 2.602522e-06
2.795089e-01 2.238108e-06
3.997722e-01 5.033280e-06
4.026030e-01 -1.115115e-05
3.693508e-01 -2.517401e-06
2.369971e-01 -3.474481e-06
1.984397e-01 -2.445525e-06
2.170525e-01 -2.406372e-06
3.951346e-01 -7.162009e-05
3.836509e-01 -5.485774e-05
3.726891e-01 -6.541980e-06
3.538008e-01 -5.392877e-06
3.675139e-01 -2.791595e-05
3.579539e-01 -2.323973e-05
3.029559e-01 -2.175088e-06
2.875782e-01 -1.274650e-06
2.257097e-01 1.360364e-06
2.050452e-01 1.178316e-06
4.039262e-01 -2.445412e-05
4.021996e-01 -3.943130e-05
3.959028e-01 2.423522e-06
3.020728e-01 3.006472e-06
2.816149e-01 2.598208e-06
3.951493e-01 -4.078762e-06
3.836502e-01 -8.699890e-06
4.041450e-01 2.599623e-06
4.025699e-01 1.871070e-05
4.049265e-01 2.160481e-06
3.835820e-01 -2.635945e-05
3.473319e-01 -1.879017e-05
3.349739e-01 -1.458692e-05
3.217379e-01 -1.722800e-05
4.049340e-01 3.665687e-06
3.694450e-01 -6.947559e-07
3.691265e-01 3.254761e-06
4.049710e-01 2.805805e-06
4.032604e-01 -1.319000e-05
4.026146e-01 1.905931e-05
2.710771e-01 -5.817174e-07
2.353542e-01 -3.970428e-07
2.538462e-01 -6.127309e-08
3.692324e-01 3.578790e-06
3.849185e-01 -8.475931e-06
1.950629e-01 -2.396757e-07
1.502906e-01 -1.328319e-07
1.734372e-01 4.085239e-09
2.712194e-01 -3.011514e-06
2.341019e-01 -2.223010e-06
3.848150e-01 7.328712e-06
2.877217e-01 -4.270264e-06
8.282756e-02 2.233101e-07
1.252853e-01 5.112397e-07
3.677623e-01 -1.951074e-05
3.220543e-01 -1.101384e-05
3.075991e-01 -8.054647e-06
3.427599e-01 -6.177792e-06
3.974415e-01 -3.853803e-06
3.871979e-01 -2.391267e-06
3.928450e-01 -1.234227e-06
3.581551e-01 -4.352899e-05
4.049367e-01 3.695174e-06
4.050095e-01 3.989864e-06
3.475964e-01 -1.154731e-05
4.050095e-01 3.659368e-06
3.028727e-01 -8.078184e-07
2.403330e-01 1.926327e-06
2.143956e-01 1.544147e-06
2.634443e-01 1.669739e-06
2.265239e-01 1.237097e-06
2.449080e-01 1.515467e-06
2.708788e-01 2.132670e-06
2.336380e-01 1.590333e-06
2.518572e-01 1.950182e-06
2.712223e-01 1.157422e-06
2.370624e-01 9.080619e-07
4.050094e-01 4.146182e-06
4.050093e-01 3.989002e-06
4.050062e-01 -9.484998e-07
4.049647e-01 4.198206e-06
4.043635e-01 4.362311e-06
3.231616e-01 -2.338753e-06
3.099094e-01 -1.069746e-06
3.872234e-01 -3.527421e-06
3.804803e-01 -2.681643e-06
3.303330e-01 -1.064306e-06
2.959414e-01 -1.790503e-05
2.799020e-01 -2.049031e-05
4.050093e-01 4.300470e-06
4.048592e-01 -2.517271e-05
4.023357e-01 -4.885004e-05
3.229387e-01 -6.199917e-06
3.025489e-01 2.190359e-06
2.873686e-01 2.216990e-06
3.023752e-01 2.658802e-06
3.298791e-01 3.173250e-06
3.165938e-01 3.090643e-06
3.240932e-01 1.923538e-06
3.100498e-01 2.145035e-06
2.953961e-01 1.392376e-06
4.049648e-01 4.348404e-06
2.954829e-01 2.378051e-06
2.627189e-01 1.861753e-06
2.356000e-01 3.049588e-07
2.712955e-01 3.587768e-07
3.777270e-01 -3.207882e-06
2.700836e-01 2.428656e-06
2.358317e-01 1.909833e-06
1.958455e-01 1.309704e-06
4.041797e-01 -6.906434e-07
4.049671e-01 4.118050e-06
4.031762e-01 2.178972e-05
3.991632e-01 -9.104138e-06
3.239011e-01 1.284640e-07
2.954687e-01 -1.019671e-07
4.050093e-01 4.599436e-06
2.623954e-01 -2.049221e-05
3.296096e-01 3.579292e-06
3.163035e-01 3.304687e-06
2.260949e-01 1.829827e-06
2.059614e-01 1.591750e-06
3.022230e-01 2.929101e-06
2.649175e-01 2.249572e-06
3.235157e-01 2.831323e-06
4.050090e-01 -1.564339e-05
4.050080e-01 -1.389737e-05
4.050070e-01 -1.565170e-05
4.050094e-01 4.747441e-06
3.019087e-01 3.023902e-06
2.864455e-01 2.752277e-06
2.542088e-01 2.291352e-06
2.363144e-01 2.065464e-06
2.703254e-01 2.704723e-06
3.297488e-01 3.507811e-06
3.358890e-01 -4.152221e-06
3.478770e-01 -1.974039e-06
4.049672e-01 3.961713e-06
2.956549e-01 2.067514e-06
2.803737e-01 1.842101e-06
3.234544e-01 3.391300e-06
3.096622e-01 3.001433e-06
2.636241e-01 1.666808e-06
2.389406e-01 1.435211e-06
2.200207e-01 1.163870e-06
3.294692e-01 3.597952e-06
3.677659e-01 -4.465751e-05
3.950608e-01 -2.060770e-05
3.898528e-01 -2.091847e-05
4.050095e-01 2.922852e-06
2.698943e-01 2.498035e-06
3.366681e-01 1.351228e-06
3.481294e-01 2.613127e-06
4.006902e-01 7.833790e-06
2.988368e-01 4.547292e-06
2.840877e-01 3.902765e-06
3.967668e-01 4.351371e-06
4.030226e-01 -1.071351e-05
4.004778e-01 8.158555e-06
4.049570e-01 2.063320e-06
4.049574e-01 2.337974e-06
3.835784e-01 -1.924830e-05
3.762348e-01 -1.454106e-05
3.239736e-01 2.907734e-06
3.103773e-01 2.429339e-06
2.876738e-01 8.557638e-07
3.027070e-01 1.410708e-06
3.420907e-01 3.178628e-06
3.531070e-01 3.585349e-06
3.168911e-01 2.012648e-06
3.300048e-01 2.641031e-06
4.032846e-01 1.546911e-05
3.974090e-01 2.145217e-06
4.008626e-01 2.140197e-06
2.373494e-01 -4.732024e-06
2.151864e-01 -4.226220e-06
1.960907e-01 -3.212771e-06
3.728104e-01 -1.480718e-05
3.539381e-01 -1.179377e-05
3.638669e-01 -1.033455e-05
3.950641e-01 -1.783591e-05
3.015702e-01 3.340805e-06
2.866643e-01 3.176804e-06
3.974685e-01 -2.154012e-06
3.928998e-01 -5.836551e-06
4.032973e-01 -1.780950e-05
4.009083e-01 -2.144206e-06
3.994683e-01 -8.444721e-05
4.049716e-01 6.133460e-07
4.044083e-01 -1.463112e-06
2.712760e-01 -4.615199e-06
2.555075e-01 -4.801758e-06
4.312870e-02 5.985622e-08
4.312885e-02 5.955545e-08
5.433475e-02 5.268378e-08
5.433487e-02 6.897704e-08
5.535684e-02 7.391115e-08
5.535698e-02 6.988380e-08
4.404303e-02 4.060435e-08
4.404313e-02 3.163669e-08
5.233743e-02 8.600065e-08
5.233761e-02 8.201040e-08
5.126377e-02 8.058634e-08
5.126394e-02 7.891760e-08
2.705715e-01 2.999098e-06
2.361304e-01 2.301006e-06
2.542954e-01 2.826767e-06
4.021869e-01 -2.166875e-05
3.238583e-01 3.185656e-06
3.476900e-01 -6.529600e-06
3.290262e-01 4.282695e-06
3.017857e-01 3.675626e-06
3.160303e-01 4.254496e-06
3.418465e-01 3.857303e-06
3.528779e-01 4.105185e-06
3.017432e-01 3.101241e-06
3.872578e-01 -7.323819e-06
3.805370e-01 -8.290647e-06
4.050093e-01 4.891699e-06
4.033696e-01 -3.504447e-05
4.044328e-01 -1.680939e-05
4.049802e-01 -1.440652e-05
4.049403e-01 2.893078e-06
3.678537e-01 -1.107245e-05
4.049671e-01 5.500840e-06
4.043872e-01 5.275485e-06
4.049681e-01 5.015257e-06
4.049680e-01 5.143204e-06
2.631350e-01 2.169140e-06
2.451428e-01 2.026143e-06
2.260573e-01 1.609471e-06
3.479680e-01 4.802850e-07
3.710704e-01 6.265541e-06
3.861378e-01 5.920244e-06
3.791774e-01 6.860405e-06
3.838233e-01 5.587335e-06
3.900458e-01 3.946393e-06
3.241216e-01 2.395146e-06
3.481185e-01 3.373829e-06
3.361252e-01 3.510393e-06
4.050092e-01 4.745063e-06
4.049693e-01 4.421012e-06
3.629247e-01 4.298787e-06
3.719280e-01 4.421568e-06
3.480675e-01 4.221096e-06
3.681725e-01 4.262242e-06
3.765143e-01 4.374982e-06
4.050093e-01 5.371027e-06
4.049673e-01 5.438591e-06
4.984354e-02 -1.047084e-08
4.984355e-02 2.051378e-08
1.006014e-01 1.234255e-07
4.050093e-01 5.156640e-06
4.050093e-01 5.288282e-06
4.050092e-01 3.805997e-06
4.050088e-01 3.268900e-06
4.050092e-01 5.148585e-06
4.050090e-01 5.154027e-06
4.050091e-01 4.978406e-06
4.050092e-01 2.613142e-06
4.049709e-01 1.832851e-06
3.027710e-01 3.884897e-07
3.159911e-01 3.489429e-06
3.291747e-01 3.917203e-06
3.301401e-01 1.650365e-06
2.050867e-01 7.636393e-07
3.481463e-01 3.728788e-06
3.365827e-01 3.335501e-06
3.525106e-01 4.432003e-06
3.715573e-01 4.988772e-06
3.626180e-01 4.363010e-06
4.050091e-01 4.462386e-07
4.050084e-01 -7.637368e-07
3.991666e-01 -2.762362e-05
3.245458e-01 3.351495e-06
3.371535e-01 3.222507e-06
3.532116e-01 3.068091e-06
3.529937e-01 4.083203e-06
4.923581e-02 5.335100e-08
4.923594e-02 5.547403e-08
1.009918e-01 2.335002e-07
2.245691e-01 1.957195e-06
3.795758e-01 5.103451e-06
3.864437e-01 5.740132e-06
3.413118e-01 4.344473e-06
3.719846e-01 4.721567e-06
3.630924e-01 4.073050e-06
3.482429e-01 3.513007e-06
3.998223e-01 7.051557e-06
3.293228e-01 3.628309e-06
2.631514e-01 1.846516e-06
2.194800e-01 1.294285e-06
2.958129e-01 2.073110e-06
3.951932e-01 -1.552128e-06
3.838498e-01 1.259801e-06
3.587769e-01 3.203792e-06
3.527578e-01 4.104640e-06
3.718323e-01 4.484967e-06
3.523871e-01 4.779288e-06
3.680450e-01 3.542658e-06
3.586547e-01 3.428967e-06
4.049314e-01 5.184039e-06
3.681336e-01 3.971725e-06
3.993244e-01 1.677287e-06
3.291097e-01 5.384163e-06
3.010277e-01 4.546568e-06
3.148958e-01 5.109951e-06
4.534627e-02 7.430001e-08
4.534644e-02 7.068186e-08
5.137229e-02 -1.045782e-07
5.137211e-02 -5.358863e-08
3.020650e-01 4.170774e-06
3.292658e-01 4.926328e-06
3.720750e-01 3.826741e-06
4.050093e-01 5.312499e-06
3.682233e-01 2.491885e-06
3.483060e-01 2.614441e-06
3.799086e-01 4.957082e-06
3.680365e-01 3.613651e-06
3.838593e-01 3.508439e-06
3.765641e-01 4.852287e-06
3.273323e-01 5.647106e-06
3.135910e-01 5.152636e-06
3.243343e-01 2.700739e-06
3.486772e-01 2.788854e-06
4.049792e-01 -1.616180e-05
3.849092e-01 1.048103e-06
3.586461e-01 4.421195e-06
3.867545e-01 5.595778e-06
3.367879e-01 2.494037e-06
4.923607e-02 6.140774e-08
4.923621e-02 6.768794e-08
3.582947e-01 -8.816359e-06
3.716573e-01 4.134891e-06
3.526360e-01 3.989920e-06
3.680698e-01 5.166352e-06
3.721504e-01 3.490125e-06
3.799797e-01 4.005745e-06
4.540135e-02 8.644658e-08
4.540155e-02 8.009940e-08
5.564774e-02 -2.881116e-07
5.564725e-02 -2.057858e-07
4.049734e-01 -1.906830e-06
3.415856e-01 3.821689e-06
4.039561e-01 -8.794247e-06
3.170656e-01 -2.564713e-07
4.033107e-01 1.075889e-05
3.901477e-01 4.592852e-06
3.415666e-01 5.534307e-06
3.524195e-01 5.569476e-06
3.716362e-01 4.901007e-06
4.033453e-01 1.613848e-06
4.021894e-01 -3.610807e-06
3.302462e-01 4.002276e-07
3.632714e-01 2.673187e-06
2.631686e-01 2.465273e-06
3.625960e-01 5.313720e-06
3.867480e-01 3.849813e-06
3.585954e-01 -2.720135e-07
3.765899e-01 2.684610e-06
2.959100e-01 2.312238e-06
2.800338e-01 2.264641e-06
3.873586e-01 -1.591351e-05
5.129400e-02 -6.616089e-07
5.129269e-02 -5.653860e-07
3.030980e-01 -5.876188e-06
3.919493e-01 5.922368e-06
4.050091e-01 -2.061402e-06
4.551317e-02 -3.492065e-07
4.551242e-02 -2.691786e-07
4.923488e-02 1.111455e-07
3.957854e-01 -5.720277e-05
3.837138e-01 -3.969631e-05
5.496287e-02 -6.844944e-08
5.496270e-02 -1.007942e-07
5.548256e-02 9.566937e-08
5.548275e-02 1.033742e-07
4.049739e-01 -5.154701e-06
4.044177e-01 -7.278025e-06
3.959460e-01 1.101659e-05
3.909546e-01 5.932792e-06
3.974902e-01 -8.256563e-06
2.958957e-01 2.733624e-06
8.805271e-02 2.943347e-07
1.032366e-01 -5.809542e-07
4.026564e-01 1.811659e-05
3.872940e-01 -9.633612e-06
3.727391e-01 -9.305955e-06
3.765650e-01 2.509417e-06
3.838532e-01 5.252241e-06
3.276538e-01 5.662276e-06
5.174706e-02 1.080586e-07
5.174729e-02 1.080263e-07
4.482854e-02 -1.564205e-07
4.482813e-02 -1.798380e-07
3.277991e-01 5.454942e-06
3.108795e-01 3.196948e-06
3.532879e-01 1.861627e-06
3.422986e-01 1.118488e-06
3.975731e-01 -1.767851e-05
4.010161e-01 -1.752302e-05
4.049729e-01 -3.437743e-06
3.522895e-01 6.002555e-06
3.538486e-01 -8.004990e-06
3.306441e-01 -6.989524e-06
3.681222e-01 6.958053e-07
3.484142e-01 2.759627e-06
3.242509e-01 2.420569e-06
3.953057e-01 5.384422e-06
5.109573e-02 -8.435859e-07
5.109389e-02 -8.702319e-07
5.211494e-02 1.524792e-07
5.211526e-02 1.532288e-07
3.398296e-01 6.044081e-06
3.519239e-01 6.383478e-06
3.966837e-01 2.101894e-06
3.859638e-01 4.449163e-06
3.918148e-01 4.417059e-06
3.106642e-01 2.347540e-06
1.011093e-01 3.043309e-07
2.715900e-01 -6.353892e-06
9.170233e-02 3.684176e-07
9.782210e-02 -1.086154e-06
3.967245e-01 8.905302e-06
4.003822e-01 5.736688e-06
4.029873e-01 1.972191e-05
2.359801e-01 -5.230485e-06
1.945633e-01 -3.527687e-06
4.035719e-01 -4.136948e-05
3.929837e-01 -1.352120e-05
4.029696e-01 -1.040795e-05
4.042915e-01 4.721717e-06
3.975334e-01 -9.174292e-06
3.516576e-01 6.224941e-06
3.619014e-01 6.462232e-06
9.373804e-02 -1.699451e-06
3.790900e-01 6.415483e-06
3.709161e-01 5.212633e-06
3.860707e-01 7.432805e-06
2.628132e-01 2.669134e-06
3.924942e-01 4.533561e-06
2.990746e-01 4.294398e-06
3.921874e-01 4.542178e-06
4.033225e-01 -2.315332e-05
3.864808e-01 3.953977e-06
3.590647e-01 2.810945e-06
3.797061e-01 4.412098e-06
3.762895e-01 -4.583265e-05
3.965011e-01 1.981876e-06
3.174398e-01 -7.748062e-06
3.683932e-01 3.354939e-06
3.711185e-01 6.808569e-06
4.323503e-02 -1.628333e-07
4.323466e-02 -1.301416e-07
5.176820e-02 9.077281e-08
5.176838e-02 7.461011e-08
5.237480e-02 -3.235408e-07
5.237397e-02 -4.624207e-07
4.251670e-02 5.856351e-08
4.251687e-02 7.468339e-08
3.839783e-01 4.272542e-06
4.009485e-01 -7.146246e-06
2.960355e-01 3.066159e-06
2.802150e-01 2.923445e-06
2.706867e-01 -7.165047e-06
8.693073e-02 -2.302404e-06
3.710603e-01 6.829834e-06
1.337459e-01 -1.898093e-06
1.797475e-01 -3.530261e-06
3.516446e-01 6.171751e-06
3.106655e-01 -1.327491e-05
3.402429e-01 5.453873e-06
3.621949e-01 6.471400e-06
3.305131e-01 -9.663685e-06
4.050093e-01 3.667162e-06
4.049572e-01 2.557554e-06
1.848595e-01 1.505933e-06
1.591583e-01 1.184535e-06
4.043028e-01 2.770506e-06
3.029455e-01 -8.125888e-06
2.878522e-01 -8.000085e-06
3.514445e-01 4.828599e-06
3.275586e-01 4.893584e-06
4.049361e-01 2.102635e-06
1.328904e-01 4.691087e-07
9.471407e-02 2.590246e-07
4.029206e-01 1.628012e-05
4.030984e-01 2.016652e-05
4.049670e-01 3.798058e-06
1.186944e-01 7.895278e-07
9.151308e-02 2.668861e-07
1.239214e-01 4.967265e-07
4.031593e-01 -1.138564e-05
4.043493e-01 2.657056e-06
2.057818e-01 -2.676212e-06
2.252755e-01 7.106139e-07
2.622336e-01 1.006812e-06
1.368509e-01 1.639453e-07
1.834526e-01 3.159717e-07
1.363851e-01 -4.953626e-07
1.830233e-01 -8.429375e-07
1.823998e-01 3.936220e-07
1.357007e-01 2.365999e-07
1.837636e-01 -1.000728e-06
1.371843e-01 -5.671516e-07
1.463928e-01 1.458273e-07
1.915230e-01 2.377981e-07
1.308535e-01 -1.501090e-06
1.300643e-01 -1.584701e-06
8.617827e-02 -6.888139e-07
2.163151e-01 1.819320e-06
1.971178e-01 1.600331e-06
2.795796e-01 5.925387e-07
2.123611e-01 5.220819e-07
1.931651e-01 6.272552e-07
8.700598e-02 4.251945e-07
2.623167e-01 -1.958708e-07
2.192537e-01 -1.806868e-07
4.392439e-02 -1.905226e-07
4.550977e-02 5.256142e-08
8.693093e-02 1.707027e-07
4.550964e-02 5.850989e-08
1.333936e-01 7.058905e-07
1.333459e-01 6.612547e-07
4.392391e-02 -1.886616e-07
8.467900e-02 -6.459470e-07
2.682015e-01 3.653888e-06
8.734976e-02 3.163264e-07
8.582378e-02 2.238394e-07
2.693916e-01 3.355173e-06
2.858575e-01 3.968965e-06
8.545782e-02 -2.375509e-06
4.427679e-02 6.308406e-08
2.107498e-01 1.051102e-06
8.699671e-02 2.578752e-07
4.427663e-02 6.398988e-08
4.600754e-02 -1.010198e-07
4.600726e-02 -1.302284e-07
8.813558e-02 -5.426728e-07
1.973217e-01 1.435753e-06
2.105732e-01 1.298560e-06
4.323123e-02 1.008300e-07
8.335000e-02 3.022174e-07
4.323099e-02 9.090107e-08
2.091226e-01 -2.175497e-06
3.922663e-02 4.080963e-08
3.922651e-02 4.356710e-08
3.950687e-02 5.848098e-08
3.950704e-02 6.238055e-08
3.840170e-02 -4.301234e-07
3.994035e-01 3.188191e-05
4.033416e-01 6.164056e-06
3.840281e-02 -3.512324e-07
4.050041e-01 -7.027100e-07
1.233650e-01 1.704200e-07
3.818765e-02 5.817395e-08
1.207143e-01 -1.124182e-06
1.620649e-01 -2.174531e-06
3.818781e-02 5.743834e-08
3.704125e-02 3.871856e-08
3.704137e-02 4.247994e-08
3.682118e-02 -4.043135e-07
4.367551e-02 -2.549860e-08
3.936850e-01 2.467349e-05
3.928503e-01 2.668695e-06
3.682245e-02 -4.449103e-07
1.872285e-01 -2.527950e-06
3.744318e-02 8.095447e-08
3.814484e-01 1.581755e-05
4.206482e-02 5.752832e-08
4.206497e-02 5.723418e-08
3.992918e-02 1.738361e-08
3.914617e-02 -2.658582e-08
9.394708e-02 -1.675931e-07
4.195486e-02 1.905564e-08
9.654169e-02 8.086952e-08
9.656452e-02 -2.438929e-07
4.196589e-02 -5.016785e-08
9.510967e-02 8.102363e-08
4.040953e-02 1.094201e-08
4.049700e-01 -1.542734e-05
4.045266e-01 -3.500376e-05
4.050050e-01 -4.992674e-06
4.050064e-01 -8.783821e-06
3.914631e-02 -6.797029e-08
4.195480e-02 3.357436e-08
4.196567e-02 -1.256465e-07
4.040960e-02 3.495575e-08
1.269769e-01 2.516870e-07
8.168048e-02 9.791386e-08
1.633865e-01 9.716796e-07
1.205229e-01 5.107049e-07
1.378829e-01 9.789101e-07
1.334077e-01 8.603890e-07
1.574150e-01 4.291048e-07
1.855321e-01 7.257801e-07
1.248071e-01 -2.179218e-06
1.623127e-01 1.084163e-06
2.102449e-01 2.878231e-07
1.860916e-01 1.215467e-06
1.951223e-01 -5.435541e-06
4.050034e-01 -1.031538e-05
3.829072e-01 -1.565056e-05
3.733929e-01 -1.816917e-06
1.182421e-01 2.811010e-07
1.753909e-01 -6.454600e-06
1.290894e-01 -3.501992e-06
1.944075e-01 -6.365827e-06
1.194071e-01 6.055453e-07
4.050045e-01 -2.190541e-06
4.050071e-01 -1.162895e-05
4.050060e-01 -1.528116e-05
1.217619e-01 -9.458989e-07
1.589544e-01 -2.367284e-06
1.199721e-01 -6.571936e-07
1.229228e-01 2.602162e-07
1.203853e-01 3.053397e-07
1.232616e-01 -9.157145e-07
1.239806e-01 -2.568554e-06
1.617901e-01 6.432604e-07
1.195716e-01 4.833221e-07
1.574254e-01 1.172124e-06
1.154021e-01 6.119894e-07
1.195491e-01 3.425469e-07
8.017798e-02 -3.852770e-07
9.087451e-02 2.012383e-07
9.145527e-02 -8.354382e-07
8.068923e-02 1.822413e-07
1.165427e-01 -1.262405e-06
1.617943e-01 8.835434e-07
1.645981e-01 -1.648200e-06
1.228220e-01 6.889418e-07
1.582927e-01 -3.905891e-06
