1.000000e+00
0.000000e+00
0.000000e+00 0.000000e+00
taylor-hood
rect_dirichlet
-2.147595e-26 7.862635e-26
7.550740e-26 -1.896468e-26
-1.732065e-25 2.651660e-25
6.459679e-26 -2.446860e-25
8.212754e-25 -8.705482e-27
6.936847e-26 -4.737637e-27
-1.490561e-25 -2.219923e-26
1.286749e-25 -1.081592e-25
4.442654e-25 8.945389e-27
-1.940186e-25 -4.097877e-25
-5.018203e-25 8.512001e-26
1.132651e-25 -1.441735e-25
-6.716027e-27 -5.007154e-26
1.503285e-25 1.744626e-25
-1.402038e-25 -1.730813e-26
1.136851e-26 -7.601514e-26
-2.437801e-25 5.469973e-26
5.593343e-25 -4.452927e-26
-4.007880e-25 6.550263e-26
-7.977779e-26 -2.227909e-25
-6.242027e-26 2.786778e-25
8.236031e-26 -2.670930e-25
-2.904102e-25 -1.232733e-25
1.799880e-01 2.327387e-26
3.199956e-01 -2.534124e-25
4.200031e-01 8.146833e-26
4.800079e-01 -4.368406e-26
5.000089e-01 -1.864535e-25
4.800082e-01 -4.592296e-26
4.200041e-01 -7.466097e-27
3.199950e-01 -5.291222e-25
1.799864e-01 4.674074e-25
9.499436e-02 2.681832e-25
2.549910e-01 -5.636569e-25
3.749997e-01 7.534976e-25
4.550060e-01 2.423404e-25
4.950089e-01 4.107424e-26
4.950088e-01 3.377410e-25
4.550068e-01 -5.403446e-25
3.750002e-01 1.290035e-25
2.549890e-01 -3.409271e-27
9.499673e-02 3.544518e-26
2.456079e-25 -4.384107e-25
2.011659e-25 8.298699e-26
8.606182e-26 -7.593388e-26
-2.339250e-25 6.116370e-26
1.679426e-25 -7.989237e-26
9.737555e-26 7.802659e-26
4.451556e-27 3.285707e-25
1.076583e-25 -3.014550e-26
-1.125195e-25 7.901215e-26
-1.403276e-25 2.466034e-25
-4.223133e-26 4.361232e-26
-8.110434e-26 6.059237e-26
1.639838e-26 2.860525e-25
4.515399e-25 -3.381910e-25
-3.144490e-26 -2.703885e-25
1.599693e-26 1.106861e-25
-1.805730e-25 2.557281e-25
2.863856e-25 1.875429e-26
-6.851244e-26 -8.207372e-27
1.800000e-01 4.110280e-25
3.200000e-01 -2.975969e-25
4.200000e-01 1.117578e-25
4.800000e-01 1.363062e-25
5.000000e-01 1.506759e-25
4.800000e-01 -1.449765e-25
4.200000e-01 -2.038934e-25
3.200000e-01 -3.379882e-25
1.800000e-01 1.899424e-25
9.500000e-02 8.888943e-26
2.550000e-01 -9.032137e-26
3.750000e-01 -1.310402e-25
4.550000e-01 1.701032e-25
4.950000e-01 -4.279645e-25
4.950000e-01 -4.311018e-26
4.550000e-01 -1.937644e-25
3.750000e-01 -1.600470e-25
2.550000e-01 2.371622e-25
9.500000e-02 2.595275e-25
1.581923e-01 8.299133e-07
4.968942e-01 3.820582e-06
1.581930e-01 -5.391373e-07
4.956210e-01 8.511240e-07
1.581931e-01 4.613609e-07
4.550061e-01 -4.686140e-08
4.544468e-01 -9.550642e-06
1.503873e-01 3.427538e-07
3.661760e-01 -5.215568e-07
3.749991e-01 7.998117e-06
1.465032e-01 -3.479166e-07
1.574147e-01 -1.841416e-06
1.550026e-01 -9.540961e-07
2.676848e-01 -5.547817e-06
1.550068e-01 1.543712e-06
2.558208e-01 -6.127893e-07
1.580632e-01 -8.568233e-08
2.863834e-01 -1.456377e-07
2.863976e-01 9.763697e-07
3.846112e-01 9.543308e-07
3.846136e-01 1.524638e-06
4.528261e-01 1.902388e-06
4.525965e-01 1.094748e-06
4.909235e-01 1.805316e-06
4.910176e-01 1.656216e-06
4.992510e-01 -3.313273e-07
4.992445e-01 -3.795888e-08
4.992817e-01 -3.570615e-07
4.774829e-01 -1.473464e-06
4.777180e-01 -7.517825e-07
4.910314e-01 1.141745e-06
4.994767e-01 -1.307491e-07
4.776779e-01 -7.217460e-07
4.992794e-01 2.175671e-07
4.257373e-01 -4.000133e-07
4.256415e-01 2.209754e-06
4.256715e-01 -9.598290e-07
3.438416e-01 7.520192e-08
4.901729e-01 5.571247e-07
4.525023e-01 1.346429e-06
4.794958e-01 -5.170962e-07
4.256451e-01 -8.393618e-07
4.528258e-01 7.724979e-07
3.861346e-01 1.316383e-06
3.438422e-01 -4.773128e-07
4.237618e-01 -9.355972e-07
3.449424e-01 -9.802978e-07
2.862787e-01 -2.829771e-06
2.825919e-01 -5.882030e-06
3.837790e-01 -5.536452e-06
3.817438e-01 -9.147582e-06
4.528854e-01 -7.457099e-06
4.928813e-01 -7.396826e-06
4.916246e-01 -1.685069e-06
4.986523e-01 1.886257e-06
4.713906e-01 6.960248e-06
4.909668e-01 1.028190e-06
4.532502e-01 5.902166e-07
2.864002e-01 1.072318e-06
1.581932e-01 -3.549869e-08
4.949032e-01 -7.849956e-08
4.998093e-01 1.784275e-07
1.537681e-01 -2.547859e-07
1.581915e-01 8.375593e-07
1.540013e-01 1.777392e-06
2.944312e-01 5.386642e-06
3.529323e-01 1.777523e-06
4.527636e-01 1.714237e-06
4.775004e-01 -1.006552e-06
1.576623e-01 5.609481e-07
3.758895e-01 -4.540731e-07
2.866772e-01 1.266673e-06
3.848017e-01 1.641307e-06
4.257369e-01 -8.442923e-07
3.438425e-01 -6.741886e-07
2.973553e-01 3.871128e-08
3.840445e-01 -1.319882e-06
4.528481e-01 -2.021103e-06
2.537667e-01 -3.871912e-07
2.548401e-01 5.215435e-06
4.151961e-01 7.264952e-06
1.507586e-01 -1.939914e-06
1.700790e-01 1.235169e-06
4.751239e-01 2.517519e-06
4.546110e-01 8.372028e-06
3.199952e-01 -4.687486e-07
4.797187e-01 -1.455436e-07
2.733924e-01 2.613648e-06
3.780015e-01 -7.006352e-06
2.599892e-01 -1.144425e-06
2.599892e-01 -3.660053e-07
2.599891e-01 -1.039847e-07
2.624552e-01 7.551906e-07
3.940679e-01 3.056957e-07
4.950025e-01 -4.579890e-06
4.863338e-01 6.612872e-07
3.605924e-01 4.098413e-06
1.356823e-01 4.794910e-07
1.356912e-01 1.534863e-06
1.356812e-01 7.426481e-07
1.356906e-01 -1.752506e-06
2.545967e-01 -9.381410e-08
4.930935e-01 -3.184176e-07
4.938166e-01 -1.383591e-07
4.996629e-01 -7.152421e-08
4.205044e-01 4.709145e-06
4.536852e-01 2.383516e-06
4.496118e-01 5.348367e-06
3.335436e-01 -5.390704e-07
3.142220e-01 -7.575587e-07
2.760915e-01 -7.552609e-07
3.372076e-01 7.449268e-06
3.199313e-01 6.695501e-06
2.750713e-01 5.983749e-06
3.613895e-01 6.651598e-06
3.960689e-01 8.547214e-06
3.495980e-01 1.420156e-07
3.805289e-01 -1.642496e-07
4.470168e-01 7.570484e-06
4.732896e-01 4.529921e-06
4.404076e-01 -5.041678e-07
4.012764e-01 -5.892883e-07
4.203595e-01 -2.459891e-07
4.364307e-01 9.259277e-06
4.197400e-01 8.561807e-06
4.998006e-01 -4.048192e-06
4.978636e-01 3.814463e-06
4.994502e-01 -1.924791e-06
2.752000e-01 -6.073095e-06
3.294825e-01 -7.934935e-06
3.359125e-01 -7.646251e-06
4.634822e-01 9.048699e-06
4.796074e-01 -3.383450e-07
4.938778e-01 6.910105e-08
3.773657e-01 -8.465770e-07
3.492375e-01 -6.091306e-07
4.985636e-01 2.839553e-07
4.982033e-01 2.170804e-07
4.939890e-01 -6.962892e-06
4.999461e-01 -2.466454e-06
3.272461e-01 -6.680831e-06
3.798800e-01 -9.173697e-06
4.223498e-01 -1.008977e-05
4.536694e-01 -1.030600e-05
4.213347e-01 -8.824601e-06
4.778248e-01 -9.917423e-06
4.772826e-01 -8.084078e-06
4.685766e-01 -2.498807e-07
4.562082e-01 -6.250225e-07
4.873597e-01 7.585852e-06
4.893923e-01 4.257428e-06
2.308834e-01 -4.770026e-07
2.064604e-01 -6.103277e-07
2.292054e-01 3.684779e-06
2.070492e-01 3.941159e-06
4.530381e-01 6.941692e-07
4.266428e-01 3.016607e-07
4.263774e-01 6.404924e-07
2.205623e-01 -4.297825e-06
2.121900e-01 -3.983714e-06
2.145591e-01 -2.328432e-07
2.891284e-01 -4.232152e-07
2.506690e-01 3.209401e-07
3.878129e-01 -1.082750e-06
3.327012e-01 -7.785318e-07
2.152093e-01 1.170661e-06
2.091186e-01 6.027992e-07
2.679559e-01 1.554967e-06
4.988517e-01 7.955727e-07
4.909453e-01 1.520719e-06
4.988604e-01 6.272471e-07
4.761904e-01 -4.854709e-06
4.761782e-01 -2.075774e-06
4.528667e-01 -4.591394e-06
4.720934e-01 6.888210e-07
4.722567e-01 9.243079e-07
4.989801e-01 -1.539799e-07
4.992692e-01 -3.596044e-07
4.989900e-01 7.277841e-07
4.153079e-01 -7.195523e-08
4.912993e-01 -1.452945e-07
4.756309e-01 -7.171180e-08
4.755057e-01 1.787247e-06
4.755404e-01 1.146315e-06
4.992808e-01 -1.122011e-07
4.988635e-01 3.831399e-07
4.922659e-01 -3.894450e-06
2.885597e-01 -1.731023e-07
2.138975e-01 5.576329e-07
4.208377e-01 -8.469293e-06
4.905373e-01 2.350352e-06
4.914648e-01 8.636732e-07
3.153026e-01 2.576902e-06
3.103919e-01 1.337064e-06
3.895818e-01 5.648337e-06
3.956506e-01 3.376342e-06
1.581276e-01 3.437523e-07
2.259774e-01 -2.145967e-07
2.260352e-01 5.033863e-07
8.284632e-02 5.863372e-07
8.277385e-02 2.861921e-07
8.284725e-02 5.041539e-07
2.256285e-01 -2.577618e-06
2.235450e-01 -3.848710e-06
2.844390e-01 -4.466438e-06
4.892276e-01 5.215595e-07
4.680287e-01 5.361371e-07
4.800602e-01 1.000072e-06
8.284887e-02 2.985445e-07
8.284864e-02 -4.430807e-08
1.581925e-01 3.499038e-07
2.260446e-01 7.460284e-07
2.260438e-01 9.523034e-07
1.581920e-01 8.726718e-07
8.284737e-02 6.148758e-07
8.284739e-02 -2.833513e-07
8.284777e-02 -4.283187e-07
1.581932e-01 -4.041164e-07
1.577388e-01 -9.452313e-07
2.259185e-01 -1.246083e-06
4.989119e-01 4.405171e-07
4.902815e-01 3.183272e-06
4.992223e-01 -9.290934e-07
8.284708e-02 -4.325017e-07
8.241499e-02 -4.540749e-07
8.277378e-02 1.446644e-07
3.371135e-01 -6.240846e-06
3.387125e-01 -4.295654e-06
2.863904e-01 6.242032e-07
2.260430e-01 9.524741e-07
5.000026e-01 4.107357e-07
4.987325e-01 1.782702e-07
2.865387e-01 1.152374e-06
2.262015e-01 7.599582e-07
4.687571e-01 -4.752157e-09
4.886795e-01 1.005702e-07
4.799025e-01 -1.122296e-08
1.559843e-01 -4.204733e-07
8.040622e-02 -1.736434e-07
3.948116e-01 -9.432909e-08
4.377367e-01 1.434044e-07
7.854645e-02 -1.551427e-07
8.040575e-02 -2.926800e-07
1.520798e-01 -1.535477e-07
7.642191e-02 -5.200323e-07
1.523731e-01 -7.614967e-07
8.284869e-02 -6.235925e-08
2.260426e-01 1.040658e-06
3.827632e-01 -7.633560e-06
2.863988e-01 1.096266e-06
4.221665e-01 -6.552253e-06
3.439397e-01 -2.937088e-07
8.241607e-02 -8.021735e-07
4.224302e-01 1.764058e-06
4.225072e-01 1.695262e-06
3.847078e-01 1.573898e-06
4.993319e-01 5.705157e-07
4.981769e-01 1.661348e-07
3.487497e-01 4.646668e-06
3.987499e-01 5.258571e-06
7.642202e-02 2.177822e-07
3.392570e-01 1.304041e-06
3.393680e-01 1.419294e-06
3.394881e-01 1.550355e-06
8.108966e-02 -4.870906e-08
8.109019e-02 -2.469045e-07
3.392481e-01 2.819469e-07
3.392545e-01 9.095368e-07
4.685200e-01 -4.888770e-06
4.384277e-01 -5.527756e-06
4.387547e-01 -4.700432e-08
7.854674e-02 9.153653e-08
4.553574e-01 -1.274099e-06
4.257045e-01 -8.575705e-07
4.553318e-01 -1.342454e-06
4.526331e-01 1.552815e-06
4.223402e-01 1.642815e-06
4.526642e-01 1.044277e-06
4.230945e-01 1.078886e-06
4.228879e-01 1.419400e-06
4.988857e-01 8.237180e-07
4.988875e-01 6.662710e-07
4.910245e-01 1.381498e-06
3.885502e-01 -1.149383e-07
3.885098e-01 -5.128939e-07
4.987275e-01 4.971991e-07
4.906069e-01 8.542606e-07
4.993658e-01 -3.821474e-08
3.438419e-01 -2.854813e-07
3.885102e-01 -6.695315e-07
4.922340e-01 -9.248206e-07
4.922280e-01 -2.773256e-07
4.988839e-01 8.718715e-07
4.992476e-01 -8.626176e-08
4.988682e-01 8.346911e-07
4.992664e-01 -3.693420e-07
4.755614e-01 1.247896e-06
4.756554e-01 1.530302e-06
3.392557e-01 1.200060e-06
4.756435e-01 1.752697e-06
4.748647e-01 9.849177e-07
4.921638e-01 -1.156040e-06
4.921172e-01 -1.119176e-06
4.224690e-01 1.613393e-06
4.223220e-01 1.094062e-06
4.527115e-01 1.724913e-06
4.755880e-01 1.988155e-06
4.909706e-01 1.746487e-06
4.756662e-01 1.966161e-06
3.991521e-01 -1.204920e-07
4.527949e-01 1.875948e-06
3.924134e-01 6.490716e-07
3.484210e-01 6.937607e-07
3.492374e-01 -3.639610e-07
4.776007e-01 -1.341914e-06
4.555226e-01 -7.742482e-07
8.053320e-02 3.543994e-07
8.053404e-02 1.078792e-06
8.284923e-02 1.085280e-07
1.521966e-01 7.120976e-07
3.854692e-01 1.625579e-06
2.863309e-01 -1.268291e-06
4.925676e-01 -4.573551e-07
4.785965e-01 -6.820582e-07
4.921218e-01 -8.394657e-07
4.921140e-01 -6.200909e-07
4.567612e-01 -8.685691e-07
4.247064e-01 -9.987520e-07
4.560445e-01 -7.858234e-07
4.774917e-01 -1.292363e-06
8.108950e-02 2.127395e-06
8.109201e-02 -1.528351e-06
4.921662e-01 -4.602086e-07
4.553445e-01 -1.190914e-06
4.224701e-01 1.770311e-06
4.256894e-01 5.741919e-07
3.923560e-01 2.002455e-06
3.846125e-01 1.377539e-06
2.891287e-01 -5.169909e-07
2.191845e-01 -4.057453e-08
3.402762e-01 1.393629e-06
4.554854e-01 3.590399e-07
8.255675e-02 1.512643e-08
1.563339e-01 3.888110e-07
2.946760e-01 -3.747226e-06
2.255938e-01 -2.480427e-06
4.749822e-01 6.121446e-07
4.554596e-01 -8.705075e-07
8.255693e-02 5.087288e-07
4.775893e-01 -7.984477e-07
1.545041e-01 3.045575e-06
3.889592e-01 -9.239236e-07
3.208850e-01 -5.988476e-07
3.885502e-01 -7.031646e-07
3.438424e-01 -5.707380e-07
3.885504e-01 -7.020810e-07
2.287596e-01 3.416888e-06
4.257043e-01 -9.171035e-07
1.579281e-01 5.161276e-07
2.259643e-01 9.362526e-07
4.256910e-01 -8.220354e-07
3.884942e-01 -7.651272e-07
4.553698e-01 -9.840658e-07
4.554952e-01 -8.886102e-07
3.839117e-01 -3.267571e-06
3.388683e-01 -2.373701e-06
3.389143e-01 -8.084581e-07
3.843281e-01 1.138213e-07
3.443929e-01 -8.177155e-07
2.920506e-01 8.767918e-07
2.320590e-01 3.663972e-07
4.220893e-01 4.381052e-08
3.449211e-01 8.115305e-07
4.527225e-01 -7.446735e-08
4.221417e-01 -3.985835e-06
4.222510e-01 -1.696719e-06
4.819390e-01 6.968708e-06
1.540947e-01 -2.994797e-06
2.180826e-01 5.632923e-07
2.881748e-01 -8.864847e-08
7.875418e-02 1.109749e-06
7.875195e-02 -1.628087e-06
2.186645e-01 2.017999e-06
2.886762e-01 3.589483e-06
8.944577e-02 3.460601e-07
8.944572e-02 4.746567e-08
4.764391e-01 5.825154e-07
4.685885e-01 3.864317e-06
4.385231e-01 4.899452e-06
4.798174e-01 -7.514210e-06
4.885707e-01 -1.836866e-09
1.583932e-01 5.401982e-07
2.168427e-01 2.226398e-06
4.001046e-01 -4.062709e-06
3.504064e-01 -3.634466e-06
3.901370e-01 8.160569e-07
4.987509e-01 2.818117e-07
4.887515e-01 -1.378067e-06
4.916201e-01 8.976764e-07
7.052420e-02 5.983310e-07
7.052424e-02 -4.934079e-07
1.581935e-01 2.202129e-07
7.052553e-02 1.338702e-06
7.052565e-02 -4.774402e-07
1.582049e-01 2.017990e-07
7.052217e-02 4.331729e-07
7.052240e-02 1.171959e-07
1.581932e-01 4.911215e-07
7.052564e-02 4.154221e-07
7.052544e-02 -1.362511e-06
1.582045e-01 -3.816464e-07
3.291124e-01 5.114870e-06
3.567879e-01 2.835228e-06
4.973694e-01 5.368174e-07
4.883321e-01 3.964495e-07
2.840397e-01 3.862971e-06
3.041595e-01 -7.117810e-07
3.041595e-01 -5.056394e-07
2.599893e-01 -4.735132e-07
3.041594e-01 -3.961675e-07
3.041592e-01 -2.255016e-07
2.599891e-01 -3.221223e-07
2.106618e-01 1.128558e-07
3.041590e-01 9.636700e-08
3.047760e-01 -1.100865e-06
2.113329e-01 -6.475048e-07
2.113329e-01 -1.786873e-07
2.113327e-01 -3.974114e-07
2.059811e-01 -2.039086e-06
2.113329e-01 -3.706752e-07
2.093026e-01 -1.654969e-07
3.052737e-01 5.883848e-07
2.612236e-01 2.610135e-07
2.030068e-01 6.278001e-07
1.432646e-01 -2.062531e-06
1.976041e-01 3.247928e-07
1.530923e-01 -1.964479e-09
1.982045e-01 3.446155e-06
1.454081e-01 -2.092271e-07
1.454149e-01 1.311981e-06
1.987437e-01 -2.175831e-07
2.053831e-01 -3.575292e-06
3.196270e-01 3.326040e-06
3.023501e-01 -6.806766e-07
2.573002e-01 -1.120429e-06
