8.132655e-07
-1.125896e-06
-8.057632e-07
7.927546e-07
-3.218635e-07
4.875102e-07
-1.161244e-06
1.082609e-07
-6.978720e-07
-1.345640e-06
2.165274e-07
-5.358272e-07
3.722780e-07
-4.838106e-07
-5.469663e-07
-6.367240e-07
4.164932e-07
8.351081e-07
-4.635211e-07
3.028296e-07
7.487965e-07
9.572555e-07
-4.114462e-07
7.788152e-07
1.402306e-06
3.548753e-08
5.254263e-07
7.218814e-07
7.314184e-07
6.667691e-07
7.164216e-07
6.093608e-07
-4.713755e-07
6.953019e-07
-5.467436e-07
-5.077121e-07
-2.544318e-07
4.499742e-07
4.880373e-07
-7.514881e-07
6.539506e-07
-3.540397e-07
2.582077e-07
1.866529e-08
-6.377367e-08
3.796435e-08
1.506852e-07
-3.448984e-07
-3.102576e-08
5.590722e-08
1.561294e-07
-8.211828e-08
-4.222917e-08
1.324450e-08
-2.473450e-08
2.808865e-07
-3.884963e-07
-2.156830e-07
3.195586e-07
4.682876e-08
-9.439946e-08
-1.217767e-07
5.995680e-08
3.063461e-07
-2.969962e-07
2.200580e-07
-1.030006e-06
-2.344703e-07
-9.393668e-07
-4.824996e-07
-1.456290e-07
1.621067e-07
4.016810e-07
-1.122856e-07
7.834462e-07
9.252304e-07
-3.312310e-07
3.656974e-07
1.153815e-07
9.512896e-07
-1.185402e-07
9.863891e-07
6.689217e-07
-6.846746e-07
1.876970e-07
-2.709251e-07
3.824394e-07
1.988198e-07
6.913135e-07
-6.463344e-07
-6.317303e-07
-5.007611e-07
-5.059775e-08
4.677575e-07
2.126313e-07
-7.564970e-07
-3.486805e-07
-6.557854e-07
2.882122e-07
-9.485846e-07
4.532637e-07
-3.669041e-07
1.275845e-07
-3.368640e-07
7.063128e-08
-3.606740e-08
3.406317e-08
-3.502608e-08
1.151630e-08
4.937457e-09
-5.959502e-08
2.782120e-08
3.620199e-08
2.097898e-08
2.323753e-08
3.766376e-08
-1.107078e-08
9.301434e-09
3.366162e-09
-2.237327e-09
-2.782175e-08
3.379610e-08
-1.907994e-08
5.744155e-08
-2.770883e-07
1.289449e-07
1.582598e-07
8.752626e-07
-1.193508e-07
1.092284e-06
-4.136125e-07
-4.191896e-07
1.569975e-07
8.537965e-07
1.118284e-06
-1.744229e-07
-9.823693e-07
3.204525e-07
6.092128e-08
-7.253911e-08
2.758826e-08
-1.345488e-06
4.154650e-07
-6.142136e-08
-1.220313e-07
3.517915e-07
1.138025e-07
3.755443e-07
-1.161952e-07
4.113695e-07
-2.102112e-07
-6.904309e-07
-3.152658e-07
-4.767625e-08
-3.153496e-07
-1.264828e-06
-4.601411e-07
-3.202270e-07
9.242743e-08
3.679393e-07
2.224259e-07
2.700511e-07
-3.337795e-07
4.668913e-07
2.565741e-07
2.983814e-07
-4.355993e-07
7.654823e-07
6.768832e-07
3.549109e-07
1.284724e-07
2.915348e-07
2.844430e-07
-7.309260e-09
7.116959e-08
9.132102e-09
-3.462908e-07
-5.384537e-07
-4.350543e-07
-5.507853e-07
-4.560493e-07
-3.925414e-07
-3.654558e-07
-2.074243e-07
-3.436833e-07
-2.842369e-07
-5.230044e-07
-4.876377e-07
-4.181245e-07
-4.009591e-07
-4.124714e-07
-3.922160e-07
-4.096681e-07
-2.922563e-07
-3.103783e-07
-2.061391e-07
-1.915322e-07
-1.906195e-07
-1.301168e-07
-5.353596e-08
-7.508844e-08
9.098553e-08
9.324394e-08
2.617253e-07
1.644801e-07
2.421403e-07
2.118541e-07
3.124649e-07
2.600593e-07
3.039113e-07
3.134846e-07
3.756451e-07
3.464207e-07
3.808952e-07
3.874965e-07
3.614251e-07
4.688112e-07
3.500840e-07
3.887561e-07
4.541085e-07
3.980222e-07
4.931024e-07
4.740721e-07
5.509142e-07
5.069225e-07
5.660448e-07
6.021523e-07
6.383127e-07
5.876502e-07
6.434171e-07
7.028556e-07
7.189523e-07
6.336059e-07
7.231795e-07
7.812261e-07
6.157985e-07
7.402683e-07
6.315487e-07
-1.263733e-07
5.082225e-07
7.927115e-07
6.889067e-07
3.205200e-07
8.529371e-07
9.436316e-07
7.132638e-07
1.340203e-07
1.021781e-06
1.123535e-06
1.235573e-06
1.327422e-06
-1.835151e-07
-3.040183e-07
1.516046e-06
1.321367e-06
1.484793e-06
1.281737e-06
1.339406e-06
1.113212e-06
1.068719e-06
8.732643e-07
7.599875e-07
6.527366e-07
5.373712e-07
5.063675e-07
6.368830e-07
6.173504e-07
7.500521e-07
3.893159e-07
4.194214e-07
1.937783e-07
1.601786e-06
9.023655e-07
8.758755e-07
-4.342846e-07
1.156464e-06
1.100069e-06
2.460674e-07
-1.462799e-08
-1.289003e-07
9.032324e-07
1.077826e-06
1.173690e-06
9.909247e-07
9.161105e-07
8.526502e-07
8.719848e-07
7.331745e-07
8.442208e-07
6.998365e-07
4.277105e-07
4.225727e-07
5.446067e-07
2.865082e-07
2.955784e-07
1.816730e-07
1.082574e-07
9.201162e-08
1.393400e-07
4.246899e-11
8.449273e-08
1.644641e-08
6.317426e-08
7.268772e-08
4.005997e-08
-1.958423e-08
-1.752231e-08
-8.419738e-08
2.542048e-08
-6.185619e-08
-3.003479e-07
-2.352050e-07
6.780501e-08
-4.814096e-08
2.521830e-07
1.041208e-07
2.962246e-07
1.343792e-07
3.055792e-08
8.389867e-08
2.546997e-07
2.055652e-07
3.728420e-07
9.807833e-08
3.177663e-07
4.594905e-07
4.765198e-07
5.126251e-07
-5.165959e-07
4.420223e-07
3.844171e-07
4.965890e-07
5.341394e-07
1.082807e-06
-7.866586e-08
-3.529491e-07
-5.147521e-07
6.018792e-07
5.899994e-07
5.513393e-07
5.375889e-07
5.349336e-07
5.266578e-07
5.256769e-07
5.808315e-07
5.408807e-07
4.945893e-07
5.196653e-07
4.492121e-07
4.820508e-07
6.271174e-07
6.155274e-07
7.673789e-07
7.604809e-07
3.572372e-07
4.863994e-07
5.561956e-07
5.601083e-07
6.662954e-07
4.454991e-07
6.898054e-07
7.857175e-07
7.031049e-07
7.212883e-07
6.150881e-07
6.384915e-07
7.448958e-07
6.152998e-07
5.520218e-07
5.599353e-07
6.295986e-07
5.686733e-07
4.903346e-07
4.488805e-07
7.998735e-07
7.121056e-07
9.122283e-07
4.951316e-07
4.665553e-07
1.007360e-06
4.175476e-08
3.317996e-07
-3.603627e-07
2.934211e-07
4.786968e-07
4.305336e-07
3.399686e-07
3.972217e-07
4.927481e-07
5.449854e-07
5.120582e-07
5.760565e-07
4.388580e-07
1.653457e-06
9.986518e-07
2.934973e-07
4.585851e-07
2.814824e-07
1.480955e-06
-4.390820e-08
3.590299e-07
2.581051e-07
4.542830e-07
4.723473e-07
6.224468e-07
7.807508e-07
3.337417e-07
2.835233e-07
2.870363e-07
4.338165e-07
8.946662e-08
-3.953284e-07
4.795416e-07
4.790431e-07
3.540186e-07
3.066620e-07
5.966901e-07
3.785888e-07
2.303995e-07
-4.066729e-07
9.415594e-07
-9.275699e-07
-5.583057e-07
5.240996e-07
2.435535e-07
9.922737e-08
-6.487913e-08
6.125812e-08
8.473604e-08
2.626505e-07
2.492859e-07
6.194272e-07
1.695989e-07
6.010998e-07
5.862228e-08
1.154162e-06
8.572238e-07
1.242713e-06
1.016108e-06
5.151179e-07
7.295502e-08
3.618749e-07
4.243307e-07
3.458851e-07
2.131424e-07
1.305703e-07
7.089248e-07
4.398775e-07
2.543029e-07
-1.220475e-07
4.483009e-07
-7.774907e-08
-4.248935e-07
2.375341e-07
9.884447e-07
6.256713e-07
1.086997e-07
2.387405e-07
2.072430e-07
-2.428558e-08
-4.682764e-07
3.951197e-07
1.488825e-06
-9.638896e-07
-6.290456e-07
-4.057702e-08
4.084789e-07
2.314555e-07
6.579721e-07
7.825376e-07
3.309044e-07
7.062076e-07
-1.348448e-07
1.855570e-06
1.818542e-06
1.948696e-06
1.866312e-06
2.382235e-06
2.288884e-06
3.045981e-06
2.646118e-06
3.287034e-06
2.973763e-06
2.985849e-06
-3.373322e-07
-6.075296e-07
-1.200227e-07
1.449410e-06
-4.901688e-07
-4.196081e-07
6.864657e-07
6.622970e-07
-3.650276e-07
3.140414e-07
3.472015e-07
3.600110e-07
-4.588162e-07
-5.235169e-07
-9.350636e-07
-5.238077e-07
-1.475924e-07
-2.601116e-08
3.219082e-08
-3.204287e-07
4.259080e-07
3.503589e-07
-1.183326e-07
-8.683534e-08
-3.640716e-07
8.742338e-07
7.300906e-07
3.976645e-07
4.375504e-07
5.370547e-07
5.290152e-07
3.728274e-07
4.382034e-07
-4.351193e-07
3.326012e-07
2.226455e-07
4.488633e-07
7.226032e-08
7.133004e-08
1.154885e-06
1.586984e-06
-8.889319e-07
3.302319e-07
-3.930003e-07
-4.773799e-07
-3.426797e-07
-3.578206e-07
-1.348256e-08
-4.164654e-07
8.875963e-07
-4.052185e-08
-5.877907e-07
-1.580487e-06
-1.525721e-07
4.311956e-07
4.511640e-07
7.459287e-08
4.641565e-07
3.071673e-07
6.265775e-07
5.455421e-07
1.154016e-06
5.694892e-07
1.361906e-06
6.974352e-07
1.311110e-06
8.599076e-07
7.929652e-07
8.006390e-07
6.605615e-07
1.213077e-06
1.579684e-07
2.702903e-07
4.046370e-07
5.626506e-07
2.822378e-07
3.030187e-07
2.239464e-07
1.110086e-07
-9.956688e-08
1.568646e-07
1.852982e-07
6.096824e-07
-1.237717e-07
2.034535e-07
-2.614806e-07
7.695867e-07
1.172347e-06
8.482047e-07
4.715860e-09
1.513952e-06
3.029132e-07
2.039574e-07
3.177176e-07
3.387993e-07
3.587668e-07
5.706221e-07
1.265402e-07
-1.159436e-07
-6.327740e-08
-2.723976e-07
-2.837825e-07
8.421074e-07
6.718263e-07
1.955470e-06
1.816780e-07
2.393454e-07
5.715061e-08
-8.069150e-08
-1.008989e-07
1.137803e-07
9.625231e-07
1.840690e-06
4.093266e-07
5.364073e-07
6.160416e-07
6.781727e-07
2.340652e-06
5.580362e-07
3.828331e-07
2.363360e-06
-1.173699e-06
1.796494e-06
1.325133e-06
1.112559e-06
-2.945954e-07
-4.005460e-07
5.154834e-07
1.375182e-07
-4.566087e-07
-6.391948e-08
9.437089e-07
1.155891e-06
6.554350e-09
9.430899e-08
4.500278e-07
-2.817763e-07
-7.129999e-07
-7.111902e-07
-5.731637e-07
5.268138e-07
6.452302e-07
2.824765e-07
3.587681e-07
-1.024429e-07
4.173801e-07
-2.171003e-07
-2.024082e-07
2.831110e-07
3.889393e-07
-4.995930e-07
-5.512744e-07
-1.477301e-07
5.432193e-07
4.714695e-07
4.402639e-07
6.930462e-07
7.518571e-07
4.713758e-07
4.552270e-07
-1.079758e-07
6.431680e-07
6.446038e-07
1.244043e-06
5.222024e-07
2.022490e-07
5.073437e-08
3.063836e-07
-1.364540e-07
-2.258967e-07
5.055655e-08
-3.292754e-08
-9.366422e-08
-5.373660e-08
3.644042e-07
2.920398e-07
1.809273e-07
5.267335e-07
7.285663e-07
7.341693e-07
7.241342e-07
-4.485812e-07
3.156155e-07
7.287534e-07
8.022406e-07
8.308787e-07
8.343686e-07
8.628387e-07
7.998850e-07
7.490632e-07
8.450653e-07
7.469285e-07
8.603416e-07
5.271533e-07
5.091720e-07
5.525155e-07
8.680645e-07
2.400390e-07
-9.020695e-07
-9.142004e-07
-1.447506e-06
-1.228566e-06
-6.581970e-07
7.047767e-09
-3.291162e-07
1.073286e-06
7.913325e-07
2.817037e-06
2.334283e-06
1.982775e-06
2.342268e-06
2.260788e-06
-2.480213e-07
-1.212955e-06
-1.888953e-06
-1.750065e-06
-6.528095e-09
5.846277e-07
-1.452858e-07
-3.575632e-08
2.195666e-07
6.422983e-07
2.801842e-07
-2.809952e-07
9.897872e-08
5.490461e-07
-8.561909e-07
-2.107127e-07
4.420469e-07
-6.105492e-07
5.737174e-07
2.456818e-07
9.449349e-07
6.671939e-07
2.083347e-07
-1.152631e-07
-6.488335e-07
-4.302237e-07
1.948355e-07
3.759188e-07
1.263685e-07
-1.438528e-07
-7.450046e-07
-1.626295e-07
8.277573e-07
2.444235e-07
1.463482e-07
2.553607e-07
4.709322e-07
4.561580e-07
1.020717e-07
-9.953590e-08
2.798017e-07
-4.042516e-08
3.006409e-07
8.561700e-07
1.064069e-07
5.160709e-07
4.848875e-07
9.380504e-07
-7.754692e-07
1.149041e-07
-3.227787e-07
4.793375e-07
4.638188e-07
4.793873e-07
4.089750e-07
5.060922e-07
1.662777e-07
2.399165e-09
-4.201763e-07
-2.307413e-07
-5.682352e-07
-7.012661e-07
3.963294e-07
8.217126e-07
4.268883e-07
4.408001e-07
5.131901e-07
4.295205e-07
2.439830e-07
3.769046e-07
-1.611454e-07
-5.616022e-07
-5.062824e-08
3.553867e-08
-3.276137e-07
-4.309189e-07
-5.610861e-07
6.181773e-07
3.859642e-07
-2.198919e-07
8.221301e-07
6.722058e-07
3.359173e-07
2.003609e-07
-4.319820e-07
-6.088027e-07
-1.119077e-07
-4.051395e-09
-5.001564e-07
-6.098582e-07
2.260603e-07
4.021903e-07
-4.082433e-08
3.303388e-07
1.601108e-07
-3.717334e-07
4.686748e-07
-8.310454e-08
-5.630108e-07
-1.408633e-07
-3.839625e-07
8.998013e-07
-4.833317e-08
6.286783e-09
2.723624e-07
-9.667094e-08
-4.835175e-07
-4.514253e-07
-2.381486e-07
1.956768e-07
9.417947e-07
6.598027e-07
2.477894e-07
1.828744e-07
1.627991e-07
2.523773e-07
4.469373e-07
-2.312438e-07
-8.402047e-07
-5.400889e-07
-5.638728e-07
-1.564915e-06
-7.108910e-08
-3.882682e-07
7.070008e-07
6.193592e-07
-1.824936e-07
-1.093866e-06
5.996665e-08
1.245165e-07
-1.231337e-07
7.455484e-07
1.529575e-07
6.411713e-07
1.410912e-06
1.384187e-06
-3.782649e-07
6.421190e-07
2.079834e-06
1.812943e-07
8.464025e-07
-4.310993e-07
-1.656809e-07
1.860511e-07
4.586005e-07
2.001815e-07
-4.387136e-08
-1.103998e-07
-2.883422e-08
-1.232784e-07
3.150644e-09
3.524774e-09
7.531311e-07
-9.132756e-08
4.569057e-07
7.604985e-07
7.036880e-07
1.780748e-07
1.558546e-07
3.646524e-07
2.366303e-07
1.393330e-07
2.048861e-07
-3.541926e-07
-5.986759e-07
-1.379876e-06
1.074241e-06
1.108483e-06
3.029731e-07
9.508949e-07
3.974336e-07
-4.373257e-07
5.691179e-07
5.083350e-07
5.391263e-07
1.563000e-06
1.015180e-06
8.852686e-07
1.493796e-07
5.182475e-08
-2.063410e-07
1.921767e-07
9.132391e-07
-3.071356e-07
-3.019899e-07
-4.776219e-07
-1.204300e-07
-1.570900e-07
8.651336e-08
3.920592e-07
8.883134e-07
6.640769e-07
1.408529e-06
3.715742e-07
4.475665e-07
3.139202e-07
3.877584e-07
3.015160e-07
3.210987e-07
5.646014e-07
-8.116916e-08
6.780703e-07
8.843137e-07
2.480355e-08
-3.615393e-07
3.337100e-07
4.195003e-07
-6.890626e-07
-6.400125e-07
2.879700e-07
-3.834007e-07
-6.055506e-08
2.052935e-07
1.093315e-07
4.673075e-07
1.184419e-07
1.476553e-07
3.942734e-07
1.470763e-07
9.607183e-08
4.207779e-08
1.027574e-06
1.316978e-07
2.512482e-07
-9.157993e-08
3.379707e-07
8.581956e-07
8.832215e-07
7.547667e-07
3.836465e-07
1.128711e-06
5.394225e-07
1.127954e-06
5.650635e-07
4.448622e-07
1.482818e-06
7.537849e-07
2.944116e-07
7.786568e-07
5.334284e-07
5.305130e-07
7.661291e-07
3.205051e-08
9.434755e-07
-3.767341e-07
8.274835e-07
-4.160142e-07
-1.140084e-07
4.962020e-07
8.870978e-07
-7.922780e-09
3.930695e-07
1.157112e-06
2.479162e-07
6.291083e-07
1.132729e-06
4.349085e-07
5.047766e-08
4.129992e-08
2.184914e-07
2.736547e-07
1.394412e-07
5.438151e-07
-3.529127e-07
8.594519e-07
1.814974e-07
8.474146e-07
8.586205e-08
-1.002268e-07
-4.790900e-07
-2.514159e-07
5.223444e-07
6.558137e-07
-2.149821e-07
6.430061e-07
-2.127523e-07
5.195787e-07
-1.922447e-07
4.811690e-07
-4.202272e-07
-3.099818e-07
-5.302121e-07
3.918542e-07
-4.875224e-07
8.680306e-07
4.656021e-07
5.352759e-07
4.393888e-07
3.048971e-07
-4.362218e-07
2.451803e-08
-7.538268e-07
1.379388e-06
5.630468e-07
3.704956e-07
1.042719e-06
3.733087e-07
4.134954e-07
1.031207e-07
3.412819e-07
1.781675e-07
5.320829e-07
-7.278629e-07
1.321578e-06
4.771237e-07
3.420614e-07
-6.052193e-08
6.961603e-07
1.737605e-06
4.248885e-07
1.949668e-07
2.227998e-06
8.135510e-07
-6.055882e-07
-3.447491e-07
3.892474e-07
5.719081e-07
4.872162e-07
3.174027e-07
-3.629576e-07
8.114233e-07
4.637010e-07
8.727087e-07
5.365078e-07
5.594194e-07
1.875075e-07
-4.487442e-07
1.131733e-06
4.598653e-07
9.012398e-08
5.807761e-07
6.927727e-07
2.625489e-07
-1.169142e-07
8.572892e-08
5.419528e-07
6.272576e-07
1.534706e-07
8.946084e-08
5.744347e-07
6.818693e-07
-1.285760e-07
-2.431940e-08
-2.150955e-07
-2.789415e-07
5.558410e-07
1.877900e-07
2.339025e-06
7.419027e-07
-4.894192e-07
7.599125e-07
7.869774e-07
-2.833131e-07
5.797209e-07
-1.858534e-07
-2.183439e-07
-5.875107e-08
9.063884e-07
-4.757519e-07
6.548793e-07
8.793599e-07
9.710068e-07
-6.590969e-07
8.067990e-07
5.461421e-07
-1.867149e-07
3.096622e-08
4.567843e-07
1.498092e-07
9.453039e-07
2.353549e-07
1.404774e-06
4.759981e-07
4.328061e-09
5.615425e-07
4.732235e-07
5.350525e-07
4.035657e-07
2.977641e-08
-7.940849e-07
8.024245e-07
1.720919e-06
5.434136e-09
4.359367e-08
4.291063e-07
9.987218e-07
1.909221e-06
6.970959e-07
1.990029e-06
1.356715e-06
4.573591e-07
2.259923e-08
-2.658481e-09
-5.740372e-07
2.647081e-07
-1.936656e-07
1.791903e-06
1.921148e-06
2.755196e-06
2.471952e-06
2.398804e-07
2.502531e-07
-8.219606e-08
-1.465934e-07
-5.258624e-07
-9.275826e-07
-6.548769e-07
-1.189832e-07
3.835407e-07
6.856943e-07
2.198907e-07
-1.576060e-06
-3.361197e-07
2.109362e-07
-4.515976e-08
4.692735e-07
1.994797e-06
-1.130086e-07
2.118739e-06
-3.551435e-07
6.328009e-07
1.344009e-08
9.712580e-07
-5.099522e-08
1.621756e-07
7.486122e-07
9.586634e-08
3.775354e-07
1.725840e-07
8.349587e-07
-5.619209e-07
4.788913e-07
4.030028e-07
3.836336e-07
3.593700e-08
-6.548929e-07
-7.898110e-07
1.166748e-07
-3.481288e-07
-6.549469e-07
-6.639495e-07
1.795374e-08
-1.765601e-07
3.929235e-07
2.934213e-07
2.535032e-07
-3.075789e-07
2.677080e-07
2.872373e-07
2.791502e-08
6.235107e-07
-2.680642e-07
2.137737e-06
1.619665e-07
-2.784665e-07
2.655843e-06
7.868287e-07
1.467420e-06
5.830085e-07
1.543244e-07
2.282027e-06
7.275228e-07
1.217378e-06
1.249987e-06
1.151549e-06
7.226200e-07
-1.062569e-06
-1.764024e-06
4.896180e-07
8.905347e-07
2.926517e-07
-6.906322e-07
-4.470857e-07
-4.538845e-07
7.933691e-07
4.290354e-07
5.537980e-07
-5.799588e-07
1.323644e-06
-1.205060e-06
6.820977e-07
1.569246e-07
8.419819e-08
-3.414139e-07
-3.421204e-07
3.618426e-07
-1.938144e-07
