-9.075270e+00
-8.400983e+00
-4.471815e+02
-1.200440e+02
-1.062894e+02
-7.723265e+01
-6.235225e+01
-5.240682e+01
-4.520143e+01
-3.982948e+01
-3.563750e+01
-3.228654e+01
-2.954791e+01
-2.725999e+01
-2.532923e+01
-2.365757e+01
-2.221068e+01
-2.094119e+01
-1.982923e+01
-1.882933e+01
-1.793828e+01
-1.712540e+01
-1.640640e+01
-1.573403e+01
-1.512945e+01
-1.457415e+01
-1.406395e+01
-1.359088e+01
-1.315456e+01
-1.275157e+01
-1.237789e+01
-1.203101e+01
-1.171051e+01
-1.141286e+01
-1.113528e+01
-1.087828e+01
-1.064069e+01
-1.042051e+01
-1.021797e+01
-1.003155e+01
-9.858785e+00
-9.701047e+00
-9.558293e+00
-9.427833e+00
-9.310858e+00
-9.206376e+00
-9.112874e+00
-9.031171e+00
-8.960614e+00
-8.900447e+00
-8.851165e+00
-8.811950e+00
-8.782600e+00
-8.762132e+00
-8.751006e+00
-8.749728e+00
-8.756404e+00
-8.772068e+00
-8.796425e+00
-8.827057e+00
-8.866203e+00
-8.910188e+00
-8.957723e+00
-9.005253e+00
-9.048367e+00
-9.075439e+00
-9.075749e+00
-9.105139e+00
-9.149996e+00
-9.199510e+00
-9.245769e+00
-9.283122e+00
-9.307919e+00
-9.317626e+00
-9.311540e+00
-9.289333e+00
-9.251912e+00
-9.200261e+00
-9.134762e+00
-9.058538e+00
-8.973076e+00
-8.882200e+00
-8.787127e+00
-8.689365e+00
-8.593906e+00
-8.502715e+00
-8.417757e+00
-8.341680e+00
-8.276398e+00
-8.224243e+00
-8.186642e+00
-8.164654e+00
-8.158637e+00
-8.168480e+00
-8.193144e+00
-8.230433e+00
-8.276515e+00
-8.326377e+00
-8.371128e+00
-8.400576e+00
-8.400679e+00
-8.428085e+00
-8.471137e+00
-8.518466e+00
-8.566202e+00
-8.610444e+00
-8.648903e+00
-8.680404e+00
-8.704123e+00
-8.719276e+00
-8.726664e+00
-8.725110e+00
-8.714160e+00
-8.694063e+00
-8.664299e+00
-8.624914e+00
-8.576085e+00
-8.515607e+00
-8.445006e+00
-8.363526e+00
-8.270509e+00
-8.165624e+00
-8.048471e+00
-7.918232e+00
-7.774411e+00
-7.616648e+00
-7.445760e+00
-7.257759e+00
-7.056520e+00
-6.835771e+00
-6.597646e+00
-6.340769e+00
-6.064619e+00
-5.766728e+00
-5.444794e+00
-5.098135e+00
-4.725649e+00
-4.319880e+00
-3.884375e+00
-3.414688e+00
-2.905928e+00
-2.345057e+00
-1.739447e+00
-1.075020e+00
-3.454782e-01
4.634654e-01
1.359162e+00
2.355647e+00
3.465908e+00
4.735598e+00
6.181208e+00
7.843245e+00
9.786760e+00
1.209225e+01
1.482085e+01
1.815371e+01
2.234442e+01
2.771483e+01
3.496163e+01
4.469058e+01
5.983214e+01
8.814112e+01
1.035455e+02
4.308104e+02
2.336969e+02
7.668445e+01
5.267142e+01
3.601028e+01
2.598846e+01
1.971008e+01
1.511114e+01
1.166713e+01
9.083434e+00
6.955808e+00
5.244690e+00
3.802326e+00
2.593659e+00
1.565807e+00
6.660679e-01
-1.066723e-01
-7.894626e-01
-1.397101e+00
-1.946699e+00
-2.427170e+00
-2.857928e+00
-3.251839e+00
-3.616570e+00
-3.941562e+00
-4.243682e+00
-4.518567e+00
-4.769547e+00
-5.004375e+00
-5.222531e+00
-5.423577e+00
-5.611052e+00
-5.786033e+00
-5.949483e+00
-6.102323e+00
-6.246346e+00
-6.382172e+00
-6.509553e+00
-6.629593e+00
-6.743250e+00
-6.850932e+00
-6.953003e+00
-7.050046e+00
-7.142402e+00
-7.230529e+00
-7.314715e+00
-7.395012e+00
-7.472055e+00
-7.545996e+00
-7.617024e+00
-7.685450e+00
-7.751451e+00
-7.815093e+00
-7.876486e+00
-7.936290e+00
-7.994174e+00
-8.050493e+00
-8.105359e+00
-8.158851e+00
-8.211159e+00
-8.262398e+00
-8.312682e+00
-8.362081e+00
-8.410696e+00
-8.458668e+00
-8.506078e+00
-8.553043e+00
-8.599637e+00
-8.645963e+00
-8.692101e+00
-8.738183e+00
-8.784226e+00
-8.830331e+00
-8.876665e+00
-8.923281e+00
-8.970182e+00
-9.017678e+00
-9.065747e+00
-9.114307e+00
-9.163432e+00
-9.213831e+00
-9.265101e+00
-9.317446e+00
-9.371011e+00
-9.425790e+00
-9.482164e+00
-9.540068e+00
-9.599702e+00
-9.661275e+00
-9.724959e+00
-9.790876e+00
-9.859387e+00
-9.930046e+00
-1.000384e+01
-1.008111e+01
-1.016150e+01
-1.024592e+01
-1.033401e+01
-1.042623e+01
-1.052329e+01
-1.062540e+01
-1.073312e+01
-1.084706e+01
-1.096725e+01
-1.109478e+01
-1.122988e+01
-1.137348e+01
-1.152686e+01
-1.169056e+01
-1.186549e+01
-1.205299e+01
-1.225394e+01
-1.247153e+01
-1.270616e+01
-1.295614e+01
-1.323268e+01
-1.353744e+01
-1.386358e+01
-1.422023e+01
-1.461481e+01
-1.505018e+01
-1.553583e+01
-1.607671e+01
-1.668499e+01
-1.736622e+01
-1.814601e+01
-1.903910e+01
-2.006712e+01
-2.127134e+01
-2.273288e+01
-2.444344e+01
-2.655880e+01
-2.916260e+01
-3.251906e+01
-3.728139e+01
-4.329508e+01
-5.349242e+01
-6.933222e+01
-9.002638e+01
-2.528884e+02
-8.760039e+00
-9.273069e+00
-8.257786e+00
-9.825313e+00
-7.713900e+00
-1.048026e+01
-7.087254e+00
-7.999120e+00
-9.479573e+00
-1.067549e+01
-6.791736e+00
-1.135751e+01
-6.279204e+00
-5.079440e+00
-1.276629e+01
-4.660763e+00
-1.262508e+01
-1.455898e+01
-3.390120e+00
-1.789645e+00
-1.571257e+01
-8.743751e+00
-8.506052e+00
-8.965167e+00
2.361748e+00
-1.977138e+01
-3.092963e-01
-1.714434e+01
-9.013986e+00
-8.513143e+00
-9.133653e+00
-8.351968e+00
9.520811e+00
-2.725354e+01
-8.823061e+00
-8.651923e+00
4.731119e+00
-2.214491e+01
-1.013072e+01
-7.422111e+00
-9.561805e+00
-7.974568e+00
-9.259895e+00
-8.211232e+00
2.167635e+01
-3.918678e+01
1.289325e+01
-3.096317e+01
-8.865270e+00
-8.611109e+00
-9.173481e+00
-1.004315e+01
-7.384786e+00
-5.731624e+00
-1.177105e+01
-8.297584e+00
-3.356398e+00
-1.400748e+01
-1.343657e+01
-1.976127e+00
-4.227850e+00
-1.201952e+01
-5.674705e+00
-1.093836e+01
-6.659381e+00
-9.221280e+00
-8.250281e+00
-4.672599e+01
2.868785e+01
4.346471e+01
-6.007571e+01
-8.963074e+00
-8.516065e+00
-9.764637e+00
-7.729053e+00
-6.294801e+00
-1.116418e+01
4.130505e-01
-1.791576e+01
-8.886990e+00
-8.597999e+00
6.123957e+00
-2.360427e+01
-8.821488e+00
-8.650807e+00
1.468720e+01
-3.209465e+01
7.300844e+01
-9.142456e+01
-9.150822e+00
-8.321108e+00
-9.217111e+00
-8.980078e+00
-8.253818e+00
-8.485335e+00
5.508439e+01
-7.286771e+01
8.159709e+00
2.349069e+00
-2.549612e+01
-1.969863e+01
-1.596266e+01
-1.166151e+01
-6.023865e+00
-6.878419e+00
-1.027568e+01
-1.069082e+01
-7.259015e+00
-9.994401e+00
-7.577420e+00
-9.689434e+00
-7.850695e+00
-9.436434e+00
-8.087302e+00
-9.171304e+00
-8.359735e+00
-8.911663e+00
-8.614047e+00
-9.036595e+00
-8.437352e+00
1.492364e+02
-1.667244e+02
-9.084561e+00
-8.389983e+00
-9.113719e+00
-9.111555e+00
-9.142295e+00
-9.103543e+00
-9.130516e+00
-9.094849e+00
-9.118737e+00
-9.087840e+00
-9.109282e+00
-9.084304e+00
-9.103258e+00
-9.084994e+00
-9.100886e+00
-9.090331e+00
-9.103963e+00
-9.100411e+00
-9.111422e+00
-9.115361e+00
-9.123033e+00
-9.134589e+00
-9.138475e+00
-9.157584e+00
-9.157703e+00
-9.184156e+00
-9.179798e+00
-9.213385e+00
-9.204418e+00
-9.244981e+00
-9.230815e+00
-9.276555e+00
-9.258334e+00
-9.309680e+00
-9.286203e+00
-9.346303e+00
-9.314653e+00
-9.380830e+00
-9.342316e+00
-9.414153e+00
-9.368488e+00
-9.445082e+00
-9.392532e+00
-9.474204e+00
-9.415857e+00
-9.500359e+00
-9.433470e+00
-9.522762e+00
-9.448415e+00
-9.540691e+00
-9.459357e+00
-9.554483e+00
-9.465978e+00
-9.563036e+00
-9.466784e+00
-9.375972e+00
-9.368299e+00
-9.282573e+00
-9.267418e+00
-9.565961e+00
-9.186121e+00
-9.164371e+00
-9.088361e+00
-9.059474e+00
-8.989037e+00
-8.953622e+00
-9.024522e+00
-8.913282e+00
-8.983713e+00
-8.867734e+00
-8.937083e+00
-8.819760e+00
-8.886269e+00
-8.765008e+00
-8.825544e+00
-8.700706e+00
-8.756467e+00
-8.762423e+00
-8.634386e+00
-8.700104e+00
-8.564955e+00
-8.631227e+00
-8.491167e+00
-8.556113e+00
-8.411867e+00
-8.353031e+00
-8.269773e+00
-8.215473e+00
-8.125922e+00
-8.077698e+00
-7.982332e+00
-7.939703e+00
-7.838091e+00
-8.476876e+00
-8.622706e+00
-7.801281e+00
-7.693529e+00
-7.730500e+00
-7.580019e+00
-8.547843e+00
-8.691302e+00
-7.617990e+00
-7.463521e+00
-8.619951e+00
-8.760949e+00
-7.548392e+00
-7.502359e+00
-7.340792e+00
-8.691250e+00
-8.836302e+00
-7.383049e+00
-7.216571e+00
-8.768971e+00
-8.916102e+00
-7.260729e+00
-7.094458e+00
-8.849608e+00
-9.019761e+00
-7.136994e+00
-6.966427e+00
-6.928260e+00
-6.792409e+00
-6.759220e+00
-6.607829e+00
-6.586311e+00
-6.421991e+00
-8.933704e+00
-9.086488e+00
-6.411120e+00
-6.242959e+00
-7.011877e+00
-9.016026e+00
-9.170234e+00
-6.235119e+00
-6.060373e+00
-6.070248e+00
-5.878368e+00
-5.894622e+00
-5.690895e+00
-9.666111e+00
-9.101764e+00
-9.255461e+00
-9.301946e+00
-5.713630e+00
-5.499011e+00
-9.187135e+00
-9.341047e+00
-6.058617e+00
-5.526618e+00
-5.301597e+00
-9.271617e+00
-9.426568e+00
-9.494936e+00
-9.583790e+00
-9.650501e+00
-9.743213e+00
-9.806827e+00
-9.904731e+00
-9.967675e+00
-1.007007e+01
-1.013318e+01
-1.023969e+01
-1.030024e+01
-1.041293e+01
-1.047122e+01
-1.058938e+01
-1.064762e+01
-1.077244e+01
-1.082804e+01
-1.095597e+01
-1.101073e+01
-1.114909e+01
-1.119995e+01
-1.135322e+01
-1.139555e+01
-1.156167e+01
-1.159631e+01
-1.177484e+01
-1.180373e+01
-1.199065e+01
-1.201454e+01
-1.221524e+01
-1.223024e+01
-1.244736e+01
-1.245129e+01
-1.268366e+01
-5.334665e+00
-5.097291e+00
-5.070135e+00
-4.851921e+00
-4.834248e+00
-4.595325e+00
-1.241648e+01
-1.150332e+01
-1.052602e+01
-9.840055e+00
-5.139939e+00
-1.267701e+01
-1.292575e+01
-1.242482e+01
-4.593441e+00
-4.333566e+00
-9.118995e+00
-9.200890e+00
-9.044616e+00
-9.126393e+00
-8.975831e+00
-1.290547e+01
-1.317162e+01
-9.212078e+00
-9.054323e+00
-8.910696e+00
-9.588014e+00
-4.346695e+00
-4.071762e+00
-4.064839e+00
-3.784382e+00
-3.790012e+00
-3.487100e+00
-3.491068e+00
-3.175787e+00
-8.986124e+00
-8.842818e+00
-1.163279e+01
-1.088167e+01
-1.019210e+01
-1.312916e+01
-1.342563e+01
-1.346055e+01
-1.373462e+01
-1.376377e+01
-1.405503e+01
-1.408061e+01
-1.439268e+01
-1.441403e+01
-1.474436e+01
-3.188766e+00
-2.850817e+00
-1.477042e+01
-1.511924e+01
-4.113815e+00
-8.917539e+00
-8.772952e+00
-2.837047e+00
-2.488709e+00
-2.894431e+00
-1.513594e+01
-1.551244e+01
-1.335924e+01
-8.847804e+00
-8.706400e+00
-1.550431e+01
-1.512658e+01
-1.592271e+01
-2.492249e+00
-2.111166e+00
-1.470011e+01
-8.779731e+00
-8.915584e+00
-8.645869e+00
-5.379359e+00
-5.192130e+00
-5.435855e+00
-5.266166e+00
-5.506499e+00
-5.352866e+00
-5.581989e+00
-5.447986e+00
-5.665624e+00
-5.550991e+00
-5.771671e+00
-5.666595e+00
-5.885983e+00
-1.590014e+01
-1.635828e+01
-2.144806e+00
-1.723746e+00
-1.635609e+01
-1.683498e+01
-8.848736e+00
-8.979135e+00
-8.983011e+00
-5.787565e+00
-6.000493e+00
-9.453555e+00
-1.631695e+01
-8.572875e+00
-8.510988e+00
-8.910620e+00
-9.041197e+00
-1.787151e+00
-1.326745e+00
-1.277222e+00
-8.376055e-01
-7.976412e-01
-3.154932e-01
-2.827108e-01
2.402976e-01
2.518003e-01
-1.679819e+01
-1.732315e+01
-5.914211e+00
-6.121404e+00
-5.695940e+00
-6.202409e+00
-6.316924e+00
-6.393889e+00
-6.504087e+00
-6.576752e+00
-6.681569e+00
-6.228341e+00
-6.065454e+00
-6.241506e+00
-6.084217e+00
-6.272979e+00
-6.118401e+00
-6.313078e+00
-6.165689e+00
-6.360527e+00
-6.220400e+00
-6.412004e+00
-6.285716e+00
-6.476450e+00
-6.364624e+00
-6.550758e+00
-6.451998e+00
-6.633322e+00
-6.258332e+00
8.294388e-01
-6.547311e+00
-6.723078e+00
-6.803794e+00
-6.887174e+00
-6.964959e+00
-7.041220e+00
-7.115812e+00
-7.185534e+00
-7.257236e+00
-7.320743e+00
-7.389417e+00
-7.447174e+00
-7.513443e+00
-7.563335e+00
-7.628751e+00
-7.675204e+00
-7.736671e+00
-7.779238e+00
-7.837397e+00
-7.872412e+00
-7.930252e+00
-7.960054e+00
-8.016769e+00
-8.041068e+00
-8.095960e+00
-8.115505e+00
-8.168407e+00
-8.183352e+00
-8.235293e+00
-8.245544e+00
-8.296582e+00
-8.136233e+00
-8.302136e+00
-8.351863e+00
-7.822451e+00
-7.246791e+00
-8.438702e+00
-8.353243e+00
-8.401871e+00
8.194771e-01
1.456099e+00
-8.973310e+00
-9.099065e+00
-9.672233e+00
-9.775566e+00
-6.616675e+00
-6.788011e+00
-5.834287e+00
-5.611403e+00
-1.724329e+01
-1.782519e+01
-1.425742e+00
-6.650127e+00
-8.398772e+00
-8.446132e+00
-8.355652e+00
1.411791e+00
7.447902e-01
2.125322e+00
-9.019363e+00
-9.034699e+00
-9.154884e+00
-8.914382e+00
-6.731570e+00
-6.898648e+00
-9.785932e+00
-9.892629e+00
-6.751938e+00
-5.764231e+00
-5.535229e+00
-7.183096e+00
-1.769281e+01
-1.833242e+01
-1.845965e+01
7.607305e-01
-1.902482e+01
-1.914817e+01
-9.090519e+00
-9.207360e+00
-9.135539e+00
1.290887e+00
6.026815e-01
-8.398083e+00
-8.359192e+00
-7.904155e+00
-9.275627e+00
-9.326130e+00
-9.397142e+00
-9.447440e+00
-9.521030e+00
-9.571086e+00
-9.647784e+00
-9.697133e+00
-6.847778e+00
-7.006133e+00
-9.777357e+00
-9.826446e+00
-9.910764e+00
-9.959753e+00
-1.004790e+01
-1.009718e+01
-1.018918e+01
-1.023945e+01
-1.033568e+01
-1.038678e+01
-1.048758e+01
-1.054162e+01
-1.064570e+01
-1.070215e+01
-1.081071e+01
-1.086822e+01
-1.098334e+01
-1.104398e+01
-1.116449e+01
-1.122776e+01
-1.135448e+01
-1.141791e+01
-1.155428e+01
-1.162038e+01
-1.176481e+01
-1.183384e+01
-1.977740e+01
-1.989017e+01
-9.906246e+00
-1.001718e+01
-5.688963e+00
-5.464005e+00
-7.904401e+00
-8.923971e+00
-8.956200e+00
-8.771732e+00
-1.198763e+01
-1.207629e+01
-2.059580e+01
-2.069123e+01
-9.293320e+00
-1.189451e+01
-1.214788e+01
-1.127161e+01
-1.075121e+01
-9.727041e+00
-1.814047e+01
-9.368205e+00
-1.029857e+01
-8.376685e+00
-8.302572e+00
1.086493e+00
3.961607e-01
-2.148359e+01
-2.155339e+01
-2.069056e+01
-8.397397e+00
-8.363625e+00
-6.959894e+00
-7.107723e+00
-1.003284e+01
-1.014884e+01
-1.012388e+01
-1.026031e+01
-1.022603e+01
-1.036862e+01
-1.032348e+01
-1.047317e+01
-1.041502e+01
-1.056889e+01
-1.049970e+01
-1.065826e+01
-1.057677e+01
-1.074119e+01
-1.064537e+01
-1.081328e+01
-1.070394e+01
-1.087599e+01
-1.075139e+01
-1.092547e+01
-1.058950e+01
-1.106083e+01
-1.111182e+01
-1.062422e+01
-1.047202e+01
-5.628087e+00
-5.401414e+00
-1.898245e+00
-1.566003e+00
-2.043571e+00
-1.744901e+00
-2.213047e+00
-1.750067e+01
-2.245287e+01
-2.149538e+01
-2.058694e+01
-8.863861e+00
-8.899241e+00
-1.959820e+00
-2.420968e+00
-7.159619e+00
-7.252101e+00
-1.196817e+01
-1.220858e+01
8.159756e-01
1.301830e-01
-1.239374e+01
-1.245568e+01
-5.229624e+00
-5.161942e+00
-1.788205e+01
-1.725562e+01
1.594034e+00
-1.028416e+01
-1.062332e+01
-1.126094e+01
-1.131446e+01
-8.400026e+00
-8.368137e+00
-7.210581e+00
-7.349388e+00
-6.652517e+00
-6.828669e+00
-1.049452e+01
-1.035245e+01
-6.018274e+00
-5.574890e+00
-8.432794e+00
-8.167858e+00
-7.395304e+00
-7.480516e+00
-1.306286e+01
-1.327067e+01
-2.131300e+01
-2.202808e+00
-2.658954e+00
-1.733081e+00
-8.949810e+00
-2.131190e+01
-2.037343e+01
-4.981552e+00
-4.907942e+00
4.835003e-01
-1.915692e-01
-1.203641e+01
-7.597992e+00
-1.265253e+01
-1.274058e+01
-1.758146e+01
-1.697180e+01
-8.809938e+00
-8.847129e+00
-7.447830e+00
-7.571025e+00
-7.602812e+00
-7.689110e+00
-1.297936e+01
-1.317226e+01
-1.036338e+01
-1.023277e+01
-4.941967e-01
-8.077186e-01
-1.066851e+00
-1.367938e+00
-1.596114e+00
-1.861145e+00
-2.476232e+00
-2.915506e+00
-8.398453e+00
-8.370984e+00
-8.343015e+00
-8.351394e+00
-8.324692e+00
-8.338042e+00
-8.313704e+00
-8.331944e+00
-8.309942e+00
-6.550697e+00
-4.717888e+00
-6.732545e+00
-6.908395e+00
-9.182090e+00
-1.148675e+00
-7.722577e+00
-7.803967e+00
-1.106845e+01
-5.733167e+00
-2.102059e+01
-2.005917e+01
-2.206551e+01
-1.293220e+01
-1.302548e+01
-1.279306e+01
-1.310666e+01
-1.331581e+01
-1.341525e+01
-1.725014e+01
-1.665043e+01
-1.317440e+01
-1.349512e+01
-1.412057e+01
-1.023159e+01
-1.011334e+01
-1.374775e+01
-1.383798e+01
-1.013613e+01
-7.661129e+00
-9.914822e+00
-8.762341e+00
-8.798500e+00
-7.833967e+00
-7.915223e+00
-7.749342e+00
-1.037091e+01
-8.332987e+00
-8.313761e+00
-8.347909e+00
-1.791142e+01
-8.720187e+00
-3.080628e+00
-3.320726e+00
-3.473689e+00
-3.699856e+00
-3.839973e+00
-4.053299e+00
-3.940276e+00
-4.278185e+00
-2.774294e+00
-4.193822e+00
-4.516214e+00
-9.576982e+00
-5.790837e+00
-5.752215e+00
-5.953302e+00
-5.931224e+00
-6.116774e+00
-7.537161e+00
-7.197716e+00
-8.830762e+00
-8.374785e+00
-8.284142e+00
-8.290549e+00
-8.253625e+00
-1.287588e+01
-1.305076e+01
-1.010101e+01
-9.992643e+00
-7.951028e+00
-8.025050e+00
-7.991766e+00
-8.096483e+00
-8.131366e+00
-8.198487e+00
-1.189733e+01
-1.687440e+01
-1.629630e+01
-3.304125e+00
-2.167788e+01
-2.286223e+01
-9.110625e+00
-4.375192e+00
-6.818352e+00
-6.990415e+00
-1.060457e+01
-4.633911e+00
-4.430786e+00
-1.410469e+01
-1.420885e+01
-1.022003e+01
-1.358665e+01
-4.843753e+00
-4.565775e+00
-4.790525e+00
-4.514583e+00
-4.751930e+00
-4.475470e+00
-8.263584e+00
-8.216278e+00
-4.382783e+00
-8.065650e+00
-8.677701e+00
-8.630315e+00
-1.646428e+01
-1.592160e+01
-1.576658e+01
-1.542090e+01
-8.353183e+00
-8.360692e+00
-7.078088e+00
-7.156954e+00
-1.212854e+01
-9.227473e+00
-8.879182e+00
-8.830458e+00
-4.457717e+00
-4.763814e+00
-7.242000e+00
-7.318536e+00
-8.238841e+00
-8.176604e+00
-6.104786e+00
-6.278153e+00
-4.537468e+00
-1.447318e+01
-1.460887e+01
-1.202196e+01
-1.226315e+01
-2.236380e+01
-2.366221e+01
-8.234750e+00
-8.297847e+00
-4.727501e+00
-4.451931e+00
-1.431150e+01
-7.238349e+00
-7.401550e+00
-1.035329e+01
-8.193916e+00
-8.129399e+00
-1.275630e+01
-1.291145e+01
-1.259417e+01
-1.491102e+01
-1.504420e+01
-1.472387e+01
-1.516608e+01
-1.551160e+01
-1.564889e+01
-9.971248e+00
-9.873099e+00
-9.890694e+00
-9.781901e+00
-8.547188e+00
-1.526402e+01
-1.575845e+01
-8.369967e+00
-8.905990e+00
-8.858930e+00
-8.786745e+00
-8.816597e+00
-8.884229e+00
-8.841602e+00
-8.905824e+00
-8.863596e+00
-8.924206e+00
-8.884399e+00
-8.825472e+00
-8.847303e+00
-8.902398e+00
-8.866469e+00
-8.917232e+00
-8.882372e+00
-8.833440e+00
-8.851799e+00
-8.802695e+00
-8.824031e+00
-8.871241e+00
-8.774286e+00
-8.844841e+00
-8.892142e+00
-4.239989e+00
-4.366916e+00
-1.553220e+01
-1.506058e+01
-1.951181e+01
-9.756926e+00
-9.676501e+00
-4.729198e+00
-5.015298e+00
-5.049319e+00
-5.284242e+00
-4.422060e+00
-8.240469e+00
-6.723777e+00
-8.307211e+00
-8.370061e+00
-8.574656e+00
-8.151164e+00
-8.078157e+00
-1.527820e+01
-1.213952e+01
-1.238751e+01
-8.866420e+00
-8.913112e+00
-8.938107e+00
-8.956414e+00
-5.317244e+00
-5.536441e+00
-5.521069e+00
-5.758359e+00
-6.277059e+00
-6.438636e+00
-6.124457e+00
-8.382995e+00
-9.131828e+00
-7.322279e+00
-7.485699e+00
-8.593355e+00
-8.540389e+00
-8.103736e+00
-8.021550e+00
-2.973116e+00
-8.337347e+00
-8.395779e+00
-8.358453e+00
-8.451154e+00
-8.415598e+00
-8.503651e+00
-8.541857e+00
-8.590789e+00
-8.631802e+00
-8.677160e+00
-9.644137e+00
-9.574505e+00
-9.099195e+00
-4.720646e+00
-4.445363e+00
-1.512625e+01
-1.468635e+01
-2.300822e+01
-2.175286e+01
-2.444599e+01
-2.511166e+01
-2.607147e+01
-2.664617e+01
-2.789177e+01
-2.838946e+01
-2.994858e+01
-3.029691e+01
-3.224721e+01
-3.235888e+01
-3.476993e+01
-3.025026e+01
-1.248067e+01
-1.232650e+01
-9.602527e+00
-9.510843e+00
-1.331150e+00
-1.834506e+00
-8.060600e+00
-8.051371e+00
-7.959117e+00
-8.404881e+00
-5.095583e+00
-8.275167e+00
-5.772234e+00
-5.978555e+00
-5.982398e+00
-6.186650e+00
-1.533395e+01
-1.584016e+01
-8.218977e+00
-8.721117e+00
-8.763186e+00
-3.203010e+01
-2.986186e+01
-5.923533e+00
-1.471807e+01
-1.430990e+01
-1.427709e+01
-1.392864e+01
-1.388468e+01
-1.356330e+01
-1.224807e+01
-1.200844e+01
-1.249904e+01
-7.409169e+00
-7.569826e+00
-7.247024e+00
-8.636292e+00
-4.219862e+00
-1.348849e+01
-7.400720e+00
-1.115026e+01
-1.134960e+01
-1.117381e+01
-1.137080e+01
-1.117952e+01
-1.137395e+01
-1.116490e+01
-1.158337e+01
-1.158331e+01
-6.206403e+00
-6.394946e+00
-6.377027e+00
-6.570698e+00
-6.557988e+00
-6.736154e+00
-6.731083e+00
-6.893580e+00
-6.884231e+00
-7.037348e+00
-7.058337e+00
-7.190869e+00
-7.178131e+00
-1.357736e+01
-4.976389e+00
-5.891053e+00
-8.811142e+00
-8.849520e+00
-8.750848e+00
-8.723568e+00
-6.442686e+00
-6.590801e+00
-6.454775e+00
-1.324685e+01
-1.322454e+01
-8.749189e+00
-4.718930e+00
-8.375735e+00
-8.366632e+00
-9.476043e+00
-9.422921e+00
-8.364792e+00
-8.905144e+00
-8.939062e+00
-8.886141e+00
-8.968226e+00
-9.025167e+00
-9.050564e+00
-9.107042e+00
-9.133220e+00
-9.189615e+00
-9.216301e+00
-9.275209e+00
-9.300230e+00
-9.366958e+00
-9.387539e+00
-9.458978e+00
-9.475172e+00
-9.551359e+00
-9.564833e+00
-9.645623e+00
-9.656629e+00
-9.742219e+00
-9.750923e+00
-9.841501e+00
-9.847964e+00
-9.943840e+00
-9.948096e+00
-1.004824e+01
-1.005177e+01
-1.015736e+01
-1.015920e+01
-1.027135e+01
-1.027009e+01
-1.038933e+01
-1.038740e+01
-1.051344e+01
-1.050926e+01
-1.064256e+01
-1.063589e+01
-1.077825e+01
-1.077012e+01
-2.223457e+01
-2.102853e+01
-7.993150e+00
-1.221974e+01
-1.207462e+01
-4.413321e+00
-8.980633e+00
-8.996034e+00
-8.976489e+00
-9.014306e+00
-4.987463e+00
-5.221871e+00
-8.391762e+00
-7.497126e+00
-7.655779e+00
-1.092033e+01
-1.091075e+01
-9.359474e+00
-8.213898e+00
-8.454945e+00
-7.222731e+00
-1.515434e+01
-7.342153e+00
-7.586383e+00
-7.745772e+00
-7.681689e+00
-7.836217e+00
-3.131193e+01
-2.917655e+01
-8.380407e+00
-8.509587e+00
-8.451042e+00
-8.480854e+00
-8.387374e+00
-8.415393e+00
-8.318736e+00
-8.343461e+00
-8.243396e+00
-8.266154e+00
-8.161198e+00
-8.403148e+00
-2.921142e+01
-6.683398e+00
-7.903961e+00
-7.989782e+00
-7.926132e+00
-1.603525e+00
-2.070088e+00
-1.322845e+01
-1.292428e+01
-2.486443e+00
-1.265125e+01
-1.276405e+01
-1.292960e+01
-1.602002e+01
-1.667331e+01
-6.599216e+00
-9.381336e+00
-9.338877e+00
-1.536886e+01
-1.490213e+01
-1.588481e+01
-1.639107e+01
-1.645087e+01
-9.535104e+00
-4.161693e+00
-4.436655e+00
-1.197290e+01
-1.183825e+01
-1.210135e+01
-1.192331e+01
-1.169693e+01
-1.176735e+01
-1.155073e+01
-1.161439e+01
-1.160493e+01
-1.140049e+01
-6.596449e+00
-6.736460e+00
-4.060008e+00
-4.204055e+00
-8.165100e+00
-8.102947e+00
-8.059005e+00
-9.232764e+00
-8.918198e+00
-9.576863e+00
-1.144100e+01
-1.124758e+01
-1.127696e+01
-1.109452e+01
-1.111152e+01
-1.093888e+01
-1.094646e+01
-1.078181e+01
-1.077999e+01
-1.062548e+01
-1.061156e+01
-1.046985e+01
-1.045056e+01
-1.031295e+01
-1.033038e+01
-1.018122e+01
-1.015764e+01
-1.003204e+01
-1.000425e+01
-9.883661e+00
-9.909967e+00
-9.767456e+00
-9.794045e+00
-9.653593e+00
-9.681308e+00
-9.734042e+00
-3.922031e+00
-8.971297e+00
-8.365290e+00
-8.359664e+00
-1.107014e+01
-1.105951e+01
-8.697936e+00
-8.672707e+00
-8.698160e+00
-8.648283e+00
-8.673058e+00
-8.624023e+00
-8.647417e+00
-8.598586e+00
-8.620132e+00
-8.571107e+00
-8.671435e+00
-1.304395e+01
-1.322592e+01
-9.123133e+00
-8.183893e+00
-8.074151e+00
-1.210729e+01
-1.187343e+01
-8.058438e+00
-7.965562e+00
-8.142470e+00
-6.638905e+00
-1.470886e+01
-7.384861e+00
-8.768040e+00
-7.483742e+00
-8.092099e+00
-3.028529e+01
-2.826902e+01
-7.269243e+00
-9.941815e+00
-5.249773e+00
-5.464519e+00
-9.832597e+00
-9.712680e+00
-9.546533e+00
-9.576519e+00
-6.732676e+00
-4.501774e+00
-2.135854e+01
-2.022847e+01
-1.996900e+01
-4.355320e+00
-6.414488e+00
-1.106734e+01
-4.734795e+00
-8.319334e+00
-8.414556e+00
-8.999443e+00
-9.035351e+00
-7.042480e+00
-1.049594e+01
-7.329700e+00
-3.733346e+00
-1.588384e+01
-1.646242e+01
-8.039825e+00
-8.429115e+00
-9.017814e+00
-6.740644e+00
-6.873429e+00
-6.875584e+00
-7.003064e+00
-7.010908e+00
-7.128720e+00
-7.124907e+00
-7.242202e+00
-7.240497e+00
-7.351823e+00
-1.077022e+01
-1.513856e+01
-8.297295e+00
-1.181373e+01
-1.123124e+01
-1.121658e+01
-1.123548e+01
-4.433679e+00
-8.550524e+00
-8.524826e+00
-7.484246e+00
-3.267628e+01
-1.026903e+01
-1.090446e+01
-9.292092e+00
-9.259150e+00
-9.300299e+00
-9.229941e+00
-9.184804e+00
-9.165304e+00
-8.431429e+00
-1.288089e+01
-1.260760e+01
-9.122636e+00
-1.139906e+01
-1.138028e+01
-1.157177e+01
-1.155481e+01
-1.175869e+01
-1.173999e+01
-1.152726e+01
-1.170904e+01
-1.193512e+01
-1.190237e+01
-1.214242e+01
-1.210687e+01
-9.328623e+00
-1.121650e+01
-7.953855e-01
-9.062412e+00
-7.351709e+00
-7.456426e+00
-1.286819e+01
-1.004188e+01
-8.642181e+00
-8.696922e+00
-8.351016e+00
-8.348741e+00
-3.643330e+00
-9.007277e+00
-9.372278e+00
-4.923297e+00
-9.678719e+00
-8.412342e+00
-5.731116e+00
-9.524651e+00
-1.348619e+01
-7.771024e+00
-9.054704e+00
-9.271939e+00
-4.083292e+00
-3.778681e+00
-7.460650e+00
-7.557695e+00
-7.557051e+00
-7.652389e+00
-1.918153e+01
-1.871820e+01
-8.426634e+00
-8.484475e+00
-7.973031e+00
-1.153648e+01
-4.111309e+00
-3.730827e+00
-9.400633e+00
-9.754877e+00
-1.025686e+01
-1.119792e+01
-7.958372e+00
-7.860487e+00
-7.865055e+00
-7.754732e+00
-7.757016e+00
-7.642893e+00
-7.644863e+00
-7.524195e+00
-3.444500e+01
-3.753001e+01
-3.692218e+01
-4.073964e+01
-4.087675e+01
-4.502807e+01
-1.089070e+01
-1.017578e+01
-1.857554e+01
-8.025645e+00
-8.212885e+00
-5.019457e+00
-8.830673e+00
-1.584249e+01
-1.622684e+01
-1.574612e+01
-1.609383e+01
-1.658571e+01
-2.265266e+01
-8.181293e+00
-8.044574e+00
-7.935786e+00
-7.863147e+00
-7.847332e+00
-7.764805e+00
-7.757457e+00
-9.639753e+00
-9.431844e+00
-8.310251e+00
-5.899255e+00
-6.557859e+00
-1.489365e+01
-1.446891e+01
-6.637541e+00
-7.140760e+00
-7.027489e+00
-9.071734e+00
-7.542757e+00
-7.653686e+00
-7.743653e+00
-7.746880e+00
-7.831034e+00
-7.665063e+00
-7.666673e+00
-7.760919e+00
-1.083402e+01
-3.921436e-01
-1.210765e+00
-8.856448e+00
-8.645956e+00
-8.671634e+00
-1.959034e+01
-8.945197e+00
-9.255645e+00
-9.170732e+00
-1.333914e+01
-1.353877e+01
-8.829184e+00
-6.876728e+00
-8.469608e+00
-8.385145e+00
-8.438831e+00
-8.359184e+00
-8.411717e+00
-8.337030e+00
-8.486690e+00
-7.417917e+00
-9.141927e+00
-2.319418e+00
1.010220e-01
8.181632e-01
3.725110e-01
1.127294e+00
6.141039e-01
1.407854e+00
8.158844e-01
7.064772e-02
1.651038e+00
2.284660e+00
2.586740e+00
3.256168e+00
3.643938e+00
4.355113e+00
4.831460e+00
5.588025e+00
6.199016e+00
6.976518e+00
7.749318e+00
8.549316e+00
9.534700e+00
1.032185e+01
8.904026e+00
1.074612e+01
9.431410e+00
1.227613e+01
1.097285e+01
9.579262e+00
1.094920e+01
9.407987e+00
1.052343e+01
8.920663e+00
1.242730e+01
9.952513e+00
8.328586e+00
7.442472e+00
6.879900e+00
4.902290e+00
1.836887e+00
7.588860e+00
6.210420e+00
5.602020e+00
4.995404e+00
4.466788e+00
3.910433e+00
4.313840e+00
3.291821e+00
2.931841e+00
2.370157e+00
2.047132e+00
1.536691e+00
1.770638e+00
9.930758e-01
5.262854e+00
1.150058e+00
4.205731e-01
8.035450e+00
1.245689e+00
8.492378e+00
5.216106e-01
-1.649215e-01
1.902801e-01
-4.944239e-01
-4.545363e-01
-1.077527e+00
-1.104289e+00
-1.639564e+00
-1.655381e+00
-2.152266e+00
-2.154126e+00
-2.617506e+00
-2.605511e+00
-3.033802e+00
-3.018710e+00
-3.412939e+00
-2.384559e-01
-7.644867e-01
-1.195587e+01
-6.469143e+00
-1.009461e+01
-1.705854e+01
-1.322088e+01
-1.305608e+01
-1.337990e+01
-9.511435e+00
-7.564121e+00
-6.008352e+00
1.046831e+01
-1.885008e+00
4.932477e+00
-7.300450e+00
-4.158705e+00
-3.494239e+00
-5.485304e+00
-1.548282e+01
-9.373158e+00
-9.877757e+00
-9.719546e+00
-3.767552e+00
-3.356311e+00
-8.955497e+00
-6.137891e+00
-9.046901e+00
-9.065736e+00
1.956138e+00
-2.315939e+00
-8.397421e+00
-8.294031e+00
-8.211886e+00
-6.547054e+00
-6.650867e+00
-8.288839e+00
-7.837301e+00
-7.916474e+00
-4.438062e+01
-8.958929e+00
-9.619953e+00
-8.889766e+00
-3.460554e+00
-3.791225e+00
-6.245724e+00
-6.053782e+00
-2.162303e+01
-2.298559e+01
-3.995204e+00
3.887436e+00
-2.907040e+01
-2.719417e+01
-2.657666e+01
-2.557201e+01
-9.410133e+00
-7.500208e+00
-6.963856e+00
-7.991951e+00
-8.254655e+00
-6.655411e+00
-2.708438e+01
-7.531438e+00
-7.407003e+00
-7.397348e+00
-7.275486e+00
-7.263331e+00
-8.165849e+00
-1.049234e+01
-1.005160e+01
-8.224638e+00
-1.049057e+01
-1.062420e+01
-1.123823e+01
-1.204927e+01
-1.146431e+01
-1.053814e+01
-1.134840e+01
-9.851861e+00
-9.547658e+00
-9.626499e+00
-1.317743e+01
6.729137e+00
8.188179e+00
9.154992e+00
1.132805e+01
-8.295379e+00
-1.098978e+01
-1.096003e+01
-1.113417e+01
-1.091424e+01
-1.075733e+01
-1.108302e+01
-1.069869e+01
-1.055797e+01
-9.060467e+00
-9.088574e+00
-4.844203e+00
-9.209489e+00
-1.018610e+01
-6.598350e+00
-5.295499e+00
-5.071450e+00
-2.182153e+00
-8.541144e+00
-8.495918e+00
-8.483155e+00
-8.455757e+00
-8.361485e+00
-8.354103e+00
-1.012896e+01
-9.971180e+00
-1.236370e+01
-1.232663e+01
-9.369326e+00
-4.442301e+01
-5.002730e+01
-5.470040e+00
-9.265154e+00
-8.448335e+00
-9.629607e+00
-1.699758e+01
-9.156820e+00
-2.604542e+01
-2.455778e+01
-2.413466e+01
-2.324338e+01
-2.286606e+01
-2.207760e+01
-2.351736e+01
-2.173572e+01
-2.103649e+01
-2.125490e+01
-2.030047e+01
-2.041318e+01
-1.957187e+01
-9.116410e+00
-9.106420e+00
-1.560688e+01
-1.529925e+01
-1.442164e+01
-1.403919e+01
-1.408257e+01
-1.368713e+01
-1.373124e+01
-1.337616e+01
-1.341053e+01
-5.438702e+00
-5.664517e+00
-5.702844e+00
-5.885877e+00
-8.370851e+00
-1.018963e+01
-1.000396e+01
-2.311126e+00
-2.800855e+01
-8.599217e+00
-1.048855e+01
-1.036268e+01
-1.062278e+01
-4.484539e+00
-4.062814e+00
-4.223052e+00
-1.108625e+00
-4.828885e-01
-1.318806e+01
-1.287585e+01
-4.641434e+00
-1.306333e+01
-1.216311e+01
-1.253872e+01
-1.229042e+01
7.117372e+00
-8.443580e+00
-9.042241e+00
-9.036453e+00
-7.638203e+00
-7.696935e+00
-8.144904e+00
-2.577326e+00
-1.185377e+01
-7.243698e+00
-8.124898e+00
-7.989523e+00
-7.432117e+00
-1.465410e+01
-1.506715e+01
-1.560081e+01
-7.861425e+00
-7.957274e+00
-7.581846e-01
-1.303081e+00
-9.029703e+00
-6.461074e+00
-6.574138e+00
-6.306074e+00
-1.340988e+01
-1.372418e+01
-1.393561e+01
-9.073439e+00
-1.196487e+01
-1.174238e+01
-1.164958e+01
-1.153180e+01
-1.143597e+01
-1.132462e+01
-1.123083e+01
-1.112237e+01
-1.103450e+01
-1.093189e+01
-1.084585e+01
-1.074910e+01
-1.066408e+01
-1.057488e+01
-1.048901e+01
-1.040461e+01
-1.032203e+01
-1.023894e+01
-1.015926e+01
-1.007923e+01
-1.000140e+01
-9.924096e+00
-9.847913e+00
-9.772855e+00
-9.698773e+00
-1.583549e+01
-1.634372e+01
-8.389582e+00
-8.321656e+00
-8.262252e+00
-8.252649e+00
-1.583874e+01
-1.640735e+01
-1.262609e+01
-8.100529e+00
-2.072713e+01
-6.379036e+00
-6.502870e+00
-6.689201e+00
-6.298999e+00
-6.623704e+00
-1.259697e+01
-1.148816e+01
-9.234933e+00
1.671786e+00
9.081269e-01
-8.412423e+00
-8.446271e+00
-1.898434e+01
-1.185895e+01
-8.360997e+00
-8.478921e+00
-6.965127e+00
-7.832304e+00
-9.149297e+00
-9.099048e+00
-7.924787e+00
-7.565080e+00
-7.642999e+00
-1.197080e+01
-3.428078e+00
-7.161168e+00
-7.051707e+00
-5.934655e+00
-6.102189e+00
-9.623836e+00
8.671032e+00
-3.758033e+00
-4.129844e+00
-8.090687e+00
-2.626150e+00
-3.036220e+00
-9.053133e+00
-9.054685e+00
-7.559224e+00
-1.352296e+01
-1.372984e+01
-6.057243e+00
-6.258417e+00
-7.610639e+00
-1.826098e+01
-4.198607e+00
-4.502154e+00
-4.710603e+00
-4.780544e+00
-3.924017e+00
-4.972573e+00
-5.043732e+00
-4.866532e+00
-5.129848e+00
-4.968535e+00
-5.231561e+00
-5.087733e+00
-5.346712e+00
-5.221356e+00
-5.473361e+00
-1.838065e+01
-7.136439e+00
-7.122411e+00
-1.404675e+00
-8.066192e+00
-8.665046e+00
-8.724014e+00
-7.387225e+00
-1.298346e+01
-1.268420e+01
-1.276820e+01
-1.248191e+01
-1.386767e+01
-1.409974e+01
-1.282959e+01
-8.327234e+00
-9.552288e+00
-8.538521e+00
-7.452727e+00
-8.406938e+00
-8.463763e+00
-8.360541e+00
-8.445119e+00
-2.350447e+01
-6.119374e+00
-1.516685e+01
-9.814127e+00
-1.111920e+01
4.227681e+00
-1.220393e+01
-1.197922e+01
-1.242364e+01
-8.617243e+00
-8.642985e+00
-8.447156e+00
-8.468152e+00
-1.359229e+01
-1.244295e+01
-8.507132e+00
-1.346477e+00
-5.314316e+00
-9.551276e+00
-9.621430e+00
-9.481707e+00
-1.186587e+00
-5.777296e-01
-7.679359e+00
-7.774308e+00
-9.264313e+00
-1.181885e+01
-7.769953e+00
-7.874326e+00
-8.332456e+00
-8.339173e+00
3.272516e+00
-6.586886e+00
-6.401816e+00
-1.147012e+01
-8.367249e+00
-7.156331e+00
-8.244968e+00
-3.581480e+00
-7.938750e-01
-8.285357e+00
-6.805753e+00
-8.418731e+00
-8.457265e+00
-8.422821e+00
-5.839891e+00
9.689455e+00
7.771608e+00
1.205791e+01
1.388181e+01
1.493235e+01
1.692313e+01
1.840800e+01
2.056954e+01
2.281397e+01
2.502023e+01
2.188390e+01
2.606468e+01
3.037694e+01
3.075296e+01
2.594219e+01
3.665884e+01
2.968160e+01
2.483237e+01
2.196380e+01
2.087472e+01
-7.469890e+00
-8.840939e+00
-8.871887e+00
-8.799915e+00
-8.830771e+00
-8.762708e+00
-8.898408e+00
-1.076835e+01
-1.182061e+01
-9.247153e+00
-7.232790e+00
-1.876809e+01
-9.707053e+00
-9.690407e+00
-9.788198e+00
-9.763378e+00
-9.871850e+00
-9.840352e+00
-9.952145e+00
-9.911904e+00
-1.956517e+01
-1.881329e+01
-8.467142e+00
-8.425398e+00
-8.785513e+00
-1.002925e+01
-9.979809e+00
-7.782831e+00
-1.939379e+01
-6.252470e+00
-1.254698e+01
-9.078084e+00
-9.272954e+00
-9.313746e+00
-1.923180e+01
-1.937980e+01
-7.348879e+00
-5.605414e+00
-8.677208e+00
-7.935924e+00
-3.860379e+00
-3.542926e+00
-5.642055e+00
-6.217623e+00
-6.408392e+00
-9.369871e+00
-8.536967e+00
-8.515892e+00
-1.402535e+01
-2.177573e+01
-2.319909e+01
-3.731305e+00
-5.590031e+00
-5.971221e+00
-1.206927e+01
-1.042523e+01
-1.024447e+01
-1.017315e+01
-1.006971e+01
-7.554141e+00
-5.375441e+00
-5.613771e+00
-5.356126e+00
-5.140394e+00
-8.980006e+00
-9.037091e+00
-9.052100e+00
-7.423365e+00
-9.063408e+00
-1.009060e+01
-9.931645e+00
-1.395910e+01
-1.433315e+01
2.895977e+00
-8.841314e+00
-8.866072e+00
-5.012317e+00
-8.342447e+00
-8.359912e+00
-5.992788e+00
-7.546308e+00
-7.630296e-01
-9.696647e+00
-1.687676e+01
-1.328278e+01
-7.961840e+00
-7.846725e+00
-7.861617e+00
-1.099062e+01
-8.184711e+00
-8.243243e+00
-8.271623e+00
-1.392428e+01
-9.362635e+00
-8.857798e+00
-8.921714e+00
-9.090431e+00
-9.057172e+00
-9.115933e+00
-9.109307e+00
-9.133359e+00
-9.297310e+00
-9.417077e+00
-1.717209e+00
-1.558023e+01
-8.375473e+00
-8.438488e+00
-2.325053e+01
-9.864438e+00
-9.922188e+00
-8.702096e+00
-1.120027e+01
-1.375417e+01
-1.847348e+01
-9.227191e+00
-9.322590e+00
-8.125396e+00
-9.006410e+00
-9.016693e+00
5.173190e-01
-1.219873e+01
-1.668589e+01
-8.201394e+00
-5.066699e+00
-2.574989e+00
-3.937150e+00
-4.106778e+00
-4.853824e+01
-4.253034e+01
-5.606681e+01
-5.633297e+01
-5.898395e+00
-5.314880e+00
-8.358767e+00
-9.990154e+00
-9.900846e+00
-1.343019e+01
-9.996084e+00
-9.070154e+00
-9.069720e+00
-9.072106e+00
-7.855976e+00
-1.550936e+01
-1.610490e+01
-7.803875e+00
2.291766e+01
1.922958e+01
-1.847761e+00
-1.733246e+00
-1.262195e+01
-9.136060e+00
-1.175872e+01
-1.167347e+01
-8.592512e+00
-8.644228e+00
-9.113132e+00
-9.121526e+00
-8.312646e+00
-7.925715e+00
-7.942020e+00
-7.998257e+00
-8.015558e+00
-8.064406e+00
-8.082607e+00
-1.929122e+00
-8.038046e+00
1.293448e-01
-4.403809e+00
-4.316176e+00
-1.903202e+01
-7.772739e+00
-7.845298e+00
-7.999589e+00
-7.993068e+00
-1.540903e+01
-1.083260e+01
3.532793e+01
4.402967e+01
-7.702108e+00
-2.056924e+01
-2.654082e+00
-1.031535e+01
-1.039805e+01
-2.676525e+00
-3.081615e+00
-1.183997e+01
-8.484784e+00
-8.533787e+00
-7.867027e+00
-7.960511e+00
-9.733836e+00
-7.598639e+00
-8.430777e+00
-6.488004e+01
-7.844480e+00
-7.576791e+00
-7.480733e+00
-7.663806e+00
2.133958e-01
-1.488387e-01
5.310932e-01
-1.644586e+01
-1.376732e+01
-2.458671e+01
-2.486730e+01
-1.040247e+01
-3.845054e+00
7.343778e+00
6.012803e+00
-8.966060e+00
-9.006630e+00
-6.911277e+00
-6.939911e+00
-8.300734e+00
-5.803284e+00
-1.053196e+01
-5.102621e+00
-8.971381e+00
-8.432330e+00
-8.476350e+00
-8.425107e+00
-1.576996e+01
-1.630851e+01
-8.324494e+00
-7.082708e+00
-6.974549e+00
-6.824356e+00
-6.863043e+00
-9.166442e+00
-1.183057e+00
-6.989929e+00
-6.975746e+00
-7.115330e+00
-6.969786e+00
-1.176480e+01
-4.277025e+00
-3.393293e+00
-7.263861e+00
-7.357014e+00
-9.541660e+00
-1.658972e+01
-1.719210e+01
-8.791376e+00
-8.765579e+00
-9.122111e+00
-4.043519e+00
-1.173436e+01
-1.411018e+01
-1.094424e+01
-6.026531e+00
-5.016646e+00
-5.055339e+00
-9.916505e+00
-1.004410e+01
-1.873162e+01
-1.803611e+01
-9.547264e+00
-9.621272e+00
-3.980494e+00
-4.250423e+00
-1.454967e+01
-1.418195e+01
-6.388494e+00
-6.553656e+00
-7.452039e+00
-8.124368e+00
-8.144036e+00
-8.178897e+00
-8.199278e+00
-8.447388e+00
-8.498450e+00
-8.564093e+00
-8.544341e+00
-8.607096e+00
-4.805260e+00
-1.405278e+01
-1.372572e+01
-6.259054e+00
-7.984520e+00
-7.947681e+00
1.001932e+01
-8.334788e+00
-8.352638e+00
-7.403910e+00
-7.511022e+00
-1.489197e+01
-8.484858e+00
-3.792152e+00
-3.443147e+00
4.375959e+01
-7.116217e+00
-8.584016e+00
-1.133799e+01
-3.667118e+00
-4.013905e+01
-4.271846e+01
-8.160619e+00
-8.587501e+00
-2.677316e+00
-3.542170e+00
-8.998377e+00
-1.420976e+01
-9.142469e+00
2.047829e+01
1.722607e+01
-8.015767e+00
1.624272e+01
1.443136e+01
-6.376282e+00
-1.286895e+01
-5.113188e+00
-6.744645e+00
-6.561565e+00
-2.130633e+01
-2.034070e+01
-8.584724e+00
-8.566282e+00
-9.179996e+00
-9.222053e+00
-6.159127e+00
-5.999530e+00
-9.773093e+00
-2.771523e+00
-3.153426e+00
-2.867134e+00
-3.241411e+00
-7.564050e+00
-7.453842e+00
-3.066095e+00
-6.455584e+00
-7.146962e+00
-1.364268e+01
8.949754e+00
-1.791814e+01
-1.279992e+01
-6.972124e+00
1.565430e+01
-1.182132e+01
-1.511484e+01
-1.536956e+01
-1.148131e+01
-1.137789e+01
-1.120848e+01
-4.525279e+01
-3.961789e+01
-1.384359e+01
-9.095153e+00
-9.055403e+00
-8.282998e+00
-2.193560e+00
-1.007631e+01
-8.048890e+00
-8.046757e+00
-1.375177e+01
-7.927225e+00
-7.981489e+00
-1.010462e+01
-1.015538e+01
-9.057580e+00
-9.027463e+00
-8.984659e+00
-9.003226e+00
-6.831462e+00
-1.258953e+01
6.053113e+00
4.885217e+00
-8.377872e+00
-9.100640e+00
-9.331390e+00
-9.291166e+00
-8.722151e+00
-8.070973e+00
-8.066373e+00
-8.141983e+00
-1.846799e+01
-1.852349e+01
-9.177048e+00
-9.270753e+00
-9.083046e+00
-9.972103e+00
-9.817054e+00
-9.737646e+00
-9.668043e+00
-9.581041e+00
-8.013541e+00
-8.092355e+00
-8.360608e+00
-8.690199e+00
-8.754275e+00
-8.628672e+00
-1.255261e+00
-1.596747e+00
-9.147949e+00
1.864444e+01
-1.255580e+01
-1.227270e+01
-2.249725e+00
-6.649959e+00
-6.795293e+00
-4.002608e+00
-4.210756e+00
-8.448349e+00
-2.963257e+00
-7.694646e+00
-7.748376e+00
-7.850404e+00
-6.317578e+01
-7.673252e+01
-8.715905e+00
-1.500503e+01
-1.420331e+01
3.521853e+00
4.460875e+00
2.664374e+00
-6.446420e+00
-2.327410e+01
-2.500623e+01
-2.681210e+01
-2.707408e+01
-2.897815e+01
-2.955851e+01
-3.193641e+01
-1.602128e+01
-1.536545e+01
-9.019643e+00
-9.122124e+00
-1.227083e+01
-1.711595e+01
-1.158433e+01
-8.326255e+00
-8.346966e+00
-6.589272e+00
-1.004897e+01
-9.887058e+00
-9.775855e+00
-1.021216e+01
-9.727585e+00
-9.622022e+00
-9.331968e+00
-3.079268e+00
-1.221908e+01
-9.101999e+00
-9.107233e+00
-8.193153e+00
-7.883563e+00
-1.029954e+01
-1.047147e+01
-1.966788e+01
-8.650233e+00
-8.592332e+00
-8.471707e+00
-6.534151e+00
-6.709823e+00
-8.784298e+00
-8.819139e+00
-1.781173e+01
-1.797806e+01
-1.338405e+00
-7.677300e-01
9.111274e-02
-1.108555e-01
8.387869e-01
-1.871267e+00
-3.837525e+00
-3.466525e+00
-9.891742e+00
-1.393983e+01
-1.209178e+01
-5.441653e+00
-5.227465e+00
-8.369831e+00
-7.640144e+00
-9.041351e+00
-4.515449e+00
-4.422934e+00
-1.231199e+01
5.433975e+01
-9.571343e+00
-9.469436e+00
-9.519200e+00
-1.180885e+01
-1.205557e+01
-6.273014e+01
-1.760224e+01
2.450255e+01
-5.649919e+00
-6.834145e+00
-6.859622e+00
-8.422150e+00
-2.620647e+00
-4.914474e+00
-5.006705e+00
-8.483194e+00
-7.567224e+00
-9.883151e+00
-8.311648e+00
-9.812950e+00
-9.862807e+00
-9.977232e+00
-9.903725e+00
-7.504405e+00
-7.442236e+00
-1.323844e+01
4.784758e+00
3.779710e+00
3.842694e+00
2.860653e+00
-8.959663e+00
-8.985463e+00
-1.392036e+01
-1.430131e+01
-1.408431e+01
-1.447719e+01
-9.179829e+00
-7.885016e+00
-7.301853e+00
-8.726478e+00
-8.694792e+00
-8.728689e+00
-8.667500e+00
-8.699816e+00
-8.354274e+00
-3.699712e+00
-1.611189e+01
-8.388819e+00
-8.030668e+00
-2.054125e+01
-2.051572e+01
-1.943217e+01
-1.295545e+01
6.582309e-01
1.692508e+00
1.504927e+00
2.660847e+00
2.758852e+00
2.473819e+00
3.776574e+00
-1.741440e+01
-7.993189e+00
-8.065506e+00
-7.997390e+00
-7.568722e+00
-7.671612e+00
-1.132187e+01
-1.127322e+01
-1.112369e+01
-8.949568e+00
-8.486069e+00
-8.965682e+00
-8.985538e+00
-1.017441e+01
-1.017869e+01
-1.031368e+01
-8.199926e+00
1.504885e+01
-8.520473e+00
-1.201399e+01
-2.117162e+00
-1.144444e+01
-6.871844e+00
-7.464038e+00
-7.343543e+00
-7.363726e+00
-7.234466e+00
-1.351449e+01
-7.518983e+00
9.952841e+00
-1.824112e+00
-6.275053e+00
-7.802347e+00
-1.824231e+01
-1.268981e+01
-1.771045e+01
-8.934249e+00
4.071491e+01
3.179971e+01
-9.105750e+00
-8.324662e+00
-2.376023e+00
1.368956e+01
-1.237719e+01
-8.525967e+00
-6.227875e+00
-4.767426e+00
-8.919229e+00
-8.869708e+00
-5.525349e+00
-5.759283e+00
-5.840138e+00
-8.503146e+00
-8.541973e+00
-9.795063e+00
-9.789851e+00
-9.680091e+00
-9.156786e+00
-8.645194e+00
-8.404012e+00
-8.443787e+00
-8.513816e+00
-8.995922e+00
-7.254983e+00
-8.370643e+00
-8.383678e+00
-8.760200e+00
-8.112119e+00
-4.233880e-01
-1.032318e+01
-1.046001e+01
-1.863134e+01
-6.819490e+00
-8.997661e+00
-9.049611e+00
-9.044905e+00
-9.096938e+00
-9.096381e+00
-9.096364e+00
-9.149793e+00
-9.153317e+00
-7.650213e-01
-7.319251e+00
-8.344294e+00
-8.331172e+00
-8.265196e+00
-1.857797e+01
-4.178045e+00
-6.927621e+00
-1.044566e+01
-1.059942e+01
-1.057509e+01
-1.073615e+01
-1.070160e+01
-1.087062e+01
-8.628042e+00
-6.903186e+00
-7.029792e+00
-6.931774e+00
-7.150586e+00
-7.060842e+00
-9.511974e+00
-7.214034e+00
-7.102796e+00
-1.410107e+01
-8.040619e+00
-1.424515e+01
-9.032927e+00
-9.049437e+00
-9.100521e+00
-9.111038e+00
-8.508734e+00
-8.572658e+00
-1.873528e+01
-7.637984e+00
-1.307843e+01
-1.250023e+01
-1.220196e+01
-1.242056e+01
-1.199616e+01
-1.191297e+01
-1.172960e+01
-3.465348e+00
-8.825748e+00
-3.165059e-01
-1.287377e+01
-8.650970e+00
-1.008605e+01
-9.894582e+00
-1.156746e+01
-2.071576e+00
-9.213435e+00
1.533499e+01
-1.106842e+01
-1.093273e+01
-1.098369e+01
-1.080380e+01
-1.085160e+01
-1.068235e+01
-1.072628e+01
-1.056699e+01
-1.060736e+01
-1.045719e+01
-1.049405e+01
-1.035265e+01
-1.038582e+01
-1.025249e+01
-1.028288e+01
-1.015680e+01
-1.018507e+01
-1.006508e+01
-1.009640e+01
-9.977909e+00
-1.000499e+01
-9.893150e+00
-9.911092e+00
-9.810250e+00
-9.825094e+00
-9.730573e+00
-9.743675e+00
-9.653927e+00
-9.663675e+00
-9.579314e+00
-9.585258e+00
-9.506542e+00
-9.509828e+00
-9.435752e+00
-9.436149e+00
-9.366526e+00
-9.366170e+00
-9.299302e+00
-9.300082e+00
-9.432814e+00
-7.260436e+00
-9.016936e+00
-9.008320e+00
-8.969390e+00
-8.952453e+00
-1.655285e+01
-8.227614e+00
-4.781875e+01
-4.486183e+01
-4.035079e+01
-5.110445e+01
-1.500015e+01
1.911127e+01
1.638927e+01
-5.427630e+00
-5.627943e+00
1.617281e+00
-6.872136e+00
-6.982988e+00
-5.832766e+00
-6.892363e+00
-8.722312e+00
-1.196632e+01
-7.358154e+00
-7.256116e+00
-7.371295e+00
-1.064909e+01
-8.880981e+00
-1.082465e+01
-1.100127e+01
-1.094271e+01
-1.112767e+01
-2.805065e+00
-3.174638e+00
-9.127440e+00
-7.617443e+00
-7.772636e+00
-7.829996e+00
-7.927353e+00
-7.870704e+00
-8.024142e+00
-8.082627e+00
-7.970319e+00
-8.118923e+00
-1.460873e+01
-2.942068e+00
-2.492316e+00
-1.105534e+01
-1.125739e+01
-1.115292e+01
-6.188697e+00
-1.275656e+01
-9.753849e+00
-3.361250e+01
-8.462606e+00
-8.504776e+00
-9.129783e+00
-9.057787e+00
-9.062758e+00
-8.992075e+00
-1.383653e+01
-4.148271e+00
-4.329369e+00
-9.370620e+00
-7.133762e+00
-9.234612e+00
-9.183186e+00
-7.677773e+00
-7.757266e+00
-9.351848e+00
-9.259080e+00
-9.384204e+00
-9.291130e+00
-9.412432e+00
-9.318055e+00
-9.434390e+00
-1.982044e+01
-3.845634e+00
-1.564452e+01
-4.080584e+01
-1.161996e+01
-8.957756e+00
-8.312893e+00
-8.353124e+00
-8.343211e+00
-8.373692e+00
-8.367226e+00
-8.399765e+00
-8.394652e+00
-8.429177e+00
-7.922240e+00
-1.179261e+01
-1.262378e+01
-9.767718e+00
-7.999760e+00
-1.044610e+01
-9.048264e+00
-1.196087e+01
-1.217765e+01
-1.174080e+01
-9.062970e+00
-8.639844e+00
3.664440e+00
4.565090e+00
3.688188e+00
4.535017e+00
3.590620e+00
4.367511e+00
3.381994e+00
5.468991e+00
-4.780677e+00
-4.903341e+00
-4.746903e+00
-6.287058e+00
-4.916996e+00
-5.165190e+00
-5.125035e+00
-5.347494e+00
-5.399963e+00
-7.876784e+00
2.410912e+00
5.432841e+00
-1.151171e+01
-1.423536e+01
-1.463091e+01
-1.311743e+01
-8.170558e+00
-7.598122e+00
-9.419732e+00
-9.351298e+00
-9.307059e+00
-9.361897e+00
-9.163037e+00
-9.125016e+00
-9.207816e+00
-4.117244e+00
-9.168769e+00
-8.227307e+00
-8.915539e+00
3.609872e+00
-3.961845e+00
-4.271278e+00
-7.132782e+00
-7.149282e+00
-8.419693e+00
-6.190553e+00
-8.063518e+00
-8.327403e+00
-9.018812e+00
-1.109318e+01
-1.093911e+01
-8.421395e+00
-8.424319e+00
-8.423478e+00
-4.611273e+00
-1.562381e+01
-1.613659e+01
-1.508103e+01
-9.075831e+00
-2.076827e+01
-2.172647e+01
-6.673542e+00
-8.416827e+00
-1.730646e+01
-1.713872e+01
-8.294111e+00
-9.063277e+00
-8.734554e+00
-8.167502e+00
-1.752565e+01
-1.741872e+01
-1.667172e+01
-7.455167e+00
-7.575622e+00
-9.002124e+00
-7.058239e+00
-1.470964e+01
-5.428253e+00
-8.138561e+00
-8.122424e+00
-7.017304e+00
-1.947561e+01
-8.261418e+00
-8.189403e+00
-8.322098e+00
-1.252802e+01
-7.120213e+00
-7.220694e+00
3.576646e+00
-1.489214e+01
-1.504861e+01
-3.689692e+00
-3.313529e+00
-8.132342e+00
-6.700470e+00
-1.474432e+01
1.263050e+01
-1.002921e+01
-6.376183e+00
-1.359432e+01
-3.504014e-01
-7.264675e+00
-7.288259e+00
-2.074237e+00
-8.289953e+00
-3.172445e+00
-3.329237e+00
2.708842e+00
-1.533413e+01
-1.549770e+01
-9.599553e+00
-9.668180e+00
-9.032805e-01
-9.835851e+00
-7.631666e+00
-7.745473e+00
-7.853281e+00
-1.343592e+01
-7.463172e+00
-8.411738e+00
-1.900314e+01
-6.668893e+00
-7.830015e+00
-8.333208e+00
-1.002564e+01
-7.272772e+00
-9.795445e+00
5.073414e+01
4.074013e+01
-7.034557e+00
-6.896007e+00
-8.425465e+00
-8.388635e+00
-2.845642e+01
-7.353225e+00
-4.024723e+00
-1.927299e+01
9.411593e-01
-9.525469e+00
-7.517552e+00
-1.054497e+01
-8.376321e+00
-3.075485e+00
-7.875761e+00
-7.778793e+00
-5.032437e+00
-8.584702e+00
-7.632199e+00
-4.156635e+01
-3.767182e+01
-1.581227e+01
-6.072592e+00
-1.327462e+01
-1.076013e+01
1.290715e+01
-1.406109e+01
-8.012803e-01
-1.693096e+01
-1.683305e+01
1.653655e+01
-8.532922e+00
-8.517849e+00
-8.549144e+00
-8.504323e+00
-8.281520e+00
-7.401907e+00
-7.527028e+00
-3.679466e+00
-8.816548e+00
-1.808611e+01
-1.207371e+01
-7.475207e+00
-2.521807e+01
-7.734103e+00
-5.310483e+00
-5.369834e+00
-5.122669e+00
-5.455159e+00
-5.222162e+00
-9.716847e+00
-9.138283e+00
-9.149217e+00
-6.823754e+00
-6.983363e+00
-6.482946e+00
-1.339075e+01
-9.439323e+00
-1.023182e+01
-1.197127e+01
-3.743535e+00
-1.611121e+01
1.855639e+00
-1.030125e+01
1.633044e+00
-8.592891e+00
-8.758857e+00
-8.556811e+00
-8.484305e+00
-8.429863e+00
-8.464059e+00
-1.596985e+01
-1.016830e+01
-6.200191e+00
-2.913427e+00
-9.060863e+00
-9.084215e+00
-8.441734e+00
-8.429678e+00
-1.428917e+01
-6.251655e+00
-9.124333e+00
-8.934839e+00
-1.042403e+01
-8.202404e+00
-8.325887e+00
-1.587567e+01
-8.621248e+00
-1.863928e+01
-8.689114e+00
-9.480207e+00
-9.406025e+00
-2.030523e+01
4.067332e+00
3.031492e+00
-3.602364e+00
-9.643681e+00
-3.238901e+01
-1.064001e+01
-1.586678e+01
-9.399892e+00
-9.166542e+00
-7.660150e+00
-9.662389e+00
-6.640306e+00
-6.768890e+00
-9.573376e+00
-5.126383e+00
-8.494171e+00
-1.708262e+00
-8.548675e+00
-8.645885e+00
-8.676410e+00
-5.522748e+00
-1.482734e+01
-3.796715e+01
-9.689918e+00
-6.827223e+00
-6.875810e+00
-8.026345e+00
-7.791129e+00
-7.390088e+00
-5.278164e+00
-9.791197e+00
-9.820169e+00
-9.943051e+00
-9.869800e+00
-8.557467e+00
-8.518202e+00
-8.467805e+00
-8.472435e+00
-8.420564e+00
-1.988895e+01
-9.096632e+00
-9.043714e+00
-5.575292e+00
9.142201e-02
4.640403e+00
-5.797537e+00
-6.345800e+00
-8.789119e+00
-8.861202e+00
-1.204099e+01
-1.231589e+01
-8.816682e+00
-1.281057e+01
-8.617308e+00
-8.577318e+00
-2.403755e+00
-8.135483e+00
-5.379438e+00
-1.750680e+01
-1.492613e+01
-8.675112e+00
-8.636644e+00
-7.988998e+00
-1.441700e+01
-8.943990e+00
-8.976686e+00
-7.730974e+00
-1.033950e+01
-1.050124e+01
-1.064688e+01
-1.066779e+01
-5.778167e+00
-3.671768e+01
-3.453542e+01
-3.486700e+01
-3.224150e+01
-1.835692e+01
-9.144636e+00
-1.818417e+01
-2.314442e+01
-9.005858e+00
-7.890572e+00
-8.020974e+00
-8.121643e+00
-8.147532e+00
-8.256172e+00
-3.422881e+00
-1.694031e+01
-9.314952e+00
-9.218956e+00
-6.313636e+00
-8.791126e+00
-9.175291e+00
-6.852929e+00
-6.996117e+00
-8.205919e+00
-8.268291e+00
-9.242070e+00
-9.176095e+00
1.600557e+01
-1.155910e+01
-1.361484e+01
-8.268601e+00
-8.212405e+00
-8.255024e+00
-8.290918e+00
2.025764e+00
-3.192614e+01
-3.000635e+01
-2.994729e+01
-2.810171e+01
-1.142279e+01
-1.521231e+01
-1.590000e+01
-9.127246e+00
-8.141628e+00
-1.015577e+01
-1.031862e+01
-1.037389e+01
-1.049511e+01
-1.054103e+01
-1.067118e+01
-8.848675e+00
-4.772139e+01
-6.667732e+00
-1.003158e+01
-4.685768e+00
-4.777775e+00
-5.108675e+00
-4.875884e+00
-4.595743e+00
-1.723725e+01
-8.926304e+00
-8.972892e+00
-9.008108e+00
-9.007945e+00
5.073603e+00
4.871521e+00
4.967479e+00
-8.931761e+00
1.436123e+01
-1.219227e+01
-1.239068e+01
-1.240072e+01
-3.605556e+01
2.888690e+00
2.024845e+00
1.926524e+00
1.168217e+00
-1.377681e+01
-9.986680e+00
-2.807853e+01
-2.646045e+01
-2.640020e+01
-2.491756e+01
2.109073e+01
-8.607478e+00
-1.074604e+01
-6.672949e+00
-9.101402e+00
-9.135904e+00
-1.519103e+01
-2.711379e+01
-9.143358e+00
-9.167039e+00
-9.162989e+00
-9.195832e+00
-9.196481e+00
-7.041590e+00
-7.139017e+00
-8.603732e+00
-7.843060e+00
-8.040965e+00
-1.442408e+01
-8.831159e+00
-9.256782e+00
-9.146981e+00
-8.628841e+00
-2.581307e+00
-8.352310e+00
-9.720838e+00
-9.659685e+00
-7.674724e+00
-1.031375e+01
1.266191e+00
4.791672e-01
3.579309e-01
-2.615071e-01
-4.820911e-01
-9.795080e-01
-2.500584e+01
-2.365047e+01
-1.259029e+00
-1.081760e+01
-1.386142e+01
-2.508555e+00
-2.346426e+00
-2.926341e+00
-1.782488e+01
-1.844855e+01
-8.253521e+00
-1.087769e+01
-9.432523e+00
-5.320231e+00
-5.516114e+00
-1.132706e+01
-1.052326e+01
2.129437e+00
-8.330004e+00
-1.104569e+01
-1.021797e+01
-8.252782e+00
-1.433094e+01
-1.441901e+01
-1.404984e+01
-1.413431e+01
-1.378419e+01
-1.387147e+01
-1.354717e+01
-1.356482e+01
-1.331643e+01
-1.325701e+01
-1.303780e+01
-1.307144e+01
-1.281407e+01
-1.276291e+01
-1.256037e+01
-1.250514e+01
-1.231792e+01
-1.445079e+01
-1.286587e+01
-9.326943e+00
-9.460282e+00
-9.219515e+00
-9.550863e+00
-1.018168e+01
-9.068589e+00
1.139984e+00
-9.772631e-01
-6.694473e+00
-6.517184e+00
-6.371585e+00
-6.319855e+00
-6.171839e+00
-1.308305e+01
-1.907617e+01
-1.482010e+01
-7.798954e+00
-2.821673e+00
-9.208405e+00
-9.213451e+00
-9.197343e+00
-1.585316e+01
-1.518177e+01
-8.243657e+00
-8.927051e+00
-7.680263e+00
-7.765813e+00
-1.236929e+01
-1.434260e+01
-1.293170e+01
-7.131985e+01
-9.050960e+01
-8.979541e+01
-8.185645e+00
-4.185576e+01
-9.116566e+00
-8.470642e+00
-8.722728e+00
-2.684281e+00
-8.564166e+00
-9.937241e+00
-3.337255e+00
-3.467388e+00
-9.167075e+00
-9.225839e+00
-9.267898e+00
-9.330174e+00
-9.363785e+00
-9.434982e+00
-9.467961e+00
-9.542787e+00
-9.509664e+00
-9.576756e+00
-9.653513e+00
-9.684011e+00
-9.766844e+00
-9.793164e+00
-9.883095e+00
-9.910373e+00
-1.000438e+01
-1.003328e+01
-1.012926e+01
-1.015797e+01
-1.025861e+01
-1.028683e+01
-1.039338e+01
-1.042145e+01
-1.053354e+01
-1.056152e+01
-1.067975e+01
-1.070850e+01
-1.083370e+01
-1.086242e+01
-1.099601e+01
-1.102499e+01
-1.116608e+01
-1.119477e+01
-1.134401e+01
-1.137653e+01
-1.049873e+01
-1.096116e+01
-1.105378e+01
-9.856152e+00
-1.152239e+01
-1.149158e+01
-1.155358e+01
-1.009309e+01
-9.317629e+00
-9.366451e+00
-9.270517e+00
-7.492464e+00
-3.341892e+00
-3.592860e+00
-3.038395e+00
-8.713234e+00
-8.770579e+00
-3.530732e+00
-3.180720e+00
-3.418972e+00
-3.085241e+00
-6.490300e+00
-5.185683e+00
-8.962984e+00
-4.142351e+00
-1.425158e+01
-3.900894e+00
-3.650811e+00
-3.773113e+00
-5.396874e+00
-4.973122e+00
-5.061184e+00
-1.309752e+01
-1.299471e+01
-1.272207e+01
-2.338027e+01
-2.233314e+01
-2.250670e+01
-2.195998e+01
-2.134734e+01
-2.849404e+00
-1.028088e+01
-1.019345e+01
-5.191045e+00
-4.894696e+00
-9.302310e+00
-8.528002e+00
-6.479183e+00
-6.279322e+00
-9.586237e+00
-9.246259e+00
-9.247979e+00
-1.032801e+01
-1.394672e+01
3.453178e+01
2.671278e+01
4.634299e+01
-7.629932e+00
-4.700720e+00
-2.795337e+00
-1.138360e+01
-1.129564e+01
-1.109602e+01
-8.711156e+00
-8.745088e+00
-8.197634e+00
-8.660294e+00
-8.399879e+00
-8.345411e+00
-7.270663e+00
-9.186271e+00
-9.222431e+00
-4.815856e+00
-1.105742e+01
-6.793113e+00
-2.905739e+00
-2.541789e+00
-8.312350e+00
-9.095458e+00
-1.640971e+01
5.866253e+00
4.460510e+00
-1.461242e+01
1.078710e+01
-1.312367e+01
-1.043440e+01
-8.287800e+00
-8.395397e+00
-8.403820e+00
-9.165359e+00
-7.780707e+00
-1.212968e+01
-1.210080e+01
-1.189710e+01
-5.910473e+00
-6.093640e+00
-6.384367e+00
-8.484642e+00
-1.230778e+01
-1.259071e+01
-9.330362e+00
-8.527633e+00
-8.549419e+00
-1.195939e+01
-1.171259e+01
-1.088999e+01
-1.261258e+01
-9.007557e+00
-8.437635e+00
-9.161201e+00
-9.228740e+00
-9.279442e+00
-8.110023e+00
-7.952633e+00
-6.686361e+00
-6.534863e+00
-9.771985e+00
-8.166487e+00
-8.217680e+00
-8.198470e+00
-8.263154e+00
-7.253174e+00
-7.150123e+00
-8.586116e+00
6.633936e+01
6.986037e+01
5.533164e+01
-4.652258e+00
-4.368308e+00
-8.941764e+00
-9.896867e+00
-1.413060e+01
-1.930206e+01
-2.018848e+01
-2.265779e+00
-5.829180e+00
-5.914549e+00
-5.724445e+00
-1.180220e+01
-9.835301e+00
-8.983533e+00
-8.919355e+00
-8.991725e+00
-8.461622e+00
-8.500710e+00
-8.490186e+00
-8.547768e+00
-8.538442e+00
-8.521861e+00
-7.384396e+00
-7.411253e+00
-7.500639e+00
-7.602330e+00
-7.703122e+00
-8.415105e+00
-8.451990e+00
-8.382711e+00
-1.407503e+01
-1.442965e+01
-9.162610e+00
-3.340163e+00
-2.970436e+00
-6.691491e+00
-6.726435e+00
-6.891289e+00
-1.067813e+01
-1.055627e+01
-8.491473e+00
-8.561428e+00
-8.568057e+00
-5.556106e+00
-8.420221e+00
-1.657730e+01
-1.667789e+01
-1.670149e+01
-9.157036e+00
-9.839339e+00
-8.288173e+00
-1.070561e+01
-1.083480e+01
-8.007247e+00
-1.477797e+01
-7.175456e+00
8.690533e+01
9.145983e+01
-1.074293e+01
-7.367807e+00
-1.077968e+01
-1.371488e+01
-8.540728e+00
-8.578471e+00
-8.553843e+00
-9.038729e+00
-4.669648e+00
-9.239777e+00
-8.073153e+00
-8.136150e+00
-8.010268e+00
-7.928186e+00
-5.693531e+00
-5.906398e+00
-6.738932e+00
-6.898706e+00
-7.027833e+00
-6.558213e+00
-1.699074e+01
-1.521931e+01
-2.736662e+00
-7.499447e-01
-1.162924e+01
-1.146849e+01
-1.155810e+01
-1.131290e+01
-1.138768e+01
-1.117356e+01
-1.121028e+01
-9.603330e+00
-6.504340e+00
-8.980940e+00
-4.507807e+00
-4.440574e+00
-1.868754e+01
-8.321594e+00
-7.604745e+00
-1.240187e+01
-1.041016e+01
-3.859308e+00
-9.420690e+00
-9.421093e+00
-8.209849e+00
2.480023e+01
2.958807e+01
3.122648e+01
-1.172229e+01
-1.164198e+01
-1.141972e+01
-1.153430e+01
-1.132293e+01
-1.120173e+01
-1.111573e+01
-1.139552e+01
-8.668645e+00
-1.531420e+01
-3.701378e+00
-6.921602e+00
-6.771661e+00
-6.753203e+00
-6.617025e+00
-9.013027e+00
-1.018409e+01
-1.528411e+01
-4.342685e+00
-7.690914e+00
-9.290014e+00
-8.887177e+00
-5.566495e+00
-6.446556e+00
-2.239393e+00
-8.525400e+00
-9.519252e+00
-8.635576e+00
-1.266744e+02
-1.026732e+02
-8.579705e+00
1.058187e+01
8.881093e+00
-1.229080e+01
-7.940542e+00
-7.838120e+00
-3.967608e+00
-1.177166e+01
-1.171859e+01
-1.180180e+01
-1.632636e+01
-7.319865e+00
-7.446554e+00
-8.821000e+00
-8.843770e+00
-1.062053e+01
-6.645988e+00
-2.163614e+01
-1.367525e+01
-7.732897e+00
-7.648438e+00
-1.849889e+01
-1.750590e+01
3.620964e+01
-1.204498e+01
-7.720334e+00
-1.613869e+01
-6.513262e+00
-1.628325e+01
-1.688362e+01
-1.504068e+00
-5.747426e+01
-8.366295e+00
6.325921e+01
-6.804940e+00
-2.658439e+00
-8.865967e+00
-8.822716e+00
-8.353311e+00
-7.195574e+00
-1.315460e+01
-7.630131e+00
-1.147973e+01
-1.726227e+01
-9.783133e+00
-9.986267e+00
-1.821921e+01
-1.266801e+01
-1.499525e+01
-6.060500e+01
-1.409831e+01
-4.999868e+00
-4.942174e+00
-4.633954e+00
-9.541454e+00
-4.456982e+00
1.527864e+01
-9.483452e+00
-7.744330e+00
-3.619167e+00
2.497787e+01
2.075927e+01
2.169645e+01
-7.723714e+00
-7.565442e+00
-8.938999e+00
-7.356916e+00
-7.146393e+00
-7.044693e+00
-6.644252e+00
-6.479729e+00
-6.455861e+00
-6.310567e+00
-6.341832e+00
-6.127999e+00
-6.133396e+00
-6.196130e+00
-6.382833e+00
-6.055079e+00
-6.437852e+00
-9.187843e+00
-9.075162e+00
-3.904710e+00
-1.139905e+01
-9.077803e+00
-9.098558e+00
-9.100442e+00
-9.112258e+00
-9.098480e+00
-9.110052e+00
-8.404895e+00
-1.855210e+01
-3.524214e+01
-5.089752e+00
-7.484653e+00
-7.394018e+00
-1.321737e+01
-1.290020e+01
-6.868154e+00
-6.681403e+00
-8.342165e+00
-8.905404e+00
-8.788685e+00
-8.731310e+00
-8.107731e+00
-8.793544e+00
-9.074329e+00
-1.047226e+01
-9.798031e+00
-1.000169e+01
-9.982572e+00
-8.963759e+00
-7.576203e+00
-4.856011e+00
3.661238e+00
-8.389740e+00
-8.574449e+00
-8.509191e+00
-1.004198e+01
-1.014998e+01
-9.135299e+00
-9.103051e+00
-1.706985e+00
-1.722248e+00
-2.162936e+00
-1.261324e+00
-1.309874e+00
-1.090234e+01
-9.317603e+00
-9.250262e+00
-9.328237e+00
-9.493394e+00
-8.655052e+00
-8.833963e+00
-9.665499e+00
-9.848171e+00
-1.129423e+01
-1.148601e+01
-1.166963e+01
-1.168216e+01
-1.187487e+01
-1.148638e+01
-1.185647e+01
-1.207421e+01
-1.209754e+01
-1.129977e+01
-1.112359e+01
-1.129290e+01
-1.112065e+01
-1.095248e+01
-1.094814e+01
-9.922475e+00
-1.000040e+01
-1.015403e+01
-9.849858e+00
-9.700265e+00
-9.627484e+00
-9.483655e+00
-9.409902e+00
-9.344143e+00
-9.253827e+00
-9.413011e+00
-9.266842e+00
-9.554165e+00
-9.476413e+00
-1.113688e+01
-1.123421e+01
-1.144888e+01
-1.135725e+01
-1.103902e+01
-1.085273e+01
-1.096044e+01
-1.075919e+01
-1.067302e+01
-1.070793e+01
-1.063940e+01
-1.045988e+01
-1.056311e+01
-1.038888e+01
-1.074345e+01
-1.028233e+01
-1.021705e+01
-1.081754e+01
-1.094274e+01
-1.000886e+01
-1.011591e+01
-1.005979e+01
-1.218082e+01
-1.122220e+01
-1.140411e+01
-9.647065e+00
-9.502390e+00
-9.794081e+00
-8.129927e+00
-9.949229e+00
-1.010758e+01
-9.675578e+00
-7.911682e+00
6.762532e+00
7.347216e+00
-1.048642e+01
-1.063426e+01
-2.708537e+01
-2.591155e+01
-1.023876e+01
-1.030783e+01
-1.047174e+01
-1.037949e+01
-1.057523e+01
-1.318859e+01
-8.271590e+00
-1.309192e+01
-1.156567e+01
-1.135477e+01
-7.879057e+00
-7.909528e+00
-1.794547e+01
-8.280261e+00
-1.206042e+01
-9.356287e+00
-8.387303e+00
-8.358807e+00
-8.385981e+00
-9.993465e+00
-9.935224e+00
-8.469544e+00
-8.461353e+00
-1.131991e+01
-1.590179e+01
-7.045296e+00
-1.372423e+01
-1.321834e+01
9.623353e-01
-1.075603e+01
-3.167090e+01
-3.048176e+01
-9.069799e+00
-9.043731e+00
-9.082454e+00
-9.074322e+00
-9.110641e+00
-9.162715e+00
-9.212685e+00
-9.251902e+00
-8.348248e+00
-5.203073e+00
-5.306341e+00
-7.888199e+00
-7.966896e+00
-8.094984e+00
-8.027642e+00
-7.839042e+00
-8.133269e+00
-8.265335e+00
-8.422583e+00
-5.442706e+00
-8.287907e+00
-8.618255e+00
-8.469256e+00
-8.540604e+00
-8.387742e+00
-8.459691e+00
-8.303608e+00
-8.379680e+00
-8.533181e+00
-8.453232e+00
-8.613543e+00
-8.690548e+00
-8.769451e+00
-8.694157e+00
-8.848534e+00
-8.778465e+00
-8.610698e+00
-8.852669e+00
-8.879670e+00
-8.220597e+00
1.254550e+01
1.005281e+01
7.848138e+00
7.468351e+00
8.008283e+00
1.270074e+01
1.584634e+01
1.221568e+01
1.972649e+01
5.163088e+00
6.672390e+00
5.856317e+00
6.599945e+00
7.500500e+00
7.382232e+00
-9.083442e+00
-1.018028e+01
-1.005405e+01
-1.119494e+01
-1.099876e+01
-1.088726e+01
-8.941053e+00
-8.954721e+00
-3.838605e+00
-3.873727e+00
-1.061498e+01
-1.077208e+01
-8.553521e+00
-8.601361e+00
-8.679068e+00
-8.521237e+00
-8.571798e+00
-7.775459e+00
-4.881011e+00
-8.164145e+00
-8.113927e+00
-8.771034e+00
-8.923843e+00
-8.861063e+00
-8.705328e+00
-9.060788e+00
-9.198422e+00
-9.120140e+00
-8.984659e+00
-1.691429e+01
-1.671987e+01
-1.411023e+01
-1.566396e+01
-1.613726e+01
-1.997834e+00
-2.498842e+01
-7.419254e+00
-1.167139e+01
2.031158e+00
-6.526499e+00
-1.602986e+00
-2.523810e+00
-1.050947e+00
-2.247841e+01
-2.351831e+01
-2.337124e+01
-2.457916e+01
-2.429861e+01
-2.468819e+01
-2.310184e+01
-2.588012e+01
-2.386181e+01
-2.522236e+01
-1.924967e+01
-5.747666e+00
-5.965158e+00
-5.796621e+00
-7.305883e+00
-7.369912e+00
-4.398249e+00
-4.506596e+00
-2.822266e-01
-9.068714e+00
-9.043285e+00
-9.903561e+00
-7.774178e+00
-1.119083e+01
-1.004309e+01
-1.010018e+01
-1.002250e+01
-8.399855e+00
-9.061025e+00
-6.769258e+00
-6.928893e+00
5.520151e+00
-1.027624e+01
-9.114705e+00
-9.115601e+00
-8.486323e+00
-7.889211e+00
-7.812103e+00
-7.929851e+00
-7.861016e+00
-7.733529e+00
-7.781129e+00
-7.694257e+00
-7.590506e+00
-2.915053e+00
-2.364277e+00
-4.046254e+00
-8.364754e+00
-1.186088e+01
-9.029445e+00
-8.948452e+00
-8.727908e+00
2.421605e-01
-7.814318e+00
-5.933536e+00
-9.092466e+00
-1.211038e+01
-1.232149e+01
-1.272359e+01
-1.255109e+01
-1.198653e+01
-1.291074e+01
-9.413485e+00
-9.486768e+00
-9.532952e+00
-9.568157e+00
-9.619530e+00
-9.440687e+00
-9.585810e+00
-9.492035e+00
-1.082507e+01
-9.557505e+00
3.662987e-01
1.131786e+00
-9.651861e+00
-9.614018e+00
-9.687951e+00
-1.146543e+01
-1.062094e+01
-9.058857e+00
-8.366297e+00
-8.364524e+00
-1.091919e+01
-1.109265e+01
-5.509154e-01
-9.417311e-01
-1.487630e+00
-1.316298e+00
-1.685497e+00
-2.098237e+00
-1.199823e+01
-1.204908e+01
-1.228393e+01
-1.227937e+01
-1.051953e+01
2.832852e+00
1.901405e+00
3.969280e+00
4.214792e+00
-9.356417e+00
-9.459422e+00
-9.550946e+00
-5.102537e+00
-5.052120e+00
-5.303280e+00
-5.345233e+00
-5.538930e+00
-5.512656e+00
-1.380007e+01
-1.475356e+01
-1.346056e+01
-8.262632e+00
-8.167316e+00
-8.236559e+00
-9.009097e+00
-1.547821e+01
-9.674711e+00
-9.522946e+00
-9.419912e+00
-9.602825e+00
-1.044731e+01
-2.990612e+01
-9.302707e+00
-9.242516e+00
-9.367486e+00
-9.359210e+00
5.277606e+00
6.444365e+00
-1.031849e+01
-1.042172e+01
-1.388209e+01
-9.015199e+00
-6.740679e+00
-6.602746e+00
-6.762417e+00
-6.454009e+00
-7.652906e+00
-3.525348e+00
-5.828880e+00
-8.720534e+00
-8.804411e+00
-7.170350e+00
-7.102354e+00
-7.773083e+00
-7.747424e+00
-7.639378e+00
-7.740489e+00
-7.647625e+00
-7.545059e+00
-7.855348e+00
-7.883568e+00
-7.941310e+00
-1.750417e+01
-4.983131e+00
-1.154897e+01
-1.167657e+01
-1.177762e+01
-1.102481e+01
-3.264916e+00
-9.751770e-02
-3.357692e+00
-3.344727e+00
-3.757638e+00
-9.468581e+00
-9.583221e+00
-8.471091e+00
-7.980947e+00
-8.882773e+00
-8.876674e+00
-6.312866e+00
-1.206684e+01
-1.314894e+01
-5.506612e+00
-9.256296e+00
-8.204154e+00
-8.152917e+00
-8.038441e+00
-4.432156e+01
-8.506151e+00
-8.283189e+00
-1.250498e+01
-1.250363e+01
-7.187449e+00
-7.518453e+00
-2.177941e+01
-4.123255e+00
-4.343695e+00
-9.246997e+00
-9.193182e+00
-8.221877e+00
-2.514310e+00
-2.256106e+00
-8.297418e+00
-8.325602e+00
-8.366704e+00
-9.064730e+00
-8.416849e+00
-8.988229e+00
1.843798e+00
-1.367769e+00
-8.693472e+00
-8.716817e+00
-8.337221e+00
-8.918612e+00
-7.564341e+00
-1.016618e+01
-2.361063e+01
-7.123876e+00
-7.140205e+00
-7.012630e+00
-7.177779e+00
-9.353952e+00
-9.443533e+00
7.381014e+00
-5.287724e+01
-8.458390e+00
-1.487500e+01
-1.481965e+01
5.305813e+01
-2.043534e+01
-9.799192e+00
-1.500121e+01
-9.207411e+00
-8.293012e+00
-1.094000e+01
-1.166055e+01
-9.058273e+00
-6.191579e+00
-2.115539e+00
-1.694971e+00
-4.151073e+00
1.154661e+01
-3.217450e+00
-3.047464e+00
-2.856535e+00
-7.443887e+00
-9.479045e+00
-9.117785e+00
-9.124919e+00
-5.880374e+00
-7.965168e+00
-9.852311e+00
-9.703000e+00
-5.884191e+00
-1.329036e+01
-1.616522e+01
-2.563680e+01
-7.315831e+00
-7.424868e+00
-8.388946e+00
-8.458101e+00
-8.104822e+00
-7.443561e+00
-7.333602e+00
-2.347860e+01
-2.453831e+01
-8.593963e+00
-8.533692e+00
-8.334352e+00
-1.536436e+01
-6.231503e+00
-6.020454e+00
-6.087960e+00
-5.859289e+00
-5.922366e+00
-6.162863e+00
-5.989378e+00
-6.132063e+00
-5.958417e+00
-6.344933e+00
-6.244927e+00
-1.295864e+01
-7.727648e+00
-7.882364e+00
-7.985088e+00
-8.048806e+00
-7.360656e+00
-1.838781e+01
-1.762191e+01
-6.358332e+00
-6.158231e+00
-6.050455e+00
-6.164293e+00
-5.948855e+00
-5.826956e+00
-6.077898e+00
-5.865657e+00
-5.800055e+00
-5.634958e+00
-5.568350e+00
-5.747780e+00
-1.436788e+01
-7.065096e+00
-6.060828e+00
-6.326906e+00
-8.143599e+00
-9.662811e+00
-1.280558e+01
-1.308454e+01
-9.619702e+00
-8.775148e+00
-8.341653e+00
-5.960387e+00
-5.916806e+00
-5.671012e+00
-9.377220e+00
-9.470110e+00
-1.143422e+01
-1.142883e+01
-7.581008e+00
-1.239023e+01
-1.356437e+01
-1.252239e+01
1.237044e+00
-1.880640e+01
-1.963329e+01
-2.086671e+01
7.654819e+00
-2.513532e+01
-1.085468e+01
1.163730e+01
-2.959612e+01
-8.646694e+00
1.798338e+01
-3.525134e+01
-3.791396e+01
-6.827199e+00
-1.217118e+01
-7.068360e+00
-8.849825e+00
-8.635119e+00
-6.932194e+00
-5.118695e+01
-5.615748e+01
-6.570696e+01
-7.341246e+01
-8.190920e+01
-8.998208e+00
-1.000197e+01
1.204656e+01
1.131289e+01
1.301887e+01
-2.232718e+01
-7.002644e+00
-7.034007e+00
-1.336306e+02
2.747912e+01
-8.931769e+00
-8.180399e+00
1.909879e+01
9.182739e+00
-9.089244e+00
-8.180473e+00
-7.862244e+00
-7.092612e+00
-8.315961e+00
-8.280313e+00
-9.037698e+00
-8.971120e+00
-4.781018e+00
-1.458260e+01
-9.030928e+00
-4.687716e+00
-3.379963e+01
-5.388261e+00
-1.027646e+01
-1.057100e+00
-1.175466e+01
-2.144598e+01
-7.663015e+00
-9.139998e+00
-9.753966e+00
-8.504696e+00
-1.355610e+01
-8.892848e+00
-1.330291e+01
-1.002834e+01
-1.367933e+01
-1.322064e+01
-1.222112e+01
-8.803278e+00
-8.951596e+00
-3.919593e-01
-9.321336e+00
-2.856085e+00
-8.080770e+00
-8.942762e+00
-7.070904e+00
-7.469665e+00
-8.930723e+00
-7.548183e+00
-8.279011e+00
-1.609539e+01
-9.374464e+00
2.525216e+00
-1.997581e-02
-1.358444e+00
-1.348718e+01
2.463180e+00
-6.777860e+00
-7.725395e+00
-4.127323e+00
-1.390041e+00
-8.631902e+00
-1.060974e+01
-4.116160e+00
-6.004185e+00
-4.950891e+00
-4.812682e+00
-4.649603e+00
-7.275522e+00
-1.776907e+01
-1.950571e+01
-2.776233e+00
-4.819572e+00
-1.023425e+01
6.100538e+00
-1.125862e+01
-1.051381e+01
-2.474110e+01
-3.084737e+00
-1.336778e+01
-1.484481e+01
1.250170e+00
-7.674165e+00
-1.034937e+01
-8.176445e+00
-7.332805e+00
-7.334330e+00
-9.782023e+00
-6.821141e+00
-8.749572e+00
-1.164392e+01
-1.810553e+01
-4.733111e+00
-8.437857e+00
-5.572100e+00
-5.756742e+00
-8.351403e+00
-8.359888e+00
7.814384e+00
-1.355536e+01
-7.995124e+00
-8.060016e+00
-7.975140e+00
-8.137303e+00
-9.529763e+00
-2.545746e+00
-7.333192e+00
-7.284453e+00
-7.137574e+00
-7.048984e+00
-8.097736e+00
-6.887937e+00
-1.090788e+01
-2.234738e+01
-1.769659e+01
-9.022572e+00
-8.975185e+00
-7.201646e+00
-8.459466e+00
-1.007054e+01
-7.966654e+00
-7.916003e+00
-7.995752e+00
-8.073123e+00
-7.828807e+00
-8.108415e+00
-9.793319e+00
-1.079845e+01
-4.963984e+01
-8.326556e+00
-7.653700e+00
-3.964551e+01
-9.268299e-01
-5.178590e-01
4.558108e-02
-4.328201e-02
-7.249050e+00
-1.995046e+01
-8.364820e+00
-1.361638e+01
-7.428376e+00
-1.383666e+01
-8.501254e+00
-8.210233e+00
-3.810336e+00
-8.993957e+00
-4.089369e+00
-7.301407e+00
-8.370842e+00
-8.613218e+00
-8.912378e+00
-3.330800e+00
-5.561773e+00
-7.293235e+00
-7.181008e+00
1.427274e+00
1.520279e-01
-3.451898e+01
-7.255701e+00
-1.705972e+01
-2.416963e+01
-1.494274e+01
-3.179360e+00
-1.028604e+01
-1.135585e+01
-9.167714e+00
-8.364484e+00
-1.883354e+01
-1.935604e+01
2.372985e-01
-8.001113e+00
-5.694969e+00
-9.491943e+00
-5.283428e+00
2.836859e+01
-8.695927e+00
-8.381326e+00
-8.623210e+00
-2.041433e+01
-9.182509e+00
-1.231343e+01
-8.813119e+00
-9.817193e+00
-8.484188e+00
-1.091713e+01
-8.431115e+00
-8.765924e+00
-1.078731e+01
-2.416019e+01
-1.590106e+01
-1.507888e+01
-9.252850e+00
-9.381178e+00
-7.916949e+00
-9.370845e+00
-1.222436e+01
-6.286598e+00
-6.444701e+00
-8.709737e+00
-9.997848e+00
-7.002651e+00
-6.911698e+00
-9.759262e+00
-9.099555e+00
-6.856012e+00
-9.142966e+00
-3.523173e+00
-1.106706e-01
-3.580477e+00
-1.030133e+01
-9.280443e+00
-1.946847e+01
-9.235281e+00
-9.191296e+00
-5.851338e+00
-8.360853e+00
-9.149787e+00
-8.898663e+00
-1.012470e+01
-5.765596e+00
-1.101780e+00
-9.407832e+00
-1.800934e+01
-1.762331e+01
-8.761958e+00
-3.816075e+00
-7.475610e+00
-1.116753e+01
-1.448183e+01
-6.288900e+00
-2.018588e+01
-9.134808e+00
-5.992886e+00
-1.180525e+01
-8.388799e+00
-5.662319e+00
-8.672006e+00
-9.171106e+00
-6.549393e+00
-8.454268e+00
-2.260981e-01
-1.393576e+01
-1.235635e+01
-2.038472e+00
-7.797731e+00
-8.818558e+00
-8.753492e+00
-1.658706e+00
-1.743466e+01
-7.285457e+00
-8.386758e+00
-8.383844e+00
-1.461981e+01
-2.500601e+01
-8.583988e+00
-8.144789e+00
3.928437e+01
8.955333e+01
-4.655451e+00
-1.107294e+01
-4.655990e+00
-6.091588e+00
-7.264649e+00
-7.178145e+00
-7.024383e+00
-9.113406e+00
-2.790943e+01
-6.708111e+00
3.367871e+00
5.426551e+00
-2.083733e+01
4.186500e-01
-1.648348e+01
-1.241443e+01
-1.221126e+01
-1.182804e+01
-1.150939e+01
-5.850491e+00
-1.080731e+01
-6.771713e+00
-1.057832e+01
-1.037458e+01
-6.982450e+00
-9.894506e+00
-1.006338e+01
-7.644073e+00
-7.499935e+00
-7.531256e+00
-9.754738e+00
-9.624613e+00
-7.772282e+00
-9.373109e+00
-9.496191e+00
-7.918780e+00
-8.145093e+00
-8.028093e+00
-9.113342e+00
-8.202127e+00
-8.310700e+00
-8.862129e+00
-8.564239e+00
-8.811557e+00
-9.061573e+00
-9.113840e+00
-2.063758e+01
1.024327e+00
-1.450062e+01
1.785529e+01
-6.493516e+00
-4.574166e+01
3.582476e+00
-3.000679e+00
-1.657794e+01
-1.445437e+01
-6.426743e+00
-9.384898e+00
2.233966e+01
-8.966902e+00
-9.813513e+00
-9.055010e+00
-1.028602e+01
-1.283635e+01
-1.314916e+01
-1.339068e+01
-1.353797e+01
-1.289937e+01
-9.209025e+00
-6.557299e+00
-3.869678e+01
-1.187918e+01
-9.843770e+00
-8.409478e+00
-1.739289e+01
-5.700648e+00
-8.928998e+00
-9.026124e+00
-1.276374e+01
-7.723312e+00
-8.862339e+00
-5.571720e+00
3.453707e+00
-1.113181e+01
-8.527548e+00
-9.675643e+00
-8.396974e+00
3.578781e+01
-7.766879e+00
-8.724438e+00
1.033230e+00
-8.375297e+00
-3.180411e+01
-9.123909e+00
-1.756442e+01
-7.162753e+00
-3.823123e+00
1.377203e+01
-1.688539e+01
-7.381235e+00
-2.846005e+01
-7.045249e+00
-9.046075e+00
-8.014650e+00
-8.768775e+00
-1.261895e+01
-1.195488e+01
-5.481897e+00
-6.790998e+00
-7.458111e+00
-1.127438e+00
-3.394865e+00
-7.390663e-01
-9.740229e+00
-5.424263e+01
-8.502270e+00
-5.218372e+00
-5.081582e+00
-8.197164e+00
-3.909422e+00
-5.004328e+00
-2.863587e+01
1.272442e+01
-6.757366e+00
-7.872311e+00
-9.445267e+00
-1.259906e+01
-1.604178e+01
-1.261234e+01
-1.004915e+01
-1.275835e+01
-9.534448e+00
2.849637e+00
-3.742315e+01
-7.075137e+00
-1.238356e+01
-6.909934e+00
-1.015220e+01
-8.719553e+00
-8.392632e+00
-8.034573e+00
-1.392420e+01
-5.234237e+00
-9.945842e+00
-8.230405e+00
-9.530517e+00
-9.727092e+00
-9.089791e+00
-1.427140e+01
-1.431293e+01
-1.707467e+01
1.954549e+00
-4.179525e+00
-1.218308e+01
-1.143087e+01
-8.462681e+00
-9.844852e+00
-1.105647e+01
-1.167760e+01
-9.092814e+00
-1.101406e+01
-1.027384e+01
-1.047541e+01
-1.042676e+01
-8.349763e+00
-1.054876e+01
-8.360271e+00
-1.286717e+01
1.801345e-01
-9.113837e+00
-8.747645e+00
-1.148535e+01
-9.993584e+00
-8.074578e+00
-1.480352e+01
-1.035939e+01
-1.120946e+01
-8.172422e+00
-2.196911e+00
-4.173185e+00
-8.308667e+00
-4.186045e+00
-8.934781e+00
-8.049354e+00
-1.629048e+01
-9.931302e+00
-9.507285e+00
-4.842213e+00
-1.058183e+01
-9.058193e+00
-2.228816e+01
-8.561929e+00
-5.306958e+00
-7.800596e+00
-7.012330e+00
-6.468243e+00
-9.188795e+00
-8.491868e+00
-8.138391e+00
-1.096401e+01
-2.064255e+01
-7.910384e+00
-9.050357e+00
-8.943520e+00
-8.333410e+00
-9.161011e+00
-1.975301e+01
-1.540920e+01
-1.963991e+01
-2.635178e+01
-8.280885e+00
-8.684871e+00
-8.596443e+00
-8.464653e+00
-9.233497e+00
-9.185146e+00
-5.882800e-01
-1.734437e+00
-1.025037e+01
-1.217505e+01
-9.796598e+00
-5.211134e+00
-6.087297e+00
-8.298581e+00
-1.536720e+01
-9.666464e+00
-1.256219e+01
-9.683523e+00
-7.649185e+00
-1.036668e+01
-1.009703e+01
-1.042504e+01
-7.841969e+00
-9.560428e+00
-7.125763e+00
2.727985e+00
-1.410254e+01
-1.102386e+01
-6.026495e+00
-1.162289e+01
-6.311455e+00
-1.292331e+01
-7.982367e-01
-2.694569e+00
-6.363231e-01
-6.756151e+00
1.770035e+01
-2.234054e+01
-8.572695e+00
-7.466198e+00
2.631787e+00
5.454506e+00
-7.113102e+00
-7.527050e+00
-9.207589e+00
-7.345624e+00
-4.510382e+00
7.807225e-01
-2.009070e+01
-1.234622e+01
-8.052686e+00
-4.583818e+00
-6.431758e+00
-6.906166e+00
-8.164214e+00
-3.193264e+00
-2.743043e+01
-1.496046e+01
-7.247962e+00
-6.181887e+00
-1.190272e+01
-1.158548e+01
-1.173167e+01
-1.262524e+01
-6.813916e+00
-8.263520e+00
-9.141779e+00
-1.134653e+01
-1.013238e+01
-6.757340e+00
-1.269585e+01
-7.909827e+00
-8.067312e+00
-1.241400e+01
-8.308101e+00
-8.966876e+00
-9.698174e+00
-5.393735e+00
-6.595622e+00
-6.722629e+00
-1.033191e+01
-2.328747e+00
-9.094040e+00
-9.204614e+00
-7.317337e+00
-8.813225e+00
-8.362524e+00
-8.797024e+00
-8.590335e+00
-8.719991e+00
-3.420998e+00
-1.059790e+01
-8.377874e+00
-9.124336e+00
-8.309328e+00
-8.696673e+00
-1.453330e+01
-4.526923e+00
-9.337300e+00
-1.104731e+01
-8.364418e+00
-7.795382e+00
-1.011677e+01
-8.266146e+00
-2.801456e+01
-8.815070e+00
-4.811556e+00
-4.615591e+00
-1.826805e+00
-6.479298e+00
-9.402459e+00
-5.258969e+00
-8.912189e+00
-9.714724e+00
-8.994758e+00
-1.019401e+01
-9.151229e+00
-1.081532e+01
-5.724732e+00
-9.146249e+00
1.832166e+00
-1.176063e+01
-1.430673e+01
-1.276302e+01
-9.063386e+00
-8.411424e+00
1.433255e+01
3.324176e+01
-8.256098e+00
-6.701185e+00
-6.815358e+00
-1.559530e+01
-9.429386e+00
-6.001466e+00
-8.650350e+00
-1.040150e+01
-8.909590e+00
-7.593123e+00
-8.371718e+00
-1.040328e+01
-8.326442e+00
-7.340010e+00
5.807601e+00
5.281389e-01
-4.272619e+00
-9.093364e+00
-1.075995e+01
-8.574113e+00
-9.151378e+00
-1.076040e+01
-7.797016e+00
-8.984810e+00
-1.612324e+01
-9.105659e+00
3.020138e+00
-4.380639e+00
-3.224996e+01
-8.998933e+00
-1.052247e+01
-8.124582e+00
-4.582393e+00
-7.461645e+00
5.721554e+00
-8.474868e+00
2.940702e+00
-2.585012e+01
-1.165850e+01
-9.707677e+00
-1.130977e+01
-6.513107e+00
-9.234715e+00
-8.781135e+00
-9.478201e+00
-8.919372e+00
-9.486765e+00
-6.378941e+00
-4.571028e+00
-1.079822e+01
-1.371652e+01
-2.748992e+00
-6.933214e+00
-8.238999e-01
-9.668305e+00
-8.538207e+00
-1.036070e+01
-8.564833e+00
-1.064343e+01
-8.498579e+00
-8.510006e+00
-8.964789e+00
-8.146002e+00
-1.639627e+01
-8.199102e+00
-2.254505e+00
-8.409359e+00
-1.091417e+01
-8.780275e+00
-7.526847e+00
2.061445e+00
-6.256905e+00
-9.453461e+00
-8.987548e+00
-3.476141e+01
-3.487203e+00
3.669792e+00
-9.172436e+00
-4.592958e+00
1.426705e+00
-1.673074e+01
-7.758865e+00
-1.066106e+01
-2.121044e+01
-1.156270e+01
-7.911385e+00
-7.039982e+00
-8.220271e+00
-5.998467e+00
-7.195754e+00
-8.248125e+00
-1.065855e+01
-8.451136e+00
-2.204653e+01
-9.604997e+00
-8.272289e+00
-6.821094e+00
-1.562397e+01
-4.005280e+00
-1.761973e+01
-1.917033e+01
-9.020006e+00
1.834242e+01
-8.233620e+00
-8.681208e+00
-8.212976e+00
-5.270446e+00
-5.503123e+00
-7.918333e+00
-8.684659e+00
-8.133309e+00
-1.157445e+01
-9.257653e+00
-7.840023e+00
-1.021765e+01
-1.077636e+01
-1.072797e+01
-8.601427e+00
-9.617891e+00
-9.093450e+00
-7.885357e+00
-1.817694e+01
4.445304e+01
-8.377150e+00
-1.926605e+01
-4.410808e+00
2.812397e-01
-8.642636e+00
-1.268667e+01
-1.107585e+01
-9.221701e+00
-6.450345e+00
-8.309170e+00
-8.249888e+00
-1.014754e+01
-9.092353e+00
-8.609224e+00
-1.344628e+01
-1.453551e+01
-8.238168e+00
-1.723905e+00
-9.122333e+00
-3.671848e+01
-9.011928e+00
-1.619043e+00
-6.034270e+00
-9.115599e+00
-1.097849e+01
-6.362032e+00
-9.866711e+00
-8.628081e+00
-1.265788e+01
-7.752928e+00
-6.375452e+00
-9.747721e+00
-1.315254e+01
-4.079665e+00
-8.574082e+00
-5.071303e+00
-8.496522e+00
-8.424802e+00
-7.653010e+00
-1.560811e+01
-4.917258e+00
-8.679117e+00
-1.237561e+01
-4.874892e+00
-5.794868e+00
-9.471539e+00
2.909822e+00
-6.579516e+00
-7.465483e+00
-8.700820e+00
-9.967921e+00
-9.298117e+00
-4.494277e+00
-9.412185e+00
-2.107588e+01
-7.404280e+00
-1.396834e+01
-7.967159e+00
-9.270556e+00
-1.246586e+01
-7.006163e+00
-5.733045e+00
-7.318764e+00
-7.057603e+00
-1.317284e+01
-1.311400e+01
-6.124820e+00
-7.133609e+00
1.256269e+00
-9.008878e+00
-1.293579e+01
-1.089285e+01
-7.932143e+00
-1.174458e+01
-9.513687e+00
-1.348449e+01
-1.446678e+01
-1.243498e+01
-7.447107e+00
-8.424940e+00
-7.000887e+00
-2.023666e+01
-6.886402e+00
-7.646742e+00
-6.882019e+00
-1.092273e+01
-7.457639e+01
-8.537730e+00
-2.661416e+00
-9.214480e+00
-1.649581e+01
-1.972199e-01
-1.508179e+01
-8.912876e+00
-8.072799e+00
-2.381866e+00
-5.219490e+00
1.328045e+02
-9.226991e+00
-6.852147e+00
-9.414472e+00
-2.142777e+00
-8.041889e+00
-1.011520e+01
1.081813e+01
-5.597723e+00
-1.477085e+02
-5.677117e+00
-1.100010e+01
-1.868567e+01
-7.780531e+00
-5.522530e+00
3.035643e+00
-1.239561e+01
-8.226118e+00
-8.558125e+00
-7.676029e+00
-2.085849e+01
-7.630082e+00
-5.163120e+00
-3.913656e+00
-1.288699e+01
-1.361475e+01
-9.128453e+00
-3.623780e-01
-3.157667e+01
-9.080749e+00
-8.282764e+00
4.848497e+00
-9.550255e+00
-7.549795e+00
-8.571015e+00
-1.293095e+01
-9.053937e+00
-6.741992e+00
-2.869553e+00
-1.389898e+01
-8.540514e+00
-6.641025e+00
-8.522659e+00
-8.609035e+00
-8.245927e+00
-8.528414e+00
2.068837e+00
-6.556486e+00
-1.628082e+01
-1.248061e+01
-7.926576e+00
-1.926688e+01
-2.792106e+01
-5.068965e+00
-1.162769e+01
-9.481530e+00
3.291818e+00
-8.965146e+00
-7.517832e+00
-8.770003e+00
2.849088e+00
-5.705212e-01
-6.629046e+00
-6.601666e+00
-7.989302e+00
-8.321817e+00
-8.644753e+00
-7.289624e+00
1.153038e+02
-1.028318e+01
-1.128218e+01
-5.710529e+00
-6.387498e+00
-9.196052e+00
-8.882764e+00
-2.946224e+00
-6.984034e+00
-8.251680e+00
-7.572473e+00
-2.557420e+01
-1.513941e+01
2.145453e+01
-8.844662e+00
-1.062534e+01
-8.402488e+00
-7.702764e+00
7.485179e+00
-9.927742e+00
-1.022280e+01
-1.476570e+01
-9.939030e+00
-8.296009e+00
-1.055681e+01
-1.772732e+01
-9.142527e+00
-1.226943e+01
-8.211710e+00
-1.988700e+01
-1.271802e+01
-3.545821e+01
-1.156918e+01
-1.044103e+01
3.343125e+01
-9.231395e+00
-7.874495e+00
-1.110066e+01
-8.438808e+00
-5.983278e+01
-9.871476e+00
-1.441499e+01
-7.506319e+00
-1.341639e+01
3.776695e+00
-5.430321e+00
-9.324287e+00
-1.824469e+01
-1.007424e+01
-4.215468e+01
-8.528518e+00
-6.653616e+00
-1.284709e+01
-8.359684e+00
-8.122156e+00
-4.823568e+00
-7.379536e+00
-9.911448e+00
-8.358814e+00
-1.059022e+01
-4.687275e+00
-1.127112e+01
-1.014529e+01
-1.512559e+01
-8.405960e+00
-6.795428e+00
-1.125579e+01
-8.550128e+00
-1.045874e+01
-6.539481e+00
1.623353e+01
-9.181318e+00
6.487505e+00
-1.987148e+00
-2.496491e+01
1.511128e+01
-9.111379e+00
-7.806169e+00
-1.388749e+01
-1.115221e+01
-8.377645e+00
-1.470748e+01
-1.205053e+01
-9.599235e+00
-1.478443e+01
-8.744971e+00
-8.290397e+00
-1.232577e+01
-1.146261e+01
-8.209790e+00
-1.146176e+01
-3.838624e-01
-6.755471e-01
-5.942120e+00
-9.299588e+00
-1.184012e+01
-1.550850e+01
-1.106824e+01
-1.187001e+01
-1.264151e+01
-1.864842e+01
-8.975786e+00
-3.380360e+01
-7.685283e+00
-8.477683e+00
-1.215588e+01
-6.164815e+00
-1.022324e+01
-9.925236e+00
2.832313e+00
-8.377044e+00
-2.277113e+01
-7.563307e+00
-1.359559e+01
-1.705405e+01
-8.051456e+00
-8.588470e+00
-9.005227e+00
5.855594e+00
-3.077001e+00
-8.661151e+00
-8.427476e+00
-1.903002e+01
-1.006469e+01
-5.298157e+00
-7.181874e+00
-1.255366e+01
-1.225073e+01
-1.778740e+01
-6.449488e+00
-9.775160e+00
-6.055811e+00
-8.355624e+00
-9.402322e+00
-9.238951e+00
-9.196656e+00
-1.037387e+01
-4.344293e+00
-8.604329e+00
-2.694084e+00
-7.082864e+00
-6.402209e+00
-1.089620e+01
-8.268348e+00
-1.227658e+01
-7.613951e+00
-8.308758e+00
-7.723370e+00
-8.415148e+00
-9.189062e+00
-8.481154e+00
-8.081919e+00
-9.687012e+00
1.791037e+01
-8.913492e+00
-1.722830e+01
-8.418184e+00
-8.324852e+00
-1.029430e+01
-4.176856e+00
-3.124997e+01
6.399307e+00
-8.496863e+00
-1.031872e+01
-8.590728e+00
-7.732159e+00
-8.477273e+00
-1.415398e+01
-8.775737e-01
-5.862266e-01
-9.710687e+00
-8.900946e+00
-9.062873e+00
-7.885435e+00
-1.689582e+01
-9.343364e+00
-7.096991e+00
-8.294942e+00
-7.504686e+00
-2.483532e+00
-1.035793e+01
-1.467981e+01
-4.618249e+00
-6.159986e+00
-9.566706e+00
-2.884843e+00
-1.040815e+01
-2.692375e-01
-1.082867e+01
-8.893047e+00
1.007516e+01
6.305753e+00
-5.261076e+00
-1.803715e+01
-7.254179e+00
-8.650996e+00
-5.291328e+00
-6.146453e+00
-8.540273e+00
2.528823e+00
-2.974736e+01
-3.434180e+01
-1.281041e+01
-1.074312e+01
2.652732e+01
-9.725668e+00
-9.620118e+00
-8.200226e+00
4.726425e+00
-1.818702e+00
-9.065603e+00
-9.016055e+00
-2.691429e+00
-8.881628e+00
-1.003110e+01
-1.816215e+01
-9.549395e+00
-8.709950e+00
-8.416656e+00
-7.943808e+00
-1.215972e+01
-1.443982e+01
-8.484293e+00
-1.009267e+01
-2.742153e+00
-1.014172e+01
-1.025469e+01
1.429944e+01
-9.608939e+00
1.840972e+00
7.611610e+00
-6.948044e+00
-1.022382e+01
6.386365e+00
-8.628198e+00
-7.933675e+00
-3.275450e+00
-8.560266e+00
-9.171852e+00
-1.005940e+01
-9.055338e+00
-1.043107e+01
3.808845e+00
-8.223240e+00
-9.266740e+00
-1.094080e+01
-1.739841e+01
-1.340130e+01
-9.061980e+00
-8.770758e+00
-9.930857e+00
-9.605607e+00
-6.886732e+00
-6.910988e+00
-9.706797e+00
-9.973568e+00
-7.019598e+00
-8.729738e+00
-5.776360e+00
-9.115716e+00
-9.262210e+00
5.982161e-01
-9.250189e+00
1.661284e+01
-9.962196e+00
2.058193e+00
-9.704214e+00
-9.816501e+00
-5.972186e+00
-7.193924e+00
-8.658560e+00
-1.071211e+01
-9.478310e+00
-8.269442e+00
-9.037633e+00
-7.962877e+00
-8.468188e+00
-9.636874e+00
-2.777093e+01
-1.621345e+01
-8.634301e+00
-1.237608e+01
-7.775385e+00
-8.482570e+00
1.251247e+01
-8.690735e+00
-9.629921e+00
-9.502343e+00
-6.292642e+00
-1.875643e+01
-1.020218e+01
-1.189392e+01
-2.230641e+01
6.222514e+00
-5.354898e+00
-4.964183e+00
-6.287773e+00
-9.156774e+00
-8.598270e+00
-1.383135e+01
-9.155793e+00
-6.187440e+00
-5.506950e+00
-9.703982e+00
-8.108628e+00
-8.839328e+00
-7.648698e+00
-2.717863e+01
-7.656221e+00
-2.645771e+01
-9.023431e+00
4.786567e+00
-1.155021e+00
-1.098306e+01
-1.267419e+01
-8.901547e+00
1.262360e+01
-1.691382e+01
-9.246838e+00
-8.895435e+00
9.812847e+00
-1.256040e+00
-1.743323e+01
-8.563205e+00
-2.021342e+01
-5.585797e+00
-8.776742e+00
-4.136524e+00
-8.048270e+00
1.268134e+00
-9.569172e+00
-6.591617e+00
-6.563215e+00
-9.036252e+00
-8.405880e+00
-5.005495e+00
-1.777473e+01
-7.292428e+00
-9.330675e+00
-1.951844e+00
-1.463434e+01
-8.310429e+00
-9.472097e+00
-1.067202e+01
-4.871153e+00
-9.775314e+00
-9.108877e+00
-9.499869e+00
2.054411e+00
-3.650180e+00
-4.516054e+00
-5.863601e+00
-9.848945e+00
-4.737655e+00
-9.271109e+00
-4.921714e+01
-3.557832e+01
-1.165228e+01
-8.802059e+00
-5.397649e+00
-9.176191e+00
-5.315749e+00
-9.212833e+00
-1.581531e+01
-9.308880e+00
-6.987377e+00
-9.467100e+00
5.517541e+01
-1.198768e+01
-8.724311e+00
-9.434006e+00
-8.594388e+00
-5.989122e+00
1.982239e-01
-8.714783e+00
5.975232e-01
-9.035195e+00
-2.490689e+01
-8.249413e+00
1.140658e+01
-9.209444e+00
-7.730562e+00
-9.870219e+00
-8.028926e+00
-5.696861e+00
-9.229333e+00
-3.459350e+01
-1.448361e+01
-9.317531e+00
-8.467907e+00
-1.109215e+01
-8.161325e+00
-4.981901e+00
1.298331e+00
-7.557932e+00
-7.770213e+00
-8.733884e+00
-1.167089e+01
-2.375680e+01
-1.113776e+01
-1.477724e+01
-1.270443e+00
-7.222789e+00
-7.423329e+00
-9.015325e+00
-1.052791e+01
-1.255879e+01
-2.141570e+01
-9.127259e+00
-5.465568e+00
-8.942629e+00
-9.335306e+00
-5.791059e+00
-8.753553e+00
-7.204859e+00
1.637049e+01
-5.492791e+00
-1.705991e+01
-3.787047e+00
-5.958238e+00
-7.867342e+00
-2.702256e+01
-9.018138e+00
-2.107179e+00
-7.926833e+00
-7.211750e+00
-1.312791e+01
-9.847606e+00
-1.347292e+01
-8.810290e+00
-1.331367e+01
-3.373517e+00
9.095318e+00
-5.724123e+00
-8.614096e+00
-4.439920e+00
-8.342849e+00
-9.310894e+00
-9.775075e+00
-9.075782e+00
-8.400778e+00
-1.031430e+01
-1.537553e+01
-8.831308e+00
2.814911e+01
-6.085516e+00
-2.303059e+01
-8.050634e+00
1.278209e+02
-8.307244e+00
-1.678631e+01
-9.368489e+00
-1.136986e+01
-6.151922e+00
-8.041299e+00
-1.100295e+01
-1.432760e+01
-8.929454e+00
-3.576018e+01
-8.901461e+00
-1.655841e+01
-8.765912e+00
-8.907666e+00
-8.239025e+00
-1.104518e-01
-1.037692e+01
-2.255104e+01
-9.061519e+00
-1.077805e+01
-9.319860e+00
1.043110e+00
-8.168865e+00
-7.385768e+00
3.133074e+02
-8.199646e+00
-9.145128e+00
-1.119800e+01
-1.275878e+01
-7.612062e+00
-9.922414e+00
-8.203491e+00
5.182412e+01
-1.012895e+01
-9.246981e+00
-2.658941e+01
-9.582686e+00
-9.178740e+00
-9.009668e+00
-1.465854e+01
-1.015303e+02
-4.615318e+00
-9.265976e+00
-9.097371e+00
-2.320490e+01
-1.325247e+01
3.752573e+01
-3.335592e+02
-1.347882e+01
-1.420893e+01
-6.389019e+00
1.418267e+01
-9.634945e+00
-5.014158e+01
3.992758e+00
-9.215310e+00
-9.339917e+00
-9.141862e+00
-3.818617e+00
-6.964887e+00
-6.755202e+00
-2.718009e+01
-1.148538e+01
-9.072398e+00
1.304587e+01
-8.556319e+00
-1.334797e+01
-9.433413e+00
-3.756998e+00
-8.401793e+00
-9.311504e+00
-3.420193e+00
-7.911947e+00
-8.288427e+00
-1.891217e+01
-1.556191e+01
-5.614517e+00
-1.933382e+01
-9.194203e+00
-8.808678e+00
-3.812001e+01
-9.137023e+00
-1.526440e+01
-1.182947e+01
-5.624064e+00
-1.236035e+01
-9.293368e+00
-7.172808e-01
-8.112096e+00
-8.279879e+00
-1.301577e+01
-1.022480e+01
-9.988697e+00
-8.579091e+00
-8.252846e+00
-1.716617e+01
-8.255419e+00
-9.158311e+00
-5.990269e+00
-1.500022e+01
-9.208035e+00
-1.204671e+01
-9.750750e+00
-1.222527e+01
-9.372034e+00
-4.774573e+00
-9.324016e+00
-7.555569e+00
-8.392101e+00
-1.023765e+01
-8.603823e+00
-6.534624e+00
-5.526809e+00
-2.487655e+00
-9.106146e+00
-3.020340e+00
-7.414800e+00
-2.460751e+00
-1.266410e+01
-3.666699e+00
-3.241926e+00
-2.445531e+00
-7.007008e+00
-1.011629e+01
-9.601714e+00
-8.860725e+00
-7.952182e+00
-6.911898e+01
-1.391216e+01
-1.319093e+01
-3.146330e+00
-2.165477e+01
-8.121226e+00
-6.911240e+00
-9.062228e+00
8.220494e+00
-9.367087e+00
-1.085071e+01
-8.691743e+00
-3.267205e+00
-7.556163e+00
-9.591700e+00
-9.623561e+00
-1.170143e+01
-7.685458e+00
2.055723e+01
-9.158666e+00
-1.783266e+01
-1.671703e+01
-1.073152e+01
-7.376676e+00
-8.375302e+00
-8.271129e+00
-3.306993e+01
-1.068515e+01
-1.123100e+01
-8.178392e+00
-1.867767e+01
-9.175336e+00
-1.019711e+01
-9.138924e+00
-5.406536e+01
-2.615255e+01
-7.860341e+00
-4.341883e+00
-1.322368e+00
-9.108148e+00
-8.480050e+00
-9.149177e+00
-8.051673e+01
-1.399318e+01
-2.926982e+01
-9.026197e+00
-9.308974e+00
-1.061495e+01
-9.131408e+00
-9.233908e+00
-9.290017e+00
-3.945256e+00
-9.397728e+00
-9.198353e+00
-2.642306e+01
-1.562511e+01
-1.040051e+01
-8.410172e+00
-1.758095e+01
-1.123951e+01
-2.238889e+00
-3.033313e+00
-1.253497e+01
-7.141999e+00
-3.838246e+00
-1.321786e+01
-1.099510e+01
-6.542772e+00
-3.130286e+00
-8.753264e+00
-1.307632e+01
-9.276029e+00
-1.050547e+01
-1.253024e+00
-9.105135e+00
-8.664207e+00
-1.018487e+01
-9.200627e+00
-9.882603e+00
-1.369239e+01
-1.099075e+00
-8.284711e+00
-7.466749e+00
-1.803995e+01
-7.397740e+00
-7.852522e+00
-5.859841e+00
-1.300705e+01
-3.034571e+01
-3.533932e+00
-1.166094e+01
-9.034768e+00
-1.193015e+01
-1.098277e+01
-1.133592e+01
-1.891347e+01
-9.176920e+00
-1.009906e+02
-1.627376e+01
-9.116614e+00
-1.204000e+00
-9.593653e+00
-8.878634e+00
-9.026869e+00
-8.386629e+00
-1.258244e+01
-8.320791e+00
7.282224e+01
8.559151e+00
-8.317560e+00
-1.360513e+01
-9.235181e+00
-1.309708e+01
-1.362619e+01
-9.144347e+00
-3.553294e+00
3.828613e+01
-3.467130e+00
-8.783223e+00
-1.542611e+01
-8.973075e+00
-1.081635e+01
-8.877371e+00
-8.095273e+00
-2.381938e+00
-8.024478e+00
-9.608471e+00
-3.674883e+00
-9.882325e+00
-7.677227e+00
-2.837205e+01
