-1.072321e+01
-1.149721e+01
-1.140125e+03
-5.188587e+02
-5.037902e+02
-4.347691e+02
-3.686151e+02
-3.244754e+02
-2.908178e+02
-2.620938e+02
-2.379454e+02
-2.161923e+02
-1.967263e+02
-1.789525e+02
-1.632121e+02
-1.505109e+02
-1.397397e+02
-1.317477e+02
-1.249662e+02
-1.191434e+02
-1.145838e+02
-1.104368e+02
-1.081122e+02
-1.006686e+02
-9.667158e+01
-8.731445e+01
-1.044048e+02
-8.548061e+01
-7.761354e+01
-3.089548e+01
-2.733321e+01
-2.788337e+01
-5.146811e+01
-4.173182e+01
-3.734089e+01
-3.721158e+01
-3.439286e+01
-3.172066e+01
-1.934839e+01
-2.309872e+01
-2.448225e+01
-1.737172e+01
-1.077892e+01
-1.376635e+01
-5.238403e+00
-9.426558e+00
-5.510164e+00
-4.255123e+00
2.650898e+00
-6.227078e-01
-1.253892e+00
5.978136e+00
-1.351491e-01
-5.023463e+00
1.896714e+00
3.328146e+00
-1.687876e+00
3.242027e+00
-2.720915e+00
-1.941182e+00
-1.893197e+00
-4.881296e+00
-5.807691e+00
-8.695346e+00
-1.005362e+01
-1.074206e+01
-1.079349e+01
-1.208830e+01
-1.460265e+01
-1.732057e+01
-2.017668e+01
-2.041567e+01
-2.131384e+01
-2.136475e+01
-2.354055e+01
-2.442767e+01
-2.389757e+01
-2.059682e+01
-1.712614e+01
-1.705329e+01
-2.079810e+01
-1.624053e+01
-1.142859e+01
-9.899818e+00
-1.261596e+01
-4.923585e+00
-3.280240e+00
-1.946469e+00
1.153692e+00
-4.593085e-01
-4.125290e+00
-1.814389e+00
-1.621297e+00
-1.750374e+00
-2.246965e+00
-4.390270e+00
-6.299589e+00
-8.436415e+00
-1.057085e+01
-1.187243e+01
-1.184122e+01
-1.294264e+01
-1.538078e+01
-1.657979e+01
-1.868405e+01
-2.158360e+01
-2.472749e+01
-2.700064e+01
-2.500963e+01
-2.150007e+01
-2.400065e+01
-2.722782e+01
-3.088235e+01
-2.348480e+01
-2.459933e+01
-2.426698e+01
-2.297973e+01
-2.093783e+01
-2.167812e+01
-1.509981e+01
-1.538163e+01
-1.793339e+01
-1.079489e+01
-8.737310e+00
-5.401045e+00
-3.650512e+00
-1.651579e+00
2.575404e+00
5.197953e+00
9.651152e+00
1.463160e+01
1.385405e+01
2.039066e+01
2.345257e+01
2.495022e+01
2.922335e+01
1.443433e+00
5.540537e+01
1.135532e+02
6.147405e+01
5.255282e+01
7.149497e+01
7.633338e+01
8.189175e+01
8.644303e+01
9.094040e+01
9.623767e+01
1.015672e+02
1.080449e+02
1.160536e+02
1.268412e+02
1.396488e+02
1.548593e+02
1.717071e+02
1.921143e+02
2.140136e+02
2.382834e+02
2.672310e+02
2.998786e+02
3.489002e+02
3.948622e+02
5.123844e+02
4.992872e+02
1.108017e+03
7.622941e+02
4.692184e+02
4.062072e+02
3.499472e+02
3.080286e+02
2.765618e+02
2.514568e+02
2.309454e+02
2.139448e+02
1.993783e+02
1.867101e+02
1.755647e+02
1.655295e+02
1.564567e+02
1.480231e+02
1.401833e+02
1.328520e+02
1.260154e+02
1.196439e+02
1.137252e+02
1.081992e+02
1.029798e+02
9.806214e+01
9.342848e+01
8.905044e+01
8.490221e+01
8.097048e+01
7.721594e+01
7.362045e+01
7.019008e+01
6.690558e+01
6.375375e+01
6.072661e+01
5.781174e+01
5.500102e+01
5.228406e+01
4.965336e+01
4.710734e+01
4.463809e+01
4.224909e+01
3.993066e+01
3.767522e+01
3.547868e+01
3.333642e+01
3.124162e+01
2.919666e+01
2.719554e+01
2.523237e+01
2.330856e+01
2.142015e+01
1.956635e+01
1.774858e+01
1.596186e+01
1.420270e+01
1.246603e+01
1.075314e+01
9.062362e+00
7.391259e+00
5.737372e+00
4.099302e+00
2.475190e+00
8.630526e-01
-7.368010e-01
-2.326717e+00
-3.908004e+00
-5.482694e+00
-7.052187e+00
-8.618088e+00
-1.018124e+01
-1.174281e+01
-1.330397e+01
-1.486623e+01
-1.643243e+01
-1.800313e+01
-1.958064e+01
-2.116968e+01
-2.276349e+01
-2.436083e+01
-2.597296e+01
-2.759995e+01
-2.924498e+01
-3.090274e+01
-3.257675e+01
-3.426596e+01
-3.597741e+01
-3.771145e+01
-3.947041e+01
-4.125659e+01
-4.307172e+01
-4.491950e+01
-4.679957e+01
-4.871189e+01
-5.066508e+01
-5.266398e+01
-5.470682e+01
-5.679809e+01
-5.893953e+01
-6.113442e+01
-6.339017e+01
-6.571365e+01
-6.811240e+01
-7.058556e+01
-7.312834e+01
-7.575300e+01
-7.846643e+01
-8.127563e+01
-8.419509e+01
-8.722818e+01
-9.038193e+01
-9.367017e+01
-9.709995e+01
-1.006892e+02
-1.044593e+02
-1.083683e+02
-1.125444e+02
-1.169289e+02
-1.215579e+02
-1.264516e+02
-1.316490e+02
-1.371883e+02
-1.431133e+02
-1.494596e+02
-1.562807e+02
-1.636006e+02
-1.714561e+02
-1.798763e+02
-1.889268e+02
-1.989323e+02
-2.101448e+02
-2.227159e+02
-2.371894e+02
-2.540947e+02
-2.744175e+02
-2.996338e+02
-3.306322e+02
-3.723211e+02
-4.283130e+02
-4.866947e+02
-7.940348e+02
-1.245567e+01
-2.885938e+01
3.657974e+00
-4.477894e+01
1.955612e+01
-6.099577e+01
3.542314e+01
-6.098284e+00
-1.827791e+01
-4.566905e+01
2.179563e+01
-7.892366e+01
5.272716e+01
7.393378e+01
-1.022238e+02
8.075591e+01
-1.010145e+02
-1.274538e+02
9.838483e+01
8.782640e+01
-1.113443e+02
-1.510699e+01
-1.373654e+01
-1.048853e+01
1.194554e+02
-1.408329e+02
1.336654e+02
-1.570194e+02
-2.069259e+01
-4.456374e+00
-2.098878e+01
-2.843331e+00
1.638489e+02
-1.906833e+02
-4.146714e+00
-1.733451e+01
1.774961e+02
-2.008589e+02
-5.284675e+01
2.722200e+01
-3.745191e+01
1.218991e+01
-2.292197e+01
-3.302184e+00
2.394191e+02
-2.652020e+02
2.303259e+02
-2.566008e+02
-2.979071e+00
-2.335763e+01
-1.257124e+01
-3.345823e+01
1.258929e+01
3.931455e+01
-6.117287e+01
-7.755460e+00
7.561198e+01
-1.073731e+02
-1.132075e+02
1.152679e+02
8.627835e+01
-9.094277e+01
6.391274e+01
-7.083158e+01
4.489306e+01
-1.834527e+01
-4.672413e+00
-3.313960e+02
3.068318e+02
3.498879e+02
-3.768108e+02
-5.948853e+00
-1.624709e+01
-2.735504e+01
1.991414e+00
3.259708e+01
-5.334142e+01
1.042448e+02
-1.281663e+02
-3.976467e+00
-1.720320e+01
1.421774e+02
-1.659499e+02
-2.382037e+00
-2.234844e+01
1.994720e+02
-2.214784e+02
4.489185e+02
-4.748587e+02
-1.524869e+01
-8.037532e+00
-1.816511e+01
-1.418185e+01
-6.127457e+00
-6.911385e+00
3.979030e+02
-4.224869e+02
2.011344e+02
1.585038e+02
-2.235878e+02
-1.810136e+02
-1.444017e+02
-8.467637e+01
5.755398e+01
4.009256e+01
-5.637582e+01
-6.572723e+01
3.129669e+01
-4.901095e+01
2.321775e+01
-4.106041e+01
1.574990e+01
-3.379489e+01
8.800892e+00
-2.567573e+01
4.531600e-01
-1.738824e+01
-7.700944e+00
-9.918446e+00
-1.355011e+01
6.191650e+02
-6.588008e+02
-1.122137e+01
-1.142927e+01
-1.296986e+01
-1.330336e+01
-1.504965e+01
-1.342547e+01
-1.459098e+01
-1.324511e+01
-1.584565e+01
-1.345508e+01
-1.489470e+01
-1.396452e+01
-1.457299e+01
-1.487982e+01
-1.549670e+01
-1.473810e+01
-1.325601e+01
-1.630809e+01
-1.708000e+01
-1.879441e+01
-1.980583e+01
-1.925787e+01
-2.005972e+01
-2.101106e+01
-2.108477e+01
-2.183211e+01
-2.510887e+01
-2.655197e+01
-2.540002e+01
-2.556613e+01
-2.715922e+01
-2.934031e+01
-2.991143e+01
-3.177043e+01
-3.094570e+01
-3.340834e+01
-3.238573e+01
-3.450303e+01
-3.355321e+01
-3.582585e+01
-3.530043e+01
-3.773931e+01
-3.622146e+01
-4.078460e+01
-3.602356e+01
-3.906926e+01
-3.652053e+01
-3.920174e+01
-3.629726e+01
-3.886589e+01
-3.614835e+01
-3.896368e+01
-3.602654e+01
-3.882080e+01
-3.570962e+01
-3.303146e+01
-3.250508e+01
-2.992954e+01
-2.920381e+01
-3.855217e+01
-2.672404e+01
-2.584159e+01
-2.347839e+01
-2.238937e+01
-2.015535e+01
-1.890337e+01
-2.112883e+01
-1.749672e+01
-1.995852e+01
-1.614791e+01
-1.742510e+01
-1.373180e+01
-1.372055e+01
-1.096460e+01
-1.065873e+01
-6.481980e+00
-1.253079e+01
-2.052567e+01
-1.410165e+01
-8.689317e+00
-4.264060e+00
-8.930485e+00
-3.148680e+00
-4.776733e+00
1.046777e+00
3.055067e+00
6.357258e+00
5.978563e+00
1.148368e+01
1.193491e+01
1.416461e+01
1.762498e+01
2.110448e+01
-2.225554e+00
-8.379757e+00
1.893585e+01
2.732373e+01
2.631605e+01
3.056005e+01
-4.589063e+00
-1.015731e+01
3.090452e+01
3.527863e+01
-7.258933e+00
-1.363477e+01
3.023058e+01
3.450994e+01
4.000362e+01
-1.092661e+01
-1.865752e+01
3.863551e+01
4.403759e+01
-1.434609e+01
-1.948546e+01
4.341923e+01
4.858372e+01
-1.609592e+01
-2.078199e+01
4.674217e+01
5.225808e+01
5.370507e+01
5.759427e+01
5.914503e+01
6.276783e+01
6.406303e+01
6.838032e+01
-1.910248e+01
-2.569220e+01
6.827513e+01
7.195008e+01
4.848242e+01
-2.160940e+01
-2.653411e+01
7.029298e+01
7.526179e+01
7.601448e+01
8.060019e+01
8.039905e+01
8.513752e+01
-4.172525e+01
-2.356526e+01
-2.778345e+01
-3.305803e+01
8.449992e+01
9.025426e+01
-2.491706e+01
-2.885500e+01
7.409792e+01
8.848533e+01
9.447548e+01
-2.532468e+01
-3.099685e+01
-3.359587e+01
-3.477646e+01
-3.740120e+01
-3.711749e+01
-4.099982e+01
-4.132197e+01
-4.598968e+01
-4.640509e+01
-5.137499e+01
-5.183363e+01
-5.730372e+01
-5.802018e+01
-6.359780e+01
-6.457101e+01
-7.091288e+01
-7.154771e+01
-7.797730e+01
-7.861124e+01
-8.486910e+01
-8.531443e+01
-9.024115e+01
-9.193198e+01
-9.658936e+01
-9.939912e+01
-1.025381e+02
-1.061737e+02
-1.081988e+02
-1.120520e+02
-1.147874e+02
-1.175550e+02
-1.193262e+02
-1.219907e+02
-1.217784e+02
-1.271953e+02
9.249796e+01
9.807527e+01
9.788981e+01
1.019057e+02
1.021512e+02
1.063716e+02
-1.196034e+02
-9.239137e+01
-5.771779e+01
-3.345097e+01
9.457563e+01
-1.279246e+02
-1.288075e+02
-1.237155e+02
1.065153e+02
1.111964e+02
-2.191811e+01
-2.161561e+01
-1.899553e+01
-2.009783e+01
-1.715727e+01
-1.285964e+02
-1.324021e+02
-2.818394e+01
-1.871034e+01
-1.507132e+01
-4.181432e+01
1.098920e+02
1.151038e+02
1.155250e+02
1.214222e+02
1.198252e+02
1.256618e+02
1.278479e+02
1.303442e+02
-1.730760e+01
-1.354582e+01
-1.046410e+02
-8.338468e+01
-5.615208e+01
-1.323205e+02
-1.365082e+02
-1.382222e+02
-1.410087e+02
-1.422842e+02
-1.461309e+02
-1.482464e+02
-1.517385e+02
-1.542918e+02
-1.586482e+02
1.297267e+02
1.328650e+02
-1.596637e+02
-1.639469e+02
1.139171e+02
-1.603354e+01
-1.180858e+01
1.313887e+02
1.367691e+02
1.335980e+02
-1.650609e+02
-1.686751e+02
-1.339741e+02
-1.536261e+01
-1.271812e+01
-1.701586e+02
-1.655705e+02
-1.736341e+02
1.351952e+02
1.411586e+02
-1.545701e+02
-1.303427e+01
-1.496145e+01
-1.138812e+01
8.845934e+01
8.852303e+01
8.104240e+01
7.858523e+01
7.000689e+01
6.645789e+01
5.800282e+01
5.599351e+01
4.877168e+01
4.868889e+01
4.357832e+01
4.293541e+01
3.828302e+01
-1.762238e+02
-1.797283e+02
1.384377e+02
1.445614e+02
-1.760798e+02
-1.838270e+02
-1.272892e+01
-1.450268e+01
-2.321669e+01
3.841300e+01
3.419899e+01
-3.810282e+01
-1.803862e+02
-9.955434e+00
-8.476904e+00
-1.547191e+01
-1.788040e+01
1.407382e+02
1.467467e+02
1.503621e+02
1.536427e+02
1.561860e+02
1.582889e+02
1.625028e+02
1.646482e+02
1.697319e+02
-1.805401e+02
-1.843158e+02
3.427608e+01
3.098321e+01
3.662548e+01
2.941798e+01
2.622824e+01
2.659759e+01
2.538434e+01
2.543439e+01
2.434153e+01
6.813764e+01
7.226862e+01
6.742483e+01
7.154628e+01
6.394135e+01
6.945752e+01
6.760450e+01
6.261087e+01
5.342560e+01
6.282248e+01
5.190586e+01
5.483492e+01
5.077262e+01
5.322553e+01
4.967080e+01
5.179871e+01
4.816880e+01
5.562532e+01
1.725305e+02
5.015958e+01
4.665669e+01
4.465488e+01
4.326597e+01
4.119571e+01
3.993885e+01
3.782680e+01
3.669269e+01
3.456711e+01
3.350828e+01
3.138984e+01
3.039364e+01
2.826633e+01
2.740287e+01
2.518342e+01
2.523901e+01
2.249260e+01
2.268976e+01
1.990805e+01
2.273559e+01
1.735959e+01
1.450457e+01
2.292365e+01
1.092405e+01
8.270744e+00
1.231038e+01
9.536941e+00
6.862120e+00
6.782250e+00
4.829508e+00
3.358778e+00
8.327386e+00
3.728866e+00
1.436350e+00
2.891157e+01
3.575956e+01
-6.454506e+00
1.762100e+00
1.594254e-01
1.762343e+02
1.756593e+02
-1.675601e+01
-1.911681e+01
-4.155791e+01
-4.468830e+01
2.584044e+01
2.241290e+01
3.304144e+01
3.639775e+01
-1.809893e+02
-1.911252e+02
1.431148e+02
4.846012e+01
-8.106950e-01
-2.054650e+00
1.127460e+00
1.815843e+02
1.784802e+02
1.824178e+02
-2.128620e+01
-1.567084e+01
-1.837535e+01
-1.222386e+01
2.437256e+01
1.953576e+01
-4.497831e+01
-4.800725e+01
2.314432e+01
3.237427e+01
3.663336e+01
4.353754e+01
-1.862105e+02
-1.883822e+02
-1.929456e+02
1.682820e+02
-1.935051e+02
-1.999362e+02
-1.835900e+01
-2.142566e+01
-2.719526e+01
1.832028e+02
1.802609e+02
-1.531412e+00
7.584644e-03
1.784421e+01
-1.983667e+01
-2.085241e+01
-2.173196e+01
-2.282526e+01
-2.721481e+01
-2.693568e+01
-2.819688e+01
-2.918734e+01
2.279954e+01
1.878358e+01
-3.028807e+01
-3.142121e+01
-3.219298e+01
-3.322290e+01
-3.476811e+01
-3.599585e+01
-3.687952e+01
-3.813974e+01
-3.908191e+01
-4.129637e+01
-4.108425e+01
-4.342942e+01
-4.285522e+01
-4.576163e+01
-4.769741e+01
-4.790536e+01
-5.031719e+01
-5.069561e+01
-5.260292e+01
-5.329237e+01
-5.458896e+01
-5.636569e+01
-5.747680e+01
-5.810827e+01
-6.003441e+01
-6.033278e+01
-2.033767e+02
-2.070310e+02
-4.757375e+01
-5.122945e+01
3.269033e+01
3.719594e+01
1.773546e+01
-1.806020e+01
-1.922929e+01
-1.268606e+01
-6.470420e+01
-6.658109e+01
-2.117074e+02
-2.163708e+02
-3.192870e+01
-6.238085e+01
-6.916468e+01
-5.426679e+01
-4.722793e+01
-3.090476e+01
-1.794957e+02
-2.715462e+01
-4.066864e+01
-4.730653e+00
-3.338303e+00
1.831783e+02
1.739528e+02
-2.190771e+02
-2.243280e+02
-2.207593e+02
-9.926357e-01
-1.660759e+00
2.206151e+01
2.000714e+01
-4.990087e+01
-5.362252e+01
-5.431985e+01
-5.740482e+01
-5.703072e+01
-6.053676e+01
-5.960689e+01
-6.319562e+01
-6.205171e+01
-6.559346e+01
-6.432318e+01
-6.778049e+01
-6.640098e+01
-6.982728e+01
-6.823801e+01
-7.162758e+01
-6.981314e+01
-7.319638e+01
-7.121718e+01
-7.448648e+01
-6.798257e+01
-7.662686e+01
-7.783019e+01
-6.896769e+01
-6.585913e+01
3.986836e+01
4.071414e+01
1.374447e+02
1.390100e+02
1.324590e+02
1.330644e+02
1.280210e+02
-1.819902e+02
-2.276397e+02
-2.285325e+02
-2.260117e+02
-1.606588e+01
-1.733215e+01
1.277732e+02
1.207006e+02
1.586688e+01
1.751626e+01
-6.308772e+01
-6.945724e+01
1.927518e+02
1.567450e+02
-6.857513e+01
-7.154526e+01
4.094702e+01
4.369870e+01
-1.720757e+02
-1.762611e+02
1.911334e+02
-5.686690e+01
-6.621703e+01
-8.020599e+01
-8.125458e+01
-6.838780e-01
-2.182631e+00
1.963411e+01
1.608601e+01
2.528005e+01
2.259524e+01
-6.720947e+01
-6.397777e+01
6.075545e+01
3.587214e+01
-5.847610e+00
9.092380e+00
1.310607e+01
1.412217e+01
-1.293449e+02
-1.307808e+02
-2.133908e+02
1.198412e+02
1.214650e+02
1.236742e+02
-1.469460e+01
-2.338905e+02
-2.228166e+02
4.596016e+01
4.889017e+01
6.548722e+01
9.274589e+01
-7.882119e+01
2.560085e+01
-7.054294e+01
-6.915201e+01
-1.650936e+02
-1.710365e+02
-1.423965e+01
-1.570399e+01
1.827352e+01
1.451542e+01
1.219814e+01
1.185284e+01
-1.254750e+02
-1.277586e+02
-5.998471e+01
-6.264233e+01
8.989744e+01
9.966442e+01
9.254639e+01
7.969496e+01
7.862657e+01
7.863187e+01
1.128400e+02
9.912494e+01
-4.307026e-01
-5.300808e+00
-1.537883e+00
-3.418264e+00
-1.309620e+00
-2.116482e+00
-1.974597e+00
-3.118002e+00
-4.505822e+00
5.884599e+01
4.754619e+01
2.544629e+01
2.175551e+01
-1.902853e+01
9.435056e+01
1.106262e+01
9.518585e+00
-4.891381e+01
6.026298e+01
-2.438545e+02
-1.973633e+02
-2.372976e+02
-6.932743e+01
-7.415794e+01
-5.745517e+01
-8.570377e+01
-7.670218e+01
-5.779579e+01
-1.563660e+02
-1.620917e+02
-1.019307e+02
-9.698616e+01
-1.501566e+02
-6.944755e+01
-6.157962e+01
-7.158120e+01
-8.158485e+01
-3.575348e+01
1.302407e+01
-4.745941e+01
-1.266884e+01
-1.451452e+01
7.979335e+00
7.141920e+00
7.316826e+00
-7.938244e+01
-5.791938e+00
-4.841316e+00
-5.755208e+00
-1.651544e+02
-1.113739e+01
1.135355e+02
9.442722e+01
9.997156e+01
9.355812e+01
9.525214e+01
8.891776e+01
8.762439e+01
8.351987e+01
1.007212e+02
8.389203e+01
8.035128e+01
-2.470068e+01
2.696242e+01
4.394644e+01
4.926740e+01
5.078913e+01
4.810395e+01
3.316760e+01
3.552266e+01
-1.467105e+01
-1.699310e+00
-1.429993e+00
1.013640e+00
4.782329e+00
-1.222268e+02
-1.245476e+02
-5.707486e+01
-5.438888e+01
5.179636e+00
4.776779e+00
6.390025e+00
3.964584e+00
2.463555e+00
1.558379e+00
-6.207929e+01
-1.490233e+02
-1.734015e+02
1.284575e+02
-2.545350e+02
-2.452858e+02
-1.737167e+01
8.463256e+01
2.542131e+01
2.102969e+01
-4.557757e+01
4.897641e+01
5.033354e+01
-8.227522e+01
-9.049598e+01
-6.303253e+01
-9.992480e+01
4.474044e+01
5.399940e+01
5.373743e+01
3.869777e+01
8.096738e+01
6.856885e+01
4.995623e+00
3.621248e+00
1.066410e+02
5.070945e+00
-9.654767e+00
-8.035242e+00
-1.243673e+02
-1.285335e+02
-1.544691e+02
-1.203382e+02
-7.072522e+00
-6.830781e+00
1.718925e+01
1.680915e+01
-6.792367e+01
-2.762296e+01
-1.773618e+01
-1.673145e+01
8.037520e+01
7.697971e+01
1.365450e+01
1.339014e+01
3.132717e+00
6.806641e+00
4.615168e+01
4.298712e+01
5.002221e+01
-8.539490e+01
-8.900851e+01
-6.611064e+01
-7.072771e+01
-2.070269e+02
-2.719817e+02
1.748656e-01
-8.192968e-01
6.810340e+01
7.168814e+01
-8.590103e+01
1.654697e+01
1.377449e+01
-6.104473e+01
5.148763e+00
9.456557e+00
-1.176678e+02
-1.162092e+02
-1.172160e+02
-9.210579e+01
-9.207291e+01
-1.078159e+02
-1.144391e+02
-9.525655e+01
-1.158686e+02
-5.307813e+01
-5.009653e+01
-5.116216e+01
-4.716698e+01
-4.349017e+00
-1.032434e+02
-1.039768e+02
-7.792692e+00
-1.992318e+01
-1.495132e+01
-1.242521e+01
-1.514461e+01
-1.785438e+01
-1.501230e+01
-1.726770e+01
-1.664530e+01
-1.889646e+01
-1.746208e+01
-1.555896e+01
-1.555906e+01
-1.709932e+01
-1.532000e+01
-1.693544e+01
-1.574149e+01
-1.471444e+01
-1.480176e+01
-1.379862e+01
-1.390625e+01
-1.522062e+01
-1.290707e+01
-1.400140e+01
-1.489578e+01
5.224882e+01
5.330977e+01
-1.263373e+02
-1.246210e+02
-2.163548e+02
-4.599968e+01
-4.384526e+01
7.681798e+01
7.359943e+01
7.356997e+01
7.031973e+01
8.007447e+01
-1.031515e+00
5.947085e+01
-3.953658e+00
-8.043155e+00
-2.854267e+00
6.693556e+00
1.108553e+01
-1.534405e+02
-7.126087e+01
-7.612749e+01
-1.435412e+01
-1.483235e+01
-1.593087e+01
-1.522334e+01
7.015810e+01
6.707384e+01
6.707315e+01
6.396548e+01
4.366725e+01
4.082127e+01
4.653503e+01
-8.672254e+00
-1.955515e+01
1.706717e+01
1.401080e+01
-6.648968e+00
-4.921963e+00
9.521851e+00
1.313508e+01
1.323563e+02
-2.103858e+00
-3.188591e+00
-2.162046e+00
-4.491184e+00
-3.427125e+00
-5.685522e+00
-6.784566e+00
-7.931214e+00
-9.068826e+00
-1.016390e+01
-4.210011e+01
-3.990955e+01
-1.409503e+01
6.924723e+01
7.299548e+01
-1.246316e+02
-1.205896e+02
-1.514784e+02
-1.467843e+02
-2.243140e+02
-2.599750e+02
-2.844067e+02
-2.657208e+02
-2.738335e+02
-2.752305e+02
-2.817580e+02
-2.806878e+02
-2.917430e+02
-2.869175e+02
-2.993671e+02
-2.765636e+02
-1.125049e+02
-1.106962e+02
-4.124261e+01
-3.745729e+01
9.810616e+01
8.029351e+01
1.122250e+01
1.137655e+01
1.485504e+01
-7.608108e-01
7.647532e+01
-2.108696e+00
6.385785e+01
6.085514e+01
6.074307e+01
5.799285e+01
-1.236205e+02
-1.264928e+02
2.000266e+00
-1.134862e+01
-1.239024e+01
-2.819413e+02
-2.695974e+02
7.887502e+01
-1.187832e+02
-1.156792e+02
-1.169036e+02
-1.125069e+02
-1.132580e+02
-1.092297e+02
-7.774129e+01
-7.189848e+01
-8.440590e+01
1.779027e+01
1.345422e+01
2.173127e+01
-9.051295e+00
5.117281e+01
-1.321997e+02
1.079384e+01
-7.876088e+01
-8.203349e+01
-7.940230e+01
-8.254240e+01
-7.941853e+01
-8.257581e+01
-7.923433e+01
-8.568716e+01
-8.565171e+01
5.715385e+01
5.321272e+01
5.446892e+01
5.248460e+01
5.195740e+01
4.704639e+01
4.864481e+01
4.619408e+01
4.698263e+01
4.771443e+01
4.505918e+01
3.872968e+01
4.351001e+01
-1.083979e+02
6.559436e+01
7.587710e+01
-1.365256e+01
-1.462309e+01
-1.222089e+01
-1.207259e+01
3.927963e+01
3.780269e+01
4.122481e+01
-1.053581e+02
-1.059461e+02
-1.294813e+01
7.628187e+01
-8.951500e+00
-8.324306e+00
-3.592629e+01
-3.383851e+01
-6.998577e+00
-1.607468e+01
-1.691486e+01
-1.566785e+01
-1.783591e+01
-1.915581e+01
-1.999662e+01
-2.128918e+01
-2.214407e+01
-2.345566e+01
-2.436528e+01
-2.559934e+01
-2.649131e+01
-2.787594e+01
-2.876234e+01
-3.014889e+01
-3.096780e+01
-3.246604e+01
-3.321276e+01
-3.480767e+01
-3.548158e+01
-3.709856e+01
-3.777682e+01
-3.943257e+01
-4.010223e+01
-4.180767e+01
-4.245994e+01
-4.420361e+01
-4.485908e+01
-4.665411e+01
-4.729220e+01
-4.914947e+01
-4.975658e+01
-5.168402e+01
-5.229726e+01
-5.428431e+01
-5.488072e+01
-5.692739e+01
-5.751122e+01
-5.963162e+01
-6.022017e+01
-1.573790e+02
-1.496894e+02
1.349898e+01
-1.013156e+02
-1.075662e+02
7.932947e+01
-1.642613e+01
-1.539626e+01
-1.528272e+01
-1.537196e+01
6.591574e+01
6.235817e+01
-9.873722e+00
1.728050e+01
1.355174e+01
-6.238894e+01
-6.298734e+01
-3.237307e+01
4.478332e+00
-6.616510e+00
3.674672e+01
-1.220221e+02
3.434794e+01
1.726250e+01
1.326858e+01
1.686831e+01
1.255838e+01
-2.733940e+02
-2.606260e+02
-4.045314e+00
-3.709373e+00
-1.864809e+00
-2.935178e+00
2.737695e-01
-8.606302e-01
2.376345e+00
1.388878e+00
4.696045e+00
3.742846e+00
7.173766e+00
-1.013897e+01
-3.020413e+02
2.932861e+01
9.063527e+00
8.125605e+00
1.144037e+01
1.238386e+02
9.502888e+01
-1.041898e+02
-1.013596e+02
1.269965e+02
-8.178740e+01
-9.217807e+01
-8.812403e+01
-1.000859e+02
-1.635775e+02
6.054077e+01
-3.168302e+01
-3.012547e+01
-1.267390e+02
-1.212755e+02
-1.324733e+02
-1.279856e+02
-1.384061e+02
-3.930595e+01
1.083877e+02
1.032736e+02
-9.089825e+01
-9.375360e+01
-9.930021e+01
-1.041699e+02
-1.013232e+02
-1.011026e+02
-9.445998e+01
-8.179425e+01
-9.825966e+01
-9.515741e+01
3.792144e+01
3.477137e+01
5.811110e+01
5.987575e+01
6.413616e-01
1.747702e+00
5.238407e+00
-2.506280e+01
-1.661737e+01
-3.401579e+01
-9.851711e+01
-9.139749e+01
-9.397857e+01
-8.831796e+01
-9.142631e+01
-8.552904e+01
-8.738229e+01
-8.266825e+01
-8.377076e+01
-7.811721e+01
-7.810142e+01
-7.287070e+01
-7.404681e+01
-6.855476e+01
-6.852840e+01
-6.228561e+01
-6.288876e+01
-5.797394e+01
-5.879302e+01
-5.385278e+01
-5.426291e+01
-4.858900e+01
-4.793856e+01
-4.551272e+01
-4.545763e+01
-4.971977e+01
5.775574e+01
-1.994908e+01
-9.080259e+00
-8.563309e+00
-6.521809e+01
-6.585296e+01
-1.108211e+01
-1.123387e+01
-1.150660e+01
-1.062603e+01
-1.102093e+01
-1.003590e+01
-1.022379e+01
-9.716155e+00
-9.731067e+00
-9.526105e+00
-1.056651e+01
-1.022516e+02
-9.742227e+01
-1.689845e+01
6.267058e+00
9.732489e+00
-8.007255e+01
-7.322552e+01
1.048642e+01
1.315094e+01
4.258286e+00
2.913145e+01
-1.173888e+02
3.153261e+01
-1.237632e+01
2.907155e+01
8.615591e+00
-2.627380e+02
-2.501357e+02
3.380930e+01
-4.296286e+01
6.293498e+01
5.943927e+01
-3.871224e+01
-4.048329e+01
-4.560302e+01
-3.860281e+01
2.894363e+01
5.506141e+01
-1.716547e+02
-1.687207e+02
-1.464062e+02
6.417261e+01
6.063716e+01
-8.556263e+01
7.529907e+01
-4.567642e+00
-1.069678e+01
-1.566591e+01
-1.570271e+01
4.557501e+01
-5.537707e+01
1.087683e+01
6.495010e+01
-1.331112e+02
-1.392628e+02
1.104979e+01
-6.204792e+00
-1.585609e+01
3.464115e+01
3.222967e+01
3.291595e+01
3.022524e+01
3.079816e+01
2.828917e+01
2.765691e+01
2.576726e+01
2.518707e+01
2.332847e+01
-5.889261e+01
-1.202863e+02
3.328509e+00
-8.887151e+01
-6.816461e+01
-6.878754e+01
-6.785406e+01
7.809980e+01
-9.326124e+00
-9.163520e+00
6.756394e+00
-2.778629e+02
-4.846118e+01
-6.370703e+01
-2.797774e+01
-2.687272e+01
-2.879574e+01
-2.613996e+01
-2.299342e+01
-2.248660e+01
-1.047836e+01
-9.992411e+01
-9.736441e+01
-1.332985e+01
-7.112449e+01
-7.177766e+01
-7.408595e+01
-7.484248e+01
-7.751362e+01
-7.795173e+01
-7.525376e+01
-7.842069e+01
-8.136059e+01
-8.167214e+01
-8.451452e+01
-8.502151e+01
-2.958531e+01
-7.924535e+01
1.592252e+02
-1.270669e+01
2.272283e+01
2.093765e+01
-1.060526e+02
-5.693522e+01
-9.869003e+00
-1.046568e+01
-8.945594e+00
-8.414140e+00
1.076381e+02
-1.686201e+01
-3.405442e+01
9.598844e+01
-4.172665e+01
6.371391e-01
5.259344e+01
-4.203564e+01
-1.383644e+02
2.554260e+01
-2.128851e+01
-2.174793e+01
8.238389e+01
1.191604e+02
2.151551e+01
1.921535e+01
1.859868e+01
1.693895e+01
-1.859707e+02
-2.177609e+02
-3.504476e-01
-2.222912e+00
6.123473e+00
-8.486432e+01
8.087281e+01
8.540294e+01
-2.954932e+01
-3.843958e+01
-5.018883e+01
-6.930690e+01
1.369642e+01
1.644547e+01
1.612290e+01
1.943335e+01
1.903961e+01
2.251094e+01
2.115188e+01
2.499282e+01
-3.011063e+02
-3.125827e+02
-3.202189e+02
-3.278649e+02
-3.260075e+02
-3.513301e+02
-7.121324e+01
-4.590014e+01
-1.981761e+02
1.099541e+00
1.070535e+00
6.648916e+01
-1.381513e+01
-1.751444e+02
-1.790318e+02
-1.705396e+02
-1.760296e+02
-1.848175e+02
-1.723465e+02
-9.450267e-02
1.916637e+00
1.589721e+01
1.834627e+01
1.961211e+01
2.218986e+01
2.319559e+01
-4.178988e+01
-2.939344e+01
2.085463e-01
3.159967e+01
5.169571e+01
-1.221842e+02
-1.172131e+02
6.159624e+01
2.877576e+01
3.124579e+01
-2.075241e+01
2.685182e+01
1.631194e+01
1.470543e+01
1.406544e+01
1.252191e+01
2.625811e+01
2.642635e+01
2.340830e+01
-7.144482e+01
1.527286e+02
1.384634e+02
-1.568332e+01
-9.859615e+00
-9.648970e+00
-1.983902e+02
-1.763277e+01
-3.059528e+01
-2.339925e+01
-1.158386e+02
-1.103363e+02
-1.663400e+01
3.119268e+01
-4.665386e+00
-2.459804e+00
-3.682029e+00
-1.559881e+00
-2.744522e+00
-7.121412e-01
-4.793296e+00
7.842846e+00
-1.926049e+01
9.930420e+01
1.309423e+02
1.351058e+02
4.501179e+01
8.005532e+01
1.357356e+02
1.007838e+02
9.895821e+01
9.111181e+01
1.140255e+02
1.039247e+02
1.196795e+02
1.175023e+02
1.271281e+02
1.120380e+02
1.309393e+02
1.863247e+02
1.217830e+02
2.400784e+02
1.990237e+02
2.479917e+02
2.552375e+02
2.498677e+02
2.411270e+02
2.489454e+02
2.400005e+02
2.586237e+02
2.456639e+02
2.357076e+02
2.402304e+02
2.295585e+02
2.324613e+02
2.215992e+02
2.445017e+02
2.238376e+02
2.127367e+02
2.112314e+02
2.024095e+02
2.304719e+02
1.280858e+02
2.023633e+02
1.925495e+02
1.927223e+02
1.835065e+02
1.836432e+02
1.749310e+02
1.735969e+02
1.653895e+02
1.666976e+02
1.574128e+02
1.588289e+02
1.497492e+02
1.464038e+02
1.394091e+02
1.410136e+02
1.361779e+02
1.289258e+02
2.291265e+02
1.514683e+02
1.356506e+02
1.204774e+02
1.142150e+02
1.232194e+02
1.179767e+02
1.212125e+02
1.148649e+02
1.129717e+02
1.087870e+02
1.084044e+02
1.031195e+02
1.031889e+02
9.782197e+01
9.813851e+01
9.291707e+01
9.298749e+01
8.833697e+01
1.210272e+02
1.101826e+02
-1.065958e+02
5.190718e+01
-5.712951e+01
-1.531772e+02
-1.230709e+02
-1.138577e+02
-1.278302e+02
-4.110713e+01
2.887215e+01
6.045335e+01
1.812304e+02
1.356656e+02
1.917975e+02
4.053616e+01
7.477730e+01
1.247691e+02
8.977490e+01
-1.651631e+02
-3.351290e+01
-4.776273e+01
-4.447601e+01
8.359890e+01
8.836764e+01
-1.783211e+01
1.499229e+01
-1.572850e+01
-1.577835e+01
1.431820e+02
7.410388e+01
-1.102385e+01
2.710694e+00
5.150923e+00
3.322403e+01
3.315392e+01
4.799655e-01
1.184929e+01
1.035812e+01
-3.420316e+02
-2.107939e+01
-4.238697e+01
-1.370631e+01
8.904746e+01
8.472323e+01
5.260323e+01
5.741847e+01
-1.863291e+02
-1.955905e+02
8.987690e+01
1.827973e+02
-2.503964e+02
-2.385872e+02
-2.393269e+02
-2.278738e+02
-3.641185e+01
2.988258e+01
4.203152e+01
1.716118e+01
5.153512e+00
4.706274e+01
-2.657746e+02
2.577667e+01
2.865083e+01
2.919712e+01
3.193951e+01
2.124711e+01
1.190079e+01
-5.324818e+01
-4.374232e+01
2.665353e+00
-6.494912e+01
-7.680806e+01
-9.247693e+01
-1.129281e+02
-5.625736e+01
-6.966435e+01
-9.156383e+01
-3.058152e+01
-4.034886e+01
-4.242766e+01
-1.024780e+02
1.912071e+02
2.010707e+02
1.759157e+02
1.745369e+02
4.576236e+00
-7.685105e+01
-7.609605e+01
-8.056158e+01
-8.514875e+01
-8.415661e+01
-8.910028e+01
-6.684208e+01
-6.318919e+01
-1.626728e+01
-1.556745e+01
1.009792e+02
-2.769291e+01
-5.629216e+01
3.306441e+01
6.320821e+01
6.673339e+01
1.043509e+02
-9.658222e+00
-9.225640e+00
-8.756839e+00
-9.350025e+00
-7.845783e+00
-8.008638e+00
-6.250829e+01
-5.748159e+01
-8.806950e+01
-8.849493e+01
-3.663437e+01
-3.519461e+02
-3.752768e+02
4.112531e+01
-2.825311e+01
-1.171255e+01
-3.388071e+01
-1.283113e+02
-2.221043e+01
-2.255403e+02
-2.154573e+02
-2.180912e+02
-2.061955e+02
-2.089538e+02
-1.980585e+02
-2.024229e+02
-2.003084e+02
-1.903399e+02
-1.859380e+02
-1.785344e+02
-1.741658e+02
-1.675745e+02
-1.974715e+01
-1.934748e+01
-1.606300e+02
-1.599797e+02
-1.178491e+02
-1.130954e+02
-1.124968e+02
-1.085543e+02
-1.080669e+02
-1.043306e+02
-1.038242e+02
5.912409e+01
5.611972e+01
5.651952e+01
5.333491e+01
-7.383195e+00
-6.336517e+01
-3.613308e+01
1.127833e+02
-2.580220e+02
-9.450519e+00
-6.368278e+01
-6.115185e+01
-6.404888e+01
7.646870e+01
7.190602e+01
7.704406e+01
1.158596e+02
1.221807e+02
-1.034992e+02
-1.038674e+02
5.698408e+01
-1.000860e+02
-8.407322e+01
-9.581025e+01
-9.346803e+01
1.882175e+02
-1.938469e+00
-1.687362e+01
-1.796355e+01
2.613799e+01
1.947169e+01
6.641806e+00
1.385736e+02
-8.192699e+01
2.438064e+01
-2.219738e+00
-6.646077e-01
2.113734e+01
-1.150502e+02
-1.175699e+02
-1.232004e+02
1.677893e+01
1.407127e+01
1.080214e+02
1.044063e+02
-1.708674e+01
3.825656e+01
3.893642e+01
6.818547e+01
-9.262937e+01
-1.025814e+02
-1.273536e+02
-1.567713e+01
-8.251810e+01
-7.409995e+01
-6.684760e+01
-6.820151e+01
-6.166257e+01
-6.506995e+01
-5.815389e+01
-5.821018e+01
-5.419173e+01
-5.320208e+01
-5.016926e+01
-4.961307e+01
-4.650316e+01
-4.599017e+01
-4.221653e+01
-4.278065e+01
-3.986220e+01
-4.000625e+01
-3.755948e+01
-3.742426e+01
-3.500606e+01
-3.453457e+01
-3.219283e+01
-3.124474e+01
-2.890963e+01
-1.016502e+02
-1.065938e+02
-1.887144e+00
-9.088151e-03
1.303989e+00
1.963639e+00
-1.340899e+02
-1.400168e+02
-9.824493e+01
4.440466e+00
-1.922961e+02
4.433000e+01
4.567439e+01
3.966759e+01
5.263881e+01
4.647743e+01
-9.153172e+01
-7.558895e+01
-2.555481e+01
1.594866e+02
1.529815e+02
-9.677021e+00
-1.021115e+01
-2.182375e+02
-9.294498e+01
-3.898714e+00
-6.716958e+00
1.865603e+01
1.308220e+01
-2.142296e+01
-1.878783e+01
9.669443e+00
1.973717e+01
9.914362e+00
-9.267994e+01
8.604689e+01
2.917429e+01
3.160039e+01
5.357673e+01
5.056630e+01
-2.801976e+01
1.979463e+02
8.394210e+01
8.019598e+01
1.711246e+00
8.890045e+01
8.852582e+01
-1.634301e+01
-1.643477e+01
1.801180e+01
-1.018793e+02
-1.333313e+02
5.032814e+01
4.768875e+01
2.153160e+01
-2.045361e+02
1.063445e+02
1.010049e+02
9.917941e+01
9.732649e+01
1.142517e+02
9.535979e+01
9.256970e+01
9.212484e+01
8.431859e+01
8.995098e+01
8.665989e+01
6.400153e+01
6.397077e+01
7.182748e+01
6.941946e+01
-1.137804e+02
3.595400e+01
4.169513e+01
1.506519e+02
-3.766427e-01
-1.006791e+01
-1.077203e+01
3.692559e+01
-1.059718e+02
-1.019729e+02
-1.020705e+02
-9.839889e+01
-1.135621e+02
-1.377199e+02
-7.015908e+01
1.529124e+00
-2.575881e+01
-8.214496e+00
3.137324e+01
-1.135124e+00
-1.680296e+01
-4.276119e+00
-4.287148e+00
-2.190456e+02
6.736318e+01
-1.355387e+02
-4.981660e+01
-9.240000e+01
1.899277e+02
-9.001479e+01
-8.747471e+01
-1.149284e+02
-8.472293e+00
-8.306244e+00
-8.059643e+00
-7.408593e+00
-8.485318e+01
-9.234052e+01
-9.283201e+00
1.019710e+02
8.474844e+01
-3.998691e+01
-4.288390e+01
-3.831302e+01
1.165759e+02
1.228570e+02
2.533765e+01
2.348333e+01
-2.635768e+01
-6.723230e+01
2.785430e+01
9.503886e+00
-8.482881e+00
-8.642759e+00
1.812230e+02
4.998400e+01
5.341523e+01
-1.002456e+02
-8.395506e+00
3.511531e+01
3.663410e+00
6.274574e+01
1.134588e+02
-1.344584e+00
4.029110e+01
-8.252737e+00
-1.020183e+01
-8.154152e+00
6.256012e+01
2.016467e+02
1.893356e+02
2.145094e+02
1.847534e+02
2.278441e+02
2.616393e+02
2.400177e+02
3.088659e+02
2.538520e+02
3.201524e+02
2.974469e+02
3.199075e+02
3.424265e+02
3.428215e+02
3.151676e+02
3.725780e+02
3.305748e+02
3.075451e+02
2.948948e+02
2.875072e+02
2.203154e+01
-1.452829e+01
-1.545833e+01
-1.345949e+01
-1.438612e+01
-1.244445e+01
-1.631410e+01
-8.379570e+01
-1.051318e+02
-2.837022e+01
3.766924e+01
-1.215550e+02
-4.654076e+01
-4.505015e+01
-4.851751e+01
-5.168166e+01
-5.683802e+01
-4.733681e+01
-5.375344e+01
-5.194996e+01
-1.553468e+02
-1.500280e+02
-1.141208e+01
-9.899923e+00
-1.193841e+01
-5.496379e+01
-5.311144e+01
2.165612e+01
-1.711630e+02
2.666308e+01
-9.888889e+01
-2.329572e+01
-3.120602e+01
-3.757561e+01
-1.630845e+02
-1.674511e+02
3.738094e+01
8.074742e+01
-9.664888e+00
2.626345e+00
8.503759e+01
8.924310e+01
5.557882e+01
4.741339e+01
4.484202e+01
-3.027745e+01
-7.272218e+00
2.030375e+00
-1.445283e+02
-1.874854e+02
-1.982160e+02
8.663508e+01
6.545489e+01
3.836252e+01
-9.130786e+01
-6.081839e+01
-5.862371e+01
-5.328980e+01
-5.197406e+01
9.282152e+00
7.041943e+01
6.633677e+01
6.341670e+01
6.686168e+01
-2.344271e+01
-2.451517e+01
-1.127374e+01
2.885604e+01
-1.171133e+01
-6.075020e+01
-5.550112e+01
-1.134310e+02
-1.181393e+02
8.738215e+01
-1.360116e+01
-1.326501e+01
2.705685e+01
-7.798909e+00
-8.355066e+00
6.061359e+01
2.560146e+01
1.059693e+02
-3.074106e+01
-1.156577e+02
-1.044214e+02
7.582877e+00
2.029161e+01
2.029811e+01
-7.627426e+01
4.443815e+00
2.347500e+00
1.584682e+00
-9.684817e+01
-2.371357e+01
-1.525719e+01
-1.713174e+01
-1.662163e+01
-1.626714e+01
-1.527330e+01
-1.530949e+01
-1.497131e+01
-2.708751e+01
-3.203818e+01
1.480535e+02
-1.491734e+02
-1.216600e+00
-3.010795e+00
-2.455112e+02
-5.023253e+01
-5.105803e+01
-1.097742e+01
-6.496562e+01
-1.070131e+02
-2.121372e+02
-2.948002e+01
-3.457821e+01
7.696148e+00
-1.335768e+01
-1.446124e+01
1.451172e+02
-9.015593e+01
-1.769869e+02
-1.247146e-02
4.414449e+01
1.322758e+02
8.889006e+01
9.375905e+01
-3.772503e+02
-3.093078e+02
-4.111957e+02
-4.090479e+02
6.707402e+01
5.406864e+01
-6.699768e+00
-4.750734e+01
-4.654352e+01
-1.028191e+02
-3.606569e+01
-1.768441e+01
-1.924003e+01
-1.781667e+01
2.453164e+00
-1.199474e+02
-1.259627e+02
5.287826e+00
2.965088e+02
2.763311e+02
9.904799e+01
1.020080e+02
-9.112758e+01
-2.125191e+01
-8.500215e+01
-8.725861e+01
-9.177380e+00
-1.057577e+01
-2.270337e+01
-3.099694e+01
-7.756513e+00
1.726157e+01
1.762355e+01
1.486625e+01
1.395719e+01
1.190869e+01
1.114532e+01
9.586935e+01
6.064911e+00
1.727815e+02
7.775165e+01
9.717198e+01
-1.469692e+02
1.589590e+01
1.526573e+01
8.223889e+00
8.887221e+00
-1.180244e+02
-5.375329e+01
3.744981e+02
4.120393e+02
2.568198e+01
-1.616862e+02
1.003151e+02
-4.271981e+01
-3.927007e+01
7.738208e+01
8.712286e+01
-8.305409e+01
-1.155372e+01
-8.642763e+00
1.700672e+01
1.434986e+01
-5.225048e+01
2.992504e+01
-8.667694e+00
-4.485387e+02
1.120126e+01
2.023419e+01
2.259230e+01
1.804210e+01
1.459020e+02
1.383872e+02
1.534188e+02
-1.798570e+02
-8.279889e+01
-2.047159e+02
-2.098764e+02
-5.682511e+01
8.124855e+01
1.826873e+02
1.736746e+02
-1.769283e+01
-1.965214e+01
3.374736e+01
3.403468e+01
-2.654121e-01
6.342962e+01
-5.986150e+01
7.321318e+01
-1.880727e+01
-4.732100e+00
-1.184941e+01
-8.844631e+00
-1.348072e+02
-1.406024e+02
-8.130513e+00
3.188034e+01
3.431184e+01
3.650135e+01
3.672840e+01
-2.157737e+01
9.121807e+01
4.557039e+01
3.883280e+01
3.884283e+01
4.773278e+01
-7.712785e+01
1.053851e+02
7.125896e+01
1.176946e+01
1.026790e+01
-3.922072e+01
-1.427895e+02
-1.498374e+02
-1.436136e+01
-1.389985e+01
-1.513475e+01
8.015431e+01
-8.799415e+01
-9.257431e+01
-5.074345e+01
6.007851e+01
7.244517e+01
7.129047e+01
-5.545171e+01
-4.789769e+01
-1.453247e+02
-1.408960e+02
-2.600520e+01
-2.990228e+01
8.494451e+01
8.116368e+01
-1.120919e+02
-1.099490e+02
4.609523e+01
4.345767e+01
2.833178e+01
9.077397e+00
8.733088e+00
7.195838e+00
5.826699e+00
3.808167e+00
-6.326627e+00
-7.430854e+00
-4.724656e+00
-7.185940e+00
8.744605e+01
-1.064969e+02
-1.049612e+02
4.503180e+01
1.159301e+01
3.046354e+00
2.032524e+02
-2.265646e+00
-2.855413e+00
3.200725e+01
3.073045e+01
-1.441380e+02
-1.206431e+01
5.844822e+01
6.196071e+01
4.115104e+02
4.266632e+01
-7.859000e+00
-5.717851e+01
8.911561e+01
-3.203675e+02
-3.327215e+02
6.077723e+00
-7.894354e+00
1.345529e+02
8.260479e+01
-1.390253e+01
-1.182161e+02
-1.557933e+01
2.788356e+02
2.598244e+02
1.382750e+00
2.577258e+02
2.422775e+02
4.445872e+01
-9.518691e+01
7.432849e+01
4.578735e+01
5.356513e+01
-2.015142e+02
-1.930201e+02
-8.216393e+00
-7.347772e+00
-2.802123e+01
-2.258034e+01
5.069984e+01
5.364414e+01
-3.024874e+01
7.388926e+01
6.771695e+01
7.168862e+01
6.549164e+01
2.981475e+01
3.230548e+01
1.232979e+02
4.504024e+01
3.524761e+01
-1.108924e+02
1.925678e+02
-1.375365e+02
-7.929377e+01
4.718582e+01
2.359043e+02
-8.932601e+01
-1.453944e+02
-1.481896e+02
-8.130174e+01
-1.009749e+02
-1.074015e+02
-3.147659e+02
-2.899310e+02
-1.135113e+02
-1.664223e+01
-1.594199e+01
2.839878e+00
1.046675e+02
-3.566162e+01
1.141248e+01
1.181108e+01
-1.068816e+02
8.922550e+00
1.012264e+01
-5.616624e+01
-5.796489e+01
-1.516622e+01
-1.399147e+01
-1.242524e+01
-1.212077e+01
2.890261e+01
-1.011013e+02
1.612068e+02
1.551166e+02
-6.664704e+00
-2.543143e+01
-3.040776e+01
-2.849602e+01
-1.187228e+01
6.819977e+00
7.449689e+00
5.396622e+00
-1.592475e+02
-1.611010e+02
-2.706335e+01
-3.232179e+01
-2.498063e+01
-5.055091e+01
-4.454005e+01
-3.990080e+01
-3.923233e+01
-3.351929e+01
-6.649588e-01
5.820019e+00
-4.282889e+00
-1.128087e+01
-1.083553e+01
-9.934913e+00
1.566482e+02
1.494949e+02
-1.604331e+01
2.765805e+02
-9.202650e+01
-8.875336e+01
8.077184e+01
4.331354e+01
4.260056e+01
1.090859e+02
1.077172e+02
-4.261599e+00
6.563497e+01
1.551441e+01
9.857489e+00
2.723152e+01
-4.167002e+02
-4.883451e+02
-1.007812e+01
-1.082526e+02
-1.181559e+02
1.875110e+02
1.962557e+02
1.795903e+02
3.212443e+01
-2.003227e+02
-2.118705e+02
-2.219745e+02
-2.247449e+02
-2.363295e+02
-2.389855e+02
-2.529454e+02
-1.226993e+02
-1.159951e+02
-1.591139e+01
-1.510629e+01
-9.540804e+01
-1.460556e+02
-7.995162e+01
-7.500240e+00
-3.553340e+00
4.238539e+01
-5.844833e+01
-5.287590e+01
-5.033556e+01
-6.455985e+01
-4.722345e+01
-4.490767e+01
-2.651789e+01
9.535743e+01
-9.489373e+01
-1.979309e+01
-2.067122e+01
-7.147563e-01
4.599639e+00
-6.112307e+01
-7.238579e+01
-1.374315e+02
-1.210886e+01
-9.651556e+00
-8.283354e+00
5.131792e+01
4.797478e+01
-1.204158e+01
-7.785319e+00
-1.997055e+02
-2.013794e+02
1.167479e+02
1.228451e+02
1.294817e+02
1.294885e+02
1.365304e+02
1.109091e+02
1.065066e+02
1.122668e+02
-5.480385e+01
-8.519358e+01
-9.150972e+01
6.335823e+01
6.684245e+01
-4.153053e+00
6.148831e+00
-1.259910e+01
9.742233e+01
1.056022e+02
-9.380017e+01
4.500756e+02
-4.083265e+01
-3.920881e+01
-4.121190e+01
-8.866455e+01
-9.208685e+01
-4.406984e+02
-1.885965e+02
3.010329e+02
5.985599e+01
4.926012e+01
3.496073e+01
-2.259510e+00
9.713295e+01
7.037519e+01
7.034787e+01
-4.070882e+00
2.543533e+01
-4.819885e+01
-2.758525e+00
-4.821079e+01
-4.894057e+01
-5.190543e+01
-4.956043e+01
1.102614e+01
1.168490e+01
-8.201135e+01
1.425923e+02
1.375421e+02
1.488245e+02
1.324208e+02
-1.013914e+01
-1.055170e+01
-1.344435e+02
-1.375994e+02
-1.383181e+02
-1.441423e+02
-2.818814e+01
2.028465e+01
1.168676e+01
-1.141897e+01
-1.050711e+01
-1.146617e+01
-9.670103e+00
-1.058318e+01
-3.020711e-01
5.823365e+01
-1.041108e+02
-7.687696e+00
1.844572e+01
-1.779041e+02
-1.798831e+02
-1.709329e+02
-1.300011e+02
1.368073e+02
1.441482e+02
1.445399e+02
1.523176e+02
1.515941e+02
1.529606e+02
1.612550e+02
-1.900795e+02
9.440194e+00
8.036817e+00
9.936408e+00
2.617885e+01
2.497644e+01
-7.260088e+01
-7.280947e+01
-6.998512e+01
-1.195790e+01
-8.014923e+00
-1.823007e+01
-1.900016e+01
-5.525940e+01
-6.205304e+01
-6.285283e+01
-6.324342e-01
2.389296e+02
-1.287184e+01
-9.191898e+01
1.427445e+02
-7.598291e+01
5.275339e+01
3.641610e+01
4.085675e+01
3.037065e+01
3.725583e+01
-1.091129e+02
2.320160e+01
2.125673e+02
9.555298e+01
5.545171e+01
5.952896e+00
-1.472003e+02
-9.438386e+01
-1.584288e+02
-1.779577e+01
3.590235e+02
3.096101e+02
-1.566988e+01
4.939230e-01
9.352545e+01
2.416845e+02
-7.070550e+01
-5.604269e+00
5.073028e+01
7.024608e+01
-1.530753e+01
-1.643743e+01
6.757416e+01
6.410324e+01
6.277336e+01
-4.880226e+00
-5.822434e+00
-4.753360e+01
-5.427836e+01
-4.501490e+01
-1.766902e+01
-8.423003e+00
-8.615791e-01
-2.242727e+00
-4.443297e+00
-1.796762e+01
3.763868e+01
-7.858399e+00
-3.954481e+00
-1.241210e+01
8.387672e+00
1.333947e+02
-6.371834e+01
-6.863784e+01
-2.103096e+02
5.063886e+01
-2.055816e+01
-2.273256e+01
-2.308565e+01
-2.497499e+01
-2.471261e+01
-2.321821e+01
-2.557726e+01
-2.746022e+01
1.281600e+02
3.175404e+01
2.480768e+00
3.512799e+00
5.145811e+00
-1.828194e+02
9.865319e+01
1.905811e+01
-6.524656e+01
-6.685927e+01
-7.748321e+01
-7.771363e+01
-5.057733e+01
-8.382764e+01
-8.602957e+00
3.189226e+01
3.078885e+01
3.861918e+01
2.956339e+01
3.708678e+01
-3.530876e+01
4.079953e+01
4.061140e+01
-1.116724e+02
1.356442e+01
-1.257756e+02
-2.013851e+01
-2.086665e+01
-2.205702e+01
-2.266921e+01
-7.145979e+00
-9.555597e+00
-1.239783e+02
3.103875e+01
-1.059802e+02
-9.228922e+01
-8.890386e+01
-9.237604e+01
-8.554527e+01
-8.553406e+01
-8.237992e+01
8.191438e+01
-1.472885e+01
1.025964e+02
-9.297132e+01
-1.043923e+01
-4.953252e+01
-4.187709e+01
-9.927614e+01
1.107488e+02
-2.211556e+01
2.907294e+02
-7.011405e+01
-6.742355e+01
-6.727769e+01
-6.480630e+01
-6.465350e+01
-6.227236e+01
-6.210078e+01
-5.980770e+01
-5.961348e+01
-5.740401e+01
-5.718825e+01
-5.506313e+01
-5.481645e+01
-5.276503e+01
-5.250257e+01
-5.052030e+01
-5.026931e+01
-4.832558e+01
-4.817340e+01
-4.618998e+01
-4.597457e+01
-4.407220e+01
-4.370568e+01
-4.196804e+01
-4.157120e+01
-3.991057e+01
-3.949198e+01
-3.788644e+01
-3.743417e+01
-3.588986e+01
-3.540988e+01
-3.391905e+01
-3.341019e+01
-3.196916e+01
-3.142695e+01
-3.003591e+01
-2.953321e+01
-2.813861e+01
-2.766475e+01
-3.247497e+01
3.724625e+01
-1.671864e+01
-1.796593e+01
-1.694346e+01
-2.052640e+01
-1.064835e+02
4.247159e+00
-3.547028e+02
-3.429869e+02
-3.208572e+02
-3.664682e+02
-1.587767e+02
2.812098e+02
2.675042e+02
5.785476e+01
5.550049e+01
7.705752e+01
3.399584e+01
3.492690e+01
5.238549e+01
4.245574e+01
-1.124961e+01
-7.967542e+01
2.193624e+01
2.397260e+01
2.136345e+01
-6.985227e+01
-1.607041e+01
-6.803510e+01
-7.401210e+01
-7.420085e+01
-7.839158e+01
1.252035e+02
1.090924e+02
-1.661664e+01
2.818101e+01
2.269053e+01
1.939572e+01
1.746239e+01
1.950458e+01
1.547598e+01
1.195167e+01
1.579411e+01
1.402053e+01
-1.465109e+02
9.126763e+01
8.987502e+01
-7.580478e+01
-8.085111e+01
-7.752752e+01
5.714329e+01
-1.239807e+02
-4.747679e+01
-3.195489e+02
-6.584736e+00
-7.682561e+00
-1.958627e+01
-1.602119e+01
-1.481168e+01
-1.025353e+01
-1.076608e+02
7.699921e+01
1.050430e+02
-3.625649e+01
3.942669e+01
-2.628885e+01
-2.373905e+01
1.851239e+01
1.641963e+01
-2.260226e+01
-4.435149e+01
-5.048192e+01
-2.145705e+01
-2.619371e+01
-2.958439e+01
-3.408230e+01
-1.845821e+02
8.747763e+01
-9.750913e+01
-2.976447e+02
-8.698233e+01
-1.474676e+01
-6.988756e+00
-9.527378e+00
-8.743787e+00
-1.022252e+01
-9.772240e+00
-1.085450e+01
-1.086547e+01
-1.221541e+01
1.661706e+01
-6.161846e+01
-9.002283e+01
-3.372677e+01
2.234905e+01
-6.494278e+01
-2.238204e+01
-7.643774e+01
-7.801156e+01
-7.005064e+01
-2.723534e+01
-8.295820e+00
1.930870e+02
2.015452e+02
1.981246e+02
2.057229e+02
2.033643e+02
2.094999e+02
2.059598e+02
2.052411e+02
5.135599e+01
5.081118e+01
5.827460e+01
2.962603e+01
9.653553e+01
9.176526e+01
9.345903e+01
8.874068e+01
8.848843e+01
1.507084e+01
1.732938e+02
2.143579e+02
-8.429046e+01
-1.433753e+02
-1.486615e+02
-7.675369e+01
7.238364e+00
1.540281e+01
-3.816863e+01
-3.229362e+01
-3.072178e+01
-3.209647e+01
-2.440851e+01
-1.959411e+01
-2.966281e+01
8.474030e+01
-2.398745e+01
5.634845e+00
-1.834601e+01
1.622050e+02
7.801252e+01
7.540139e+01
2.695978e+01
2.328447e+01
-1.032615e+01
4.700010e+01
1.405182e+01
-2.241770e-01
-1.995091e+01
-5.703832e+01
-5.578703e+01
-8.682885e+00
-8.889235e+00
-1.218984e+01
1.056572e+02
-1.350038e+02
-1.406563e+02
-1.288554e+02
-1.190885e+01
-2.007385e+02
-2.095252e+02
4.904159e+01
-9.881269e+00
-1.337808e+02
-1.295013e+02
1.192801e+00
-1.907342e+01
-1.346402e+01
-2.756606e+00
-1.246245e+02
-1.171624e+02
-1.347163e+02
3.284439e+01
2.866083e+01
-1.972754e+01
4.416386e+01
-1.563853e+02
5.583485e+01
3.582013e+00
4.303208e+00
2.477868e+01
-1.852545e+02
5.192570e+00
8.197027e+00
3.155581e+00
-9.595707e+01
3.211100e+01
2.975463e+01
1.622584e+02
-1.504557e+02
-1.546022e+02
1.066602e+02
1.167856e+02
8.915214e+00
3.907742e+01
-1.231369e+02
2.229513e+02
-4.573935e+01
4.784558e+01
-1.007600e+02
1.295374e+02
2.682412e+01
2.716798e+01
9.188105e+01
-6.431286e+00
9.394297e+01
9.373506e+01
1.913998e+02
-1.549674e+02
-1.600172e+02
-3.987944e+01
-4.241312e+01
1.599222e+02
-4.881632e+01
2.671045e+01
1.596877e+01
1.401753e+01
-1.021753e+02
2.655921e+01
-1.616148e+00
-1.770971e+02
3.876760e+01
2.137280e+01
-8.324352e+00
-5.876536e+01
2.858187e+01
-4.870699e+01
4.199518e+02
3.709718e+02
2.303568e+01
1.856877e+01
-7.716582e+00
-1.083155e+01
-2.211156e+02
2.488095e+01
5.428744e+01
-1.716868e+02
1.355653e+02
-3.393943e+01
3.520458e+01
-6.328816e+01
-7.179071e+00
1.155392e+02
1.717579e+01
1.985394e+01
4.713976e+01
-1.004503e+01
1.313217e+01
-3.211506e+02
-3.007888e+02
-1.603702e+02
5.362529e+01
-9.871827e+01
-7.546870e+01
2.184854e+02
-1.044991e+02
1.605937e+02
-1.466882e+02
-1.474610e+02
2.736723e+02
-5.473571e+00
-4.952779e+00
-7.088341e+00
-5.689127e+00
-5.604167e+00
1.370729e+01
1.070974e+01
8.030857e+01
-1.518198e+01
-2.004754e+02
-9.325661e+01
2.817416e+01
-1.701030e+02
2.608700e+01
6.876683e+01
6.631463e+01
6.887689e+01
6.840744e+01
7.063238e+01
-4.031304e+01
-2.210394e+01
-2.466896e+01
5.386289e+01
4.947027e+01
4.341708e+01
-1.090897e+02
-2.772355e+01
-5.917641e+01
-9.143966e+01
8.364916e+01
-1.315298e+02
1.734827e+02
-5.085582e+01
1.671646e+02
-8.869994e+00
-1.197837e+01
-5.927198e+00
-3.717849e+00
-1.184522e+01
-1.452468e+01
-1.645327e+02
-5.715164e+01
5.740487e+01
1.037552e+02
-1.609022e+01
-1.614756e+01
-3.510378e+00
-1.032527e+00
-9.080639e+01
5.644795e+01
-2.805341e+01
-1.007333e+01
-5.020886e+01
2.243255e+01
5.682472e-01
-1.401335e+02
-6.108840e+00
-1.419217e+02
-1.124016e+01
-2.166397e+01
-2.466846e+01
-1.804471e+02
2.079552e+02
2.021871e+02
7.542179e+01
-3.462565e+01
-2.555378e+02
-5.933776e+01
-1.602395e+02
-3.407483e+01
-2.661527e+01
2.260085e+01
-5.774287e+01
4.252503e+01
3.988483e+01
-3.639268e+01
4.766743e+01
-1.151450e+01
1.092637e+02
-5.204288e+00
-8.945969e+00
-9.807316e+00
6.336427e+01
-1.366480e+02
-2.726370e+02
-2.994191e+01
4.640357e+01
4.478081e+01
6.718897e+00
1.993584e+01
3.472160e+01
6.965965e+01
-4.663013e+01
-4.697337e+01
-5.019411e+01
-4.431587e+01
-9.663056e+00
-9.446308e+00
-7.303630e+00
-7.781230e+00
-8.263862e+00
-2.188217e+02
-2.207151e+01
-2.631309e+01
7.178340e+01
1.360192e+02
1.705399e+02
5.232530e+01
4.413499e+01
-1.202860e+01
-1.536931e+01
-9.148129e+01
-9.521562e+01
-1.308011e+01
-9.567538e+01
-7.829218e+00
-6.454660e+00
1.358912e+02
8.527309e+00
6.953210e+01
-1.954616e+02
-1.437030e+02
-9.687435e+00
-8.380946e+00
1.440513e+01
-1.084296e+02
-9.402980e+00
-9.013631e+00
6.929857e+00
-6.221732e+01
-7.819679e+01
-7.162193e+01
-7.195677e+01
6.839670e+01
-3.000413e+02
-2.814265e+02
-2.778381e+02
-2.615643e+02
-1.635415e+02
-1.911757e+01
-1.446801e+02
-2.016207e+02
-1.513345e+01
1.135603e+01
7.944525e+00
3.073413e-01
3.271932e+00
-5.054332e+00
1.126675e+02
-1.096582e+02
-3.340088e+01
-2.947731e+01
5.047183e+01
-1.286627e+01
-1.807866e+01
4.101971e+01
4.012103e+01
1.221103e+01
7.160313e+00
-2.695181e+01
-2.502970e+01
2.625104e+02
-8.485607e+01
-8.141248e+01
-1.503440e+00
4.896449e+00
2.791642e+00
-4.383360e+00
1.519211e+02
-2.651470e+02
-2.463024e+02
-2.374728e+02
-2.257149e+02
-8.282855e+01
-1.594442e+02
-1.079230e+02
-2.109761e+01
1.759969e+01
-6.092845e+01
-6.692641e+01
-6.956698e+01
-7.236023e+01
-7.481856e+01
-8.115746e+01
-1.703471e+01
-3.262159e+02
5.811879e+01
-4.842148e+01
7.385334e+01
7.385309e+01
7.029345e+01
7.378878e+01
7.391373e+01
-1.943282e+02
-5.515868e+00
-9.193959e+00
-9.182783e+00
-9.360478e+00
1.709595e+02
1.721539e+02
1.693750e+02
-8.712842e+00
2.614131e+02
-1.057834e+02
-2.923094e+01
-9.000348e+01
-2.750340e+02
1.426971e+02
1.272872e+02
1.239683e+02
1.195607e+02
-7.915524e+01
-4.079121e+01
-2.334186e+02
-2.156154e+02
-2.016299e+02
-1.925934e+02
2.756137e+02
-8.927087e+00
-6.485644e+01
5.652613e+01
-1.554063e+01
-1.814378e+01
-1.019066e+02
-2.276017e+02
-1.739691e+01
-1.687471e+01
-1.501520e+01
-1.690642e+01
-2.053967e+01
2.930889e+01
3.075340e+01
-7.163350e+00
1.505023e+01
1.179202e+01
-1.005622e+02
-1.706300e+01
-2.267833e+01
-1.509260e+01
-8.013572e+00
6.947316e+01
-8.291395e+00
-4.558369e+01
-4.620192e+01
2.122475e+01
-5.231876e+01
1.224564e+02
1.152426e+02
1.113227e+02
1.075028e+02
1.019630e+02
9.977045e+01
-2.069223e+02
-1.858378e+02
1.072289e+02
-6.666036e+01
-1.147047e+02
1.054666e+02
1.054761e+02
1.003421e+02
-1.556790e+02
-1.652926e+02
5.793591e+00
-7.181123e+01
-3.083155e+01
9.052742e+01
8.827610e+01
-9.910443e+01
-5.996868e+01
1.810876e+02
-2.753525e+00
-7.751612e+01
-5.298558e+01
-4.277615e+00
-1.467874e+02
-1.521404e+02
-1.427403e+02
-1.482145e+02
-1.392757e+02
-1.427456e+02
-1.374917e+02
-1.361406e+02
-1.371167e+02
-1.325660e+02
-1.301004e+02
-1.312372e+02
-1.249664e+02
-1.195172e+02
-1.171655e+02
-1.084097e+02
-1.078323e+02
-1.541548e+02
-1.276363e+02
-3.062397e+01
-3.480148e+01
-2.735846e+01
-3.742892e+01
-5.915119e+01
-2.116691e+01
1.636917e+02
1.440269e+02
5.342099e+01
6.063495e+01
6.140967e+01
6.812607e+01
6.912172e+01
-9.488775e+01
-1.724651e+02
-9.523953e+01
5.825022e+00
9.987481e+01
-2.900157e+01
-2.518043e+01
-2.697125e+01
-1.187903e+02
-1.105117e+02
1.946188e+00
-4.630855e+00
5.130151e+00
6.995490e+00
-1.159445e+02
-1.478446e+02
-9.795886e+01
-4.132370e+02
-4.759490e+02
-5.545659e+02
3.357904e+00
-3.060109e+02
-1.568594e+01
-6.529812e+00
-1.124729e+01
8.495895e+01
-6.645046e+00
-5.128205e+01
9.528517e+01
9.555791e+01
-1.926822e+01
-2.288390e+01
-2.581257e+01
-3.690204e+01
-2.520615e+01
-3.905274e+01
-3.305632e+01
-1.020530e+01
-2.973444e+01
-3.538883e+01
-3.279432e+01
-3.481197e+01
-3.798919e+01
-3.756072e+01
-3.708890e+01
-4.044135e+01
-3.981076e+01
-4.286832e+01
-4.197353e+01
-4.511703e+01
-4.417667e+01
-4.756354e+01
-4.623636e+01
-4.992450e+01
-4.838763e+01
-5.282134e+01
-5.043013e+01
-5.528958e+01
-5.255546e+01
-5.786227e+01
-5.468220e+01
-6.044807e+01
-5.644522e+01
-6.333084e+01
-6.034640e+01
-6.309306e+01
-4.339011e+01
-5.151878e+01
-6.259344e+01
-3.171539e+01
-6.333741e+01
-6.086300e+01
-6.671238e+01
-3.608676e+01
-3.197247e+01
-3.242288e+01
-2.868498e+01
9.877227e+00
6.272320e+01
5.968749e+01
6.491468e+01
-1.150582e+01
-1.259688e+01
1.138777e+02
1.203614e+02
1.171527e+02
1.232565e+02
5.242783e+01
7.054882e+01
-1.692373e+01
7.526855e+01
-1.238757e+02
1.176133e+02
1.232553e+02
9.000194e+01
7.285544e+01
7.339968e+01
7.592031e+01
-1.049265e+02
-7.791333e+01
-7.220852e+01
-1.704226e+02
-1.670856e+02
-1.805947e+02
-1.594565e+02
-1.621593e+02
8.846281e+01
-6.084225e+01
-5.940324e+01
7.223251e+01
7.613287e+01
-2.583445e+01
-7.713696e+00
6.473221e+01
7.177916e+01
-3.484177e+01
-2.963403e+01
-3.046747e+01
-6.681000e+01
-1.416723e+02
3.190832e+02
2.893303e+02
3.639692e+02
8.837427e+00
9.702098e+01
1.259468e+02
-8.203547e+01
-8.032602e+01
-7.670876e+01
-1.273713e+01
-1.247879e+01
2.702091e+00
-1.085637e+01
-5.459698e+00
-5.498128e+00
2.969815e+01
-1.381723e+01
-1.743887e+01
8.700086e+01
-8.542285e+01
4.739614e+01
9.343411e+01
9.595252e+01
-2.043149e-01
-1.232182e+01
-1.158116e+02
1.465132e+02
1.360447e+02
-1.232455e+02
2.049628e+02
-9.901078e+01
-5.145054e+01
-5.476553e-01
-8.848959e+00
-8.553069e+00
-2.356825e+01
1.107330e+01
-1.084674e+02
-9.845084e+01
-9.778463e+01
4.816328e+01
4.703781e+01
3.898452e+01
-9.214258e+00
-9.554305e+01
-9.899371e+01
-2.346086e+01
-8.468814e+00
-8.922808e+00
-1.023649e+02
-6.077157e+01
-6.441013e+01
-1.358470e+02
-1.869102e+01
-2.767900e+00
-2.730724e+01
-3.558158e+01
-3.826313e+01
1.414573e-01
4.066865e+00
5.924290e+01
6.375276e+01
-3.052714e+01
4.274148e+00
3.322744e+00
4.327772e+00
2.482616e+00
1.177197e+01
1.479599e+01
-8.354110e+00
5.061014e+02
5.022107e+02
4.500977e+02
1.026129e+02
1.096680e+02
-1.517950e+01
-5.188409e+01
-1.165519e+02
-1.309114e+02
-1.256293e+02
8.599822e+01
5.669573e+01
5.656190e+01
5.990303e+01
-8.882210e+01
-3.700682e+01
-9.963264e+00
-8.339920e+00
-1.073824e+01
-1.408812e+01
-1.407732e+01
-1.457616e+01
-1.941835e+01
-1.821206e+01
-1.445701e+01
2.489766e+01
2.519994e+01
2.302346e+01
2.061686e+01
1.866578e+01
-1.241003e+01
-1.426629e+01
-1.064946e+01
-1.182540e+02
-1.229780e+02
-2.676911e+01
1.220220e+02
1.259765e+02
5.547361e+01
4.230995e+01
4.166134e+01
-5.902703e+01
-4.668986e+01
-1.043592e+01
-1.742696e+01
-1.841858e+01
6.567418e+01
-7.105612e+00
-1.261292e+02
-1.296065e+02
-1.320030e+02
-2.012708e+01
-4.116739e+01
1.386319e+00
-8.158989e+01
-8.402316e+01
1.082743e+01
-1.276327e+02
1.961291e+01
5.524617e+02
4.874766e+02
-5.728757e+01
2.443440e+01
-6.379043e+01
-1.343502e+02
-1.477027e+01
-1.859457e+01
-1.497521e+01
-2.333484e+01
7.497063e+01
-2.890139e+01
8.473436e+00
6.661325e+00
1.028892e+01
1.185521e+01
6.509991e+01
6.185353e+01
3.935536e+01
3.722994e+01
3.445702e+01
4.192873e+01
-1.263726e+02
-1.286743e+02
9.928101e+01
1.467892e+02
-8.218239e+01
-7.923077e+01
-7.935367e+01
-7.635323e+01
-7.625388e+01
-7.358086e+01
-7.612591e+01
-3.859127e+01
4.845677e+01
-1.892301e+01
9.998290e+01
7.725441e+01
-1.793232e+02
-4.996651e+00
2.133839e+01
-8.578559e+01
-7.136045e+01
7.213352e+01
-3.517320e+01
-3.500373e+01
7.297147e+00
2.921998e+02
3.244027e+02
3.245107e+02
-9.947667e+01
-8.966606e+01
-8.216483e+01
-7.909835e+01
-7.132091e+01
-7.569437e+01
-7.004725e+01
-7.070401e+01
-9.444944e+00
-1.283150e+02
1.175552e+02
2.601446e+01
5.115154e+01
-2.696734e+01
2.632875e+01
-1.937243e+01
-4.621779e+01
-1.335939e+02
1.113511e+02
2.269400e+01
-1.885827e+01
-1.234216e+01
5.994444e+01
6.771597e+01
1.050437e+02
-5.105040e+00
-1.424192e+01
-8.669714e+00
-6.320924e+02
-4.854747e+02
-6.785274e+00
2.096929e+02
1.765226e+02
-9.440848e+01
1.223124e+01
1.359767e+01
5.840176e+01
-8.844838e+01
-8.767553e+01
-8.527181e+01
-1.684592e+02
2.740277e+01
2.536752e+01
-1.425436e+01
-1.505595e+01
-7.567667e+01
5.325921e+01
-1.906614e+02
-1.395780e+02
8.922201e+00
8.963150e+00
-1.627519e+02
-1.557375e+02
3.533945e+02
-9.214667e+01
6.822014e+00
-1.285599e+02
4.510424e+01
-1.198130e+02
-1.234869e+02
1.322383e+02
-3.620672e+02
-7.127407e+00
4.208869e+02
2.397626e+01
9.887190e+01
-1.477152e+01
-1.281857e+01
1.651907e-01
4.096696e+01
-1.368573e+02
2.127830e+01
-8.389148e+01
-1.395293e+02
-3.012169e+01
-3.598995e+01
-1.694177e+02
-1.247150e+02
-1.329464e+02
-3.779628e+02
-1.215989e+02
8.767467e+01
7.273600e+01
8.250338e+01
-3.735045e+01
7.378692e+01
2.311807e+02
-3.543660e+01
1.530957e+01
1.268857e+02
2.805346e+02
2.622757e+02
2.703907e+02
7.124369e+00
1.079276e+01
-1.519953e+01
2.391083e+01
2.439195e+01
2.235016e+01
2.402131e+01
2.801843e+01
1.011095e+01
3.560456e+01
2.409684e+01
3.256962e+01
3.674060e+01
3.083860e+01
2.430623e+01
3.125004e+01
2.539960e+01
-1.745532e+01
-2.343438e+01
1.103584e+02
-6.638614e+01
-1.637508e+01
-1.561984e+01
-1.609144e+01
-1.643118e+01
-1.705290e+01
-1.461195e+01
-5.607999e-01
-1.619884e+02
-2.788573e+02
9.527906e+01
2.956813e+01
3.368833e+01
-1.049982e+02
-1.017143e+02
4.606025e+01
5.815175e+01
3.923195e+00
-1.562952e+01
-1.332857e+01
-1.152939e+01
5.034982e+00
-1.337043e+01
-1.681438e+01
-6.958914e+01
-4.854221e+01
-6.145584e+01
-5.597862e+01
-1.750387e+01
3.104528e+01
7.117295e+01
2.090921e+02
-8.655669e+00
-6.141853e+00
-4.034653e+00
-4.531131e+01
-4.777428e+01
-2.476672e+01
-2.373549e+01
1.471046e+02
1.490095e+02
1.438627e+02
1.533667e+02
1.545186e+02
-7.553843e+01
-2.730131e+01
-2.587279e+01
-2.796899e+01
-3.190779e+01
-9.854992e+00
-1.225329e+01
-3.624852e+01
-4.069684e+01
-9.581285e+01
-1.014938e+02
-1.042465e+02
-1.071737e+02
-1.090665e+02
-1.028623e+02
-1.068979e+02
-1.117160e+02
-1.164571e+02
-9.794900e+01
-9.507101e+01
-9.754141e+01
-9.390865e+01
-8.690670e+01
-9.034022e+01
-3.307252e+01
-3.403799e+01
-3.653529e+01
-3.183095e+01
-2.959721e+01
-2.751730e+01
-2.504044e+01
-2.265392e+01
-2.381489e+01
-1.833513e+01
-2.554548e+01
-2.466158e+01
-2.697114e+01
-2.456369e+01
-5.342180e+01
-5.395824e+01
-5.809613e+01
-5.433673e+01
-5.075452e+01
-4.677062e+01
-4.806708e+01
-4.627017e+01
-4.414783e+01
-6.405419e+01
-5.691404e+01
-5.188319e+01
-5.159563e+01
-4.735657e+01
-5.551385e+01
-4.649173e+01
-4.244030e+01
-6.312093e+01
-6.327839e+01
-4.072626e+01
-4.265752e+01
-3.959536e+01
-1.132782e+02
-6.565959e+01
-7.093753e+01
-3.840196e+01
-3.441565e+01
-4.231960e+01
2.548992e+00
-4.633029e+01
-5.045767e+01
-3.561652e+01
1.102325e+01
1.431136e+02
1.741758e+02
-4.622576e+01
-6.239406e+01
-2.545014e+02
-1.723707e+02
-3.782943e+01
-3.865022e+01
-4.102145e+01
-3.955841e+01
-4.307795e+01
-1.336134e+02
1.759004e+00
-8.396341e+01
-8.535854e+01
-7.217134e+01
2.148079e+01
1.940996e+01
-1.990696e+02
4.082020e+00
-8.536005e+01
-3.208812e+01
-8.161870e+00
-5.412811e+00
-6.156134e+00
-5.462414e+01
-4.987025e+01
-3.384671e+00
-2.802609e+00
-8.049328e+01
-1.439955e+02
3.520635e+01
-1.135909e+02
-1.086497e+02
1.264198e+02
-4.808983e+01
-2.974815e+02
-2.373684e+02
-1.438716e+01
-1.190263e+01
-1.399779e+01
-1.608783e+01
-2.112223e+01
-2.767831e+01
-2.383052e+01
-2.510364e+01
-5.485212e+00
6.355163e+01
6.697004e+01
3.723773e+00
3.818581e+00
1.147907e+00
2.392522e-01
3.471020e+00
-3.691158e+00
-1.384837e+00
-7.032516e+00
4.687621e+01
-3.539254e+00
-7.742729e+00
-1.283611e+00
-4.457158e+00
1.540832e+00
-1.916948e+00
3.722997e+00
8.641903e-01
-4.461753e+00
-3.208518e+00
-7.445005e+00
-9.820608e+00
-1.194799e+01
-1.064536e+01
-1.516614e+01
-1.432177e+01
-6.247050e+00
-1.551407e+01
-1.597420e+01
3.316813e+00
2.184488e+02
2.059124e+02
1.922528e+02
1.927984e+02
1.906612e+02
2.211620e+02
2.381341e+02
2.223310e+02
2.568881e+02
2.179804e+02
2.246924e+02
2.239126e+02
2.194094e+02
2.219362e+02
2.323770e+02
-1.144405e+01
-5.989065e+01
-5.461101e+01
-7.285815e+01
-6.990582e+01
-6.760803e+01
-1.788658e+01
-1.852361e+01
7.793640e+01
6.963119e+01
-7.482886e+01
-7.940690e+01
-6.869023e+00
-8.043768e+00
-1.014375e+01
-5.888699e+00
-7.114447e+00
1.742393e+01
9.940502e+01
8.025172e+00
9.539628e+00
-1.358545e+01
-1.822161e+01
-1.752284e+01
-9.824495e+00
-1.931921e+01
-1.814372e+01
-2.234111e+01
-1.914005e+01
-1.869774e+02
-1.852456e+02
-8.670909e+01
-1.641972e+02
-1.689935e+02
1.357437e+02
-2.140080e+02
3.702799e+01
-7.885386e+01
1.895748e+02
4.157510e+01
1.162929e+02
1.087189e+02
1.224860e+02
-2.324130e+02
-2.372763e+02
-2.316531e+02
-2.410286e+02
-2.343469e+02
-2.469754e+02
-2.252071e+02
-2.513546e+02
-2.267738e+02
-2.367258e+02
-2.043882e+02
8.206186e+01
7.591041e+01
7.730385e+01
3.158738e+01
2.679892e+01
8.073716e+01
8.093121e+01
1.650879e+02
-1.206174e+01
-1.056890e+01
-4.188942e+01
1.681294e+01
-8.193585e+01
-5.407325e+01
-5.501699e+01
-5.264007e+01
-1.072075e+01
-1.166150e+01
4.486031e+01
4.095910e+01
2.103307e+02
-3.674280e+01
-1.451931e+01
-1.762811e+01
-6.472793e+00
1.705111e+01
1.960466e+01
1.577117e+01
1.666264e+01
1.967815e+01
1.874027e+01
2.431779e+01
2.734654e+01
1.222666e+02
1.316466e+02
1.078849e+02
-7.577285e+00
-6.617827e+01
-1.942556e+01
-1.740654e+01
-1.163953e+01
1.281217e+02
9.786603e+00
4.894722e+01
-2.439291e+01
-8.884497e+01
-9.227337e+01
-9.675380e+01
-9.584641e+01
-8.845246e+01
-9.997604e+01
-3.655473e+01
-3.857680e+01
-3.986354e+01
-4.126376e+01
-4.547931e+01
-3.566366e+01
-4.473611e+01
-3.992099e+01
-7.340556e+01
-4.031475e+01
1.366068e+02
1.439308e+02
-4.169846e+01
-4.136824e+01
-4.409171e+01
-8.725958e+01
-5.799651e+01
-2.143437e+01
-6.551595e+00
-5.448373e+00
-4.965534e+01
-5.205696e+01
5.739937e+01
1.204802e+02
7.638801e+01
9.264916e+01
7.978154e+01
7.163822e+01
-1.081689e+02
-1.103691e+02
-1.172201e+02
-1.146135e+02
-6.379691e+01
1.299591e+02
1.432899e+02
1.325556e+02
1.599943e+02
-3.188820e+01
-3.519649e+01
-3.786802e+01
4.496119e+01
6.281511e+01
4.584057e+01
3.971011e+01
4.805328e+01
5.621059e+01
-1.441218e+02
-1.522968e+02
-7.735797e+01
2.290930e-01
2.588108e+00
1.124944e+00
-1.960813e+01
-1.707861e+02
-4.301359e+01
-3.760891e+01
-3.526257e+01
-2.660319e+01
-4.321582e+01
-2.436942e+02
-2.872173e+01
-2.749237e+01
-3.059176e+01
-3.098355e+01
1.991542e+02
2.087705e+02
-5.529369e+01
-5.763657e+01
-9.982768e+01
-2.172958e+01
3.569462e+01
3.832258e+01
3.597777e+01
4.767346e+01
2.954201e+01
9.375067e+01
3.428438e+01
-1.127966e+01
-1.350165e+01
1.331649e+01
1.457844e+01
1.191845e+01
1.265753e+01
1.515677e+01
1.324299e+01
1.543391e+01
1.744492e+01
1.010579e+01
8.852587e+00
8.431504e+00
-1.640394e+02
6.647049e+01
-6.161679e+01
-6.148063e+01
-6.688801e+01
-7.566118e+01
1.154045e+02
1.149076e+02
8.967786e+01
9.107144e+01
8.737533e+01
-4.014534e+01
-4.538838e+01
-1.393317e+01
1.260465e+01
-4.026192e+00
-5.824392e+00
4.780182e+01
-5.935742e+01
-1.097235e+02
5.977795e+01
-1.318794e+01
-5.054811e+00
-3.399660e+00
4.130361e+00
-2.949410e+02
-7.919612e+00
-6.300706e+00
-1.213081e+02
-1.226600e+02
2.949915e+01
2.802591e+01
-1.896084e+02
5.401003e+01
4.762544e+01
-2.199109e+01
-1.860060e+01
-3.894217e+00
1.375603e+02
1.406452e+02
-4.422952e-01
-2.810821e+00
-5.802618e+00
-1.641181e+01
-5.084058e+00
-2.015405e+01
1.916841e+02
1.222320e+02
-1.068154e+01
-1.141565e+01
2.979134e+00
-1.395444e+01
6.647655e+00
-5.630202e+01
-1.582132e+02
4.371941e+01
4.511010e+01
4.980749e+01
4.544816e+01
-2.642069e+01
-2.936115e+01
1.679422e+02
-3.522050e+02
-1.295748e+01
-1.199526e+02
-1.030088e+02
4.223532e+02
-1.766218e+02
-4.720965e+01
-9.374116e+01
-2.132581e+01
-1.105965e+00
-6.305484e+01
-1.064935e+02
-2.004142e+01
5.777155e+01
1.015515e+02
1.045050e+02
7.824750e+01
2.671218e+02
6.782350e+01
7.880618e+01
7.307895e+01
3.134396e+01
-2.569305e+01
-1.235174e+01
-2.225590e+01
7.964040e+01
5.154508e+00
-5.405943e+01
-4.985285e+01
7.736806e+01
-7.839867e+01
-1.203727e+02
-2.450203e+02
2.077445e+01
1.863286e+01
-7.778601e+00
-1.457318e+01
-8.166889e+00
2.854454e+01
3.028148e+01
-2.412171e+02
-2.510767e+02
-8.271291e+00
-8.312220e+00
-1.196690e+00
-1.274826e+02
6.159578e+01
7.009437e+01
6.045267e+01
6.925723e+01
6.093493e+01
5.190838e+01
5.146164e+01
4.268061e+01
4.397330e+01
3.836468e+01
3.519445e+01
-1.196101e+02
2.081043e+01
1.562898e+01
1.375325e+01
1.002481e+01
2.750260e+01
-1.568654e+02
-1.513673e+02
5.369234e+01
5.736133e+01
5.925995e+01
5.643406e+01
6.145187e+01
6.311344e+01
6.164766e+01
5.771352e+01
8.289162e+01
7.648807e+01
7.576533e+01
7.457003e+01
-1.486410e+02
2.356608e+01
5.915115e+01
5.496262e+01
8.463562e+00
-4.432974e+01
-9.809923e+01
-1.001943e+02
-4.622085e+01
-1.302689e+01
-6.464787e+00
7.477597e+01
7.361575e+01
8.110106e+01
-1.815822e+01
-3.369196e+01
-6.005934e+01
-6.379969e+01
6.080920e+00
-9.972422e+01
-1.054202e+02
-7.544023e+01
1.104769e+02
-1.342296e+02
-1.452140e+02
-1.544456e+02
1.513834e+02
-1.754323e+02
-7.508661e+01
1.786900e+02
-2.050184e+02
-1.990774e+01
2.177928e+02
-2.411133e+02
-2.909051e+02
5.464517e+01
-1.084352e+02
3.594910e+01
-3.858135e+00
-2.328291e+01
2.877756e+01
-3.320937e+02
-3.901578e+02
-4.304914e+02
-4.268901e+02
-4.928707e+02
-8.786920e+00
-5.501595e+01
2.265132e+02
2.278203e+02
2.420660e+02
-2.099757e+02
1.795679e+01
1.674779e+01
-6.115538e+02
3.194893e+02
-1.690653e+01
5.896406e+00
2.872803e+02
2.134620e+02
-1.571320e+01
5.181094e+00
1.071520e+01
3.823192e+01
2.088260e+00
3.086962e+00
-2.201299e+01
-2.225516e+01
7.387674e+01
-1.042412e+02
-1.555478e+01
9.064020e+01
-2.879298e+02
4.002071e+01
-5.543145e+01
1.418153e+02
-8.790890e+01
-1.813439e+02
2.313083e+01
-2.674317e+01
-3.901848e+01
-7.656356e+00
-1.070085e+02
-1.694269e+01
-1.094986e+02
-5.235099e+01
-1.301591e+02
-7.836922e+01
-9.763658e+01
-1.440255e+01
-1.971242e+01
9.801098e+01
-3.034380e+01
1.163773e+02
1.410380e+01
-1.921154e+01
1.579791e+01
2.883200e+01
-1.872335e+01
1.529553e+01
-1.448128e+00
-1.389361e+02
-3.181519e+01
1.670338e+02
1.719666e+02
9.910490e+01
-1.400273e+02
1.979009e+02
3.046728e+01
1.017945e+01
8.382937e+01
1.327489e+02
-9.451972e+00
-8.049971e+01
1.119737e+02
5.653332e+01
7.515827e+01
7.770319e+01
6.294682e+01
3.966917e+01
-1.321279e+02
-1.499565e+02
1.044308e+02
7.677030e+01
-5.999784e+01
2.013739e+02
-6.425319e+01
-6.637920e+01
-2.155601e+02
9.374745e+01
-1.298190e+02
-1.229101e+02
1.575185e+02
2.572363e+01
-5.178903e+01
9.906450e+00
3.909861e+01
3.611924e+01
-3.013262e+01
5.032664e+01
-1.145258e+01
-1.018613e+02
-1.235394e+02
6.975957e+01
-4.336728e+00
4.205813e+01
5.669461e+01
1.281588e+00
1.929552e+00
2.195006e+02
-1.293241e+02
1.586291e+01
1.285443e+01
1.472841e+01
9.922810e+00
-3.406338e+01
1.231516e+02
3.228355e+01
3.302087e+01
3.657378e+01
3.895028e+01
8.860241e+00
3.337077e+01
-4.627896e+01
-2.360700e+02
-1.272795e+02
-2.023238e+01
-1.549193e+01
1.223593e+01
-3.845028e+00
-5.662743e+01
1.615504e+01
1.765961e+01
1.583556e+01
1.110723e+01
2.155281e+01
1.012348e+01
-4.341705e+01
-4.882962e+01
-3.745329e+02
-1.156136e+00
1.755795e+01
-3.426899e+02
1.472251e+02
1.563335e+02
1.601179e+02
1.434222e+02
2.635971e+01
-2.141839e+02
-1.574758e-01
-1.089414e+02
3.518305e+01
-1.376813e+02
-1.677128e+01
-5.295613e-01
1.164432e+02
-1.866589e+01
8.334101e+01
4.035292e+01
3.378780e-01
-7.154127e+00
-5.687858e+00
1.239770e+02
8.541155e+01
3.191784e+01
3.504920e+01
1.690545e+02
1.672623e+02
-2.937730e+02
3.994102e+01
-1.429667e+02
-2.508776e+02
-1.140535e+02
1.266349e+02
-6.810958e+01
-8.177496e+01
-1.935909e+01
1.081337e+00
-1.867951e+02
-1.925719e+02
1.714052e+02
1.364127e+01
8.458792e+01
-2.506775e+01
9.442649e+01
3.376714e+02
-1.179244e+01
-5.203594e+00
-1.057422e+01
-2.056556e+02
-2.697265e+01
-6.863315e+01
-1.422350e+01
-5.273609e+01
-3.659728e+00
-7.341767e+01
-1.428377e+00
-1.298928e+01
-7.228988e+01
-1.765498e+02
-1.713133e+02
-1.605605e+02
-2.268277e+01
-3.351382e+01
1.148926e+01
-3.476940e+01
-7.045406e+01
2.599882e+01
2.561197e+01
-1.081781e+01
-5.094476e+01
2.973283e+01
5.153061e+01
-4.462624e+01
-1.737132e+01
2.077205e+01
-2.585477e+01
7.013354e+01
1.126981e+02
9.204735e+01
-5.877920e+01
-3.115536e+01
-1.691960e+02
-3.072218e+01
-2.476330e+01
5.299021e+01
-9.616830e+00
-2.098088e+01
-1.677335e+01
-4.799329e+01
6.357925e+01
1.516453e+02
-3.203970e+01
-1.440668e+02
-1.172510e+02
-1.238857e+01
1.041634e+02
1.163608e+01
-6.975505e+01
-1.162282e+02
4.616123e+01
-1.992372e+02
-1.446171e+01
3.992090e+01
-8.236053e+01
-7.479197e+00
7.203032e+01
-9.307074e+00
-1.750640e+01
2.860674e+01
-2.182367e+00
1.676293e+02
-1.114854e+02
-9.781465e+01
7.267886e+01
2.150083e+01
-1.295878e+01
-1.346018e+01
1.100526e+02
-1.371872e+02
1.984890e+01
-7.333305e+00
-8.206727e+00
-1.217113e+02
-2.301194e+02
-5.680672e+00
9.276023e+00
3.473002e+02
4.863464e+02
5.021285e+01
-6.475681e+01
1.015604e+02
7.645752e+01
3.732042e+01
3.774024e+01
4.137222e+01
-1.204628e+01
-2.390052e+02
4.068120e+01
1.667976e+02
1.782959e+02
-1.905307e+02
1.410218e+02
-1.502252e+02
-9.755211e+01
-9.417306e+01
-8.766742e+01
-8.181142e+01
6.066722e+01
-6.824034e+01
4.244352e+01
-6.324986e+01
-5.860263e+01
3.777601e+01
-4.667870e+01
-5.099220e+01
2.140348e+01
2.522228e+01
2.329068e+01
-4.288720e+01
-3.924273e+01
1.776495e+01
-3.195528e+01
-3.557906e+01
1.382578e+01
7.067817e+00
1.055785e+01
-2.386177e+01
5.350633e+00
2.009747e+00
-1.577735e+01
-6.097276e+00
-1.413218e+01
-2.221560e+01
-2.349019e+01
-1.846113e+02
1.356641e+02
-1.442159e+02
2.570466e+02
4.131453e+01
-3.416947e+02
1.316066e+02
8.458179e+01
-1.474528e+02
-1.552144e+02
4.794911e+01
-2.592872e+01
2.986290e+02
-1.145910e+01
-4.085896e+01
-1.691718e+01
-5.524323e+01
-1.023413e+02
-1.058171e+02
-1.099762e+02
-1.101629e+02
-1.025276e+02
-2.380397e+01
2.544181e+01
-3.131703e+02
-8.941969e+01
-4.865327e+01
-5.175633e+00
-1.954670e+02
8.071226e+01
-1.665340e+01
-1.588293e+01
-9.611517e+01
2.489178e+01
-1.127542e+01
6.672285e+01
1.751276e+02
-5.428081e+01
-5.763204e+00
-4.004914e+01
-1.248147e+01
3.650658e+02
1.976455e+01
-1.191016e+01
1.142343e+02
2.220478e+00
-2.410868e+02
-2.137980e+01
-1.951102e+02
2.072542e+01
8.090810e+01
2.673278e+02
-1.689586e+02
2.764233e+01
-2.656192e+02
4.513548e+01
-1.737512e+01
7.406985e+00
-1.457853e+01
-9.884073e+01
-8.054592e+01
6.506022e+01
3.625248e+01
2.031473e+01
9.251140e+01
8.811250e+01
4.831327e+01
-4.326938e+01
-3.907373e+02
-1.071987e+01
5.054206e+01
5.881790e+01
4.896144e+00
6.684390e+01
7.321676e+01
-2.712715e+02
2.685097e+02
4.671951e+01
4.726322e+00
-3.720841e+01
-9.564547e+01
-1.374151e+02
-1.215479e+02
-5.646501e+01
-1.032465e+02
-3.764859e+01
1.949983e+02
-3.076413e+02
2.090979e+01
-8.767285e+01
3.992048e+01
-3.978134e+01
-1.140885e+01
4.644868e+00
5.325077e+00
-1.020861e+02
8.939589e+01
-4.132466e+01
1.228786e-01
-3.168858e+01
-3.619613e+01
-2.147648e+01
-1.125492e+02
-1.144995e+02
-1.747214e+02
1.252931e+02
9.111817e+01
-9.173137e+01
-9.820070e+01
-9.400465e+00
-3.462677e+01
-8.974321e+01
-5.854896e+01
-1.648996e+01
-5.534268e+01
-5.878163e+01
-7.287245e+01
-6.311827e+01
-4.837461e+00
-6.663925e+01
-9.438508e+00
-1.247117e+02
1.285622e+02
-2.448580e+01
-1.211595e+01
-8.434355e+01
-3.266379e+01
6.684357e+00
-1.099943e+02
-6.202055e+01
-8.927504e+01
1.339579e-01
9.033915e+01
7.895160e+01
-7.281397e+00
6.938732e+01
-1.466973e+01
1.106052e+01
-1.046331e+02
-4.341106e+01
-3.279124e+01
7.025773e+01
-7.506959e+01
-1.826369e+01
-2.223261e+02
-5.207443e+00
4.020915e+01
7.247268e+00
3.826282e+01
2.736008e+01
-2.001306e+01
-5.535479e+00
6.836015e+00
-7.553256e+01
-1.454620e+02
5.976263e+00
-1.621177e+01
-1.744421e+01
-8.035312e+00
-1.553431e+01
-2.092256e+02
-1.680225e+02
-1.380148e+02
-2.137665e+02
5.156433e-01
-9.972181e+00
-9.393794e+00
-2.276733e+00
-2.239893e+01
-2.709675e+01
9.141344e+01
1.106761e+02
-6.542868e+01
-8.454093e+01
-4.862958e+01
6.138258e+01
3.323479e+01
4.833028e+00
-9.841078e+01
-4.766845e+01
-7.159310e+01
-4.619633e+01
2.257465e+01
-5.261318e+01
-5.374829e+01
-6.207731e+01
1.978086e+01
-3.630953e+01
2.690845e+01
1.279035e+02
-1.114776e+02
-6.703663e+01
4.995788e+01
-7.918246e+01
4.394394e+01
-1.021156e+02
1.350693e+02
7.183479e+01
1.233470e+02
5.487843e+01
2.700418e+02
-1.946212e+02
-2.010510e+01
1.953341e+01
1.543895e+02
1.822576e+02
3.885749e+01
2.151720e+01
-2.516328e+01
2.187067e+01
6.777050e+01
1.425045e+02
-1.826088e+02
-8.732554e+01
1.204557e+01
9.971713e+01
5.351966e+01
2.503244e+01
6.434598e+00
9.600769e+01
-2.494820e+02
-1.194095e+02
2.344867e+01
5.791660e+01
-6.576471e+01
-8.546512e+01
-9.865039e+01
-1.089896e+02
4.516088e+01
-3.326582e+00
-3.858808e+01
-7.917020e+01
-5.615806e+01
3.342450e+01
-1.220456e+02
1.555997e+01
1.255872e+01
-9.800115e+01
3.068770e+00
-7.670480e+00
-4.450010e+01
8.099089e+01
4.876895e+01
4.614807e+01
-6.258894e+01
9.626024e+01
-1.894106e+01
-2.504155e+01
3.558559e+01
-1.385580e+01
-3.184953e+00
-1.282362e+01
-9.816008e+00
-1.214231e+01
8.458286e+01
-4.501230e+01
-9.909905e+00
-1.739225e+01
-5.651461e+00
-1.132646e+01
-1.209772e+02
7.380138e+01
-2.219358e+01
-6.646291e+01
-7.598277e+00
2.327904e+01
-5.871977e+01
4.071941e+00
-1.700736e+02
-2.267070e+00
4.782671e+01
1.046244e+02
1.472141e+02
6.771366e+01
-1.437184e+01
5.909493e+01
-8.852337e+00
-3.495872e+01
-1.465497e+01
-5.171843e+01
-2.004552e+01
-7.317202e+01
6.332549e+01
-2.069105e+01
1.435275e+02
-1.006032e+02
-1.036259e+02
-9.664535e+01
-1.045845e+01
-1.220361e+01
2.570539e+02
3.445518e+02
3.166517e+00
4.253409e+01
4.011118e+01
-1.272593e+02
-3.351722e+01
4.954608e+01
-9.306006e+00
-5.957468e+01
-2.636910e+01
2.517244e+01
-1.363785e+01
-5.440913e+01
-4.030317e+00
2.928699e+01
1.792728e+02
1.535578e+02
5.672846e+01
-5.184022e+00
-6.080355e+01
-9.277968e+00
-2.290527e+01
-6.182690e+01
6.362368e+00
-1.621685e+01
-1.619696e+02
-1.761131e+01
1.517434e+02
1.024734e+02
-1.943659e+02
-2.305834e+01
-5.687895e+01
9.373644e+00
8.150329e+01
3.426882e+01
1.667692e+02
-3.082187e+00
1.743988e+02
-2.560339e+02
-5.908548e+01
-4.530665e+01
-5.760101e+01
2.573860e+01
-2.849273e+01
-1.320376e+01
-4.434382e+01
-1.621037e+01
-2.941075e+01
5.479168e+01
7.333123e+01
-7.399583e+01
-1.039454e+02
9.136101e+01
3.760735e+01
1.617233e+02
-3.690072e+01
-6.553599e+00
-4.142829e+01
-5.886192e+00
-4.627589e+01
-1.874973e+01
-3.953669e+00
-1.909941e+01
7.904091e+00
-1.602800e+02
7.024877e+00
1.352810e+02
-1.143562e+00
-6.171742e+01
-1.322846e+01
2.563122e+01
2.035686e+02
7.212473e+01
-3.549985e+01
-2.041746e+01
-2.777180e+02
9.105507e+01
1.594613e+02
-2.446396e+01
7.985445e+01
1.502947e+02
-1.190113e+02
1.959576e+01
-6.716565e+01
-1.233321e+02
-6.784365e+01
1.474881e+01
3.829115e+01
3.367755e+00
3.310457e+01
3.164565e+01
-4.277650e+00
-5.182113e+01
-7.478835e-01
-2.164032e+02
-2.267865e+01
-2.558354e+00
4.370873e+01
-1.253541e+02
9.006293e+01
-1.548059e+02
-2.076659e+02
-1.926882e+01
2.911773e+02
6.755744e+00
-1.066242e+01
1.992372e+00
7.017024e+01
8.334699e+01
1.717184e+01
-8.516823e+00
6.152148e+00
-7.447121e+01
-2.596184e+01
1.086821e+01
-3.858307e+01
-7.012311e+01
-6.892642e+01
-6.095172e+00
-3.431017e+01
-1.663604e+01
6.694707e+00
-1.185560e+02
3.924738e+02
-1.016769e+01
-1.754405e+02
7.650059e+01
1.335834e+02
-2.398863e+01
-1.081307e+02
-7.345145e+01
-2.511065e+01
6.355253e+01
-7.434905e+00
3.573796e+00
-3.827078e+01
-1.926494e+01
-9.689395e+00
-1.310601e+02
-1.185660e+02
5.720111e+00
9.139299e+01
-1.919511e+01
-3.032028e+02
-1.094812e+01
9.358009e+01
3.585050e+01
-1.675906e+01
-7.422846e+01
3.003717e+01
-3.378246e+01
-2.404535e+01
-7.423622e+01
1.342671e+01
5.462777e+01
-2.918497e+01
-1.188445e+02
1.164030e+02
-9.447011e+00
5.395781e+01
-3.043338e+00
-8.545467e+00
1.581903e+01
-1.550543e+02
4.783177e+01
-1.017181e+01
-9.492413e+01
9.891588e+01
6.293410e+01
-3.661143e+01
1.915815e+02
4.508526e+01
3.112076e+01
-1.031419e+01
-3.473297e+01
-1.564533e+01
8.454675e+01
-3.764254e+01
-2.074162e+02
3.508755e+01
-8.077695e+01
1.962434e+01
-3.082920e+01
-7.181329e+01
2.873201e+01
5.211646e+01
3.474552e+01
4.959878e+01
-1.007484e+02
-9.977917e+01
7.424279e+01
3.765984e+01
1.599724e+02
-2.021471e+01
-8.030435e+01
-5.992442e+01
9.045814e+00
-8.522964e+01
-4.001633e+01
-1.050000e+02
-1.156263e+02
-9.800531e+01
2.296858e+01
-1.115475e+01
2.492627e+01
-1.538358e+02
5.502652e+01
2.812065e+01
3.210597e+01
-8.313113e+01
-4.846367e+02
-1.542495e+01
1.220357e+02
-2.010339e+01
-1.726313e+02
1.417375e+02
-1.642760e+02
-1.347631e+01
2.559278e+00
8.593809e+01
6.486537e+01
5.469421e+02
-2.568032e+01
5.424187e+01
-3.428139e+01
1.378985e+02
3.928592e+00
-6.423102e+01
1.843403e+02
6.331068e+01
-5.711548e+02
6.720789e+01
-7.652664e+01
-1.383066e+02
1.631376e+01
6.676971e+01
1.605505e+02
-8.536047e+01
5.496891e+00
-1.958388e+01
2.259690e+01
-1.473304e+02
1.161697e+01
4.366589e+01
5.485142e+01
-4.620497e+01
-8.489933e+01
-2.227180e+01
1.294699e+02
-2.551597e+02
-2.042640e+01
-5.206471e+00
1.653088e+02
-4.411432e+01
1.404084e+01
-9.223836e+00
-9.647016e+01
-1.021209e+01
3.305818e+01
7.974590e+01
-1.097639e+02
-5.170929e+00
5.547722e+01
-3.273181e+00
-9.235183e+00
3.180505e-01
-8.376655e+00
1.666003e+02
6.454182e+01
-1.731015e+02
-9.854959e+01
5.023846e+00
-2.053252e+02
-2.079990e+02
9.666470e+01
-7.612213e+01
-3.860219e+01
1.230989e+02
-1.716728e+01
1.037607e+01
-1.213091e+01
1.860006e+02
1.639141e+02
3.865740e+01
7.511996e+01
1.380096e+01
4.553911e+00
-7.466850e+00
1.539165e+01
5.812220e+02
-3.867868e+01
-8.426236e+01
6.534815e+01
6.663884e+01
-2.266452e+01
-2.973588e+00
9.479434e+01
4.017331e+01
2.231452e+00
3.135654e+01
-2.613614e+02
-1.507294e+02
2.752000e+02
-1.084345e+01
-5.595773e+01
-9.428022e+00
2.278341e+01
1.564578e+02
-5.484784e+01
-3.683624e+01
-1.592104e+02
-4.792751e+01
9.106831e-01
-4.361811e+01
-1.538612e+02
-2.561141e+01
-9.803983e+01
6.204235e+00
-1.924404e+02
-9.875048e+01
-2.952536e+02
-5.823029e+01
-4.201938e+01
3.033925e+02
-1.842192e+01
1.651169e+00
-9.005622e+01
-1.730751e+00
-3.925714e+02
-4.521601e+01
-1.040251e+02
3.564630e+01
-1.027680e+02
1.576161e+02
4.335461e+01
-3.152736e+01
-1.763751e+02
-3.486267e+01
-3.159688e+02
-8.969324e+00
4.993143e+01
-9.510085e+01
-4.085184e+00
1.236650e+01
6.693874e+01
3.270517e+01
-3.708995e+01
-9.861581e+00
-5.440892e+01
7.951320e+01
-9.519773e+01
-5.568865e+01
-1.085193e+02
1.205064e+00
4.746445e+01
-5.252037e+01
-1.873461e+01
-3.893283e+01
4.741725e+01
2.767695e+02
-2.622764e+01
1.828123e+02
1.442955e+02
-1.800197e+02
2.542136e+02
-1.715260e+01
2.000738e+01
-1.177648e+02
-5.111413e+01
-5.915810e+00
-1.440702e+02
-9.029170e+01
-4.288348e+01
-1.602833e+02
-1.248593e+01
-1.224755e+00
-9.776185e+01
-1.013478e+02
-3.516975e+00
-5.675743e+01
1.679300e+02
1.530886e+02
6.116500e+01
-3.074864e+01
-1.095973e+02
-1.389631e+02
-7.686924e+01
-1.103861e+02
-9.555774e+01
-2.041784e+02
-2.519247e+01
-2.816921e+02
2.738982e+01
-1.519404e+01
-1.038619e+02
3.325325e+01
-5.799481e+01
-3.239234e+01
1.505552e+02
-1.835374e+00
-2.180616e+02
2.885908e+01
-1.362366e+02
-1.150942e+02
1.130910e+01
-2.028758e+01
-8.973393e+00
1.866410e+02
6.592840e+01
-9.234378e+00
-3.979303e+00
-1.855595e+02
-5.329840e+01
7.041754e+01
3.325562e+01
-6.751076e+01
-1.188060e+02
-1.636414e+02
4.056859e+01
-4.414891e+01
3.889347e+01
-9.330440e+00
-2.791973e+01
-2.902250e+01
-1.773199e+01
-5.086686e+01
1.054524e+02
-7.242239e+00
1.297085e+02
3.760847e+01
5.017972e+01
-4.492855e+01
-5.028110e+00
-1.178205e+02
2.731521e+01
1.563870e+00
2.182797e+01
-1.315530e+01
-2.789920e+01
-1.768685e+00
-1.160720e+01
-4.531242e+01
2.437240e+02
-3.678222e+00
-1.223859e+02
-8.341929e+00
-8.121455e+00
-6.011726e+01
8.534624e+01
-2.648038e+02
2.136207e+02
-9.654613e+00
-4.896369e+01
-2.004725e+01
4.960101e+00
-7.649697e+00
-1.495483e+02
1.278397e+02
1.294395e+02
-2.745221e+01
-1.653426e+01
-1.549581e+01
1.718776e+01
-1.451266e+02
-4.057749e+01
2.467738e+01
-6.712345e+00
2.306374e+01
8.059466e+01
-6.201778e+01
-1.408361e+02
7.743920e+01
4.671749e+01
-2.771058e+01
1.288177e+02
-6.367172e+01
1.676708e+02
-7.320971e+01
-1.139577e+01
2.084937e+02
1.796285e+02
4.371554e+01
-1.983631e+02
1.367859e+01
-7.885492e+00
9.255748e+01
5.357723e+01
-9.118424e+00
1.650639e+02
-2.507321e+02
-2.550105e+02
-1.040382e+02
-4.527149e+01
2.664935e+02
-4.410970e+01
-3.921614e+01
6.932199e+00
2.153051e+02
8.365193e+01
-2.033398e+01
-3.389908e+00
9.074986e+01
-6.893758e+00
-5.042146e+01
-1.641354e+02
-2.683428e+01
-1.022165e+01
-1.201223e+00
2.906511e+00
-9.423714e+01
-8.947651e+01
-5.315819e+00
-5.581890e+01
7.104681e+01
-4.585772e+01
-6.194145e+01
2.667157e+02
-4.663139e+01
1.191991e+02
2.345520e+02
4.266406e+01
-5.026208e+01
2.343076e+02
-8.283602e+00
1.583412e+01
8.584615e+01
-8.951681e+00
-2.593653e+01
-4.344932e+01
-1.291578e+01
-6.790592e+01
1.495823e+02
-3.510195e+00
-2.163707e+01
-8.902343e+01
-1.568319e+02
-1.030227e+02
-2.185963e+01
-1.323998e+01
-4.060904e+01
-3.297814e+01
4.401419e+01
4.378139e+01
-3.591343e+01
-5.061142e+01
4.197653e+01
-1.077295e+01
6.029515e+01
-2.314618e+01
-3.106094e+01
1.474274e+02
-1.903091e+01
2.450220e+02
-3.696419e+01
1.355864e+02
-4.070236e+01
-3.815046e+01
6.069771e+01
2.573681e+01
-9.286133e+00
-7.739483e+01
-3.630174e+01
7.554438e+00
-1.171699e+01
1.458106e+01
-6.620405e+00
-3.886088e+01
-2.375651e+02
-1.148570e+02
-1.036155e+01
-9.501947e+01
2.478904e+01
-2.033909e+00
2.549814e+02
-1.111633e+01
-2.558276e+01
-2.988707e+01
8.659897e+01
-1.728614e+02
-4.361272e+01
-9.036716e+01
-1.559161e+02
1.788379e+02
4.474143e+01
7.394282e+01
4.415605e+01
-2.547124e+01
-1.872933e+01
-1.442633e+02
-2.485611e+01
5.481932e+01
8.873311e+01
-4.393263e+01
8.988007e+00
-4.492714e+00
6.485655e+00
-2.616504e+02
2.259994e+01
-2.222002e+02
-1.176764e+01
1.320880e+02
1.584550e+02
-7.089971e+01
-1.267054e+02
-2.017329e+01
2.513959e+02
-1.883791e+02
-3.095251e+01
-2.480316e+01
2.132209e+02
1.074812e+02
-1.147221e+02
-6.211879e+00
-1.819341e+02
6.372273e+01
-1.377311e+01
8.126228e+01
1.208710e+01
1.282951e+02
-3.693787e+01
2.486858e+01
3.472798e+01
-9.414116e+00
-1.186288e+01
7.541283e+01
-1.513517e+02
2.627749e+01
-2.454113e+01
9.177264e+01
-9.721518e+01
1.085079e+00
-3.477629e+01
-7.026525e+01
7.734777e+01
-4.261669e+01
-1.582396e+01
-3.493283e+01
1.782309e+02
6.107692e+01
7.747662e+01
4.434576e+01
-4.738658e+01
7.740655e+01
-2.000861e+01
-3.553831e+02
-2.727968e+02
-8.659057e+01
-1.353839e+01
6.705124e+01
-2.167808e+01
7.063491e+01
-2.712133e+01
-1.680582e+02
-2.932884e+01
1.702048e+01
-2.440748e+01
3.921746e+02
-9.067583e+01
-1.133147e+01
-3.306628e+01
-7.384621e+00
6.526343e+01
1.062542e+02
-1.100637e+01
1.177871e+02
-1.060072e+01
-2.122620e+02
-4.743775e+00
2.338031e+02
-2.869350e+01
3.322440e+01
-3.026115e+01
9.881559e+00
8.446518e+01
-3.000578e+01
-2.587618e+02
-1.238454e+02
-3.038939e+01
-1.853444e+01
-6.410755e+01
5.982756e+00
5.458941e+01
1.635997e+02
7.942537e+00
1.948004e+01
-1.130781e+01
-6.927781e+01
-1.984623e+02
-6.276249e+01
-1.136346e+02
1.110848e+02
3.049926e+01
1.713812e+01
-1.060981e+01
-7.092343e+01
-9.802556e+01
-1.914914e+02
-1.351246e+01
6.844742e+01
-6.863671e+00
-2.682544e+01
4.825165e+01
-1.441951e+01
3.294140e+01
2.503979e+02
6.709738e+01
-1.927034e+02
7.983280e+01
4.951329e+01
1.632498e+01
-2.555942e+02
-3.179226e+01
1.000765e+02
1.113873e+01
3.457265e+01
-9.805877e+01
-4.454097e+01
-7.645791e+01
-6.190937e+00
-1.365529e+02
6.079228e+01
1.670874e+02
4.887824e+01
-8.099328e+00
7.636310e+01
-8.271661e-01
-3.132502e+01
-4.674626e+01
-1.080538e+01
-1.190063e+01
-6.196479e+01
-1.616686e+02
-1.500962e+01
2.987855e+02
5.901703e+01
-2.032367e+02
6.551664e+00
6.946089e+02
4.529512e+00
-1.509347e+02
-3.176445e+01
-8.178366e+01
4.807575e+00
4.260828e+00
-7.082862e+01
-1.036972e+02
-5.341743e+00
-2.773108e+02
-5.098948e+00
-1.080812e+02
-1.268846e+01
-1.319043e+01
-7.441482e+00
1.109076e+02
-7.127155e+01
-1.902371e+02
-2.069671e+01
-8.264072e+01
-3.023487e+01
1.610150e+02
1.462796e+00
3.034953e+01
8.583782e+02
4.290323e+00
-2.468367e+01
-7.876163e+01
-1.012986e+02
1.024997e+01
-4.650199e+01
7.702074e+00
3.818581e+02
-4.257538e+01
-2.469062e+01
-2.476732e+02
-3.854232e+01
-1.755855e+01
-1.724290e+01
-8.710904e+01
-5.794625e+02
7.085455e+01
-3.004206e+01
-1.419097e+01
-2.095392e+02
-1.368454e+02
3.353182e+02
-8.799960e+02
-1.018872e+02
-1.066885e+02
6.372768e+01
2.520066e+02
-4.346211e+01
-3.394009e+02
1.685077e+02
-2.726485e+01
-3.129106e+01
-1.547473e+01
9.323266e+01
4.326052e+01
4.775757e+01
-2.300942e+02
-8.440764e+01
-1.569856e+01
1.995874e+02
-1.646359e+01
-8.054125e+01
-3.425742e+01
9.140105e+01
-2.526595e+00
-3.203384e+01
7.954941e+01
1.332516e+01
-5.943481e+00
-1.611461e+02
-1.042271e+02
5.415903e+01
-1.461347e+02
-2.010424e+01
-1.413409e+01
-2.965091e+02
-2.417974e+01
-9.453084e+01
-8.786656e+01
6.605975e+01
-1.056469e+02
-1.312386e+01
1.044367e+02
1.094516e+01
2.799144e+00
-1.051745e+02
-6.093083e+01
-4.823799e+01
-7.192531e+00
-4.545047e+00
-1.917597e+02
2.518068e+00
-1.634103e+01
2.932714e+01
-1.568850e+02
-2.405873e+01
-6.080486e+01
-3.327077e+01
-5.790247e+01
-1.960520e+01
8.115369e+01
-3.219310e+01
1.756719e+01
-5.828510e+00
-6.178357e+01
-1.956381e+01
6.246869e+01
8.571736e+01
7.200270e+01
-1.921513e+01
1.007759e+02
2.678142e+01
9.778727e+01
-1.240254e+02
1.049298e+02
1.234119e+02
8.450268e+01
3.997708e+01
-5.127884e+01
-3.079690e+01
-5.978703e+00
1.732726e+01
-4.410374e+02
-1.181046e+02
-1.097256e+02
8.757218e+01
-1.760681e+02
7.460014e-01
4.465090e+01
-1.043917e+01
2.343684e+02
-2.915721e+01
-6.798059e+01
-9.389089e+00
8.344118e+01
2.672581e+01
-4.414184e+01
-2.769232e+01
-7.084146e+01
6.541589e+00
2.557559e+02
-1.591757e+01
-1.465754e+02
-1.741931e+02
-6.536494e+01
1.319234e+01
-8.542981e+00
-5.109750e+00
-2.594093e+02
-5.069853e+01
-6.666675e+01
-7.334814e-01
-1.268594e+02
-2.760646e+01
-5.330293e+01
-2.477188e+01
-3.644984e+02
-2.404778e+02
3.700419e+00
7.667518e+01
1.237863e+02
-2.140426e+01
-1.499500e+01
-2.614257e+01
-4.359192e+02
-1.105684e+02
-2.124683e+02
-2.225351e+01
-3.307975e+01
-6.285987e+01
-2.119973e+01
-2.653240e+01
-2.794347e+01
1.136971e+02
-3.242541e+01
-1.575642e+01
-1.886694e+02
-1.127585e+02
-5.805764e+01
-9.992006e+00
-1.469140e+02
-8.653727e+01
7.594839e+01
9.346954e+01
-1.191444e+02
3.317433e+01
8.829193e+01
-8.122123e+01
-8.662991e+01
5.990221e+01
1.024988e+02
-1.227522e+01
-1.011222e+02
-2.677857e+01
-6.044749e+01
9.427096e+01
-1.780993e+01
-8.544059e+00
-5.440431e+01
-2.610508e+01
-3.314259e+01
-1.128712e+02
1.338097e+02
5.821210e-01
1.938332e+01
-1.268309e+02
3.041268e+01
6.187482e+00
6.253663e+01
-1.019826e+02
-2.274808e+02
1.188802e+02
-6.368626e+01
-2.554900e+01
-9.011574e+01
-7.434303e+01
-7.484943e+01
-1.680803e+02
-1.591025e+01
-5.038631e+02
-1.438552e+02
-2.402826e+01
1.256024e+02
-5.320958e+01
-5.985704e+00
-9.429993e+00
-7.017121e+00
-6.924277e+01
2.959880e-01
4.386037e+02
2.276718e+02
1.224893e+00
-1.136710e+02
-2.662298e+01
-1.009610e+02
-1.164546e+02
-2.147124e+01
1.175546e+02
3.539930e+02
1.279371e+02
-1.189050e+01
-9.787586e+01
-2.474402e+01
-8.404814e+01
-1.267973e+01
1.343981e+01
7.246762e+01
1.287973e+01
-3.694729e+01
1.155462e+02
-5.806774e+01
1.969561e+01
-2.381784e+02
