-1.948353e+01
-1.978947e+01
-2.783699e+03
-1.318138e+03
-1.519413e+03
-1.557196e+03
-8.959149e+02
-7.967419e+02
-7.357260e+02
-6.675494e+02
-6.363627e+02
-6.059864e+02
-5.803208e+02
-5.573671e+02
-5.373932e+02
-5.205870e+02
-5.032714e+02
-4.813634e+02
-4.658628e+02
-4.433434e+02
-4.118122e+02
-3.468263e+02
-3.625055e+02
-4.110267e+02
-2.747315e+02
-2.794411e+02
-3.427264e+02
-1.649724e+02
-1.768774e+02
-1.932830e+02
-1.907815e+02
-1.827214e+02
-1.511656e+02
-1.593770e+02
-1.376175e+02
-1.252813e+02
-1.090958e+02
-9.960512e+01
-6.728464e+01
-7.353583e+01
-7.925321e+01
-4.999659e+01
-2.327922e+01
-3.557069e+01
-8.738397e-01
-1.663363e+01
-1.280422e+00
3.599368e+00
3.021997e+01
1.628188e+01
1.450149e+01
4.236598e+01
1.812885e+01
-1.998815e-02
2.698940e+01
3.240683e+01
1.408933e+01
3.300830e+01
1.057917e+01
1.365604e+01
1.405084e+01
2.567764e+00
-9.867750e-01
-1.209295e+01
-1.736892e+01
-1.999145e+01
-2.024354e+01
-2.544692e+01
-3.506435e+01
-4.546456e+01
-5.635667e+01
-5.728468e+01
-6.054354e+01
-6.066481e+01
-6.896102e+01
-7.224093e+01
-6.992284e+01
-5.709613e+01
-4.369631e+01
-4.315884e+01
-5.773942e+01
-4.012883e+01
-2.131297e+01
-1.538405e+01
-2.561769e+01
4.284892e+00
1.069396e+01
1.607739e+01
2.807739e+01
2.173208e+01
7.961465e+00
1.682055e+01
1.770592e+01
1.728455e+01
1.549856e+01
7.423212e+00
1.756523e-01
-7.981994e+00
-1.610740e+01
-2.114635e+01
-2.110935e+01
-2.533635e+01
-3.469068e+01
-3.940397e+01
-4.748842e+01
-5.861040e+01
-7.062154e+01
-7.930128e+01
-7.165796e+01
-5.806526e+01
-6.726048e+01
-7.949793e+01
-9.349365e+01
-6.506410e+01
-6.799320e+01
-6.800555e+01
-6.235962e+01
-5.448385e+01
-5.716557e+01
-3.210010e+01
-3.222409e+01
-4.249680e+01
-1.480530e+01
-7.135381e+00
5.910338e+00
1.616958e+01
2.050708e+01
4.080049e+01
4.911547e+01
6.084453e+01
8.902674e+01
8.532309e+01
1.160649e+02
1.215384e+02
1.311320e+02
1.552641e+02
1.631283e+02
1.641727e+02
2.635899e+02
1.791903e+02
1.823820e+02
3.600739e+02
3.442532e+02
2.745702e+02
3.199453e+02
3.577056e+02
4.077368e+02
4.141124e+02
4.359958e+02
4.582645e+02
4.753858e+02
4.941695e+02
5.151464e+02
5.326715e+02
5.654927e+02
6.006684e+02
6.394573e+02
6.999209e+02
7.171370e+02
1.082242e+03
1.042383e+03
1.638844e+03
1.361883e+03
2.739051e+03
1.936477e+03
1.422759e+03
1.334027e+03
1.221077e+03
1.130354e+03
1.051345e+03
9.838260e+02
9.260605e+02
8.700482e+02
8.207752e+02
7.804055e+02
7.414925e+02
7.054982e+02
6.729888e+02
6.424016e+02
6.138690e+02
5.870927e+02
5.620969e+02
5.384168e+02
5.160413e+02
4.950703e+02
4.751824e+02
4.562625e+02
4.381595e+02
4.209671e+02
4.044709e+02
3.887043e+02
3.735963e+02
3.589703e+02
3.449057e+02
3.313488e+02
3.182806e+02
3.056604e+02
2.933095e+02
2.814428e+02
2.698613e+02
2.586131e+02
2.476849e+02
2.370219e+02
2.266135e+02
2.164487e+02
2.065130e+02
1.967913e+02
1.872692e+02
1.779208e+02
1.687592e+02
1.597619e+02
1.509148e+02
1.422100e+02
1.336347e+02
1.251833e+02
1.168435e+02
1.086222e+02
1.005108e+02
9.247049e+01
8.451474e+01
7.664249e+01
6.884460e+01
6.110942e+01
5.343159e+01
4.581424e+01
3.822815e+01
3.069379e+01
2.319483e+01
1.566244e+01
8.162210e+00
5.369739e-01
-6.851037e+00
-1.424877e+01
-2.165306e+01
-2.904415e+01
-3.644516e+01
-4.385818e+01
-5.128484e+01
-5.872698e+01
-6.620230e+01
-7.370802e+01
-8.124166e+01
-8.882351e+01
-9.645360e+01
-1.041434e+02
-1.118928e+02
-1.197075e+02
-1.275910e+02
-1.355594e+02
-1.436135e+02
-1.517596e+02
-1.600207e+02
-1.683499e+02
-1.768931e+02
-1.855314e+02
-1.943572e+02
-2.032572e+02
-2.123664e+02
-2.215809e+02
-2.307886e+02
-2.408982e+02
-2.506181e+02
-2.606276e+02
-2.708829e+02
-2.814541e+02
-2.922773e+02
-3.036394e+02
-3.146339e+02
-3.263065e+02
-3.382385e+02
-3.505857e+02
-3.630371e+02
-3.762522e+02
-3.897443e+02
-4.038095e+02
-4.183570e+02
-4.336040e+02
-4.492182e+02
-4.658294e+02
-4.830560e+02
-5.010761e+02
-5.198303e+02
-5.395758e+02
-5.604928e+02
-5.831703e+02
-6.067460e+02
-6.317082e+02
-6.583679e+02
-6.867971e+02
-7.173143e+02
-7.501804e+02
-7.860459e+02
-8.244939e+02
-8.661570e+02
-9.133511e+02
-9.635318e+02
-1.027351e+03
-1.096101e+03
-1.172956e+03
-1.268529e+03
-1.385039e+03
-1.463159e+03
-1.982990e+03
-2.497266e+01
-1.017662e+02
5.076571e+01
-1.751505e+02
1.240271e+02
-2.484598e+02
1.950852e+02
1.354947e+00
-5.119868e+01
-1.577445e+02
1.061021e+02
-3.258679e+02
2.700198e+02
3.581122e+02
-2.864357e+02
2.416068e+02
-4.174412e+02
-5.207628e+02
4.548060e+02
3.471478e+02
-4.436308e+02
-3.577360e+01
-2.790427e+01
-2.097328e+01
4.644499e+02
-5.031255e+02
5.868138e+02
-6.308646e+02
-6.363330e+01
1.271568e+01
-5.906295e+01
1.286182e+01
5.692382e+02
-6.205792e+02
4.430992e+00
-4.214304e+01
7.424892e+02
-7.874023e+02
-2.120239e+02
1.585711e+02
-1.415616e+02
9.030653e+01
-6.687514e+01
1.125765e+01
7.390231e+02
-7.841824e+02
9.123669e+02
-9.647324e+02
9.849171e+00
-6.592959e+01
-2.813876e+01
-1.103239e+02
7.550948e+01
1.830854e+02
-2.311406e+02
-4.619282e+00
3.301906e+02
-3.847844e+02
-4.661318e+02
5.186427e+02
4.069121e+02
-3.762961e+02
3.169909e+02
-2.913435e+02
2.364212e+02
-4.936252e+01
6.194375e+00
-1.165608e+03
1.117430e+03
1.114593e+03
-1.116889e+03
-1.454449e+00
-3.839792e+01
-8.693197e+01
3.214952e+01
1.465964e+02
-1.864736e+02
4.246589e+02
-4.678977e+02
4.722499e+00
-4.125036e+01
5.266410e+02
-5.695368e+02
1.163998e+01
-6.190512e+01
6.508015e+02
-6.774700e+02
1.323156e+03
-1.446368e+03
-3.740483e+01
-6.690500e+00
-4.833695e+01
-3.233427e+01
1.653822e-01
-3.186528e+00
1.319662e+03
-1.363124e+03
8.207369e+02
6.757161e+02
-8.614809e+02
-7.172119e+02
-5.846843e+02
-3.501780e+02
2.903664e+02
2.154979e+02
-2.278415e+02
-2.693126e+02
1.767747e+02
-1.942460e+02
1.405991e+02
-1.581541e+02
1.066561e+02
-1.246630e+02
7.459603e+01
-8.691987e+01
3.579070e+01
-4.815164e+01
-2.622184e+00
-1.680273e+01
-2.801631e+01
1.604201e+03
-1.673620e+03
-2.183797e+01
-1.970590e+01
-2.858805e+01
-2.990536e+01
-3.664384e+01
-3.040487e+01
-3.492848e+01
-2.972367e+01
-3.974595e+01
-3.050465e+01
-3.600264e+01
-3.247802e+01
-3.464835e+01
-3.603644e+01
-3.813654e+01
-3.525743e+01
-2.908467e+01
-4.137439e+01
-4.430733e+01
-5.125877e+01
-5.497058e+01
-5.286050e+01
-5.583627e+01
-5.935153e+01
-5.982751e+01
-6.263313e+01
-7.529468e+01
-8.131824e+01
-7.619185e+01
-7.691034e+01
-8.272241e+01
-9.176382e+01
-9.355163e+01
-1.024124e+02
-9.699103e+01
-1.083787e+02
-1.019361e+02
-1.123553e+02
-1.006931e+02
-1.188461e+02
-1.198719e+02
-1.077473e+02
-6.968524e+01
-1.799569e+02
-1.771376e+02
-3.547459e+01
-1.280180e+02
-1.527879e+02
-1.240480e+02
-1.325756e+02
-1.226700e+02
-1.311022e+02
-1.189328e+02
-1.298658e+02
-1.175977e+02
-1.068032e+02
-1.051210e+02
-9.433562e+01
-9.229636e+01
-1.300648e+02
-8.159343e+01
-7.880426e+01
-6.879530e+01
-6.478189e+01
-5.557031e+01
-5.113023e+01
-5.835451e+01
-4.298038e+01
-5.791988e+01
-4.701308e+01
-3.754565e+01
-4.893014e+00
-4.793348e+01
-3.776157e+00
-2.657868e+01
-3.441107e+01
-1.672059e+01
-2.067334e+01
-4.040185e+00
-2.220431e+01
2.892962e+00
-6.584910e+00
1.909779e+01
6.461265e+00
2.987766e+01
2.826089e+01
4.410790e+01
4.964329e+01
6.625414e+01
7.421714e+01
8.660799e+01
8.821391e+01
1.046370e+02
1.745233e+01
-7.612268e+00
1.077100e+02
1.275650e+02
1.269500e+02
1.459852e+02
6.744811e+00
-1.490093e+01
1.426575e+02
1.603857e+02
-3.860099e+00
-2.754873e+01
1.419568e+02
1.563483e+02
1.768428e+02
-1.805760e+01
-4.720339e+01
1.708501e+02
1.914657e+02
-3.095034e+01
-5.021484e+01
1.886662e+02
2.084082e+02
-3.798304e+01
-5.565369e+01
2.008404e+02
2.221523e+02
2.289748e+02
2.427276e+02
2.498445e+02
2.630465e+02
2.696681e+02
2.849914e+02
-5.074163e+01
-7.697086e+01
2.853993e+02
2.985178e+02
2.059930e+02
-6.132164e+01
-7.896088e+01
2.938346e+02
3.125404e+02
3.145261e+02
3.318704e+02
3.311926e+02
3.482902e+02
-1.422274e+02
-6.857193e+01
-8.479875e+01
-1.003730e+02
3.461205e+02
3.679414e+02
-7.460090e+01
-9.032853e+01
3.090235e+02
3.605013e+02
3.828100e+02
-7.767095e+01
-9.795174e+01
-1.076110e+02
-1.125097e+02
-1.231065e+02
-1.235813e+02
-1.387677e+02
-1.412118e+02
-1.580906e+02
-1.607054e+02
-1.787916e+02
-1.816619e+02
-2.012009e+02
-2.046268e+02
-2.249178e+02
-2.287581e+02
-2.513847e+02
-2.533123e+02
-2.765996e+02
-2.781192e+02
-3.016344e+02
-3.032446e+02
-3.208534e+02
-3.269579e+02
-3.452981e+02
-3.546763e+02
-3.679913e+02
-3.809868e+02
-3.893899e+02
-4.030541e+02
-4.164891e+02
-4.255922e+02
-4.352942e+02
-4.433654e+02
-4.463093e+02
-4.646275e+02
3.742081e+02
3.949770e+02
3.951226e+02
4.105231e+02
4.131524e+02
4.283263e+02
-4.328467e+02
-3.295074e+02
-2.051559e+02
-1.147893e+02
3.813846e+02
-4.702225e+02
-4.651795e+02
-4.564530e+02
4.292909e+02
4.471300e+02
-6.347091e+01
-6.376954e+01
-5.209112e+01
-5.693828e+01
-4.465592e+01
-4.677120e+02
-4.832904e+02
-8.638942e+01
-5.091593e+01
-3.666944e+01
-1.872041e+02
4.421719e+02
4.632275e+02
4.633759e+02
4.853888e+02
4.788862e+02
5.035661e+02
5.109867e+02
5.208510e+02
-4.525599e+01
-3.047018e+01
-3.765515e+02
-2.971934e+02
-1.956282e+02
-4.847597e+02
-4.995583e+02
-5.058105e+02
-5.139941e+02
-5.206751e+02
-5.350523e+02
-5.442194e+02
-5.580627e+02
-5.670637e+02
-5.863495e+02
5.183809e+02
5.307706e+02
-5.888046e+02
-6.053379e+02
4.581328e+02
-3.996359e+01
-2.299617e+01
5.265183e+02
5.468967e+02
5.282211e+02
-6.089654e+02
-6.191986e+02
-4.919685e+02
-3.655925e+01
-2.526582e+01
-6.262854e+02
-6.099604e+02
-6.358217e+02
5.400858e+02
5.624708e+02
-5.704925e+02
-2.775420e+01
-3.635850e+01
-2.062476e+01
3.581099e+02
3.576151e+02
3.295969e+02
3.210970e+02
2.901393e+02
2.798022e+02
2.513334e+02
2.463742e+02
2.227070e+02
2.215703e+02
2.026700e+02
2.014396e+02
1.816176e+02
-6.433333e+02
-6.567131e+02
5.516108e+02
5.737967e+02
-6.449199e+02
-6.692279e+02
-2.712014e+01
-3.374832e+01
-6.398879e+01
1.849097e+02
1.662298e+02
-1.226824e+02
-6.518443e+02
-1.400458e+01
-8.976921e+00
-3.825065e+01
-4.754069e+01
5.596780e+02
5.781135e+02
5.935524e+02
5.996904e+02
6.129139e+02
6.240435e+02
6.371541e+02
6.444193e+02
6.604988e+02
-6.579500e+02
-6.806214e+02
1.667738e+02
1.533776e+02
1.795254e+02
1.509255e+02
1.386464e+02
1.371277e+02
1.274995e+02
1.262519e+02
1.174776e+02
2.873137e+02
3.022482e+02
2.842647e+02
3.027309e+02
2.780233e+02
2.983873e+02
2.787008e+02
2.824836e+02
2.498210e+02
2.679390e+02
2.505159e+02
2.457845e+02
2.226472e+02
2.406880e+02
2.197781e+02
2.284488e+02
2.155744e+02
2.450946e+02
6.658649e+02
2.240752e+02
2.105778e+02
2.027164e+02
1.973172e+02
1.891846e+02
1.840746e+02
1.756854e+02
1.718613e+02
1.627699e+02
1.603991e+02
1.514822e+02
1.458741e+02
1.405216e+02
1.378631e+02
1.287087e+02
1.040603e+02
1.074275e+02
1.106109e+02
1.147044e+02
8.892406e+01
9.837512e+01
8.928991e+01
3.734962e+01
8.603332e+01
6.751926e+01
6.890074e+01
6.218740e+01
5.085037e+01
4.271580e+01
3.893725e+01
3.402548e+01
5.933599e+01
3.522031e+01
2.591431e+01
1.070319e+02
1.695760e+02
-4.482277e-01
2.778609e+01
2.449051e+01
6.812964e+02
6.922892e+02
-4.266598e+01
-5.335613e+01
-1.395765e+02
-1.538589e+02
1.208131e+02
1.096859e+02
1.614366e+02
1.784304e+02
-6.651214e+02
-6.882010e+02
5.600623e+02
2.177710e+02
1.899363e+01
1.585574e+01
2.561568e+01
7.045993e+02
6.907597e+02
7.147971e+02
-5.966799e+01
-4.025891e+01
-5.058390e+01
-2.208525e+01
1.137820e+02
1.026404e+02
-1.483724e+02
-1.631562e+02
1.162028e+02
1.599499e+02
1.746775e+02
1.881362e+02
-6.693600e+02
-6.899032e+02
-7.091635e+02
6.489217e+02
-7.002355e+02
-7.266363e+02
-4.712622e+01
-5.463899e+01
-8.411483e+01
7.177889e+02
6.942402e+02
1.565928e+01
2.170521e+01
9.271352e+01
-5.450857e+01
-6.105477e+01
-6.188030e+01
-7.253633e+01
-8.409756e+01
-8.146090e+01
-9.006147e+01
-8.852201e+01
1.084747e+02
9.771379e+01
-9.657540e+01
-1.011152e+02
-1.045391e+02
-1.088201e+02
-1.155290e+02
-1.187527e+02
-1.253441e+02
-1.278736e+02
-1.357137e+02
-1.407110e+02
-1.436429e+02
-1.482312e+02
-1.485264e+02
-1.571492e+02
-1.694906e+02
-1.676317e+02
-1.793915e+02
-1.782568e+02
-1.893993e+02
-1.898242e+02
-1.973786e+02
-2.011683e+02
-2.082429e+02
-2.093676e+02
-2.220516e+02
-2.254517e+02
-7.381690e+02
-7.395996e+02
-1.717195e+02
-1.744849e+02
1.640702e+02
1.783987e+02
6.270007e+01
-4.680502e+01
-5.328917e+01
-2.598743e+01
-2.418746e+02
-2.459766e+02
-7.531821e+02
-7.921150e+02
-1.030780e+02
-2.314925e+02
-2.436695e+02
-1.919674e+02
-1.596837e+02
-9.558368e+01
-6.661447e+02
-6.771835e+01
-1.326543e+02
6.174122e+00
1.157031e+01
7.129908e+02
6.896108e+02
-7.592846e+02
-7.784453e+02
-7.935389e+02
1.863730e+01
1.585979e+01
1.077460e+02
9.929856e+01
-1.729773e+02
-1.986493e+02
-1.862573e+02
-1.984305e+02
-2.011415e+02
-2.112630e+02
-2.125685e+02
-2.262266e+02
-2.224172e+02
-2.370755e+02
-2.307495e+02
-2.449026e+02
-2.394750e+02
-2.518927e+02
-2.478538e+02
-2.602877e+02
-2.539493e+02
-2.671858e+02
-2.586326e+02
-2.725478e+02
-2.422325e+02
-2.796217e+02
-2.857025e+02
-2.470532e+02
-2.556254e+02
1.748703e+02
1.855718e+02
5.444796e+02
5.417359e+02
5.278134e+02
5.248680e+02
5.137870e+02
-6.505778e+02
-8.190762e+02
-8.243472e+02
-8.213577e+02
-4.015236e+01
-4.807412e+01
5.079867e+02
4.948687e+02
8.625328e+01
9.335415e+01
-2.339692e+02
-2.349341e+02
6.482278e+02
4.644170e+02
-2.398712e+02
-2.442417e+02
1.930478e+02
1.988660e+02
-6.499651e+02
-6.297835e+02
7.576528e+02
-2.152715e+02
-2.347785e+02
-2.937816e+02
-2.985188e+02
2.056017e+01
1.393410e+01
8.884530e+01
8.141435e+01
1.256656e+02
1.156806e+02
-2.992756e+02
-1.905803e+02
2.956957e+02
1.815666e+02
-3.109969e-01
3.198334e+01
6.684861e+01
7.760895e+01
-4.762753e+02
-4.834671e+02
-7.386860e+02
4.788025e+02
4.644277e+02
5.034865e+02
-5.463426e+01
-8.016811e+02
-8.639391e+02
2.073210e+02
2.119277e+02
3.958720e+02
3.862788e+02
-2.524321e+02
1.286268e+02
-2.448350e+02
-2.238330e+02
-6.255980e+02
-6.015815e+02
-3.478377e+01
-3.777382e+01
7.671492e+01
6.590797e+01
6.354170e+01
6.007274e+01
-4.613933e+02
-4.775676e+02
-2.427661e+02
-2.661969e+02
3.909298e+02
3.622017e+02
3.681510e+02
3.412078e+02
3.371251e+02
3.209224e+02
5.000565e+02
4.483843e+02
2.199667e+01
1.818067e+00
1.719070e+01
1.040439e+01
1.925293e+01
1.622338e+01
1.669418e+01
1.241767e+01
6.335748e+00
3.239346e+02
2.228020e+02
1.264650e+02
1.129839e+02
-5.147730e+01
3.404616e+02
5.618175e+01
5.032798e+01
-1.758058e+02
2.566862e+02
-9.001102e+02
-6.375479e+02
-8.482711e+02
-2.613790e+02
-2.695945e+02
-2.553825e+02
-2.858414e+02
-2.904238e+02
-2.999882e+02
-6.209631e+02
-5.817748e+02
-2.873390e+02
-3.078603e+02
-5.507829e+02
-2.084735e+02
-1.907951e+02
-3.047686e+02
-3.004309e+02
-1.208794e+02
6.766417e+01
-1.494517e+02
-2.620339e+01
-4.402490e+01
5.408496e+01
3.945609e+01
4.647615e+01
-2.494822e+02
1.901441e+00
4.944690e+00
2.101262e+00
-5.819175e+02
-2.042544e+01
4.695506e+02
3.949889e+02
4.549342e+02
3.832192e+02
4.227537e+02
3.504618e+02
3.796881e+02
3.749450e+02
3.615362e+02
3.565919e+02
3.401747e+02
-7.537111e+01
1.709392e+02
1.750594e+02
1.680244e+02
1.706492e+02
1.631277e+02
1.493087e+02
1.667465e+02
-3.398165e+01
1.692237e+01
1.793467e+01
2.793517e+01
4.292513e+01
-4.521558e+02
-4.592063e+02
-2.058628e+02
-1.912254e+02
3.409616e+01
3.401553e+01
3.978157e+01
3.165971e+01
2.511133e+01
1.783116e+01
-2.324746e+02
-5.630001e+02
-6.042868e+02
5.073686e+02
-6.940466e+02
-9.847800e+02
-4.549519e+01
4.175650e+02
1.266083e+02
1.106100e+02
-1.621932e+02
2.277313e+02
2.393933e+02
-3.068961e+02
-3.137703e+02
-2.126724e+02
-3.035670e+02
2.176480e+02
2.324087e+02
2.218817e+02
2.373126e+02
2.228887e+02
2.393315e+02
4.417012e+01
3.759690e+01
4.308793e+02
3.300479e+01
-1.356274e+01
-8.597786e+00
-6.512565e+02
-4.670890e+02
-6.194016e+02
-4.707253e+02
-2.992107e+00
-2.116380e+00
9.616609e+01
9.445320e+01
-2.486651e+02
-8.136784e+01
-5.587036e+01
-3.456525e+01
3.413399e+02
3.280429e+02
8.163375e+01
8.062289e+01
3.579482e+01
4.969959e+01
1.756336e+02
1.650675e+02
2.357705e+02
-3.154901e+02
-3.273955e+02
-2.447275e+02
-2.564482e+02
-5.319221e+02
-8.572109e+02
9.882455e+00
1.140812e+01
2.437412e+02
2.581824e+02
-3.229594e+02
9.329569e+01
8.172393e+01
-2.183809e+02
4.321305e+01
5.991114e+01
-4.247244e+02
-4.481097e+02
-4.386391e+02
-3.414678e+02
-3.396147e+02
-3.355987e+02
-3.511873e+02
-3.559018e+02
-3.555289e+02
-1.820657e+02
-1.710642e+02
-1.726697e+02
-1.603724e+02
6.567918e+00
-3.503442e+02
-3.851388e+02
-5.752939e+00
-4.313523e+01
-3.704200e+01
-2.761503e+01
-3.053104e+01
-4.005875e+01
-3.577283e+01
-4.467066e+01
-4.142835e+01
-5.042715e+01
-4.545600e+01
-3.809881e+01
-3.776013e+01
-4.363341e+01
-3.689124e+01
-4.331581e+01
-3.838529e+01
-3.462180e+01
-3.477008e+01
-3.097337e+01
-3.126154e+01
-3.649748e+01
-2.732172e+01
-3.172747e+01
-3.528010e+01
2.524894e+02
2.507683e+02
-4.775561e+02
-4.638424e+02
-8.172675e+02
-1.569301e+02
-1.486607e+02
3.283969e+02
3.165799e+02
3.148617e+02
3.043934e+02
3.405284e+02
2.031615e+01
2.518778e+02
8.220598e+00
-6.814331e+00
-4.645910e+00
4.982499e+01
6.758949e+01
-5.500169e+02
-2.597432e+02
-2.758160e+02
-3.325960e+01
-3.502491e+01
-3.917311e+01
-3.632037e+01
3.020994e+02
2.921190e+02
2.906411e+02
2.749619e+02
1.601147e+02
1.513843e+02
1.697614e+02
-9.093711e+00
-5.479767e+01
9.488521e+01
8.175830e+01
9.375735e+00
5.417088e+00
6.213618e+01
7.665236e+01
5.218015e+02
7.119043e+00
6.314987e+00
1.198507e+01
1.713436e+01
-3.990332e+00
9.587558e-01
-1.170370e+00
-6.307705e+00
-1.231134e+01
-1.742159e+01
-1.417336e+02
-1.340289e+02
-3.297878e+01
2.357067e+02
2.159673e+02
-4.541542e+02
-4.440484e+02
-5.364100e+02
-5.361518e+02
-5.647186e+02
-1.015888e+03
-8.881493e+02
-9.742825e+02
-9.961664e+02
-9.902420e+02
-9.990531e+02
-1.003882e+03
-1.021532e+03
-1.010036e+03
-1.036720e+03
-9.675761e+02
-4.007087e+02
-4.048506e+02
-1.390481e+02
-1.243286e+02
3.776576e+02
3.379582e+02
6.613494e+01
6.876520e+01
8.184613e+01
2.187523e+01
3.126682e+02
6.215788e+00
2.803205e+02
2.631092e+02
2.818415e+02
3.067258e+02
-3.780271e+02
-3.775487e+02
3.149939e+01
-2.012879e+01
-2.233159e+01
-9.694204e+02
-9.309042e+02
3.250196e+02
-4.434144e+02
-4.312886e+02
-4.336981e+02
-4.190396e+02
-4.203723e+02
-4.059883e+02
-2.822378e+02
-2.632051e+02
-3.060331e+02
9.610086e+01
7.920542e+01
1.117211e+02
-6.407736e+00
2.520612e+02
-4.901719e+02
6.936255e+01
-2.875773e+02
-3.020089e+02
-2.887027e+02
-3.006737e+02
-2.838005e+02
-2.923741e+02
-2.724818e+02
-3.162757e+02
-3.106178e+02
2.100823e+02
2.070939e+02
2.313195e+02
2.206281e+02
2.409039e+02
2.043158e+02
2.165836e+02
2.006577e+02
1.985921e+02
1.945484e+02
1.814432e+02
1.715882e+02
1.738852e+02
-4.021541e+02
2.171067e+02
3.101791e+02
-2.856765e+01
-3.040123e+01
-2.466774e+01
-2.394702e+01
1.534877e+02
1.422595e+02
1.980335e+02
-3.915501e+02
-3.918644e+02
-2.376808e+01
3.279145e+02
-1.025070e+01
-7.935403e+00
-1.187279e+02
-1.103736e+02
-1.384532e+00
-3.451065e+01
-3.346995e+01
-3.310770e+01
-3.726147e+01
-4.012228e+01
-4.906528e+01
-5.383657e+01
-5.696890e+01
-6.358717e+01
-6.557421e+01
-7.267182e+01
-7.468534e+01
-8.195756e+01
-8.340031e+01
-9.031451e+01
-9.153380e+01
-1.001587e+02
-1.001900e+02
-1.077367e+02
-1.089729e+02
-1.170591e+02
-1.171299e+02
-1.236129e+02
-1.265438e+02
-1.330179e+02
-1.369652e+02
-1.438345e+02
-1.434430e+02
-1.501477e+02
-1.540130e+02
-1.631958e+02
-1.631657e+02
-1.697727e+02
-1.902265e+02
-1.808993e+02
-1.848913e+02
-1.912339e+02
-1.721338e+02
-2.051976e+02
-1.756513e+02
-5.421120e+02
-5.228816e+02
7.557025e+01
-3.890767e+02
-3.766947e+02
3.392205e+02
-4.065051e+01
-3.686140e+01
-3.671132e+01
-3.707908e+01
2.974126e+02
2.951306e+02
-1.376653e+01
9.384770e+01
7.875240e+01
-2.290344e+02
-1.502259e+02
-1.354790e+02
4.094867e+01
-1.385696e+00
1.652821e+02
-4.555977e+02
1.528559e+02
9.286317e+01
7.668636e+01
9.005261e+01
7.325657e+01
-9.251929e+02
-8.877339e+02
6.252475e+00
1.466484e+01
1.968613e+01
1.289521e+01
2.577302e+01
2.193838e+01
3.485153e+01
3.059896e+01
4.373583e+01
4.073245e+01
5.433205e+01
-1.484341e+01
-1.016267e+03
1.195417e+02
6.001903e+01
5.612358e+01
6.923226e+01
4.318713e+02
3.731811e+02
-3.886005e+02
-3.772458e+02
5.097117e+02
-2.974730e+02
-3.343227e+02
-3.223913e+02
-3.790821e+02
-6.070949e+02
2.214987e+02
-1.021965e+02
-9.625886e+01
-4.013411e+02
-3.645196e+02
-4.295339e+02
-4.042136e+02
-4.060633e+02
-1.315484e+02
4.366843e+02
4.191116e+02
-3.913061e+02
-3.623108e+02
-3.162008e+02
-3.859432e+02
-3.513950e+02
-3.762772e+02
-3.455709e+02
-3.709374e+02
-3.594564e+02
-3.420540e+02
1.433330e+02
1.336776e+02
2.656110e+02
2.725666e+02
2.705410e+01
3.114149e+01
4.465469e+01
-8.369660e+01
-4.107463e+01
-1.164576e+02
-3.550749e+02
-3.292642e+02
-3.391218e+02
-3.223638e+02
-3.307269e+02
-3.140849e+02
-3.158091e+02
-2.962782e+02
-3.005558e+02
-2.808123e+02
-2.789061e+02
-2.598017e+02
-2.629646e+02
-2.427286e+02
-2.456054e+02
-2.179638e+02
-2.195377e+02
-2.018486e+02
-2.050982e+02
-1.888386e+02
-1.916845e+02
-1.677435e+02
-1.712886e+02
-1.557708e+02
-1.566343e+02
-1.700057e+02
2.640575e+02
-5.582231e+01
-1.081287e+01
-9.016945e+00
-2.419132e+02
-2.000389e+02
-1.991089e+01
-2.065848e+01
-2.173804e+01
-1.824159e+01
-1.973819e+01
-1.567996e+01
-1.632824e+01
-1.421356e+01
-1.424596e+01
-1.331813e+01
-1.766725e+01
-3.689405e+02
-3.557036e+02
-4.341659e+01
4.686642e+01
6.197345e+01
-2.903749e+02
-2.675457e+02
6.744797e+01
7.675375e+01
3.998130e+01
1.415856e+02
-4.346982e+02
1.438582e+02
-2.494623e+01
1.313294e+02
5.730194e+01
-8.765130e+02
-8.424065e+02
1.502413e+02
-1.558754e+02
1.907119e+02
1.884933e+02
-1.184534e+02
-1.347306e+02
-1.453748e+02
-1.437013e+02
1.401467e+02
2.536946e+02
-5.384303e+02
-5.155119e+02
-4.978459e+02
2.848322e+02
2.657590e+02
-2.980092e+02
3.208174e+02
3.042114e-01
-1.689762e+01
-3.845353e+01
-3.857033e+01
1.944262e+02
-2.030798e+02
7.038842e+01
2.828755e+02
-4.071730e+02
-4.435885e+02
6.663953e+01
1.765464e+00
-3.833098e+01
1.325954e+02
1.247920e+02
1.611082e+02
1.468362e+02
1.180048e+02
1.180866e+02
1.342579e+02
1.098553e+02
1.233634e+02
1.049430e+02
-1.773307e+02
-4.452368e+02
3.811415e+01
-3.287485e+02
-2.111969e+02
-2.390855e+02
-2.029027e+02
3.339423e+02
-1.265754e+01
-1.191761e+01
5.386987e+01
-9.153789e+02
-1.494827e+02
-3.260652e+02
-8.779145e+01
-8.364652e+01
-9.144182e+01
-8.098927e+01
-6.864362e+01
-6.687410e+01
-1.611382e+01
-3.687971e+02
-3.585057e+02
-2.981937e+01
-2.468606e+02
-2.194792e+02
-2.301565e+02
-2.868765e+02
-3.911063e+02
-1.938734e+00
-2.521345e+02
-5.698756e+02
-1.104210e+02
-2.916697e+02
-3.579912e+02
-3.071139e+02
-9.400648e+01
-2.900945e+02
6.272799e+02
-2.775320e+01
1.105994e+02
1.005214e+02
-3.815626e+02
-1.854498e+02
-1.477902e+01
-1.727979e+01
-1.039063e+01
-8.482876e+00
4.282092e+02
-4.181997e+01
-1.104394e+02
3.862213e+02
-1.377890e+02
2.594817e+01
1.879897e+02
-9.499269e+01
-5.086252e+02
1.214217e+02
-6.735893e+01
-6.494356e+01
3.508346e+02
4.756466e+02
1.309994e+02
1.210115e+02
9.591494e+01
1.068009e+02
-4.991935e+02
-6.214043e+02
2.700636e+01
1.592280e+00
4.856776e+01
-3.122031e+02
3.442162e+02
3.621149e+02
-1.000313e+02
-1.331238e+02
-1.737225e+02
-2.237073e+02
8.007958e+01
9.033799e+01
8.446409e+01
9.965824e+01
1.014065e+02
1.139725e+02
8.404284e+01
1.376993e+02
-1.042015e+03
-1.050057e+03
-1.159273e+03
-1.095251e+03
-1.065394e+03
-1.104136e+03
-2.525362e+02
-1.607786e+02
-7.270606e+02
2.990822e+01
2.850955e+01
2.255468e+02
-3.170021e+01
-6.349569e+02
-6.455826e+02
-6.178034e+02
-6.288387e+02
-6.691444e+02
-5.640468e+02
2.431641e+01
3.426938e+01
8.716369e+01
9.454376e+01
1.007973e+02
1.083048e+02
1.144642e+02
-1.437159e+02
-8.347374e+01
2.488042e+01
1.479698e+02
2.187569e+02
-4.087363e+02
-3.713299e+02
2.574479e+02
1.574288e+02
1.698694e+02
-6.516616e+01
1.270571e+02
9.211067e+01
9.733963e+01
8.555784e+01
9.227979e+01
1.212623e+02
1.260914e+02
1.170987e+02
-2.608158e+02
6.065883e+02
5.499176e+02
-3.817625e+01
-1.541735e+01
-1.432737e+01
-7.179168e+02
-4.576867e+01
-9.534902e+01
-6.763387e+01
-4.114702e+02
-3.930604e+02
-3.816767e+01
1.229278e+02
6.420733e+01
2.055362e+01
-1.383874e+02
1.153955e+02
2.835471e+01
3.345634e+01
2.441213e+01
5.868990e+01
-5.657065e+01
4.861820e+02
3.797641e+02
4.034126e+02
3.844014e+02
3.999344e+02
3.748571e+02
4.336765e+02
4.658762e+02
4.053554e+02
3.962078e+02
5.026442e+02
4.327222e+02
4.466261e+02
4.734676e+02
4.865252e+02
5.038273e+02
4.690577e+02
5.303101e+02
5.878515e+02
5.054848e+02
9.485778e+02
6.516493e+02
9.524240e+02
9.125221e+02
9.379939e+02
8.975493e+02
9.624338e+02
9.094971e+02
8.703700e+02
8.764503e+02
8.389193e+02
8.379677e+02
8.037683e+02
8.748647e+02
8.010387e+02
7.685329e+02
7.713291e+02
7.371603e+02
5.462005e+02
4.446148e+02
7.295495e+02
6.995507e+02
7.064181e+02
6.705143e+02
6.770885e+02
6.429936e+02
6.333749e+02
6.091869e+02
6.088839e+02
5.850151e+02
6.442159e+02
5.651671e+02
5.581691e+02
5.468400e+02
5.026010e+02
5.204458e+02
4.617188e+02
8.567632e+02
5.729220e+02
5.749353e+02
4.728890e+02
4.648218e+02
4.059997e+02
3.946088e+02
4.048383e+02
3.947562e+02
3.161570e+02
3.849569e+02
4.030291e+02
3.974322e+02
3.123029e+02
4.171711e+02
2.946075e+02
3.747859e+02
2.909237e+02
4.052182e+02
4.473391e+02
4.534388e+02
-3.821602e+02
2.314934e+02
-1.924488e+02
-6.565130e+02
-4.626166e+02
-3.882568e+02
-4.223542e+02
-1.351950e+02
1.335096e+02
2.260389e+02
6.486658e+02
4.905465e+02
7.092653e+02
1.795901e+02
2.983618e+02
4.989647e+02
3.658181e+02
-6.027819e+02
-1.172100e+02
-1.660084e+02
-1.518549e+02
3.548837e+02
3.728854e+02
-4.677024e+01
1.588796e+02
-3.862701e+01
-3.895075e+01
5.396107e+02
3.162442e+02
-1.819866e+01
3.141367e+01
4.896372e+01
1.571743e+02
1.564106e+02
2.464125e+01
8.003167e+01
8.331016e+01
-1.088800e+03
-7.056708e+01
-1.426527e+02
-3.064096e+01
3.075296e+02
2.835503e+02
2.773518e+02
2.724608e+02
-5.788993e+02
-5.988348e+02
4.240370e+02
6.835132e+02
-8.267888e+02
-7.972071e+02
-8.124226e+02
-7.698661e+02
-1.207242e+02
1.746138e+02
1.932568e+02
7.816585e+01
4.193622e+01
2.228846e+02
-9.527217e+02
1.238289e+02
1.420274e+02
1.656284e+02
8.229202e+01
1.935327e+02
6.115464e+01
-1.649645e+02
-1.410754e+02
3.255667e+01
-2.348343e+02
-2.782898e+02
-3.303537e+02
-4.107119e+02
-2.050629e+02
-2.468797e+02
-3.345662e+02
-9.979292e+01
-1.367282e+02
-1.448671e+02
-3.785624e+02
6.871639e+02
7.153778e+02
6.081219e+02
6.724470e+02
3.663821e+01
-2.839638e+02
-3.456809e+02
-3.331719e+02
-2.311122e+02
-2.366237e+02
-2.423375e+02
-2.680897e+02
-2.264298e+02
-4.086579e+01
-3.825592e+01
4.097763e+02
-8.559071e+01
-1.996985e+02
1.324141e+02
2.850960e+02
2.862810e+02
3.618903e+02
-1.374096e+01
-1.206168e+01
-1.018028e+01
-1.257584e+01
-6.327987e+00
-7.053707e+00
-2.172530e+02
-1.989198e+02
-3.168933e+02
-3.187602e+02
-1.152731e+02
-1.199722e+03
-1.300577e+03
1.959808e+02
-8.967093e+01
-2.084681e+01
-1.003378e+02
-4.282758e+02
-5.663453e+01
-7.533698e+02
-7.298538e+02
-7.420658e+02
-7.031641e+02
-7.181008e+02
-6.811095e+02
-6.879337e+02
-6.919550e+02
-6.578348e+02
-6.438342e+02
-6.237173e+02
-6.063309e+02
-5.883542e+02
-5.605154e+01
-5.461636e+01
-5.478495e+02
-5.668852e+02
-4.251679e+02
-3.892031e+02
-3.228676e+02
-3.947282e+02
-3.482002e+02
-3.441468e+02
-1.255918e+02
2.712981e+02
1.763620e+02
2.637069e+02
2.539064e+02
-4.731384e+00
-2.223741e+02
-1.118989e+02
4.118757e+02
-8.941451e+02
-1.329240e+01
-2.178032e+02
-2.133951e+02
-2.224585e+02
3.277268e+02
3.063041e+02
3.239835e+02
3.985208e+02
4.202748e+02
-4.405504e+02
-3.953451e+02
2.541505e+02
-3.940164e+02
-1.914518e+02
-3.617130e+02
-3.522718e+02
6.698421e+02
1.735512e+01
-4.233404e+01
-4.624218e+01
1.225707e+02
9.691471e+01
4.987315e+01
5.489578e+02
-3.384674e+02
1.016176e+02
1.477848e+01
2.307596e+01
1.088152e+02
-4.292279e+02
-4.378354e+02
-4.561529e+02
9.229290e+01
8.105523e+01
4.404834e+02
4.298316e+02
-4.834535e+01
1.760299e+02
1.776003e+02
2.230650e+02
-3.457807e+02
-3.818299e+02
-4.408780e+02
-3.861631e+01
-2.971941e+02
-2.706088e+02
-2.459159e+02
-2.508332e+02
-2.267522e+02
-2.347504e+02
-2.112400e+02
-2.088865e+02
-1.952472e+02
-1.923045e+02
-1.799869e+02
-1.778497e+02
-1.653506e+02
-1.639666e+02
-1.491645e+02
-1.505555e+02
-1.383739e+02
-1.387345e+02
-1.290289e+02
-1.280252e+02
-1.182373e+02
-1.160624e+02
-1.065931e+02
-1.027596e+02
-9.360537e+01
-3.774917e+02
-3.881309e+02
2.396928e+01
3.230401e+01
4.113112e+01
4.086533e+01
-4.616496e+02
-4.754899e+02
-3.651125e+02
4.066515e+01
-6.719034e+02
1.983367e+02
2.023262e+02
1.793199e+02
2.287706e+02
2.042130e+02
-3.273074e+02
-2.908824e+02
-7.845981e+01
5.997607e+02
5.954678e+02
-1.308783e+01
-1.512573e+01
-7.978670e+02
-3.123176e+02
1.015174e+01
-6.687585e-01
9.913844e+01
9.137255e+01
-6.263812e+01
-5.213306e+01
7.492498e+01
1.208995e+02
6.564826e+01
-3.777188e+02
3.655381e+02
1.626887e+02
1.731599e+02
2.671147e+02
2.543849e+02
-8.974043e+01
6.937610e+02
3.775659e+02
3.100976e+02
3.186398e+01
3.240638e+02
2.986193e+02
-4.279034e+01
-4.272433e+01
8.578166e+01
-4.737586e+02
-4.551574e+02
2.436990e+02
2.421406e+02
1.062730e+02
-7.442712e+02
4.271757e+02
4.137072e+02
4.011625e+02
3.938465e+02
4.569319e+02
3.880721e+02
3.752047e+02
3.766839e+02
3.573865e+02
3.708706e+02
3.388724e+02
3.367290e+02
3.342776e+02
2.925594e+02
2.563609e+02
-4.337212e+02
1.747590e+02
1.856782e+02
5.780138e+02
2.254737e+01
-1.569815e+01
-1.862224e+01
1.357997e+02
-3.687980e+02
-3.713507e+02
-3.820214e+02
-3.664964e+02
-4.783160e+02
-5.338569e+02
-2.578000e+02
4.121745e+01
-8.093846e+01
-7.225789e+00
1.403651e+02
1.193970e+01
1.691370e+01
8.986092e+00
7.813512e+00
-7.539994e+02
2.373999e+02
-4.609690e+02
-1.726839e+02
-3.344957e+02
7.127582e+02
-3.442730e+02
-3.480518e+02
-4.210756e+02
-9.593349e+00
-9.347790e+00
-7.693393e+00
-5.284457e+00
-3.192785e+02
-3.620551e+02
-1.224332e+01
4.198498e+02
3.514543e+02
-1.340005e+02
-1.429303e+02
-1.285696e+02
4.783293e+02
4.943866e+02
1.302418e+02
1.084300e+02
-8.136745e+01
-2.289309e+02
1.109491e+02
9.458053e+01
-8.674544e+00
-9.154530e+00
6.576065e+02
2.235743e+02
2.373556e+02
-3.600673e+02
-8.608723e+00
1.751239e+02
5.568045e+01
2.731085e+02
4.420798e+02
1.902180e+01
1.801906e+02
-7.522003e+00
-1.511000e+01
-7.266034e+00
2.610045e+02
6.493855e+02
6.023110e+02
6.999810e+02
7.555366e+02
6.393018e+02
7.936667e+02
4.976598e+02
1.026394e+03
7.437323e+02
1.097060e+03
1.024446e+03
1.025420e+03
1.109122e+03
1.049108e+03
1.040512e+03
1.096314e+03
1.069749e+03
1.015288e+03
1.012647e+03
9.589523e+02
1.310751e+02
-3.002011e+01
-3.893268e+01
-3.441355e+01
-3.344361e+01
-2.452586e+01
-4.235921e+01
-2.981266e+02
-3.848360e+02
-8.676959e+01
1.634281e+02
-4.427515e+02
-1.589534e+02
-1.502011e+02
-1.725933e+02
-1.704553e+02
-1.749232e+02
-1.489965e+02
-2.242990e+02
-2.121254e+02
-5.607199e+02
-5.462181e+02
-1.987739e+01
-1.431072e+01
-2.254993e+01
-1.610472e+02
-1.773202e+02
1.059558e+02
-6.060967e+02
1.425636e+02
-3.661102e+02
-5.654622e+01
-1.018302e+02
-1.058851e+02
-5.040518e+02
-5.326203e+02
1.639433e+02
3.288260e+02
-1.404454e+01
3.309574e+01
3.912575e+02
4.057930e+02
2.607861e+02
2.331091e+02
2.300336e+02
-9.649568e+01
6.007436e+00
7.962546e+00
-5.273647e+02
-5.826306e+02
-6.165832e+02
3.646460e+02
3.645315e+02
1.816347e+02
-3.378371e+02
-2.207621e+02
-2.057944e+02
-1.884690e+02
-1.805765e+02
6.261522e+01
2.997428e+02
2.918768e+02
3.084986e+02
3.213630e+02
-5.381160e+01
-7.902769e+01
-4.731673e+01
1.365352e+02
-2.380613e+01
-2.103305e+02
-1.900208e+02
-4.618419e+02
-4.760745e+02
4.395038e+02
-3.020402e+01
-2.890846e+01
2.105301e+02
-6.171160e+00
-7.962499e+00
2.635220e+02
1.260604e+02
4.311544e+02
-1.004365e+02
-4.266561e+02
-4.322863e+02
4.293523e+01
9.973568e+01
9.986148e+01
-2.792652e+02
4.190698e+01
3.351010e+01
3.109768e+01
-3.574256e+02
-7.289555e+01
-3.774611e+01
-4.635602e+01
-4.237902e+01
-4.089719e+01
-3.718070e+01
-3.736598e+01
-3.607550e+01
-8.450043e+01
-1.036419e+02
5.762775e+02
-5.551735e+02
2.672979e+01
1.866348e+01
-8.730011e+02
-1.203557e+02
-1.814965e+02
-1.961974e+01
-2.316018e+02
-5.155755e+02
-7.586825e+02
-9.150734e+01
-1.099216e+02
7.964308e+01
-3.100090e+01
-3.493951e+01
5.724594e+02
-3.248677e+02
-6.408496e+02
2.373795e+01
2.040892e+02
5.264757e+02
3.554278e+02
3.724720e+02
-1.038035e+03
-7.476315e+02
-1.081441e+03
-1.278355e+03
2.513826e+02
2.407103e+02
-1.660294e+00
-1.633772e+02
-1.593237e+02
-3.948623e+02
-1.227318e+02
-4.566122e+01
-5.183366e+01
-4.647089e+01
3.354978e+01
-4.462590e+02
-4.653068e+02
4.441711e+01
9.441454e+02
8.973037e+02
4.101846e+02
4.220260e+02
-2.487757e+02
-6.136204e+01
-3.250793e+02
-2.988048e+02
-1.510140e+01
-1.808931e+01
-1.312690e+02
-3.819252e+01
-5.809495e+00
8.868393e+01
8.929923e+01
7.893002e+01
7.892067e+01
7.059522e+01
6.613630e+01
4.013555e+02
4.741311e+01
6.778163e+02
3.276682e+02
3.824694e+02
-4.692186e+02
8.538291e+01
8.130405e+01
7.438885e+01
7.245391e+01
-4.161165e+02
-1.956986e+02
1.239841e+03
1.132001e+03
1.163077e+02
-5.729295e+02
3.995766e+02
-1.497577e+02
-1.361172e+02
2.878678e+02
2.737608e+02
-3.034113e+02
-2.031660e+01
-1.127433e+01
9.280459e+01
8.306507e+01
-1.697899e+02
1.263263e+02
-1.020718e+01
-1.212340e+03
5.025516e+01
1.239917e+02
1.344825e+02
1.141676e+02
5.679238e+02
5.495450e+02
5.948471e+02
-6.172800e+02
-3.174841e+02
-6.144766e+02
-6.577157e+02
-2.073096e+02
3.478452e+02
6.476599e+02
6.275000e+02
-4.526955e+01
-5.049257e+01
1.806784e+02
1.836770e+02
-5.074707e+01
2.770210e+02
-2.063443e+02
3.143920e+02
-4.179001e+01
4.991876e+00
-2.163071e+01
-1.022464e+01
-5.278021e+02
-5.392587e+02
-7.145076e+00
1.753718e+02
1.860680e+02
1.943296e+02
1.965780e+02
-6.298580e+01
4.138581e+02
2.067045e+02
2.003598e+02
1.920314e+02
1.998904e+02
-2.644534e+02
4.227544e+02
3.056458e+02
7.380245e+01
6.628922e+01
-1.331635e+02
-3.421256e+02
-6.060754e+02
-3.361187e+01
-3.239767e+01
-3.686478e+01
3.352836e+02
-3.362704e+02
-3.442029e+02
-1.821581e+02
2.635819e+02
3.095762e+02
3.201424e+02
-2.031047e+02
-1.912053e+02
-5.122565e+02
-5.050829e+02
-8.202224e+01
-9.656283e+01
3.955298e+02
3.800260e+02
-4.177492e+02
-4.092192e+02
2.100293e+02
2.088916e+02
1.379437e+02
5.843168e+01
5.700092e+01
5.172235e+01
4.690929e+01
1.647288e+01
9.958584e+00
2.533694e+00
3.250555e+00
-5.964697e+00
3.646709e+02
-4.030276e+02
-3.954893e+02
1.994443e+02
6.858867e+01
3.757878e+01
6.677278e+02
1.592279e+01
1.364178e+01
1.429575e+02
1.385001e+02
-4.968613e+02
-2.264414e+01
2.609543e+02
2.659982e+02
1.143456e+03
1.924576e+02
-6.217656e+00
-2.090169e+02
4.118969e+02
-1.055024e+03
-1.056620e+03
3.582804e+01
-9.887427e+00
5.249569e+02
3.538977e+02
-3.349597e+01
-4.410232e+02
-3.877467e+01
8.773986e+02
8.402267e+02
3.164958e+01
8.606311e+02
8.064096e+02
2.218859e+02
-2.717400e+02
3.187185e+02
2.017576e+02
2.300538e+02
-7.028916e+02
-6.541759e+02
-8.580642e+00
-5.019132e+00
-8.636302e+01
-8.464526e+01
2.563327e+02
2.686204e+02
-9.883535e+01
2.955890e+02
2.926474e+02
2.854521e+02
2.744881e+02
1.365684e+02
1.469218e+02
4.786006e+02
2.323314e+02
1.593652e+02
-3.702584e+02
6.651683e+02
-4.941030e+02
-2.923668e+02
2.102934e+02
1.105407e+03
-3.312242e+02
-5.521675e+02
-5.478885e+02
-3.174730e+02
-2.831095e+02
-2.704995e+02
-1.192090e+03
-1.254235e+03
-4.602471e+02
-4.237401e+01
-3.957833e+01
1.883396e+01
4.120612e+02
-1.209124e+02
7.099591e+01
7.402296e+01
-2.165072e+02
5.717645e+01
6.221173e+01
-2.009142e+02
-2.056035e+02
-3.734401e+01
-3.282796e+01
-2.694356e+01
-2.557310e+01
1.398580e+02
-3.787063e+02
5.963221e+02
5.818581e+02
-1.897875e+00
-6.222021e+01
-9.790160e+01
-9.068510e+01
-2.327731e+01
6.315230e+01
6.633745e+01
5.699616e+01
-4.984519e+02
-5.548468e+02
-8.008638e+01
-1.002652e+02
-7.009190e+01
-1.750233e+02
-1.496150e+02
-1.333210e+02
-1.292568e+02
-1.076956e+02
1.971563e+01
6.507186e+01
7.398901e+00
-2.073562e+01
-1.904001e+01
-1.513946e+01
6.154080e+02
5.891167e+02
-4.021212e+01
9.663340e+02
-3.261734e+02
-3.540163e+02
3.003456e+02
1.793981e+02
1.698100e+02
4.267640e+02
4.285877e+02
7.712526e+00
2.880249e+02
8.369978e+01
1.185555e+02
1.026114e+02
-1.267836e+03
-1.644292e+03
-1.831694e+01
-4.022999e+02
-4.791836e+02
6.702010e+02
7.360931e+02
7.078269e+02
1.561281e+02
-7.331004e+02
-7.462824e+02
-7.024264e+02
-8.027318e+02
-7.176666e+02
-8.814072e+02
-7.819975e+02
-4.549413e+02
-4.332534e+02
-5.386794e+01
-5.893640e+01
-3.523716e+02
-4.625001e+02
-3.239394e+02
-4.837588e+00
1.068264e+01
2.209743e+02
-2.011522e+02
-1.791741e+02
-1.691036e+02
-2.247778e+02
-1.572740e+02
-1.478215e+02
-8.208117e+01
4.054472e+02
-3.513509e+02
-5.387420e+01
-5.738546e+01
2.047765e+01
4.328919e+01
-2.145849e+02
-2.428869e+02
-4.644547e+02
-2.689100e+01
-1.431840e+01
-8.261089e+00
2.296029e+02
2.190673e+02
-2.370909e+01
-6.992579e+00
-7.276881e+02
-7.401493e+02
5.201990e+02
5.438696e+02
5.142831e+02
5.689540e+02
5.319484e+02
4.980626e+02
4.292001e+02
4.498005e+02
-1.769993e+02
-3.231565e+02
-3.489591e+02
3.089795e+02
3.232023e+02
8.124661e+00
4.926631e+01
-2.741971e+01
3.873801e+02
4.231545e+02
-3.406018e+02
1.270711e+03
-1.323992e+02
-1.259675e+02
-1.330903e+02
-3.229477e+02
-3.419025e+02
-1.306022e+03
-5.604771e+02
9.263188e+02
2.944832e+02
2.230450e+02
2.209631e+02
2.241791e+01
4.105328e+02
3.375415e+02
3.373132e+02
1.387872e+01
1.268177e+02
-1.623246e+02
1.333123e+01
-1.462449e+02
-1.752366e+02
-1.831721e+02
-1.730607e+02
6.898765e+01
7.240631e+01
-3.023224e+02
5.315528e+02
5.175589e+02
5.658545e+02
5.034574e+02
-1.792810e+01
-1.955261e+01
-5.113827e+02
-5.225894e+02
-5.135073e+02
-5.366553e+02
-7.348500e+00
9.720428e+01
7.016455e+01
-2.559998e+01
-1.571696e+01
-2.029678e+01
-1.210206e+01
-1.624771e+01
3.137229e+01
2.554627e+02
-4.037593e+02
-5.533340e+00
9.902956e+01
-5.596682e+02
-7.008029e+02
-6.745093e+02
-4.735165e+02
5.954833e+02
5.514966e+02
6.237031e+02
5.748823e+02
5.153403e+02
6.526767e+02
5.969794e+02
-6.956924e+02
7.538886e+01
6.963543e+01
7.830145e+01
1.223614e+02
1.166229e+02
-2.850385e+02
-2.955112e+02
-2.824158e+02
-2.575284e+01
-7.609911e+00
-5.113548e+01
-5.495458e+01
-2.315037e+02
-2.113681e+02
-2.233278e+02
2.273582e+01
7.707249e+02
-2.551809e+01
-3.391728e+02
5.681115e+02
-3.113403e+02
2.227738e+02
1.447190e+02
1.719306e+02
1.404698e+02
1.712118e+02
-4.427672e+02
1.123369e+02
7.452159e+02
5.028898e+02
2.447204e+02
4.897953e+01
-5.481414e+02
-3.723311e+02
-5.885060e+02
-4.671074e+01
1.307701e+03
1.079654e+03
-3.878352e+01
2.434125e+01
3.932419e+02
8.285093e+02
-2.542452e+02
3.307149e+00
2.581376e+02
1.732550e+02
-3.812809e+01
-3.489502e+01
2.936489e+02
2.777169e+02
2.750587e+02
1.070257e+01
5.695409e+00
-1.110446e+02
-1.940018e+02
-1.251592e+02
-4.676111e+01
-1.010140e+01
1.950228e+01
1.368072e+01
5.474140e+00
-4.580405e+01
1.691181e+02
-6.551028e+00
8.814381e+00
-2.470204e+01
5.582986e+01
5.503269e+02
-2.349432e+02
-2.462487e+02
-7.594359e+02
2.230698e+02
-5.480068e+01
-6.283922e+01
-6.191669e+01
-7.570049e+01
-7.371421e+01
-6.817307e+01
-7.828389e+01
-8.430120e+01
5.279131e+02
1.508503e+02
4.061921e+01
2.153641e+01
5.150792e+01
-6.512328e+02
4.101337e+02
1.028155e+02
-2.407494e+02
-2.634804e+02
-2.396487e+02
-2.726895e+02
-2.895955e+02
-2.003200e+02
-6.049187e+00
1.481833e+02
1.432559e+02
1.680684e+02
1.373490e+02
1.570678e+02
-1.127311e+02
1.593794e+02
2.058177e+02
-2.557081e+02
7.513079e+01
-4.158924e+02
-5.986066e+01
-6.353002e+01
-6.859921e+01
-7.178638e+01
-3.958894e+00
-1.189947e+01
-4.228179e+02
1.286138e+02
-3.934155e+02
-3.619085e+02
-3.651690e+02
-3.822094e+02
-3.502222e+02
-3.490135e+02
-3.363097e+02
2.632896e+02
-3.358904e+01
3.676071e+02
-2.820549e+02
-1.713895e+01
-1.704395e+02
-1.428851e+02
-2.848407e+02
4.973115e+02
-6.538675e+01
9.167645e+02
-2.841911e+02
-2.728180e+02
-2.699301e+02
-2.615334e+02
-2.581030e+02
-2.514007e+02
-2.436114e+02
-2.395117e+02
-2.392412e+02
-2.287395e+02
-2.262046e+02
-2.189088e+02
-2.150447e+02
-2.084088e+02
-2.075795e+02
-1.978146e+02
-1.976081e+02
-1.884605e+02
-1.866386e+02
-1.788380e+02
-1.775042e+02
-1.693422e+02
-1.669166e+02
-1.599033e+02
-1.573086e+02
-1.506000e+02
-1.478453e+02
-1.414236e+02
-1.385140e+02
-1.323459e+02
-1.293754e+02
-1.233687e+02
-1.203006e+02
-1.144727e+02
-1.113203e+02
-1.056503e+02
-1.027466e+02
-9.697159e+01
-9.420853e+01
-1.173887e+02
1.742615e+02
-4.261955e+01
-4.754982e+01
-4.369764e+01
-5.756061e+01
-3.904884e+02
4.105758e+01
-1.101271e+03
-1.042090e+03
-9.852945e+02
-1.108528e+03
-5.689135e+02
1.007447e+03
9.653365e+02
2.026233e+02
1.921159e+02
4.168924e+02
1.579739e+02
1.596360e+02
2.465182e+02
1.934969e+02
-2.054664e+01
-2.031947e+02
9.493688e+01
9.570732e+01
8.281415e+01
-2.663505e+02
-4.164605e+01
-3.205562e+02
-3.222541e+02
-1.423770e+02
-2.986690e+02
4.766600e+02
4.154763e+02
-4.282997e+01
1.292125e+02
1.081768e+02
9.562395e+01
8.826231e+01
9.587595e+01
8.041582e+01
6.727709e+01
8.221819e+01
7.509402e+01
-5.133812e+02
3.829213e+02
3.817112e+02
-2.679331e+02
-3.365071e+02
-2.871101e+02
2.522609e+02
-4.578267e+02
-2.654448e+02
-9.925935e+02
-2.246484e+00
-6.780015e+00
-5.532483e+01
-4.147727e+01
-3.658825e+01
-1.881887e+01
-3.976731e+02
2.291761e+02
4.169466e+02
-1.144232e+02
1.620908e+02
-8.850098e+01
-7.135574e+01
1.171497e+02
1.077066e+02
-1.025536e+02
-9.839183e+01
-1.126955e+02
-1.094021e+02
-1.060969e+02
-3.852823e+01
-1.178815e+02
-6.464609e+02
3.716244e+02
-3.834810e+02
-1.084557e+03
-3.341517e+02
-3.477572e+01
-2.934080e+00
-1.246929e+01
-9.435183e+00
-1.509251e+01
-1.336137e+01
-1.749781e+01
-1.756290e+01
-2.274728e+01
9.028163e+01
-2.290242e+02
-2.841114e+02
-1.114697e+02
7.421839e+01
-2.320759e+02
-6.650730e+01
-2.685932e+02
-2.475304e+02
-2.373273e+02
-6.954941e+01
-2.251890e+01
7.437901e+02
7.567589e+02
7.541686e+02
7.689722e+02
7.792802e+02
7.937918e+02
7.892636e+02
7.669000e+02
2.348748e+02
2.318105e+02
2.594297e+02
1.504680e+02
3.929017e+02
3.756203e+02
3.806632e+02
3.609114e+02
3.617751e+02
9.893480e+01
6.644195e+02
8.139169e+02
-3.099668e+02
-5.280351e+02
-5.480808e+02
-2.873777e+02
5.230144e+01
8.096942e+01
-1.217867e+02
-1.056009e+02
-9.824115e+01
-1.039188e+02
-7.298419e+01
-5.421846e+01
-9.399443e+01
3.972109e+02
-7.740488e+01
4.763860e+01
-4.899783e+01
6.861829e+02
3.587508e+02
3.469424e+02
1.045765e+02
9.590773e+01
-1.554752e+01
1.503826e+02
7.552872e+01
2.345117e+01
-5.251876e+01
-2.435017e+02
-2.380675e+02
-1.014993e+01
-1.079181e+01
-2.266833e+01
4.253256e+02
-5.462574e+02
-5.694297e+02
-5.216417e+02
-2.456269e+01
-6.936353e+02
-7.351075e+02
2.206907e+02
-1.543882e+01
-4.861879e+02
-4.703119e+02
2.956717e+01
-6.103983e+01
-3.054407e+01
1.587678e+01
-3.972129e+02
-4.335071e+02
-5.046216e+02
1.479625e+02
1.336858e+02
-5.856883e+01
1.979223e+02
-5.645161e+02
2.040895e+02
3.945371e+01
3.927663e+00
1.046866e+02
-6.272241e+02
3.463603e+01
3.659952e+01
3.826717e+01
-4.035584e+02
1.776525e+02
1.672414e+02
6.000058e+02
-5.444017e+02
-5.614138e+02
4.489179e+02
4.699158e+02
6.290905e+01
2.054304e+02
-4.926619e+02
7.417011e+02
-1.714255e+02
2.458592e+02
-4.141605e+02
5.667782e+02
1.523922e+02
1.546566e+02
3.886897e+02
-6.417156e-01
4.217220e+02
4.309866e+02
7.596418e+02
-5.648788e+02
-5.835288e+02
-1.339971e+02
-1.444028e+02
6.207015e+02
-1.646066e+02
1.267294e+02
1.048571e+02
9.700931e+01
-3.124897e+02
1.248690e+02
2.568744e+01
-5.875121e+02
2.023123e+02
1.038610e+02
-7.813144e+00
-1.962357e+02
1.306877e+02
-1.672632e+02
1.125741e+03
1.143168e+03
1.048859e+02
1.118533e+02
-4.841573e+00
-1.741805e+01
-6.909831e+02
1.178123e+02
2.590983e+02
-6.777259e+02
4.658721e+02
-1.096011e+02
1.770618e+02
-2.293263e+02
-4.313039e+00
4.755904e+02
9.518432e+01
1.041059e+02
2.166691e+02
-1.542085e+01
1.250410e+02
-9.451008e+02
-9.042896e+02
-5.849207e+02
2.703258e+02
-4.330220e+02
-2.687612e+02
7.147232e+02
-3.455611e+02
6.262278e+02
-5.508468e+02
-5.897647e+02
9.929088e+02
1.769832e+00
3.941725e+00
-4.229530e+00
8.108126e-01
2.490735e+00
7.990201e+01
6.587036e+01
3.713828e+02
-3.659765e+01
-7.341741e+02
-3.543127e+02
1.374093e+02
-5.861392e+02
1.048290e+02
3.074229e+02
2.372668e+02
3.466850e+02
2.791520e+02
2.685379e+02
-1.532348e+02
-6.265511e+01
-7.281901e+01
2.303355e+02
2.154290e+02
1.846600e+02
-4.462311e+02
-8.553219e+01
-2.119466e+02
-3.369872e+02
2.139221e+02
-4.920005e+02
6.566372e+02
-1.747929e+02
6.376445e+02
-1.258967e+01
-2.396263e+01
3.394195e+00
1.099966e+02
-2.133345e+01
-3.165839e+01
-6.046848e+02
-2.036424e+02
2.548335e+02
3.906211e+02
-4.010347e+01
-4.039723e+01
9.032058e+00
1.947993e+01
-3.358316e+02
2.477536e+02
-8.350299e+01
-1.794984e+01
-1.714590e+02
6.572954e+01
4.551875e+01
-5.643652e+02
7.752945e-01
-5.046482e+02
-1.865505e+01
-6.795406e+01
-7.607223e+01
-7.091482e+02
8.138596e+02
8.275377e+02
3.131337e+02
-1.135709e+02
-9.067198e+02
-2.310712e+02
-5.704801e+02
-1.120849e+02
-8.832023e+01
1.155463e+02
-1.505864e+02
2.230050e+02
2.116466e+02
-1.353223e+02
2.199856e+02
-1.980230e+01
4.221808e+02
4.077569e+00
-8.574081e+00
-1.258234e+01
3.109473e+02
-5.273006e+02
-6.028892e+02
-9.921260e+01
2.032491e+02
2.086595e+02
2.266718e+01
1.087529e+02
1.586673e+02
2.992447e+02
-1.615475e+02
-1.626035e+02
-1.752794e+02
-1.714176e+02
-1.384414e+01
-1.299010e+01
-4.430842e+00
-6.427980e+00
-8.179409e+00
-7.916293e+02
-6.964321e+01
-6.912780e+01
2.480487e+02
5.240990e+02
6.223237e+02
1.814982e+02
1.487152e+02
-2.362598e+01
-3.713531e+01
-3.355899e+02
-3.540350e+02
-2.756421e+01
-3.295850e+02
-8.335080e+00
-7.040775e-01
5.273909e+02
5.930254e+01
2.997898e+02
-7.179540e+02
-5.374518e+02
-1.385205e+01
-8.546155e+00
7.757443e+01
-4.123571e+02
-1.515376e+01
-1.355333e+01
5.184775e+01
-2.228593e+02
-2.479542e+02
-1.988002e+02
-2.563007e+02
2.272192e+02
-9.367533e+02
-8.659437e+02
-8.293701e+02
-8.019697e+02
-6.476038e+02
-5.245938e+01
-4.300807e+02
-7.871808e+02
-3.638232e+01
6.620497e+01
5.495466e+01
2.485760e+01
3.684381e+01
5.215484e+00
4.315956e+02
-4.126932e+02
-1.039695e+02
-8.842284e+01
2.586632e+02
-2.730037e+01
-7.915691e+01
1.843386e+02
1.744607e+02
6.847569e+01
4.887845e+01
-9.200343e+01
-8.315766e+01
9.204449e+02
-3.060710e+02
-3.096806e+02
1.873612e+01
4.296825e+01
3.534021e+01
7.132056e+00
6.472247e+02
-8.371817e+02
-7.781730e+02
-7.514250e+02
-7.286997e+02
-3.032587e+02
-5.839152e+02
-4.176529e+02
-5.914819e+01
9.031173e+01
-2.111350e+02
-2.341231e+02
-2.447862e+02
-2.553751e+02
-2.652014e+02
-2.890443e+02
-4.391244e+01
-1.176470e+03
2.524291e+02
-1.900791e+02
3.494689e+02
3.520202e+02
3.395931e+02
3.536154e+02
3.219499e+02
-6.557039e+02
2.730787e-02
-1.415063e+01
-1.411966e+01
-1.475173e+01
6.417424e+02
7.173737e+02
5.626903e+02
-1.328001e+01
9.625081e+02
-2.392991e+02
-2.368423e+02
-2.323928e+02
-9.843282e+02
5.481027e+02
4.883402e+02
4.756168e+02
4.638593e+02
-3.084629e+02
-1.367848e+02
-7.588515e+02
-7.100349e+02
-6.712732e+02
-6.543512e+02
8.472865e+02
-1.116173e+01
-2.630334e+02
2.466001e+02
-3.804865e+01
-4.831915e+01
-3.842297e+02
-8.690482e+02
-4.584783e+01
-4.370435e+01
-3.650669e+01
-4.373473e+01
-5.787076e+01
1.396029e+02
1.435110e+02
-3.470249e+01
1.025036e+02
4.987821e+01
-3.739387e+02
-4.359505e+01
-6.723877e+01
-3.814963e+01
-8.216356e+00
3.012227e+02
-7.385867e+00
-9.713674e+01
-1.649273e+02
1.472305e+02
-1.937965e+02
4.772857e+02
4.537190e+02
4.399942e+02
4.325990e+02
4.156978e+02
4.092235e+02
-6.935973e+02
-6.394912e+02
5.090377e+02
-2.083177e+02
-4.318651e+02
4.771349e+02
4.764866e+02
4.577218e+02
-6.787190e+02
-5.681821e+02
3.685890e+01
-2.624554e+02
-1.076487e+02
3.671759e+02
3.598378e+02
-2.901824e+02
-2.409736e+02
6.977472e+02
1.314549e+01
-2.982507e+02
-2.103913e+02
7.587980e+00
-5.211063e+02
-5.517150e+02
-5.158515e+02
-5.402988e+02
-5.060533e+02
-5.219764e+02
-4.968376e+02
-4.946650e+02
-4.975626e+02
-4.798576e+02
-4.749150e+02
-4.817326e+02
-4.565728e+02
-4.330850e+02
-4.259566e+02
-3.921750e+02
-3.906968e+02
-5.637360e+02
-4.658298e+02
-1.034353e+02
-1.173240e+02
-8.131650e+01
-1.407533e+02
-2.076021e+02
-5.976016e+01
6.402520e+02
5.312325e+02
2.282119e+02
2.551421e+02
2.591693e+02
2.835518e+02
2.873160e+02
-2.829734e+02
-6.831735e+02
-3.608225e+02
4.838714e+01
4.545062e+02
-8.690070e+01
-8.912678e+01
-8.187462e+01
-4.441740e+02
-4.135974e+02
3.108203e+01
3.564440e+00
4.389974e+01
5.042576e+01
-4.191870e+02
-5.433874e+02
-2.818354e+02
-1.359951e+03
-1.229148e+03
-1.663142e+03
4.947981e+01
-1.098653e+03
-3.901764e+01
-3.008092e+00
-1.989553e+01
3.725066e+02
1.750598e+00
-1.782656e+02
4.384053e+02
4.419854e+02
-5.918201e+01
-6.234820e+01
-6.824838e+01
-6.948314e+01
-7.241563e+01
-7.713362e+01
-8.072983e+01
-8.715539e+01
-8.437891e+01
-8.927556e+01
-9.470583e+01
-9.608226e+01
-9.653618e+01
-1.044479e+02
-1.065009e+02
-1.117371e+02
-1.193639e+02
-1.223838e+02
-1.297309e+02
-1.321843e+02
-1.351837e+02
-1.415862e+02
-1.438746e+02
-1.477508e+02
-1.536624e+02
-1.590622e+02
-1.636260e+02
-1.692050e+02
-1.717632e+02
-1.761752e+02
-1.807071e+02
-1.843918e+02
-1.942579e+02
-1.960271e+02
-2.050644e+02
-1.993315e+02
-1.429166e+02
-1.743653e+02
-1.940939e+02
-1.098204e+02
-2.221516e+02
-2.121160e+02
-2.101426e+02
-1.156163e+02
-1.011236e+02
-1.013029e+02
-8.836188e+01
6.386095e+01
2.617579e+02
2.381412e+02
2.885910e+02
-1.864345e+01
-2.705357e+01
4.701812e+02
4.845893e+02
4.773646e+02
4.943592e+02
2.349710e+02
3.423976e+02
-4.033050e+01
2.980952e+02
-4.378333e+02
4.709429e+02
4.795327e+02
4.184398e+02
2.388040e+02
2.850682e+02
2.461202e+02
-4.297894e+02
-2.991250e+02
-2.616846e+02
-5.828459e+02
-5.759500e+02
-6.316691e+02
-5.556759e+02
-5.648762e+02
3.726336e+02
-2.178572e+02
-2.200621e+02
3.110925e+02
3.244345e+02
-6.996519e+01
-4.945981e+00
2.694352e+02
2.967834e+02
-1.252261e+02
-9.063942e+01
-1.379970e+02
-2.390870e+02
-5.182355e+02
1.123249e+03
1.067792e+03
1.157375e+03
5.734240e+01
3.894155e+02
5.046195e+02
-3.056779e+02
-2.962898e+02
-2.801486e+02
-2.729014e+01
-2.584468e+01
7.040208e+01
-1.794991e+01
4.505028e+00
2.797079e+00
1.682373e+02
-3.191637e+01
-4.577782e+01
3.498779e+02
-2.799925e+02
2.384598e+02
3.893745e+02
4.002648e+02
2.363876e+01
-2.695487e+01
-4.284771e+02
5.393808e+02
5.120373e+02
-4.993693e+02
6.882642e+02
-3.537047e+02
-1.580990e+02
2.168892e+01
-1.118234e+01
-9.477808e+00
-7.538482e+01
6.722232e+01
-3.889185e+02
-3.572552e+02
-3.480788e+02
2.035874e+02
2.061400e+02
1.636908e+02
-1.366248e+01
-3.532474e+02
-3.662724e+02
-7.204084e+01
-1.013515e+01
-1.151327e+01
-2.897627e+02
-2.178625e+02
-2.765470e+02
-2.693131e+02
-4.911168e+01
1.282142e+01
-8.386543e+01
-8.849616e+01
-8.667280e+01
2.571568e+01
4.103434e+01
2.529483e+02
2.701394e+02
-1.518988e+02
5.157494e+01
4.764877e+01
5.274150e+01
4.428150e+01
6.915843e+01
8.508887e+01
-8.750396e+00
1.295260e+03
1.848634e+03
1.383628e+03
4.113152e+02
4.397027e+02
-3.622978e+01
-1.835889e+02
-4.700071e+02
-5.044148e+02
-5.264931e+02
3.704661e+02
2.813872e+02
2.826956e+02
2.966626e+02
-3.282029e+02
-1.238579e+02
-1.816408e+01
-1.189580e+01
-2.163330e+01
-2.996596e+01
-2.997828e+01
-3.193716e+01
-5.066198e+01
-4.581190e+01
-3.146980e+01
1.446436e+02
1.470742e+02
1.374143e+02
1.267957e+02
1.187333e+02
-2.347813e+01
-3.064044e+01
-1.669528e+01
-4.818279e+02
-5.002061e+02
-7.800412e+01
4.937852e+02
5.041676e+02
2.428842e+02
1.980159e+02
1.772810e+02
-2.125051e+02
-1.728169e+02
-1.545499e+01
-4.233956e+01
-4.686222e+01
2.914363e+02
-4.961104e+00
-4.631408e+02
-4.761686e+02
-4.867529e+02
-5.573986e+01
-1.522367e+02
3.888179e+01
-2.930429e+02
-2.983456e+02
8.602763e+01
-5.181636e+02
9.875750e+01
1.544653e+03
1.540552e+03
-1.727348e+02
1.418573e+02
-2.301678e+02
-4.965200e+02
-3.306547e+01
-4.752166e+01
-3.354249e+01
-6.125822e+01
2.960675e+02
-9.583127e+01
7.231276e+01
6.399354e+01
8.065718e+01
8.704911e+01
2.823459e+02
2.708520e+02
2.079679e+02
2.002581e+02
1.882385e+02
2.176383e+02
-4.586848e+02
-5.101587e+02
4.387912e+02
5.549538e+02
-3.376319e+02
-3.249803e+02
-3.236771e+02
-3.133200e+02
-3.094637e+02
-3.010547e+02
-3.141024e+02
-1.284125e+02
2.286256e+02
-4.970981e+01
3.956647e+02
3.618676e+02
-6.859811e+02
4.660504e+00
1.308993e+02
-2.404921e+02
-2.514655e+02
2.863530e+02
-1.170611e+02
-1.104806e+02
5.542201e+01
8.757545e+02
9.799203e+02
9.668033e+02
-3.563123e+02
-3.192700e+02
-2.970140e+02
-2.879966e+02
-2.612670e+02
-2.703793e+02
-2.475671e+02
-2.586909e+02
-1.357326e+01
-4.482335e+02
4.683588e+02
1.105667e+02
1.159936e+02
1.196483e+02
1.249650e+02
-5.712880e+01
-1.344215e+02
-5.400149e+02
4.473112e+02
1.157592e+02
-6.758388e+01
-2.527161e+01
2.935358e+02
2.817574e+02
4.530204e+02
9.478365e+00
-1.408312e+02
-1.446453e+01
-1.880239e+03
-1.488511e+03
1.463424e+00
7.188054e+02
6.342136e+02
-3.499915e+02
8.951685e+01
9.421227e+01
2.585501e+02
-3.258418e+02
-3.228207e+02
-3.506901e+02
-6.081367e+02
1.568490e+02
1.489463e+02
-3.323064e+01
-3.706667e+01
-2.683612e+02
2.423826e+02
-7.468940e+02
-5.111992e+02
5.977152e+01
6.156399e+01
-6.499331e+02
-6.186675e+02
1.081418e+03
-3.408255e+02
4.914024e+01
-4.753042e+02
2.340921e+02
-4.459605e+02
-4.620319e+02
4.924613e+02
-1.298679e+03
-3.312682e+00
1.258455e+03
1.162501e+02
3.288623e+02
-3.261173e+01
-3.161277e+01
3.394866e+01
1.763292e+02
-4.987814e+02
1.051758e+02
-3.082065e+02
-5.125877e+02
-9.647749e+01
-1.209814e+02
-6.772104e+02
-4.548758e+02
-5.418402e+02
-1.258006e+03
-4.982012e+02
3.537732e+02
2.994357e+02
3.286962e+02
-1.245562e+02
4.226903e+02
7.308610e+02
-1.166162e+02
1.013820e+02
5.063345e+02
8.015200e+02
1.026131e+03
1.019101e+03
5.452261e+01
6.961250e+01
-3.660789e+01
1.405727e+02
1.153909e+02
1.103501e+02
1.239316e+02
1.332583e+02
1.377133e+02
1.496874e+02
1.410041e+02
1.569585e+02
1.422690e+02
1.494857e+02
1.329260e+02
1.507417e+02
1.320973e+02
-4.590155e+01
-7.461947e+01
4.456317e+02
-2.030877e+02
-4.127592e+01
-3.789025e+01
-4.030668e+01
-4.143673e+01
-4.337628e+01
-3.442741e+01
-3.227566e+01
-4.625532e+02
-8.583599e+02
3.874648e+02
1.487256e+02
1.541905e+02
-4.253468e+02
-4.167991e+02
2.015943e+02
2.433795e+02
3.690256e+01
-3.776988e+01
-2.900789e+01
-2.061733e+01
7.346673e+01
-2.907474e+01
-4.477705e+01
-2.499406e+02
-1.638860e+02
-1.964712e+02
-1.984711e+02
-5.402252e+01
1.363089e+02
3.338451e+02
6.646199e+02
-9.180275e+00
5.931945e-01
9.055591e+00
-1.583930e+02
-1.730485e+02
-7.334278e+01
-6.933768e+01
5.833049e+02
5.917141e+02
5.716326e+02
6.049726e+02
6.100735e+02
-3.179212e+02
-9.288064e+01
-8.558233e+01
-9.464961e+01
-1.081675e+02
-1.328458e+01
-2.422797e+01
-1.252125e+02
-1.468443e+02
-3.456907e+02
-3.660091e+02
-3.773904e+02
-3.884508e+02
-3.991285e+02
-3.717949e+02
-3.907681e+02
-4.092494e+02
-4.266545e+02
-3.542120e+02
-3.442736e+02
-3.521650e+02
-3.379960e+02
-3.117718e+02
-3.253802e+02
-1.103280e+02
-1.144984e+02
-1.244067e+02
-1.048474e+02
-9.596311e+01
-8.764679e+01
-7.712858e+01
-6.797198e+01
-7.236517e+01
-5.089549e+01
-7.954438e+01
-7.600479e+01
-8.549505e+01
-7.468485e+01
-1.931911e+02
-1.962439e+02
-2.123955e+02
-1.986888e+02
-1.828505e+02
-1.677728e+02
-1.708804e+02
-1.617194e+02
-1.556106e+02
-2.285337e+02
-2.037688e+02
-1.841054e+02
-1.837623e+02
-1.674972e+02
-1.991475e+02
-1.639891e+02
-1.480183e+02
-2.272071e+02
-2.287960e+02
-1.409088e+02
-1.483500e+02
-1.360964e+02
-4.081201e+02
-2.027795e+02
-2.173789e+02
-1.444923e+02
-1.262668e+02
-1.623093e+02
3.443073e+01
-1.804264e+02
-1.993889e+02
-1.163916e+02
8.208588e+01
5.396249e+02
5.791855e+02
-1.643088e+02
-2.522118e+02
-6.265835e+02
-6.422769e+02
-1.297426e+02
-1.334457e+02
-1.441041e+02
-1.372832e+02
-1.518908e+02
-4.852953e+02
3.161593e+01
-3.105544e+02
-3.149319e+02
-1.994006e+02
1.060252e+02
9.958141e+01
-7.059127e+02
4.679661e+01
-3.454296e+02
-1.001626e+02
-7.164048e+00
3.003661e+00
3.506135e-01
-1.869474e+02
-1.701285e+02
1.744451e+01
2.051358e+01
-3.379278e+02
-4.840071e+02
1.928260e+02
-4.636863e+02
-4.464956e+02
4.133133e+02
-1.705119e+02
-1.029701e+03
-7.528263e+02
-3.433458e+01
-2.465734e+01
-3.275866e+01
-4.113298e+01
-5.913263e+01
-8.552812e+01
-7.047850e+01
-7.501749e+01
2.483924e+00
2.712409e+02
3.259791e+02
3.711937e+01
3.749545e+01
2.575317e+01
1.848830e+01
3.290711e+01
2.701572e+00
1.868295e+01
-2.416864e+00
2.157116e+02
1.068620e+01
-6.088288e+00
1.801551e+01
5.756957e+00
2.832629e+01
1.468378e+01
3.670689e+01
2.265221e+01
4.583697e+00
1.184773e+01
-6.455838e+00
-1.551722e+01
-2.450787e+01
-1.752958e+01
-3.573857e+01
-3.134873e+01
-2.767141e+00
-3.743131e+01
-3.913892e+01
3.914374e+01
8.619651e+02
8.142338e+02
7.804489e+02
7.887115e+02
6.299039e+02
8.432388e+02
9.441551e+02
8.787584e+02
9.689923e+02
8.419217e+02
8.477745e+02
8.773275e+02
8.216898e+02
8.257273e+02
8.790464e+02
-2.275619e+01
-2.205193e+02
-1.888591e+02
-2.959097e+02
-2.849083e+02
-2.748150e+02
-5.005364e+01
-5.322944e+01
2.566735e+02
2.490034e+02
-2.724431e+02
-2.838682e+02
-1.961179e+00
-1.678490e+01
-4.606525e+00
-4.268674e+00
-7.090908e+00
9.365361e+01
3.996825e+02
5.474992e+01
5.985142e+01
-1.997903e+01
-4.188323e+01
-4.144349e+01
-1.518887e+01
-5.283311e+01
-4.978513e+01
-6.381660e+01
-5.167624e+01
-6.798587e+02
-6.742279e+02
-3.228891e+02
-5.994917e+02
-6.176138e+02
4.635145e+02
-8.277128e+02
1.636400e+02
-2.961530e+02
7.300924e+02
2.141303e+02
5.182395e+02
4.938202e+02
5.412491e+02
-8.192340e+02
-8.510025e+02
-8.177831e+02
-8.532175e+02
-8.215294e+02
-8.812561e+02
-7.886459e+02
-8.889172e+02
-7.875265e+02
-8.181356e+02
-7.489650e+02
3.367245e+02
3.130277e+02
3.181822e+02
1.436116e+02
1.277776e+02
3.813230e+02
3.841896e+02
6.483436e+02
-2.515312e+01
-1.939041e+01
-1.683686e+02
1.103912e+02
-2.748788e+02
-1.938127e+02
-1.945921e+02
-1.850149e+02
-1.697703e+01
-2.364948e+01
2.342078e+02
1.867978e+02
7.922196e+02
-1.266618e+02
-3.433542e+01
-4.661362e+01
4.025860e-02
8.836143e+01
9.969224e+01
8.504332e+01
8.786768e+01
9.828525e+01
9.633866e+01
1.177000e+02
1.303901e+02
4.937599e+02
5.243386e+02
4.311365e+02
-5.311721e+00
-2.415514e+02
-5.145008e+01
-4.477243e+01
-2.230285e+01
4.191453e+02
6.353492e+01
1.832030e+02
-6.463062e+01
-3.621850e+02
-3.759746e+02
-3.937959e+02
-3.925361e+02
-3.640919e+02
-4.017898e+02
-1.218096e+02
-1.224398e+02
-1.227835e+02
-1.310378e+02
-1.668497e+02
-1.096536e+02
-1.335807e+02
-1.432363e+02
-3.885979e+02
-1.695363e+02
5.923768e+02
6.189101e+02
-1.412578e+02
-1.387292e+02
-1.556414e+02
-2.694954e+02
-2.281472e+02
-6.644572e+01
-1.439588e+00
3.009799e+00
-1.701564e+02
-1.808811e+02
3.520727e+02
3.525535e+02
3.277964e+02
3.335426e+02
3.210867e+02
3.169690e+02
-3.986014e+02
-4.059901e+02
-4.341772e+02
-4.229477e+02
-2.174327e+02
4.638833e+02
4.542065e+02
4.828941e+02
5.139137e+02
-1.021459e+02
-1.159324e+02
-1.226756e+02
2.049809e+02
2.108970e+02
1.978249e+02
1.907226e+02
1.863665e+02
1.885460e+02
-5.282785e+02
-5.601380e+02
-2.988624e+02
3.691888e+00
2.211646e+01
3.447013e+01
-4.393486e+01
-6.244701e+02
-1.420625e+02
-1.207854e+02
-1.113030e+02
-8.372464e+01
-1.436053e+02
-9.015392e+02
-1.001480e+02
-9.501294e+01
-1.087318e+02
-1.111560e+02
7.403394e+02
7.699520e+02
-2.206894e+02
-2.312144e+02
-2.955248e+02
-5.571726e+01
1.729901e+02
1.851584e+02
1.286382e+02
2.467337e+02
1.363868e+02
3.610270e+02
1.627086e+02
-2.026433e+01
-2.631631e+01
8.124854e+01
8.623582e+01
5.847678e+01
6.258934e+01
7.160219e+01
6.353172e+01
7.044776e+01
8.509670e+01
5.317186e+01
4.983604e+01
5.199234e+01
-5.483443e+02
2.276159e+02
-2.264590e+02
-2.269614e+02
-2.458589e+02
-2.758079e+02
4.479434e+02
3.592259e+02
3.766792e+02
3.812559e+02
3.677386e+02
-1.305820e+02
-1.501817e+02
-2.955450e+01
7.049803e+01
4.881180e+00
-2.349257e+00
2.440681e+02
-2.476392e+02
-3.223584e+02
2.726592e+02
-3.002889e+01
6.028058e+00
1.010925e+01
4.110186e+01
-8.718734e+02
-7.128868e+00
-3.312434e-02
-4.459954e+02
-4.528075e+02
1.649244e+02
1.240194e+02
-7.251481e+02
2.554448e+02
2.445007e+02
-6.321499e+01
-5.004343e+01
8.906673e+00
5.477602e+02
5.533545e+02
2.211579e+01
1.319804e+01
1.424830e+00
-4.102087e+01
3.936492e+00
-5.663891e+01
7.358087e+02
5.446921e+02
-1.773775e+01
-2.081375e+01
3.192089e+01
-3.862173e+01
5.144811e+01
-1.808709e+02
-5.758904e+02
1.952397e+02
1.993224e+02
2.159030e+02
1.982183e+02
-8.264218e+01
-9.405893e+01
6.155914e+02
-1.140121e+03
-2.562947e+01
-3.768174e+02
-3.297654e+02
1.469843e+03
-5.571326e+02
-1.623201e+02
-3.622110e+02
-6.002914e+01
1.950068e+01
-2.030285e+02
-3.836996e+02
-5.359151e+01
2.178064e+02
4.320522e+02
4.361513e+02
4.560120e+02
8.925180e+02
2.960575e+02
3.296768e+02
3.118103e+02
1.004314e+02
-7.998428e+01
-2.442859e+01
-6.427617e+01
3.275301e+02
4.484594e+01
-1.869958e+02
-1.680556e+02
3.187964e+02
-2.815220e+02
-3.717483e+02
-8.570213e+02
8.637640e+01
7.910913e+01
-5.003854e+00
-3.199193e+01
-6.070366e+00
1.336851e+02
1.383040e+02
-8.688779e+02
-9.130970e+02
-8.656175e+00
-8.089145e+00
1.817074e+01
-3.988362e+02
2.599196e+02
2.905967e+02
2.573486e+02
2.881980e+02
2.573988e+02
2.267940e+02
2.217138e+02
1.983554e+02
2.019038e+02
1.778663e+02
1.722114e+02
-4.313435e+02
1.022197e+02
8.222075e+01
7.506537e+01
6.170255e+01
1.584747e+02
-4.781720e+02
-4.923433e+02
2.376416e+02
2.519137e+02
2.594699e+02
2.761851e+02
2.903235e+02
2.689360e+02
2.318648e+02
2.941988e+02
3.151463e+02
3.216232e+02
3.234051e+02
3.263926e+02
-5.432386e+02
1.026294e+02
2.588143e+02
2.433016e+02
5.537355e+01
-1.551843e+02
-3.728018e+02
-3.829190e+02
-1.535524e+02
-2.812378e+01
-9.167266e-01
2.960984e+02
3.085653e+02
3.322537e+02
-5.031311e+01
-1.098267e+02
-2.025031e+02
-2.364286e+02
4.821762e+01
-2.429846e+02
-3.693796e+02
-2.744228e+02
4.391130e+02
-4.836805e+02
-5.141627e+02
-5.408142e+02
5.463276e+02
-5.893185e+02
-2.661754e+02
5.998413e+02
-6.448570e+02
-5.238466e+01
6.846707e+02
-7.201299e+02
-8.462187e+02
2.302404e+02
-4.055133e+02
1.636564e+02
6.302021e+00
-6.563623e+01
1.391489e+02
-9.521770e+02
-1.158534e+03
-1.173544e+03
-1.362504e+03
-1.611431e+03
-1.240406e+01
-1.860321e+02
7.763255e+02
8.006803e+02
8.498453e+02
-7.255893e+02
9.935260e+01
9.354887e+01
-1.713738e+03
1.012144e+03
-4.298418e+01
4.316519e+01
9.798888e+02
7.607360e+02
-3.883347e+01
4.512709e+01
6.621947e+01
1.733324e+02
2.994693e+01
3.605907e+01
-5.911133e+01
-5.970531e+01
3.153310e+02
-4.253119e+02
-3.768467e+01
3.909346e+02
-9.667459e+02
1.892454e+02
-2.226441e+02
5.649236e+02
-3.159043e+02
-6.290929e+02
1.297062e+02
-8.008575e+01
-1.429202e+02
1.468943e+01
-3.996299e+02
-4.269108e+01
-3.723823e+02
-1.766655e+02
-4.629836e+02
-2.876004e+02
-3.106356e+02
-3.277485e+01
-4.987313e+01
4.032885e+02
-9.265618e+01
4.669283e+02
1.210421e+02
-5.258983e+01
8.610558e+01
1.397508e+02
-4.369884e+01
7.845679e+01
1.800832e+01
-5.530267e+02
-1.029845e+02
6.372199e+02
6.685700e+02
4.101428e+02
-5.138995e+02
7.642192e+02
1.418573e+02
6.562895e+01
3.537381e+02
5.324258e+02
-1.279657e+01
-2.835316e+02
4.479827e+02
2.844790e+02
3.394184e+02
3.693802e+02
3.545820e+02
1.783381e+02
-4.747312e+02
-5.235032e+02
4.762442e+02
3.289866e+02
-2.132234e+02
7.397136e+02
-2.442808e+02
-2.340806e+02
-8.307992e+02
3.198147e+02
-4.799681e+02
-4.004771e+02
4.587370e+02
1.217704e+02
-1.830959e+02
5.925390e+01
1.630936e+02
1.594204e+02
-9.795412e+01
2.166953e+02
-2.137133e+01
-3.709705e+02
-4.423567e+02
3.624572e+02
5.466085e+00
2.004234e+02
2.802791e+02
2.546474e+01
3.179008e+01
8.071132e+02
-4.925759e+02
1.487698e+02
-4.864547e+01
5.994171e+01
6.416942e+01
-1.010246e+02
4.554361e+02
1.533038e+02
1.569451e+02
1.698681e+02
1.801640e+02
5.889872e+01
1.241501e+02
-1.655612e+02
-8.547918e+02
-4.778251e+02
-5.611427e+01
-3.369488e+01
7.490940e+01
1.292992e+01
-1.996133e+02
8.927556e+01
9.192420e+01
8.493429e+01
6.461649e+01
1.023440e+02
6.192379e+01
-1.719526e+02
-1.655313e+02
-1.119569e+03
2.345164e+01
1.113392e+02
-1.072554e+03
5.829296e+02
5.859110e+02
6.067209e+02
5.848867e+02
1.497418e+02
-7.700326e+02
6.686580e+01
-4.434484e+02
1.611029e+02
-5.073773e+02
-4.037946e+01
2.142564e+01
4.641173e+02
-5.589755e+01
3.527496e+02
1.759674e+02
2.690984e+01
-5.369618e+00
-7.017583e-01
4.890344e+02
3.474219e+02
1.479126e+02
1.621123e+02
6.776716e+02
6.261062e+02
-1.013233e+03
1.790546e+02
-4.195235e+02
-9.075251e+02
-4.258375e+02
5.072886e+02
-2.390177e+02
-2.900164e+02
-5.264468e+01
3.333805e+01
-6.770014e+02
-6.968425e+02
6.718792e+02
7.816581e+01
3.459364e+02
-7.543956e+01
3.825467e+02
1.047322e+03
-2.407826e+01
3.958065e+00
-1.801872e+01
-7.221592e+02
-1.351587e+02
-2.457832e+02
-3.245425e+01
-1.796864e+02
8.450542e+00
-2.663637e+02
2.879555e+01
-2.743976e+01
-2.587471e+02
-5.957342e+02
-6.251647e+02
-5.906716e+02
-5.994311e+01
-1.093180e+02
8.467128e+01
-7.567898e+01
-2.531169e+02
1.480311e+02
1.370400e+02
-1.727553e+01
-1.770984e+02
1.178588e+02
1.979868e+02
-1.534647e+02
-4.424662e+01
1.075750e+02
-7.905931e+01
2.370352e+02
4.547216e+02
3.900369e+02
-2.065923e+02
-9.926947e+01
-5.473026e+02
-9.699622e+01
-7.285446e+01
1.661582e+02
-1.283497e+01
-5.830537e+01
-4.507282e+01
-1.797782e+02
2.745697e+02
5.392267e+02
-1.011519e+02
-4.544786e+02
-4.331755e+02
-2.136472e+01
4.117152e+02
7.250258e+01
-2.854280e+02
-3.995494e+02
1.504279e+02
-6.917214e+02
-3.433406e+01
1.511028e+02
-3.341013e+02
-5.005911e+00
2.968976e+02
-1.146208e+01
-4.607344e+01
1.409420e+02
1.424768e+01
5.869718e+02
-4.133006e+02
-4.266462e+02
3.163511e+02
1.083211e+02
-2.758105e+01
-2.511168e+01
3.788258e+02
-4.994388e+02
8.224630e+01
-4.313828e+00
-7.871276e+00
-4.556346e+02
-7.872699e+02
-9.154358e-01
6.089131e+01
1.208599e+03
1.474320e+03
2.336011e+02
-1.957852e+02
4.100650e+02
3.152271e+02
2.075104e+02
1.790421e+02
1.919395e+02
-2.474829e+01
-9.107404e+02
1.962081e+02
7.051809e+02
7.369966e+02
-7.511604e+02
6.134451e+02
-6.060285e+02
-4.034114e+02
-3.894872e+02
-3.625544e+02
-3.381033e+02
3.033163e+02
-2.802964e+02
2.257541e+02
-2.584063e+02
-2.376378e+02
2.053757e+02
-1.839414e+02
-2.034803e+02
1.323615e+02
1.495999e+02
1.397247e+02
-1.665587e+02
-1.498093e+02
1.156759e+02
-1.161860e+02
-1.329430e+02
9.785221e+01
6.657188e+01
8.271470e+01
-7.846005e+01
5.861898e+01
4.307905e+01
-4.058444e+01
4.935470e+00
-3.285244e+01
-7.075421e+01
-7.634825e+01
-6.648063e+02
4.368466e+02
-5.368376e+02
8.045516e+02
1.372616e+02
-1.008762e+03
5.000964e+02
3.793426e+02
-5.913028e+02
-5.699139e+02
2.523726e+02
-7.874445e+01
1.027732e+03
-2.335163e+01
-1.378194e+02
-4.519079e+01
-1.926775e+02
-3.807816e+02
-3.964703e+02
-3.959800e+02
-4.137311e+02
-3.792354e+02
-7.164522e+01
1.266424e+02
-1.002272e+03
-3.370745e+02
-1.690023e+02
6.060065e+00
-7.070994e+02
3.319016e+02
-4.632035e+01
-3.937582e+01
-3.665329e+02
1.165987e+02
-1.383274e+01
2.890613e+02
6.512191e+02
-1.859084e+02
3.605996e+00
-1.710630e+02
-2.666302e+01
1.092523e+03
1.040421e+02
-2.253705e+01
4.465294e+02
1.007493e+01
-7.405149e+02
-6.062282e+01
-7.151468e+02
1.086887e+02
1.701719e+02
9.653846e+02
-6.305252e+02
1.676798e+02
-9.321229e+02
1.830959e+02
-4.570620e+01
6.998533e+01
-2.993735e+01
-3.673836e+02
-3.714876e+02
2.563035e+02
1.915517e+02
9.923498e+01
3.859055e+02
2.731237e+02
3.209788e+02
-1.452166e+02
-1.145498e+03
-1.699036e+01
2.291259e+02
2.587564e+02
5.588025e+01
2.893124e+02
3.154631e+02
-9.627147e+02
7.036316e+02
2.097571e+02
4.482827e+01
-1.207146e+02
-3.446126e+02
-4.918805e+02
-4.410675e+02
-1.962099e+02
-3.686696e+02
-1.247951e+02
7.455223e+02
-1.049943e+03
1.097931e+02
-1.869338e+02
1.781399e+02
-1.373475e+02
-3.150956e+01
2.713669e+01
7.850552e+01
-4.226483e+02
3.692574e+02
-1.292311e+02
2.468144e+01
-8.994505e+01
-1.110563e+02
-6.630242e+01
-4.203905e+02
-4.240332e+02
-6.460866e+02
4.128293e+02
3.603606e+02
-3.771398e+02
-3.521021e+02
-1.271300e+01
-1.154354e+02
-3.194095e+02
-2.158145e+02
-4.197089e+01
-2.021513e+02
-2.093570e+02
-2.605780e+02
-2.271723e+02
5.725925e+00
-2.409659e+02
-1.207207e+01
-4.548442e+02
4.418054e+02
-7.259212e+01
-2.418825e+01
-3.207996e+02
-1.089053e+02
5.049490e+01
-4.235132e+02
-2.176424e+02
-3.282925e+02
7.899964e+00
3.671012e+02
3.387571e+02
-3.846941e+00
2.568452e+02
-3.431386e+01
6.914788e+01
-4.086158e+02
-1.618526e+02
-1.162275e+02
3.060306e+02
-2.649702e+02
-4.864254e+01
-7.937584e+02
-9.020797e+00
1.894510e+02
5.261582e+01
1.665367e+02
1.376388e+02
-5.649182e+01
2.956860e+00
5.141994e+01
-2.738524e+02
-4.778971e+02
4.977283e+01
-4.026749e+01
-4.714572e+01
-7.048490e+00
-3.837667e+01
-7.957285e+02
-6.084653e+02
-4.434328e+02
-6.465060e+02
6.908626e+01
-1.464250e+01
-1.327199e+01
1.320350e+01
-6.565949e+01
-6.113987e+01
4.330159e+02
4.645518e+02
-2.279862e+02
-2.173501e+02
-2.377926e+02
2.113398e+02
1.629158e+02
3.651651e+01
-3.595837e+02
-1.587057e+02
-2.531283e+02
-5.393180e+01
1.123229e+02
-1.401127e+02
-1.896930e+02
-2.525694e+02
1.037125e+02
-1.179152e+02
1.092425e+02
4.882758e+02
-3.911064e+02
-2.775115e+02
1.589834e+02
-3.258943e+02
2.081715e+02
-3.797507e+02
4.463827e+02
3.165597e+02
5.094014e+02
2.128865e+02
9.136202e+02
-6.670352e+02
-5.323420e+01
8.415270e+01
5.784794e+02
6.600738e+02
1.805724e+02
1.083609e+02
-7.992195e+01
1.109858e+02
2.903985e+02
5.526291e+02
-6.402976e+02
-3.148583e+02
6.857632e+01
4.026485e+02
2.310165e+02
1.252378e+02
4.823478e+01
4.312672e+02
-8.544439e+02
-4.634426e+02
1.156430e+02
2.609668e+02
-2.428613e+02
-3.144448e+02
-3.285879e+02
-4.059983e+02
2.048381e+02
5.564591e+00
-7.633142e+01
-2.968529e+02
-1.969581e+02
1.571745e+02
-4.516768e+02
8.976829e+01
6.900054e+01
-3.643087e+02
3.318783e+01
-8.213485e+00
-1.525163e+02
3.611218e+02
1.558614e+02
2.053047e+02
-2.990349e+02
3.999023e+02
-5.212341e+01
-7.684378e+01
1.552717e+02
-3.129166e+01
1.252257e+01
-2.701194e+01
-1.448595e+01
-2.400965e+01
3.140298e+02
-1.500344e+02
-1.393339e+01
-4.549359e+01
2.265508e+00
-2.089949e+01
-4.280025e+02
2.341830e+02
-6.617059e+01
-1.278420e+02
-5.175312e+00
1.114290e+02
-2.181580e+02
3.914534e+01
-6.641554e+02
1.162488e+01
2.186387e+02
4.226212e+02
5.812185e+02
2.031964e+02
-7.398053e+01
1.968022e+02
-1.337274e+01
-1.155096e+02
-3.642440e+01
-1.788573e+02
-5.605556e+01
-2.645508e+02
2.883695e+02
-5.968959e+01
4.923371e+02
-2.848482e+02
-2.980986e+02
-3.597737e+02
-1.891390e+01
-2.260529e+01
9.215274e+02
1.081997e+03
4.792272e+01
2.245440e+02
2.140472e+02
-4.626916e+02
-1.090502e+02
2.346091e+02
-1.751261e+01
-1.841334e+02
-7.654744e+01
1.253904e+02
-2.778461e+01
-2.119743e+02
8.119067e+00
1.678022e+02
6.461151e+02
6.103448e+02
2.487666e+02
1.178351e+00
-2.614311e+02
-1.250843e+01
-7.426663e+01
-2.379585e+02
5.117406e+01
-4.071886e+01
-5.851196e+02
-4.657429e+01
4.757443e+02
4.057882e+02
-7.660312e+02
-5.839483e+01
-2.244403e+02
5.691340e+01
3.883895e+02
1.524939e+02
5.476515e+02
1.257096e+01
6.607277e+02
-9.186600e+02
-2.115670e+02
-1.518146e+02
-1.986358e+02
1.306898e+02
-9.056498e+01
-2.871291e+01
-1.171716e+02
-4.040902e+01
-7.855279e+01
2.309469e+02
3.398418e+02
-2.137762e+02
-3.276397e+02
3.862727e+02
2.032146e+02
6.381754e+02
-1.340381e+02
-5.576800e+00
-1.371236e+02
1.685959e+00
-1.549940e+02
-4.833777e+01
6.992458e+00
-5.616935e+01
5.657138e+01
-5.924801e+02
5.261436e+01
5.373240e+02
2.829867e+01
-1.841260e+02
-2.897838e+01
1.384087e+02
6.641900e+02
2.982302e+02
-1.172024e+02
-6.110477e+01
-1.026294e+03
3.870151e+02
5.458045e+02
-8.006847e+01
3.398276e+02
6.466257e+02
-3.828978e+02
1.033308e+02
-2.084656e+02
-4.174195e+02
-2.171006e+02
6.964794e+01
1.786714e+02
3.814951e+01
1.580578e+02
1.770489e+02
3.974558e+01
-1.848467e+02
4.792744e+01
-7.649986e+02
-6.916529e+01
1.468660e+01
1.930278e+02
-4.645864e+02
4.224766e+02
-6.197661e+02
-7.748093e+02
-5.249396e+01
1.085314e+03
4.769079e+01
-1.394135e+01
-5.701349e+00
3.028949e+02
3.397696e+02
8.743665e+01
-9.768030e+00
6.106010e+01
-2.294978e+02
-7.900962e+01
5.736942e+01
-1.264952e+02
-2.438492e+02
-2.507588e+02
8.986234e-01
-9.057643e+01
-4.380367e+01
5.134351e+01
-4.544003e+02
1.154374e+03
-1.490310e+01
-6.088131e+02
2.990863e+02
5.557269e+02
-6.775617e+01
-3.897595e+02
-3.024823e+02
-7.694696e+01
2.724790e+02
-4.649514e+00
3.890702e+01
-1.231692e+02
-5.337568e+01
-1.403713e+01
-4.698258e+02
-4.101777e+02
5.094945e+01
3.250251e+02
-5.311382e+01
-1.011478e+03
-2.100064e+01
3.993343e+02
1.556589e+02
-4.239398e+01
-2.744062e+02
1.500604e+02
-1.008159e+02
-6.832290e+01
-2.685627e+02
6.267433e+01
2.484984e+02
-9.962626e+01
-4.272024e+02
4.666803e+02
-1.337682e+01
2.107382e+02
1.080111e+01
-9.313500e+00
7.455962e+01
-5.673660e+02
2.187773e+02
-1.834329e+01
-3.901626e+02
4.022006e+02
2.786964e+02
-1.217567e+02
7.219541e+02
2.355783e+02
1.477831e+02
-1.650543e+01
-1.112979e+02
-3.854358e+01
3.203329e+02
-1.200139e+02
-7.161159e+02
1.589362e+02
-3.120965e+02
9.686017e+01
-9.397506e+01
-2.569603e+02
1.140562e+02
1.994514e+02
1.593102e+02
2.137739e+02
-3.415125e+02
-3.543132e+02
3.064248e+02
1.643058e+02
6.166770e+02
-6.110258e+01
-2.992720e+02
-1.813113e+02
3.834179e+01
-3.076736e+02
-1.323106e+02
-3.874247e+02
-3.375199e+02
-3.535017e+02
1.112796e+02
-1.865751e+01
1.248057e+02
-5.376190e+02
2.346205e+02
1.347362e+02
1.141231e+02
-3.006818e+02
-1.214245e+03
-3.520535e+01
4.931363e+02
-5.594693e+01
-6.241147e+02
5.707883e+02
-5.985802e+02
-2.952786e+01
2.605133e+01
3.107356e+02
2.161344e+02
1.499927e+03
-8.522466e+01
2.321055e+02
-1.132052e+02
5.258700e+02
3.964052e+01
-2.106152e+02
6.255043e+02
2.725023e+02
-1.546747e+03
2.925296e+02
-2.581730e+02
-4.915999e+02
8.725839e+01
2.889279e+02
6.774380e+02
-2.814958e+02
4.727309e+01
-5.062957e+01
1.152596e+02
-5.233309e+02
6.702603e+01
2.040907e+02
2.607841e+02
-2.771130e+02
-3.084974e+02
-5.965277e+01
5.440126e+02
-9.536053e+02
-5.530352e+01
3.980008e+00
6.050762e+02
-1.450314e+02
7.637406e+01
-1.219958e+01
-3.358009e+02
-1.798437e+01
1.232734e+02
4.948918e+02
-4.104757e+02
4.505774e+00
2.058713e+02
3.844509e+00
-5.229339e+00
2.442571e+01
-9.058261e+00
6.372318e+02
2.730173e+02
-6.318568e+02
-3.643343e+02
4.140064e+01
-7.652962e+02
-6.675108e+02
3.915758e+02
-2.793818e+02
-1.323038e+02
4.786280e+02
-4.357762e+01
5.777798e+01
-2.427931e+01
7.189666e+02
6.299554e+02
1.331640e+02
1.290626e+02
7.530663e+01
3.930539e+01
1.895109e+01
8.606070e+01
1.603677e+03
-1.336890e+02
-3.000309e+02
2.742833e+02
2.799292e+02
-6.671883e+01
9.879549e+00
4.072669e+02
1.824078e+02
3.351520e+01
1.415854e+02
-9.373852e+02
-5.518117e+02
1.038822e+03
-1.914429e+01
-1.719846e+02
-1.187110e+01
1.205666e+02
5.583671e+02
-1.933219e+02
-1.256252e+02
-5.821015e+02
-1.783287e+02
2.753431e+01
-1.529999e+02
-5.491251e+02
-7.995801e+01
-3.555199e+02
5.007507e+01
-6.545617e+02
-4.045290e+02
-9.570565e+02
-2.142406e+02
-1.481419e+02
8.980932e+02
-4.950316e+01
3.222892e+01
-3.210779e+02
1.726234e+01
-1.174512e+03
-1.538551e+02
-3.247160e+02
1.392388e+02
-3.914687e+02
5.822469e+02
1.863520e+02
-1.143238e+02
-6.205047e+02
-1.173222e+02
-8.949496e+02
-1.119508e+01
2.169268e+02
-3.245263e+02
8.221684e+00
5.985591e+01
2.893615e+02
1.542724e+02
-1.251821e+02
-1.368716e+01
-1.628584e+02
3.583521e+02
-3.411441e+02
-1.972305e+02
-5.276502e+02
2.702915e+01
1.909647e+02
-1.911509e+02
-4.802805e+01
-1.287971e+02
2.473049e+02
9.660479e+02
-7.752107e+01
7.575046e+02
5.657693e+02
-6.021344e+02
8.757716e+02
-4.464018e+01
9.511490e+01
-4.821380e+02
-1.845264e+02
6.361303e-01
-5.240817e+02
-3.269089e+02
-1.495625e+02
-5.897961e+02
-2.575349e+01
1.917828e+01
-3.508770e+02
-3.647108e+02
1.052792e+01
-1.986685e+02
6.562201e+02
5.698120e+02
2.686605e+02
-9.792617e+01
-3.958204e+02
-5.641205e+02
-2.732585e+02
-3.997423e+02
-2.511611e+02
-7.437547e+02
-7.406469e+01
-8.968070e+02
1.267656e+02
-3.428064e+01
-2.684125e+02
1.644088e+02
-2.064905e+02
-1.073566e+02
5.605575e+02
2.524078e+01
-7.573990e+02
1.016526e+02
-5.009224e+02
-4.023466e+02
6.596372e+01
-5.406957e+01
-1.317219e+01
7.741390e+02
2.912091e+02
-9.809804e+00
6.963051e+00
-6.909558e+02
-1.877530e+02
3.438109e+02
1.855731e+02
-2.436480e+02
-4.341702e+02
-6.550457e+02
1.413153e+02
-1.483114e+02
1.847875e+02
-1.165404e+01
-7.820889e+01
-5.689670e+01
-4.695415e+01
-1.610792e+02
2.484321e+02
-3.760107e+00
5.171876e+02
1.717626e+02
2.590777e+02
-1.606127e+02
4.757293e+00
-4.342418e+02
1.109901e+02
4.048101e+01
1.248248e+02
-2.763626e+01
-8.491194e+01
1.671298e+01
8.364349e+01
-1.505447e+02
7.532512e+02
6.023577e+00
-4.558962e+02
-8.560040e+00
-7.028399e+00
-2.152427e+02
4.013387e+02
-8.604873e+02
7.938527e+02
-1.221414e+01
-1.459992e+02
-5.301880e+01
3.863343e+01
-5.977255e+00
-5.460451e+02
5.229643e+02
5.700373e+02
-8.639244e+01
-4.174509e+01
-3.870683e+01
9.526832e+01
-4.901491e+02
-8.965385e+01
1.231529e+02
-1.652302e+00
1.480280e+02
3.368926e+02
-2.227268e+02
-5.449119e+02
3.681995e+02
2.198458e+02
-8.943349e+01
5.162871e+02
-2.270311e+02
6.573633e+02
-2.256655e+02
-2.134882e+01
8.406258e+02
6.832585e+02
2.052877e+02
-7.212573e+02
7.817003e+01
-1.025898e+01
3.752116e+02
2.716798e+02
-1.184061e+01
4.297034e+02
-8.089521e+02
-7.660352e+02
-4.298178e+02
-1.602363e+02
8.079591e+02
-1.512817e+02
-1.286760e+02
6.191689e+01
8.555819e+02
3.126286e+02
-5.152170e+01
7.226329e+00
3.576052e+02
-5.949184e+00
-1.741955e+02
-6.537481e+02
-8.436236e+01
-8.337749e+01
1.907141e+01
3.665863e+01
-3.516277e+02
-3.346221e+02
2.528615e+00
-1.926867e+02
3.095882e+02
-1.405545e+02
-2.152740e+02
9.746420e+02
-1.406092e+02
4.623932e+02
9.368996e+02
1.853527e+02
-1.888911e+02
8.489594e+02
-5.484979e+00
8.366188e+01
3.458877e+02
-1.127018e+01
-7.737327e+01
-1.316407e+02
-2.865862e+01
-2.383564e+02
4.893667e+02
1.061588e+01
-6.429841e+01
-3.183068e+02
-6.279303e+02
-3.152022e+02
-6.873771e+01
-2.873310e+01
-1.181426e+02
-9.581738e+01
2.001820e+02
2.076361e+02
-1.015259e+02
-1.773493e+02
1.742752e+02
-2.098704e+01
2.997913e+02
-7.435375e+01
-9.685998e+01
6.289057e+02
-5.200637e+01
9.537153e+02
-1.281786e+02
5.250641e+02
-1.557554e+02
-1.098888e+02
2.644829e+02
1.257924e+02
-5.565438e+00
-2.746414e+02
-1.180048e+02
5.002261e+01
-2.392018e+01
8.866145e+01
-3.027892e+00
-1.473421e+02
-7.816566e+02
-4.354388e+02
-1.686247e+01
-3.474233e+02
9.972066e+01
1.103131e+01
9.532483e+02
-1.508449e+01
-7.991720e+01
-8.661373e+01
1.400297e+02
-6.881628e+02
-1.483431e+02
-3.326332e+02
-5.458022e+02
5.769610e+02
2.086410e+02
3.560095e+02
1.933008e+02
-7.601727e+01
-4.779561e+01
-5.289931e+02
-8.278259e+01
2.792288e+02
3.615811e+02
-1.527872e+02
5.758221e+01
2.735306e+00
4.626646e+01
-9.271936e+02
1.104223e+02
-7.364739e+02
-2.420597e+01
5.016350e+02
6.233729e+02
-2.496111e+02
-4.629111e+02
-5.188954e+01
9.160248e+02
-6.842200e+02
-9.287310e+01
-4.241106e+01
8.609122e+02
4.438147e+02
-4.531265e+02
-1.217071e+00
-7.158021e+02
3.141918e+02
-2.708651e+01
3.793346e+02
6.441216e+01
4.910799e+02
-1.384904e+02
1.208725e+02
1.479570e+02
-1.494067e+01
-2.129423e+01
3.242849e+02
-4.854142e+02
1.272684e+02
-7.516748e+01
3.212531e+02
-3.683569e+02
3.783017e+01
-1.110830e+02
-3.042941e+02
3.720226e+02
-1.644874e+02
-3.935626e+01
-1.292343e+02
6.730093e+02
2.431392e+02
3.653305e+02
2.037491e+02
-1.643267e+02
3.699617e+02
-5.571710e+01
-1.009468e+03
-1.171931e+03
-3.186479e+02
-2.990719e+01
3.280549e+02
-6.205922e+01
3.058866e+02
-9.379920e+01
-6.112528e+02
-1.033609e+02
9.135393e+01
-7.647848e+01
1.133551e+03
-3.229037e+02
-2.086174e+01
-1.206646e+02
-1.383242e+00
2.199766e+02
4.265585e+02
-1.915295e+01
4.685292e+02
-1.956221e+01
-7.137282e+02
5.766693e+00
8.303585e+02
-8.776473e+01
1.154202e+02
-1.007828e+02
6.073421e+01
3.449659e+02
-9.166607e+01
-6.351776e+02
-4.663410e+02
-1.090296e+02
-4.654560e+01
-2.313234e+02
4.658281e+01
2.449591e+02
6.605156e+02
5.710789e+01
9.696780e+01
-1.568348e+01
-2.521693e+02
-6.746052e+02
-2.067818e+02
-4.103555e+02
4.381793e+02
1.440598e+02
9.024423e+01
-2.063132e+01
-2.478116e+02
-4.029871e+02
-7.483859e+02
-3.041368e+01
2.952785e+02
-5.702336e+00
-7.407472e+01
2.222587e+02
-3.298747e+01
1.471038e+02
9.712778e+02
3.301468e+02
-7.062328e+02
3.244159e+02
1.771672e+02
9.626810e+01
-8.956557e+02
-5.820381e+01
4.144359e+02
6.630890e+01
1.605071e+02
-3.079832e+02
-1.732188e+02
-3.022185e+02
-4.214292e+00
-4.948793e+02
2.611765e+02
5.791875e+02
2.121787e+02
-5.181223e+00
3.312519e+02
2.115697e+01
-1.066801e+02
-1.749427e+02
-2.036368e+01
-2.130559e+01
-2.319665e+02
-5.883931e+02
-3.552206e+01
1.091473e+03
2.598249e+02
-7.883891e+02
4.831086e+01
2.089507e+03
3.324529e+01
-6.069554e+02
-9.773004e+01
-3.001521e+02
1.395129e+02
3.913152e+01
-2.898996e+02
-4.291955e+02
8.510848e-01
-1.012250e+03
1.553148e+00
-4.178455e+02
-2.591437e+01
-2.849859e+01
-4.522906e+00
4.426790e+02
-2.226690e+02
-6.529211e+02
-8.100598e+01
-2.949950e+02
-9.482497e+01
6.214125e+02
2.909418e+01
1.450871e+02
2.089564e+03
3.963218e+01
-7.305442e+01
-2.872729e+02
-4.164343e+02
6.581619e+01
-1.821683e+02
5.099218e+01
1.272379e+03
-1.459675e+02
-6.558333e+01
-8.584054e+02
-1.268195e+02
-4.619084e+01
-4.420648e+01
-3.388888e+02
-1.510157e+03
2.958332e+02
-9.168911e+01
-3.343223e+01
-8.179330e+02
-4.981830e+02
1.178019e+03
-2.105005e+03
-3.730722e+02
-3.859147e+02
2.696376e+02
8.890547e+02
-1.179725e+02
-1.169401e+03
7.064375e+02
-8.530715e+01
-9.693060e+01
-3.811677e+01
4.354724e+02
1.625965e+02
2.204158e+02
-8.772588e+02
-3.357992e+02
-3.850902e+01
6.529205e+02
-3.892327e+01
-3.044854e+02
-1.082273e+02
4.254748e+02
1.348610e+01
-1.025656e+02
3.758715e+02
9.482858e+01
6.334085e-01
-5.843192e+02
-3.977846e+02
1.992763e+02
-5.172269e+02
-5.556829e+01
-3.163299e+01
-1.079511e+03
-7.185006e+01
-3.683739e+02
-3.551030e+02
2.864903e+02
-2.701229e+02
-1.017713e+02
4.260004e+02
1.623839e+02
3.515129e+01
-4.320365e+02
-1.596789e+02
-1.900295e+02
1.042651e+00
6.449055e+00
-7.000631e+02
3.375548e+01
-4.134274e+01
1.416165e+02
-5.761248e+02
-6.238734e+01
-2.426280e+02
-1.112638e+02
-2.345808e+02
-5.411063e+01
2.639125e+02
-1.015561e+02
7.668205e+01
1.668018e-01
-2.082256e+02
-5.114618e+01
2.684626e+02
3.504961e+02
2.996676e+02
-4.533765e+01
4.615172e+02
1.260847e+02
4.050500e+02
-4.553485e+02
4.000574e+02
4.938020e+02
3.314128e+02
1.774440e+02
-2.036886e+02
-1.004971e+02
-2.331487e+00
8.347081e+01
-1.344312e+03
-4.696608e+02
-4.524438e+02
3.719112e+02
-6.135366e+02
2.603090e+01
1.966064e+02
-1.881414e+01
8.873431e+02
-1.004178e+02
-2.777948e+02
-1.064278e+01
3.650073e+02
1.234552e+02
-1.632072e+02
-8.796502e+01
-2.250184e+02
5.200865e+01
7.779009e+02
-3.983373e+01
-5.129262e+02
-5.534549e+02
-2.663022e+02
7.751331e+01
-8.861798e+00
4.278236e+00
-9.642048e+02
-1.767122e+02
-2.415910e+02
1.606080e+01
-5.075224e+02
-8.401729e+01
-2.128335e+02
-9.313229e+01
-1.248131e+03
-8.260107e+02
3.879198e+01
2.410912e+02
5.151634e+02
-5.500187e+01
-3.341377e+01
-7.603558e+01
-1.358592e+03
-3.926303e+02
-6.660006e+02
-5.982496e+01
-1.292581e+02
-2.553588e+02
-5.940464e+01
-8.078909e+01
-8.501759e+01
4.540908e+02
-9.956191e+01
-4.005091e+01
-6.168989e+02
-4.222683e+02
-2.338402e+02
-1.549642e+01
-4.244690e+02
-2.759151e+02
3.159440e+02
3.872596e+02
-4.385255e+02
1.840958e+02
4.107409e+02
-3.016575e+02
-3.073941e+02
2.549313e+02
4.713510e+02
-2.361631e+01
-4.284419e+02
-8.994678e+01
-2.448086e+02
4.028026e+02
-4.671212e+01
-8.896050e+00
-2.193125e+02
-8.847326e+01
-1.078365e+02
-3.947382e+02
5.050563e+02
2.612198e+01
8.085117e+01
-4.411884e+02
1.470980e+02
4.199086e+01
2.724565e+02
-4.135342e+02
-7.963216e+02
4.726715e+02
-2.229488e+02
-7.482253e+01
-3.257006e+02
-2.715356e+02
-3.315691e+02
-6.074807e+02
-3.947367e+01
-1.508212e+03
-4.815250e+02
-7.490969e+01
5.582655e+02
-1.612617e+02
-2.874925e+00
-1.492954e+01
-3.346654e+00
-2.354604e+02
3.367473e+01
1.332185e+03
8.392759e+02
2.693705e+01
-4.658323e+02
-8.074768e+01
-2.850126e+02
-4.794656e+02
-6.135611e+01
4.515096e+02
1.029060e+03
5.119097e+02
-2.109486e+01
-3.658929e+02
-7.065042e+01
-2.981602e+02
-2.656794e+01
7.373548e+01
3.140368e+02
7.382694e+01
-8.924435e+01
4.702544e+02
-1.798141e+02
1.237574e+02
-9.050692e+02
