-9.436067e+00
-8.440427e+00
-4.691398e+02
-1.355761e+02
-1.216099e+02
-9.145762e+01
-7.590804e+01
-6.510775e+01
-5.703516e+01
-5.085898e+01
-4.596391e+01
-4.198931e+01
-3.868507e+01
-3.587635e+01
-3.345500e+01
-3.131253e+01
-2.941088e+01
-2.770330e+01
-2.616633e+01
-2.475508e+01
-2.346701e+01
-2.227140e+01
-2.118541e+01
-2.016046e+01
-1.922410e+01
-1.835190e+01
-1.754202e+01
-1.678913e+01
-1.609092e+01
-1.544428e+01
-1.484461e+01
-1.429105e+01
-1.377988e+01
-1.330594e+01
-1.287071e+01
-1.247097e+01
-1.210425e+01
-1.176940e+01
-1.147548e+01
-1.119789e+01
-1.093055e+01
-1.073685e+01
-1.057446e+01
-1.041784e+01
-1.037872e+01
-1.036940e+01
-1.029618e+01
-1.024622e+01
-1.045334e+01
-9.260582e+00
-9.329397e+00
-8.955810e+00
-8.558676e+00
-8.777336e+00
-8.597580e+00
-8.422308e+00
-8.603248e+00
-8.328609e+00
-8.640639e+00
-8.630219e+00
-8.610506e+00
-8.858610e+00
-8.899489e+00
-9.183461e+00
-9.332113e+00
-9.417338e+00
-9.441911e+00
-9.631901e+00
-9.884663e+00
-1.012204e+01
-1.033727e+01
-1.032263e+01
-1.039710e+01
-1.039015e+01
-1.044173e+01
-1.035675e+01
-1.024115e+01
-1.002282e+01
-9.807345e+00
-9.661077e+00
-9.563244e+00
-9.314619e+00
-9.074798e+00
-8.831571e+00
-8.728209e+00
-8.426403e+00
-8.207721e+00
-8.041868e+00
-7.840487e+00
-7.673760e+00
-7.736610e+00
-7.556811e+00
-7.552272e+00
-7.554114e+00
-7.566618e+00
-7.716551e+00
-7.859176e+00
-8.046037e+00
-8.261787e+00
-8.438186e+00
-8.458605e+00
-8.596180e+00
-8.860967e+00
-8.947727e+00
-9.105929e+00
-9.298882e+00
-9.492405e+00
-9.564787e+00
-9.413033e+00
-9.320059e+00
-9.409617e+00
-9.386949e+00
-9.302555e+00
-9.142379e+00
-8.843596e+00
-8.586286e+00
-8.872028e+00
-7.190721e+00
-7.406423e+00
-7.559433e+00
-7.587351e+00
-7.578448e+00
-7.514249e+00
-7.371124e+00
-7.188504e+00
-6.967885e+00
-6.740906e+00
-6.454400e+00
-6.167792e+00
-5.829167e+00
-5.465346e+00
-5.063194e+00
-4.627870e+00
-4.156805e+00
-3.643695e+00
-3.089427e+00
-2.490886e+00
-1.842555e+00
-1.144617e+00
-3.938563e-01
4.132548e-01
1.290201e+00
2.230178e+00
3.245904e+00
4.342381e+00
5.534115e+00
6.826358e+00
8.235177e+00
9.771012e+00
1.147941e+01
1.338088e+01
1.551715e+01
1.795826e+01
2.079018e+01
2.408251e+01
2.803050e+01
3.291863e+01
3.907518e+01
4.716288e+01
5.777200e+01
7.363218e+01
1.029605e+02
1.187029e+02
4.522283e+02
2.513835e+02
9.040464e+01
6.588259e+01
4.818264e+01
3.725943e+01
3.016251e+01
2.482259e+01
2.071365e+01
1.753634e+01
1.487469e+01
1.267866e+01
1.079833e+01
9.186862e+00
7.789441e+00
6.546695e+00
5.455700e+00
4.475642e+00
3.588099e+00
2.776537e+00
2.049192e+00
1.386881e+00
7.723280e-01
1.989854e-01
-3.238344e-01
-8.132801e-01
-1.266154e+00
-1.686028e+00
-2.081958e+00
-2.453549e+00
-2.800466e+00
-3.126896e+00
-3.434306e+00
-3.723885e+00
-3.996941e+00
-4.255726e+00
-4.500915e+00
-4.732514e+00
-4.951801e+00
-5.160186e+00
-5.358247e+00
-5.546561e+00
-5.726012e+00
-5.897146e+00
-6.060682e+00
-6.217367e+00
-6.367181e+00
-6.511044e+00
-6.649541e+00
-6.782962e+00
-6.911840e+00
-7.036597e+00
-7.157433e+00
-7.274536e+00
-7.388683e+00
-7.499964e+00
-7.608659e+00
-7.714833e+00
-7.818841e+00
-7.920937e+00
-8.021307e+00
-8.120157e+00
-8.217669e+00
-8.313904e+00
-8.409078e+00
-8.503336e+00
-8.596899e+00
-8.689890e+00
-8.782506e+00
-8.874822e+00
-8.966984e+00
-9.059091e+00
-9.151300e+00
-9.243891e+00
-9.336899e+00
-9.430374e+00
-9.524796e+00
-9.620075e+00
-9.716187e+00
-9.813520e+00
-9.912394e+00
-1.001284e+01
-1.011496e+01
-1.021919e+01
-1.032525e+01
-1.043393e+01
-1.054515e+01
-1.065927e+01
-1.077659e+01
-1.089744e+01
-1.102212e+01
-1.115117e+01
-1.128408e+01
-1.142228e+01
-1.156651e+01
-1.171669e+01
-1.187347e+01
-1.203703e+01
-1.220808e+01
-1.238755e+01
-1.257596e+01
-1.277416e+01
-1.298291e+01
-1.320252e+01
-1.343425e+01
-1.367864e+01
-1.393682e+01
-1.421050e+01
-1.450044e+01
-1.480777e+01
-1.513428e+01
-1.548106e+01
-1.585186e+01
-1.624798e+01
-1.666595e+01
-1.712134e+01
-1.761395e+01
-1.813808e+01
-1.870300e+01
-1.931766e+01
-1.998608e+01
-2.071869e+01
-2.152187e+01
-2.240955e+01
-2.338851e+01
-2.448700e+01
-2.572308e+01
-2.712026e+01
-2.872620e+01
-3.062623e+01
-3.281885e+01
-3.546592e+01
-3.865922e+01
-4.267848e+01
-4.817082e+01
-5.500379e+01
-6.607537e+01
-8.298277e+01
-1.040634e+02
-2.711810e+02
-9.010168e+00
-1.001694e+01
-8.022993e+00
-1.106656e+01
-6.985376e+00
-1.227433e+01
-5.826407e+00
-6.728305e+00
-1.121669e+01
-1.258269e+01
-5.300952e+00
-1.384147e+01
-4.365633e+00
-2.289035e+00
-1.570734e+01
-2.133762e+00
-1.602667e+01
-1.908774e+01
4.422404e-01
2.268062e+00
-2.023218e+01
-9.023117e+00
-7.308379e+00
-1.068638e+01
8.309307e+00
-2.613388e+01
4.993225e+00
-2.290295e+01
-9.511037e+00
-8.523125e+00
-9.582097e+00
-8.410591e+00
1.767145e+01
-3.592646e+01
-9.265034e+00
-8.639820e+00
1.178972e+01
-2.966332e+01
-1.163700e+01
-6.443039e+00
-1.057038e+01
-7.478033e+00
-1.008956e+01
-7.920641e+00
3.222701e+01
-5.021142e+01
2.188739e+01
-4.051208e+01
-8.886384e+00
-9.152537e+00
-1.087926e+01
-1.180200e+01
-5.957472e+00
-3.791184e+00
-1.425310e+01
-7.087912e+00
-1.106608e-01
-1.763215e+01
-1.735785e+01
2.568151e+00
-9.099176e-01
-1.499678e+01
-3.305267e+00
-1.310125e+01
-5.049652e+00
-1.002552e+01
-7.870750e+00
-5.845141e+01
3.993482e+01
5.660533e+01
-7.363369e+01
-8.986712e+00
-8.839606e+00
-1.153911e+01
-6.411769e+00
-4.580798e+00
-1.328255e+01
5.530676e+00
-2.350353e+01
-1.003849e+01
-8.135067e+00
1.334711e+01
-3.128260e+01
-8.967872e+00
-8.963520e+00
2.401062e+01
-4.183153e+01
8.803166e+01
-1.068718e+02
-9.861386e+00
-8.075978e+00
-9.707981e+00
-9.229521e+00
-8.225215e+00
-8.664622e+00
6.827282e+01
-8.648924e+01
1.611866e+01
8.653966e+00
-3.387899e+01
-2.642720e+01
-2.120195e+01
-1.437863e+01
-3.915807e+00
-5.447688e+00
-1.190337e+01
-1.265833e+01
-6.142085e+00
-1.137708e+01
-6.730693e+00
-1.081168e+01
-7.242910e+00
-1.033143e+01
-7.694714e+00
-9.818956e+00
-8.221952e+00
-9.309592e+00
-8.721670e+00
-9.329053e+00
-8.640551e+00
1.649221e+02
-1.830989e+02
-9.478688e+00
-8.394532e+00
-9.660030e+00
-9.668268e+00
-9.781767e+00
-9.644747e+00
-9.689115e+00
-9.609394e+00
-9.702335e+00
-9.623884e+00
-9.667677e+00
-9.637941e+00
-9.708598e+00
-9.756592e+00
-9.790070e+00
-9.836662e+00
-1.007429e+01
-1.013801e+01
-1.007634e+01
-1.018167e+01
-1.016200e+01
-1.027582e+01
-1.023832e+01
-1.036392e+01
-1.031721e+01
-1.045175e+01
-1.039282e+01
-1.053623e+01
-1.046617e+01
-1.061783e+01
-1.053575e+01
-1.068932e+01
-1.060085e+01
-1.076056e+01
-1.066074e+01
-1.083695e+01
-1.071744e+01
-1.090169e+01
-1.076770e+01
-1.095937e+01
-1.081133e+01
-1.100832e+01
-1.084610e+01
-1.105118e+01
-1.087798e+01
-1.108554e+01
-1.089536e+01
-1.111036e+01
-1.090583e+01
-1.112504e+01
-1.090698e+01
-1.113043e+01
-1.089856e+01
-1.112489e+01
-1.087745e+01
-1.066153e+01
-1.062261e+01
-1.041530e+01
-1.036026e+01
-1.110765e+01
-1.016044e+01
-1.009092e+01
-9.900991e+00
-9.815456e+00
-9.636660e+00
-9.536479e+00
-9.716271e+00
-9.425660e+00
-9.604254e+00
-9.303596e+00
-9.479506e+00
-9.177448e+00
-9.346143e+00
-9.035841e+00
-9.189579e+00
-8.871742e+00
-9.014642e+00
-9.028545e+00
-8.704557e+00
-8.870257e+00
-8.530010e+00
-8.784239e+00
-8.276923e+00
-8.361157e+00
-7.938061e+00
-7.953169e+00
-7.544818e+00
-7.633431e+00
-7.178422e+00
-7.318987e+00
-6.824529e+00
-7.012214e+00
-6.456538e+00
-8.095934e+00
-8.650077e+00
-6.708271e+00
-6.284392e+00
-5.989830e+00
-5.553710e+00
-8.324712e+00
-8.844623e+00
-5.392436e+00
-4.974540e+00
-8.601260e+00
-9.133314e+00
-6.098493e+00
-5.036082e+00
-4.596668e+00
-8.863329e+00
-9.310927e+00
-4.752944e+00
-4.291546e+00
-9.020333e+00
-9.400248e+00
-4.590537e+00
-4.068142e+00
-9.189325e+00
-9.739390e+00
-4.560943e+00
-3.943553e+00
-3.667860e+00
-3.473756e+00
-3.289221e+00
-3.004265e+00
-2.916722e+00
-2.623427e+00
-9.237972e+00
-9.594395e+00
-2.596851e+00
-2.083806e+00
-4.656373e+00
-9.447226e+00
-9.762735e+00
-2.615559e+00
-2.659592e+00
-2.038664e+00
-1.641168e+00
-1.734362e+00
-1.519060e+00
-1.135903e+01
-9.728065e+00
-1.002847e+01
-1.063356e+01
-2.268977e+00
-1.205894e+00
-9.824413e+00
-1.011675e+01
-1.189906e+00
-1.156284e+00
-8.830966e-01
-9.976672e+00
-1.026927e+01
-1.040964e+01
-1.056562e+01
-1.070498e+01
-1.086537e+01
-1.100104e+01
-1.116815e+01
-1.130396e+01
-1.147738e+01
-1.161479e+01
-1.179317e+01
-1.195884e+01
-1.211537e+01
-1.223633e+01
-1.243974e+01
-1.251770e+01
-1.276620e+01
-1.281955e+01
-1.310195e+01
-1.353717e+01
-1.332347e+01
-1.434624e+01
-1.359662e+01
-1.559090e+01
-1.373783e+01
-1.605853e+01
-1.709410e+01
-1.538290e+01
-1.712759e+01
-1.679800e+01
-1.689201e+01
-1.737865e+01
-1.750947e+01
-1.795499e+01
-1.836346e+01
-1.021146e+00
-1.060246e+00
-2.916942e-01
6.017799e-02
3.479709e-01
6.858232e-01
-1.735231e+01
-1.392500e+01
-1.229979e+01
-1.103061e+01
-1.117251e+00
-1.834520e+01
-1.879630e+01
-1.784147e+01
7.857108e-01
1.156707e+00
-9.687493e+00
-9.836762e+00
-9.543084e+00
-9.692103e+00
-9.411139e+00
-1.877102e+01
-1.923773e+01
-1.044753e+01
-9.554303e+00
-9.287542e+00
-1.129280e+01
1.230287e+00
1.632245e+00
1.465292e+00
2.003028e+00
1.764513e+00
2.355618e+00
2.050509e+00
2.687411e+00
-9.425437e+00
-9.160455e+00
-1.646442e+01
-1.366138e+01
-1.166293e+01
-1.914239e+01
-1.966333e+01
-1.964822e+01
-2.012684e+01
-2.005441e+01
-2.057724e+01
-2.045207e+01
-2.102565e+01
-2.083471e+01
-2.146350e+01
2.337238e+00
2.991229e+00
-2.120631e+01
-2.190007e+01
1.622193e+00
-9.297289e+00
-9.030990e+00
3.321675e+00
3.696560e+00
2.368834e+00
-2.155966e+01
-2.231754e+01
-1.948591e+01
-9.168188e+00
-8.908620e+00
-2.183819e+01
-2.083691e+01
-2.271732e+01
3.940829e+00
4.401121e+00
-2.156344e+01
-9.043039e+00
-9.291691e+00
-8.798012e+00
-2.559024e+00
-2.528571e+00
-2.954575e+00
-2.747646e+00
-3.160218e+00
-2.936408e+00
-3.323841e+00
-3.137214e+00
-3.503453e+00
-3.339619e+00
-3.710059e+00
-3.556927e+00
-3.923783e+00
-2.206181e+01
-2.309685e+01
4.551037e+00
5.090563e+00
-2.355572e+01
-2.405171e+01
-9.168947e+00
-9.407055e+00
-9.787834e+00
-3.776954e+00
-4.132832e+00
-1.109489e+01
-2.231465e+01
-8.663618e+00
-8.551262e+00
-9.281528e+00
-9.519479e+00
5.153173e+00
5.773590e+00
5.624879e+00
6.398076e+00
6.159119e+00
7.024174e+00
6.693225e+00
7.646650e+00
7.197365e+00
-2.438009e+01
-2.497269e+01
-4.002393e+00
-4.348965e+00
-3.639140e+00
-4.472893e+00
-4.678098e+00
-4.797809e+00
-4.995830e+00
-5.110485e+00
-5.299381e+00
-2.848221e+00
-1.868631e+00
-2.210878e+00
-3.065115e+00
-3.596850e+00
-3.294013e+00
-3.630543e+00
-3.420278e+00
-3.733581e+00
-3.497876e+00
-3.811381e+00
-3.595551e+00
-3.908502e+00
-3.709958e+00
-4.018381e+00
-3.836840e+00
-4.140209e+00
-3.519544e+00
8.258738e+00
-3.976158e+00
-4.273273e+00
-4.434783e+00
-4.559310e+00
-4.723179e+00
-4.836957e+00
-5.002310e+00
-5.106261e+00
-5.272908e+00
-5.367868e+00
-5.534691e+00
-5.620855e+00
-5.788801e+00
-5.861335e+00
-6.032353e+00
-6.101485e+00
-6.269040e+00
-6.332327e+00
-6.496564e+00
-6.546484e+00
-6.714633e+00
-6.755529e+00
-6.924338e+00
-6.955872e+00
-7.122830e+00
-7.146721e+00
-7.310488e+00
-7.327290e+00
-7.489684e+00
-7.499075e+00
-7.659951e+00
-7.175186e+00
-7.661473e+00
-7.818707e+00
-6.399655e+00
-5.193167e+00
-8.417681e+00
-7.813807e+00
-7.967175e+00
7.684702e+00
8.859345e+00
-9.395503e+00
-9.624337e+00
-1.134894e+01
-1.160151e+01
-5.194875e+00
-5.488377e+00
-3.879547e+00
-3.510291e+00
-2.518133e+01
-2.589038e+01
5.735906e+00
-4.128315e+00
-7.954629e+00
-8.102986e+00
-7.815023e+00
8.182053e+00
6.972276e+00
9.466240e+00
-9.725566e+00
-9.507171e+00
-9.725648e+00
-9.288129e+00
-5.395301e+00
-5.682327e+00
-1.160109e+01
-1.185476e+01
-5.412246e+00
-3.770457e+00
-3.392287e+00
-5.448557e+00
-2.595860e+01
-2.678502e+01
-2.662725e+01
8.555796e+00
-2.764122e+01
-2.738717e+01
-9.608992e+00
-9.821232e+00
-1.018902e+01
7.514618e+00
6.392176e+00
-7.953600e+00
-7.823963e+00
-6.903223e+00
-9.944651e+00
-1.003643e+01
-1.016446e+01
-1.025557e+01
-1.038781e+01
-1.047811e+01
-1.061545e+01
-1.070402e+01
-5.596162e+00
-5.869201e+00
-1.084716e+01
-1.093468e+01
-1.108458e+01
-1.117125e+01
-1.132736e+01
-1.141379e+01
-1.157605e+01
-1.166338e+01
-1.183239e+01
-1.192022e+01
-1.209650e+01
-1.218833e+01
-1.236955e+01
-1.246438e+01
-1.265252e+01
-1.274795e+01
-1.294649e+01
-1.304592e+01
-1.325275e+01
-1.335527e+01
-1.357171e+01
-1.367317e+01
-1.390508e+01
-1.400971e+01
-1.425434e+01
-1.436274e+01
-2.852723e+01
-2.816274e+01
-1.186166e+01
-1.211755e+01
-3.649855e+00
-3.279574e+00
-6.682465e+00
-9.468430e+00
-9.561864e+00
-9.036205e+00
-1.462245e+01
-1.476202e+01
-2.944378e+01
-2.896536e+01
-1.078017e+01
-1.446005e+01
-1.487603e+01
-1.342728e+01
-1.254801e+01
-1.075869e+01
-2.669341e+01
-1.011358e+01
-1.176726e+01
-8.305915e+00
-8.168448e+00
6.951663e+00
5.893706e+00
-3.038488e+01
-2.982212e+01
-2.836979e+01
-7.957177e+00
-7.841267e+00
-5.788537e+00
-6.044467e+00
-1.212923e+01
-1.238839e+01
-1.235954e+01
-1.263271e+01
-1.258752e+01
-1.286558e+01
-1.280170e+01
-1.308590e+01
-1.300002e+01
-1.328445e+01
-1.318132e+01
-1.346700e+01
-1.334477e+01
-1.363360e+01
-1.348959e+01
-1.377836e+01
-1.361368e+01
-1.390479e+01
-1.371632e+01
-1.400664e+01
-1.343904e+01
-1.421101e+01
-1.431159e+01
-1.352161e+01
-1.325737e+01
-3.550462e+00
-3.178246e+00
5.042381e+00
5.523858e+00
4.770890e+00
5.111004e+00
4.323900e+00
-2.580010e+01
-3.137100e+01
-2.923150e+01
-2.783135e+01
-9.310009e+00
-9.411425e+00
4.420372e+00
3.399278e+00
-6.135721e+00
-6.296027e+00
-1.458148e+01
-1.497485e+01
6.408533e+00
5.389446e+00
-1.527763e+01
-1.537704e+01
-2.895474e+00
-2.787047e+00
-2.634853e+01
-2.542062e+01
7.550725e+00
-1.265905e+01
-1.335993e+01
-1.453782e+01
-1.463846e+01
-7.980467e+00
-7.865896e+00
-6.220859e+00
-6.463900e+00
-5.229538e+00
-5.535299e+00
-1.332038e+01
-1.306984e+01
-3.173310e+00
-3.460852e+00
-8.086896e+00
-7.336323e+00
-6.547501e+00
-6.694927e+00
-1.886359e+01
-1.910265e+01
-3.071571e+01
3.141366e+00
2.310127e+00
4.061698e+00
-9.505587e+00
-2.867028e+01
-2.730299e+01
-2.490798e+00
-2.374418e+00
5.836761e+00
4.849433e+00
-1.469646e+01
-5.998371e+00
-1.569811e+01
-1.583795e+01
-2.575630e+01
-2.481588e+01
-9.165095e+00
-9.271042e+00
-6.633211e+00
-6.851295e+00
-6.911447e+00
-7.061437e+00
-1.846429e+01
-1.861272e+01
-1.311394e+01
-1.287934e+01
4.457508e+00
3.940969e+00
3.598314e+00
3.107627e+00
2.799131e+00
2.366941e+00
2.473688e+00
1.795368e+00
-7.995946e+00
-7.892312e+00
-7.765585e+00
-7.807867e+00
-7.678698e+00
-7.733712e+00
-7.605782e+00
-7.674098e+00
-7.546156e+00
-4.059154e+00
-2.062887e+00
-5.355159e+00
-5.662963e+00
-1.050180e+01
3.406241e+00
-7.124664e+00
-7.266889e+00
-1.309626e+01
-3.549964e+00
-2.808462e+01
-2.672607e+01
-2.955494e+01
-1.615027e+01
-1.629539e+01
-1.592287e+01
-1.642407e+01
-1.675822e+01
-1.691308e+01
-2.486583e+01
-2.384712e+01
-1.653472e+01
-1.704028e+01
-2.020980e+01
-1.290329e+01
-1.268549e+01
-1.743567e+01
-1.757587e+01
-1.148475e+01
-7.006819e+00
-1.186033e+01
-9.034544e+00
-9.137215e+00
-7.323944e+00
-7.466856e+00
-7.175196e+00
-1.314502e+01
-7.626603e+00
-7.500715e+00
-7.746302e+00
-2.594755e+01
-8.917552e+00
1.610909e+00
1.162664e+00
9.778389e-01
5.695272e-01
3.900466e-01
1.792985e-02
1.667622e-01
-3.519325e-01
1.940097e+00
-2.484150e-01
-7.371555e-01
-1.048888e+01
-3.816649e+00
-3.747712e+00
-4.080636e+00
-4.036085e+00
-4.345197e+00
-5.239510e+00
-5.185523e+00
-9.139858e+00
-7.929919e+00
-7.411903e+00
-7.371295e+00
-7.271901e+00
-1.784190e+01
-1.770273e+01
-1.269097e+01
-1.248592e+01
-7.534643e+00
-7.665162e+00
-7.601276e+00
-7.791228e+00
-7.857773e+00
-7.976931e+00
-1.448267e+01
-2.341815e+01
-2.247124e+01
1.116702e+00
-2.887898e+01
-3.050299e+01
-9.975892e+00
-4.849724e-01
-5.490447e+00
-5.794316e+00
-1.230217e+01
-1.932037e+00
-1.599757e+00
-1.799195e+01
-1.814980e+01
-1.282634e+01
-1.718778e+01
-2.270379e+00
-1.823668e+00
-2.180825e+00
-1.738985e+00
-2.111182e+00
-1.669761e+00
-7.242654e+00
-7.125080e+00
1.139013e+00
-7.731081e+00
-8.798602e+00
-8.669921e+00
-2.250280e+01
-2.171628e+01
-2.161791e+01
-2.097740e+01
-7.708492e+00
-7.821917e+00
-5.961969e+00
-6.090173e+00
-1.486503e+01
-9.910771e+00
-9.364818e+00
-9.230018e+00
-6.772496e-01
-1.135993e+00
-6.252546e+00
-6.378819e+00
-7.117810e+00
-6.977265e+00
-4.314977e+00
-4.605796e+00
-1.761596e+00
-1.856119e+01
-1.876289e+01
-1.470228e+01
-1.510239e+01
-2.971401e+01
-3.145246e+01
-8.045759e+00
-8.158394e+00
-2.060465e+00
-1.621134e+00
-1.832232e+01
-6.222755e+00
-6.516913e+00
-1.290850e+01
-6.957029e+00
-6.820150e+00
-1.700601e+01
-1.720417e+01
-1.699111e+01
-1.923335e+01
-1.942386e+01
-1.893718e+01
-1.960321e+01
-2.012616e+01
-2.032265e+01
-1.247592e+01
-1.228496e+01
-1.228258e+01
-1.209637e+01
-8.406230e+00
-1.975222e+01
-2.048390e+01
-7.793922e+00
-9.445538e+00
-9.314425e+00
-9.106739e+00
-9.194274e+00
-9.390668e+00
-9.268486e+00
-9.456488e+00
-9.333770e+00
-9.512346e+00
-9.394498e+00
-9.221707e+00
-9.283603e+00
-9.444869e+00
-9.334956e+00
-9.482230e+00
-9.372084e+00
-9.234205e+00
-9.276473e+00
-9.142464e+00
-9.191370e+00
-9.315610e+00
-9.061336e+00
-9.231609e+00
-9.350658e+00
-1.280930e+00
-1.469310e+00
-2.103815e+01
-2.035422e+01
-2.604811e+01
-1.208497e+01
-1.191090e+01
-1.119104e+00
-1.542538e+00
-1.567279e+00
-1.944155e+00
-6.689188e-01
-8.057468e+00
-3.108365e+00
-7.351724e+00
-7.879138e+00
-8.551300e+00
-6.810702e+00
-6.662074e+00
-2.085554e+01
-1.491560e+01
-1.532951e+01
-9.264832e+00
-9.375956e+00
-9.469686e+00
-9.481954e+00
-1.975482e+00
-2.324352e+00
-2.326445e+00
-2.679832e+00
-4.591691e+00
-4.864912e+00
-4.334086e+00
-7.781068e+00
-9.694536e+00
-6.360116e+00
-6.657272e+00
-8.563568e+00
-8.422221e+00
-6.662699e+00
-6.501640e+00
1.228866e+00
-8.232831e+00
-8.337705e+00
-8.266812e+00
-8.437343e+00
-8.369367e+00
-8.532209e+00
-8.604509e+00
-8.693607e+00
-8.770493e+00
-8.853768e+00
-1.188566e+01
-1.172621e+01
-1.018205e+01
-2.033633e+00
-1.594860e+00
-2.036736e+01
-1.973854e+01
-3.049386e+01
-2.882752e+01
-3.237993e+01
-3.337309e+01
-3.448887e+01
-3.538866e+01
-3.682620e+01
-3.766942e+01
-3.944455e+01
-4.016607e+01
-4.235222e+01
-4.287192e+01
-4.555508e+01
-4.056220e+01
-1.649343e+01
-1.628232e+01
-1.173864e+01
-1.156813e+01
3.250941e+00
2.477395e+00
-6.677208e+00
-6.513831e+00
-6.338976e+00
-7.982118e+00
-2.493482e+00
-8.121370e+00
-2.682821e+00
-3.010759e+00
-3.042030e+00
-3.344186e+00
-1.986587e+01
-2.061095e+01
-6.958527e+00
-8.935467e+00
-9.013395e+00
-4.329051e+01
-4.112611e+01
-2.295327e+00
-1.969654e+01
-1.912069e+01
-1.914655e+01
-1.857617e+01
-1.857401e+01
-1.805110e+01
-1.512030e+01
-1.471890e+01
-1.554351e+01
-6.503303e+00
-6.797913e+00
-6.207321e+00
-8.777015e+00
-1.270900e+00
-1.931883e+01
-6.535498e+00
-1.438638e+01
-1.470324e+01
-1.442996e+01
-1.473730e+01
-1.443589e+01
-1.473193e+01
-1.439771e+01
-1.506424e+01
-1.504579e+01
-3.407653e+00
-3.680982e+00
-3.629932e+00
-3.940897e+00
-3.906863e+00
-4.191334e+00
-4.177908e+00
-4.436203e+00
-4.423889e+00
-4.667119e+00
-4.701596e+00
-4.914620e+00
-4.902397e+00
-1.800067e+01
-2.444784e+00
-2.023114e+00
-9.101799e+00
-9.173593e+00
-9.001573e+00
-8.929058e+00
-4.883149e+00
-5.123710e+00
-4.877787e+00
-1.753149e+01
-1.755579e+01
-8.999032e+00
-1.157752e+00
-8.188279e+00
-7.940580e+00
-1.154251e+01
-1.139825e+01
-8.280015e+00
-9.275286e+00
-9.339518e+00
-9.242896e+00
-9.395812e+00
-9.499017e+00
-9.549049e+00
-9.650697e+00
-9.702670e+00
-9.803269e+00
-9.856722e+00
-9.961208e+00
-1.001205e+01
-1.012973e+01
-1.017292e+01
-1.029793e+01
-1.033385e+01
-1.046636e+01
-1.049792e+01
-1.063756e+01
-1.066521e+01
-1.081222e+01
-1.083623e+01
-1.099088e+01
-1.101138e+01
-1.117411e+01
-1.119119e+01
-1.136031e+01
-1.137647e+01
-1.155368e+01
-1.156732e+01
-1.175442e+01
-1.176331e+01
-1.196111e+01
-1.196933e+01
-1.217712e+01
-1.218219e+01
-1.240067e+01
-1.240233e+01
-1.263419e+01
-1.263414e+01
-2.942418e+01
-2.782591e+01
-6.363172e+00
-1.605832e+01
-1.579877e+01
-7.229292e-01
-9.582773e+00
-9.582875e+00
-9.488192e+00
-9.580010e+00
-2.442624e+00
-2.823294e+00
-8.181677e+00
-6.649103e+00
-6.942849e+00
-1.287730e+01
-1.287570e+01
-1.071325e+01
-7.180359e+00
-8.449980e+00
-4.970086e+00
-2.030576e+01
-5.162350e+00
-6.798742e+00
-7.096565e+00
-6.960105e+00
-7.252656e+00
-4.385997e+01
-4.124672e+01
-8.313042e+00
-8.330165e+00
-8.176345e+00
-8.266499e+00
-8.012636e+00
-8.098614e+00
-7.839993e+00
-7.917596e+00
-7.654073e+00
-7.726831e+00
-7.454798e+00
-8.156103e+00
-3.834750e+01
-5.314775e+00
-7.393131e+00
-7.543785e+00
-7.407676e+00
2.894638e+00
2.163433e+00
-1.742354e+01
-1.700144e+01
4.043990e+00
-1.577123e+01
-1.599408e+01
-1.623858e+01
-2.088244e+01
-2.453521e+01
-4.015151e+00
-1.135887e+01
-1.122894e+01
-1.993512e+01
-1.924194e+01
-2.069182e+01
-2.141187e+01
-2.151119e+01
-1.156994e+01
1.478663e+00
8.792025e-01
-1.563959e+01
-1.541350e+01
-1.585432e+01
-1.556577e+01
-1.515020e+01
-1.552019e+01
-1.488365e+01
-1.502661e+01
-1.566429e+01
-1.471218e+01
-5.144089e+00
-5.372912e+00
-9.712723e-01
-1.180497e+00
-7.917319e+00
-7.807185e+00
-7.684591e+00
-9.892411e+00
-9.304606e+00
-1.052849e+01
-1.527195e+01
-1.429714e+01
-1.604638e+01
-1.338477e+01
-1.600240e+01
-1.546798e+01
-1.486749e+01
-1.490313e+01
-1.487965e+01
-1.454336e+01
-1.448846e+01
-1.410265e+01
-1.418657e+01
-1.374825e+01
-1.369243e+01
-1.327550e+01
-1.338332e+01
-1.288146e+01
-1.302028e+01
-1.261800e+01
-1.247804e+01
-1.196245e+01
-1.170704e+01
-1.161675e+01
-1.124179e+01
-1.221109e+01
-7.703465e-01
-9.649470e+00
-8.251958e+00
-8.236509e+00
-1.313227e+01
-1.312998e+01
-8.857653e+00
-8.795762e+00
-8.867951e+00
-8.743315e+00
-8.815726e+00
-8.700118e+00
-8.772301e+00
-8.664773e+00
-8.736551e+00
-8.637620e+00
-8.837232e+00
-1.647210e+01
-1.673790e+01
-9.669764e+00
-7.527510e+00
-7.247882e+00
-1.491246e+01
-1.451880e+01
-7.190452e+00
-6.973922e+00
-7.833291e+00
-5.175580e+00
-1.957150e+01
-5.239411e+00
-9.021971e+00
-5.398422e+00
-6.552211e+00
-4.236661e+01
-3.989662e+01
-5.066081e+00
-1.119143e+01
-2.844925e+00
-3.197997e+00
-1.096762e+01
-1.082983e+01
-1.095946e+01
-1.103766e+01
-5.321614e+00
-1.669119e+00
-2.825031e+01
-2.674778e+01
-2.640242e+01
-1.400460e+00
-3.735437e+00
-1.408772e+01
-1.260521e+00
-8.203057e+00
-8.184422e+00
-9.484264e+00
-9.563016e+00
-5.688359e+00
-1.217378e+01
-6.416817e+00
-4.437877e-01
-2.071581e+01
-2.155157e+01
-6.418090e+00
-8.402909e+00
-9.687418e+00
-5.390445e+00
-5.608643e+00
-5.600455e+00
-5.821727e+00
-5.822190e+00
-6.028633e+00
-6.034323e+00
-6.228475e+00
-6.237234e+00
-6.422594e+00
-1.260865e+01
-2.015302e+01
-7.768953e+00
-1.541443e+01
-1.340466e+01
-1.339682e+01
-1.339745e+01
-8.478716e-01
-8.555848e+00
-8.540265e+00
-6.692003e+00
-4.528153e+01
-1.174018e+01
-1.288271e+01
-1.117821e+01
-1.106112e+01
-1.109745e+01
-1.094251e+01
-1.089600e+01
-1.078935e+01
-8.111967e+00
-1.684251e+01
-1.647390e+01
-9.605164e+00
-1.368704e+01
-1.367346e+01
-1.397634e+01
-1.396661e+01
-1.428711e+01
-1.427565e+01
-1.394259e+01
-1.424756e+01
-1.459919e+01
-1.456957e+01
-1.494048e+01
-1.490775e+01
-1.129227e+01
-1.444826e+01
5.725003e+00
-9.676153e+00
-6.433569e+00
-6.608884e+00
-1.621370e+01
-1.212998e+01
-8.801050e+00
-8.896075e+00
-8.297809e+00
-8.333261e+00
7.775739e-01
-9.692565e+00
-1.094628e+01
-1.804988e+00
-1.134326e+01
-7.893110e+00
-3.704686e+00
-1.120524e+01
-1.953700e+01
-5.842006e+00
-9.781272e+00
-9.963364e+00
-2.587954e-01
1.357135e+00
-6.604356e+00
-6.778857e+00
-6.788931e+00
-6.949850e+00
-2.547738e+01
-2.489203e+01
-8.098927e+00
-8.252041e+00
-7.533017e+00
-1.499198e+01
-4.115092e-01
2.307712e-01
-1.020522e+01
-1.085326e+01
-1.175324e+01
-1.338522e+01
-6.934959e+00
-6.711666e+00
-6.744181e+00
-6.475507e+00
-6.502439e+00
-6.231286e+00
-6.256104e+00
-5.977570e+00
-4.482019e+01
-4.861261e+01
-4.759913e+01
-5.214479e+01
-5.270939e+01
-5.733163e+01
-1.297049e+01
-1.165451e+01
-2.629119e+01
-7.663241e+00
-7.974447e+00
-2.469593e+00
-9.200723e+00
-2.126233e+01
-2.168928e+01
-2.084382e+01
-2.128573e+01
-2.209211e+01
-2.994556e+01
-7.951830e+00
-7.703884e+00
-6.339701e+00
-6.163488e+00
-6.178221e+00
-5.989560e+00
-6.019480e+00
-1.135309e+01
-1.024377e+01
-7.630616e+00
-3.997504e+00
-3.905105e+00
-1.925640e+01
-1.861812e+01
-3.340464e+00
-6.035422e+00
-5.835921e+00
-9.592018e+00
-5.506435e+00
-6.962769e+00
-7.115499e+00
-7.131311e+00
-7.274995e+00
-5.817848e+00
-5.863971e+00
-6.072567e+00
-1.377218e+01
7.151064e+00
5.991959e+00
-9.279801e+00
-8.715306e+00
-8.780394e+00
-2.861557e+01
-9.359604e+00
-1.054595e+01
-1.033069e+01
-1.697786e+01
-1.726570e+01
-9.392114e+00
-5.624107e+00
-8.466759e+00
-8.309924e+00
-8.406474e+00
-8.257869e+00
-8.352051e+00
-8.211956e+00
-8.492878e+00
-6.579621e+00
-9.703208e+00
2.626648e+00
5.229915e+00
6.260768e+00
5.584583e+00
6.653442e+00
5.902721e+00
7.012688e+00
6.172378e+00
5.126866e+00
7.328204e+00
8.223500e+00
8.605383e+00
9.547337e+00
1.002858e+01
1.102532e+01
1.160556e+01
1.266537e+01
1.339653e+01
1.449322e+01
1.539982e+01
1.653378e+01
1.767723e+01
1.881817e+01
1.719177e+01
1.958699e+01
1.813765e+01
2.130529e+01
2.022584e+01
1.879915e+01
2.087808e+01
1.945573e+01
2.155228e+01
1.969135e+01
2.357486e+01
2.111644e+01
1.905547e+01
1.789190e+01
1.717241e+01
1.184853e+01
7.575046e+00
1.754342e+01
1.577280e+01
1.547638e+01
1.416186e+01
1.393260e+01
1.268244e+01
1.226297e+01
1.089829e+01
1.132085e+01
9.621783e+00
1.005076e+01
8.425404e+00
8.373071e+00
7.312569e+00
1.213335e+01
7.347726e+00
6.353588e+00
1.663690e+01
8.843067e+00
1.627417e+01
6.339917e+00
5.404540e+00
5.299337e+00
4.332289e+00
4.407937e+00
3.518915e+00
3.459169e+00
2.705686e+00
2.659765e+00
1.953866e+00
1.926868e+00
1.262457e+00
1.255034e+00
6.353799e-01
6.326286e-01
5.758492e-02
5.448977e+00
4.586839e+00
-1.464980e+01
-3.826759e+00
-1.270086e+01
-2.335174e+01
-1.774711e+01
-1.741934e+01
-1.794919e+01
-1.126342e+01
-5.648161e+00
-3.126421e+00
1.875369e+01
2.525122e+00
1.465762e+01
-4.570331e+00
-1.157802e+00
2.514131e+00
-9.681041e-01
-2.257266e+01
-1.069915e+01
-1.184631e+01
-1.204520e+01
4.787778e-02
7.437424e-01
-9.602360e+00
-4.387907e+00
-9.666900e+00
-9.630232e+00
8.434042e+00
1.727058e+00
-8.260890e+00
-7.810493e+00
-7.611200e+00
-4.994759e+00
-5.154847e+00
-8.112443e+00
-7.295625e+00
-7.431629e+00
-5.671184e+01
-9.590117e+00
-1.172748e+01
-9.292405e+00
1.815676e-02
-4.936562e-01
-3.522854e+00
-3.266481e+00
-2.860097e+01
-3.036932e+01
1.809929e-01
1.326567e+01
-3.965407e+01
-3.749486e+01
-3.777455e+01
-3.559259e+01
-1.065867e+01
-5.698160e+00
-4.671139e+00
-6.803080e+00
-7.506709e+00
-4.213672e+00
-3.621600e+01
-5.971078e+00
-5.712057e+00
-5.712293e+00
-5.444957e+00
-5.438393e+00
-7.538179e+00
-1.213014e+01
-1.135798e+01
-7.978206e+00
-1.321429e+01
-1.331806e+01
-1.516798e+01
-1.720122e+01
-1.376251e+01
-1.246673e+01
-1.458888e+01
-1.098095e+01
-1.154591e+01
-1.169157e+01
-1.723549e+01
1.536029e+01
1.713225e+01
1.705762e+01
1.974777e+01
-7.672726e+00
-1.413491e+01
-1.406732e+01
-1.431816e+01
-1.395599e+01
-1.373744e+01
-1.418481e+01
-1.359684e+01
-1.340941e+01
-9.640972e+00
-9.825596e+00
3.345765e-01
-1.023594e+01
-1.253261e+01
-5.155839e+00
-2.891356e+00
-2.524021e+00
1.944476e+00
-8.614991e+00
-8.526222e+00
-8.448932e+00
-8.431926e+00
-8.139365e+00
-8.295043e+00
-1.330859e+01
-1.281851e+01
-1.530190e+01
-1.526824e+01
-1.093163e+01
-5.621901e+01
-6.275388e+01
-3.265342e+00
-1.096540e+01
-8.265067e+00
-1.060216e+01
-2.228255e+01
-9.739700e+00
-3.527496e+01
-3.346585e+01
-3.389807e+01
-3.182754e+01
-3.234177e+01
-3.037188e+01
-3.182413e+01
-3.090755e+01
-2.903949e+01
-2.892742e+01
-2.769063e+01
-2.761192e+01
-2.651507e+01
-1.073365e+01
-1.064336e+01
-2.049035e+01
-2.008261e+01
-1.858268e+01
-1.799933e+01
-1.803051e+01
-1.745590e+01
-1.748961e+01
-1.696800e+01
-1.699011e+01
-3.178176e+00
-3.529060e+00
-3.567194e+00
-3.873932e+00
-8.208014e+00
-1.236116e+01
-1.125045e+01
1.844896e+00
-3.920159e+01
-8.618991e+00
-1.324266e+01
-1.308340e+01
-1.340104e+01
-1.055374e+00
-9.161529e-01
-1.141632e+00
3.507425e+00
4.399485e+00
-1.760493e+01
-1.710634e+01
-1.875672e+00
-1.647661e+01
-1.495320e+01
-1.626212e+01
-1.594165e+01
1.532392e+01
-8.182893e+00
-9.799020e+00
-9.810044e+00
-5.660989e+00
-5.774351e+00
-6.621159e+00
2.298939e+00
-1.451801e+01
-6.252993e+00
-7.851036e+00
-7.606295e+00
-6.509962e+00
-1.934880e+01
-1.988588e+01
-2.077244e+01
-6.689643e+00
-6.908791e+00
4.444337e+00
3.709182e+00
-9.498924e+00
-4.818616e+00
-4.991717e+00
-3.699331e+00
-1.700538e+01
-1.752566e+01
-1.792782e+01
-9.741854e+00
-1.470419e+01
-1.432753e+01
-1.414094e+01
-1.396852e+01
-1.377767e+01
-1.361229e+01
-1.342633e+01
-1.326066e+01
-1.308764e+01
-1.292806e+01
-1.275983e+01
-1.260706e+01
-1.244185e+01
-1.229987e+01
-1.213367e+01
-1.199757e+01
-1.183826e+01
-1.170190e+01
-1.154856e+01
-1.141530e+01
-1.126608e+01
-1.113530e+01
-1.099007e+01
-1.086147e+01
-1.072067e+01
-2.062780e+01
-2.138517e+01
-8.305876e+00
-8.177995e+00
-8.072157e+00
-8.047002e+00
-2.068669e+01
-2.150810e+01
-1.657429e+01
-6.510217e+00
-2.956763e+01
-4.643968e+00
-4.829608e+00
-5.168847e+00
-4.457709e+00
-5.020884e+00
-1.567989e+01
-1.390265e+01
-1.110098e+01
1.000263e+01
8.865937e+00
-7.749239e+00
-8.013294e+00
-2.540083e+01
-1.545589e+01
-8.279692e+00
-8.494282e+00
-5.794152e+00
-7.266641e+00
-1.068192e+01
-1.054825e+01
-7.455351e+00
-6.779383e+00
-6.944348e+00
-1.565005e+01
4.898724e-01
-6.055067e+00
-5.861134e+00
-3.927793e+00
-4.212506e+00
-1.059064e+01
1.723672e+01
-4.745667e-01
-1.022645e+00
-7.777603e+00
1.206764e+00
5.877299e-01
-1.048861e+01
-1.036692e+01
-6.802433e+00
-1.814149e+01
-1.852918e+01
-4.162897e+00
-4.479586e+00
-5.650977e+00
-2.431555e+01
1.189221e+00
5.045778e-01
2.671405e-01
-1.330589e-01
1.848448e+00
-3.258815e-01
-9.185500e-01
-9.990253e-01
-1.650165e+00
-1.395223e+00
-1.835053e+00
-1.604868e+00
-2.031961e+00
-1.822252e+00
-2.229436e+00
-2.433441e+01
-5.169142e+00
-5.156376e+00
3.300554e+00
-7.745794e+00
-8.823600e+00
-8.972017e+00
-5.707923e+00
-1.726560e+01
-1.679587e+01
-1.691843e+01
-1.647383e+01
-1.869598e+01
-1.918322e+01
-1.599235e+01
-7.905424e+00
-1.045506e+01
-8.602405e+00
-5.351545e+00
-8.032941e+00
-8.184837e+00
-8.252912e+00
-8.409245e+00
-3.391579e+01
-3.472403e+00
-1.978080e+01
-1.158871e+01
-1.544904e+01
1.356312e+01
-1.568601e+01
-1.541698e+01
-1.714612e+01
-8.626426e+00
-8.694321e+00
-8.364583e+00
-8.353815e+00
-1.727074e+01
-1.596434e+01
-8.571029e+00
3.487013e+00
-1.816965e+00
-1.150308e+01
-1.163146e+01
-1.136831e+01
3.441820e+00
4.311929e+00
-5.933782e+00
-6.146691e+00
-1.119504e+01
-1.433955e+01
-6.586084e+00
-6.825910e+00
-8.359302e+00
-8.328832e+00
1.234748e+01
-4.002217e+00
-3.697230e+00
-1.591428e+01
-8.382758e+00
-5.189819e+00
-7.705206e+00
-2.268071e-01
4.679465e+00
-8.117266e+00
-5.355290e+00
-7.817179e+00
-7.894613e+00
-7.669916e+00
-2.977428e+00
1.769833e+01
1.531072e+01
2.059862e+01
2.286115e+01
2.406054e+01
2.651447e+01
2.817870e+01
3.084174e+01
3.332024e+01
3.606038e+01
3.258942e+01
3.760190e+01
4.228496e+01
4.315325e+01
3.775184e+01
4.960336e+01
4.317421e+01
3.928975e+01
3.345349e+01
3.453013e+01
-6.607347e+00
-9.159745e+00
-9.219405e+00
-9.083537e+00
-9.143054e+00
-9.013618e+00
-9.271638e+00
-1.482377e+01
-1.638062e+01
-1.029399e+01
-6.067202e+00
-2.483036e+01
-1.183564e+01
-1.175275e+01
-1.197468e+01
-1.187757e+01
-1.211535e+01
-1.200771e+01
-1.224522e+01
-1.212437e+01
-2.631848e+01
-2.533733e+01
-7.853320e+00
-7.567575e+00
-9.053332e+00
-1.236819e+01
-1.223182e+01
-5.982283e+00
-2.647646e+01
-4.578514e+00
-1.656458e+01
-9.588093e+00
-1.027165e+01
-1.040238e+01
-2.540265e+01
-2.562088e+01
-6.046927e+00
-3.399411e+00
-8.801238e+00
-7.510922e+00
-5.605219e-01
-6.567987e-02
-3.513404e+00
-4.435055e+00
-4.737447e+00
-1.140291e+01
-8.394139e+00
-8.327510e+00
-2.060438e+01
-2.882272e+01
-3.065777e+01
3.251898e-01
-2.429184e+00
-4.047131e+00
-1.566384e+01
-1.322269e+01
-1.292305e+01
-1.276159e+01
-1.262897e+01
-6.810433e+00
-2.064199e+00
-2.445471e+00
-2.957247e+00
-2.600941e+00
-9.657276e+00
-9.811491e+00
-9.864478e+00
-5.722823e+00
-9.530144e+00
-1.294631e+01
-1.237391e+01
-1.792129e+01
-1.849471e+01
9.106405e+00
-9.187212e+00
-9.214512e+00
-2.530389e+00
-8.379036e+00
-8.505236e+00
-3.021701e+00
-5.978513e+00
4.281372e+00
-1.073052e+01
-2.210915e+01
-1.686474e+01
-7.542470e+00
-6.272871e+00
-6.352671e+00
-1.413947e+01
-6.736479e+00
-6.819226e+00
-6.918130e+00
-1.781205e+01
-1.010236e+01
-9.196273e+00
-9.318725e+00
-9.351154e+00
-9.365762e+00
-9.514980e+00
-9.452719e+00
-9.628616e+00
-1.127987e+01
-1.151307e+01
2.916031e+00
-2.181513e+01
-8.274215e+00
-8.393861e+00
-3.122118e+01
-1.198760e+01
-1.207731e+01
-8.900189e+00
-1.342118e+01
-1.749755e+01
-2.478216e+01
-1.043212e+01
-1.088948e+01
-7.404799e+00
-1.043204e+01
-1.017145e+01
7.676650e+00
-1.510024e+01
-2.446104e+01
-7.989111e+00
-2.623409e+00
3.953663e+00
-6.610203e-01
-8.925096e-01
-6.071033e+01
-5.382574e+01
-6.922204e+01
-7.014894e+01
-3.182522e+00
-2.944731e+00
-7.859888e+00
-1.244489e+01
-1.233984e+01
-1.699380e+01
-1.127565e+01
-9.919352e+00
-9.937587e+00
-9.896679e+00
-7.365791e+00
-2.045829e+01
-2.142976e+01
-7.273818e+00
3.477413e+01
3.073861e+01
2.822416e+00
3.142288e+00
-1.569738e+01
-1.057394e+01
-1.513676e+01
-1.488614e+01
-8.701296e+00
-8.795378e+00
-1.002768e+01
-1.006537e+01
-8.319170e+00
-6.466734e+00
-6.552010e+00
-6.654455e+00
-6.743484e+00
-6.835393e+00
-6.927040e+00
2.525835e+00
-7.675778e+00
5.871328e+00
-1.403508e+00
-1.184995e+00
-2.512648e+01
-5.939206e+00
-6.039000e+00
-7.584633e+00
-7.563707e+00
-2.010429e+01
-1.277428e+01
4.759478e+01
5.739381e+01
-6.024911e+00
-2.761430e+01
2.052552e+00
-1.185276e+01
-1.196234e+01
1.120901e+00
5.069099e-01
-1.453037e+01
-8.187279e+00
-8.594484e+00
-6.676302e+00
-6.891767e+00
-1.177126e+01
-5.800395e+00
-8.251991e+00
-7.918912e+01
-7.316807e+00
-6.786074e+00
-6.611509e+00
-6.945260e+00
7.805097e+00
6.533465e+00
8.547952e+00
-2.173955e+01
-1.752460e+01
-3.241413e+01
-3.277228e+01
-1.301671e+01
-2.351364e-01
1.534264e+01
1.368322e+01
-9.626456e+00
-9.756857e+00
-5.631967e+00
-5.663724e+00
-8.153453e+00
-2.724866e+00
-1.313440e+01
-1.634887e+00
-9.393372e+00
-8.392950e+00
-7.563902e+00
-7.440739e+00
-2.063546e+01
-2.141625e+01
-8.294339e+00
-5.896571e+00
-5.703363e+00
-5.460364e+00
-5.505860e+00
-1.098893e+01
3.333983e+00
-4.886011e+00
-4.866067e+00
-5.152811e+00
-4.875680e+00
-1.428110e+01
7.258524e-01
1.018628e-01
-6.306934e+00
-6.476285e+00
-1.143433e+01
-2.255111e+01
-2.339184e+01
-9.121162e+00
-9.047015e+00
-9.744385e+00
-9.204824e-01
-1.526494e+01
-1.807520e+01
-1.291531e+01
-3.073627e+00
-1.652270e+00
-1.805267e+00
-1.184714e+01
-1.211957e+01
-2.505144e+01
-2.415145e+01
-1.045723e+01
-1.060056e+01
-6.966673e-01
-1.125481e+00
-1.901709e+01
-1.855552e+01
-3.952321e+00
-4.131341e+00
-5.757453e+00
-7.009001e+00
-7.104359e+00
-7.176407e+00
-7.272506e+00
-8.129134e+00
-8.270983e+00
-8.462476e+00
-8.401318e+00
-8.585230e+00
-1.132957e+00
-1.816511e+01
-1.777106e+01
-4.463073e+00
-6.290657e+00
-7.516571e+00
1.811296e+01
-7.015250e+00
-7.097937e+00
-6.424515e+00
-6.452181e+00
-1.940617e+01
-7.484094e+00
-5.801561e-01
-2.884995e-02
5.758736e+01
-5.197279e+00
-8.516172e+00
-1.359012e+01
-2.068769e-01
-5.270196e+01
-5.731384e+01
-7.503155e+00
-8.689734e+00
1.557573e+00
1.236891e-01
-1.046026e+01
-1.910380e+01
-9.527900e+00
3.142048e+01
2.767795e+01
-7.635274e+00
2.738860e+01
2.441823e+01
-4.705729e+00
-1.609276e+01
-1.645681e+00
-5.205350e+00
-4.933827e+00
-3.093417e+01
-2.958924e+01
-8.525385e+00
-8.480061e+00
-1.000075e+01
-1.018361e+01
-4.278923e+00
-4.004914e+00
-1.084944e+01
9.733676e-01
3.914212e-01
8.296985e-01
2.557982e-01
-5.609661e+00
-5.427638e+00
8.662894e-01
-4.792006e+00
-6.001568e+00
-1.829364e+01
1.730799e+01
-2.380608e+01
-1.599362e+01
-4.928350e+00
2.489190e+01
-1.541842e+01
-2.086846e+01
-2.215133e+01
-1.466569e+01
-1.436137e+01
-1.419298e+01
-5.679650e+01
-5.037312e+01
-1.779830e+01
-9.465721e+00
-9.334999e+00
-7.809243e+00
2.724520e+00
-1.139255e+01
-7.123979e+00
-7.095757e+00
-1.747274e+01
-6.222070e+00
-6.287383e+00
-1.248650e+01
-1.261993e+01
-1.028002e+01
-1.008920e+01
-9.877390e+00
-9.790477e+00
-5.476981e+00
-1.665003e+01
1.352884e+01
1.205516e+01
-7.371756e+00
-9.979333e+00
-1.111030e+01
-1.096758e+01
-8.930071e+00
-7.708438e+00
-7.690655e+00
-7.832054e+00
-2.437970e+01
-2.449291e+01
-1.023470e+01
-1.073611e+01
-9.923615e+00
-1.249152e+01
-1.222530e+01
-1.205344e+01
-1.196321e+01
-1.176915e+01
-7.651059e+00
-7.755966e+00
-8.262662e+00
-8.913315e+00
-8.975592e+00
-8.849031e+00
3.710335e+00
3.336400e+00
-9.535339e+00
3.039416e+01
-1.564137e+01
-1.521222e+01
1.760738e+00
-4.430715e+00
-4.562932e+00
-6.230570e-01
-9.405563e-01
-8.246920e+00
6.903794e-01
-5.854690e+00
-6.527688e+00
-6.757240e+00
-7.668403e+01
-9.154146e+01
-8.903198e+00
-1.946565e+01
-1.835463e+01
1.235057e+01
1.340323e+01
1.134292e+01
-4.840400e+00
-3.079402e+01
-3.297915e+01
-3.519572e+01
-3.554055e+01
-3.785198e+01
-3.856143e+01
-4.142041e+01
-2.112621e+01
-2.005015e+01
-9.482676e+00
-9.669951e+00
-1.613974e+01
-2.248168e+01
-1.492231e+01
-8.398203e+00
-8.440890e+00
-5.025107e+00
-1.227005e+01
-1.164759e+01
-1.178176e+01
-1.293286e+01
-1.111773e+01
-1.121591e+01
-1.134979e+01
1.421615e+00
-1.606301e+01
-1.004875e+01
-1.007505e+01
-7.975439e+00
-7.405248e+00
-1.303571e+01
-1.331615e+01
-2.600981e+01
-8.806677e+00
-8.701162e+00
-8.481467e+00
-3.896418e+00
-4.187633e+00
-9.057021e+00
-9.039961e+00
-2.375248e+01
-2.419678e+01
3.285304e+00
4.109053e+00
5.253779e+00
5.040188e+00
6.291013e+00
2.508308e+00
6.895670e-01
1.616475e+00
-1.220148e+01
-1.777546e+01
-1.533797e+01
-3.058711e+00
-2.701881e+00
-7.270717e+00
-6.970974e+00
-1.004185e+01
-1.471076e+00
-1.093819e+00
-1.555810e+01
6.872334e+01
-1.074778e+01
-1.074690e+01
-1.122844e+01
-1.537949e+01
-1.577687e+01
-7.717679e+01
-2.332957e+01
3.599629e+01
-3.408865e+00
-4.588164e+00
-4.625951e+00
-8.357604e+00
2.014205e+00
-2.230621e+00
-2.336602e+00
-8.474850e+00
-5.996821e+00
-1.235066e+01
-6.937129e+00
-1.184267e+01
-1.191906e+01
-1.216082e+01
-1.197550e+01
-6.737357e+00
-6.629803e+00
-1.668801e+01
1.175694e+01
1.047051e+01
1.072446e+01
9.283916e+00
-9.639352e+00
-9.626082e+00
-1.927620e+01
-2.025890e+01
-2.029169e+01
-2.109270e+01
-1.020164e+01
-6.451539e+00
-6.382328e+00
-8.944867e+00
-8.884453e+00
-8.948777e+00
-8.831509e+00
-8.892794e+00
-8.228248e+00
-4.463566e-01
-2.107284e+01
-7.685603e+00
-6.560074e+00
-2.720436e+01
-2.722127e+01
-2.577913e+01
-1.869231e+01
6.108600e+00
7.455874e+00
7.267908e+00
8.756051e+00
8.844474e+00
8.573192e+00
1.022913e+01
-2.463655e+01
-7.553814e+00
-7.678732e+00
-7.550497e+00
-6.792138e+00
-6.781283e+00
-1.362034e+01
-1.356544e+01
-1.330788e+01
-1.002627e+01
-8.353479e+00
-9.399457e+00
-9.440919e+00
-1.240505e+01
-1.240228e+01
-1.269003e+01
-7.963429e+00
2.483993e+01
-8.007202e+00
-1.574164e+01
4.054411e+00
-1.385899e+01
-4.996561e+00
-5.483999e+00
-5.249079e+00
-5.321815e+00
-5.075458e+00
-1.728321e+01
-5.535819e+00
1.922933e+01
3.364705e+00
-3.508477e+00
-7.252209e+00
-2.461564e+01
-1.624062e+01
-2.426422e+01
-9.270646e+00
5.327837e+01
4.340145e+01
-9.712970e+00
-7.701426e+00
1.943507e+00
2.463880e+01
-1.527559e+01
-8.344742e+00
-4.362011e+00
-2.062597e+00
-9.297511e+00
-9.207616e+00
-2.295850e+00
-2.667714e+00
-2.808341e+00
-8.517156e+00
-8.587923e+00
-1.158247e+01
-1.155543e+01
-1.131044e+01
-9.825715e+00
-8.695699e+00
-8.095146e+00
-8.204991e+00
-8.380835e+00
-9.685054e+00
-5.447360e+00
-8.080887e+00
-8.129296e+00
-9.009573e+00
-6.929595e+00
6.785769e+00
-1.269008e+01
-1.298032e+01
-2.529163e+01
-4.638362e+00
-9.732252e+00
-9.891569e+00
-9.874424e+00
-1.003525e+01
-1.002520e+01
-1.003889e+01
-1.019066e+01
-1.018724e+01
5.552820e+00
-5.484330e+00
-7.869319e+00
-7.818223e+00
-7.648883e+00
-2.735051e+01
-4.569235e-02
-5.717243e+00
-1.296097e+01
-1.326076e+01
-1.321991e+01
-1.352229e+01
-1.346748e+01
-1.376922e+01
-8.757487e+00
-4.915618e+00
-4.995448e+00
-4.698010e+00
-5.091701e+00
-4.843383e+00
-1.042037e+01
-5.008658e+00
-4.835870e+00
-1.801058e+01
-6.849009e+00
-1.928053e+01
-9.527094e+00
-9.563120e+00
-9.655182e+00
-9.680787e+00
-8.538848e+00
-8.656005e+00
-2.472587e+01
-6.285069e+00
-1.739727e+01
-1.558478e+01
-1.513411e+01
-1.549514e+01
-1.479150e+01
-1.469435e+01
-1.438331e+01
-8.073149e-02
-9.203488e+00
4.597653e+00
-1.608341e+01
-8.911429e+00
-1.254282e+01
-1.219679e+01
-1.454251e+01
2.291785e+00
-1.112077e+01
2.473008e+01
-1.324218e+01
-1.300491e+01
-1.306555e+01
-1.277841e+01
-1.283576e+01
-1.256400e+01
-1.261671e+01
-1.235954e+01
-1.240785e+01
-1.216414e+01
-1.220798e+01
-1.197735e+01
-1.201617e+01
-1.179758e+01
-1.183282e+01
-1.162505e+01
-1.165805e+01
-1.145907e+01
-1.149836e+01
-1.130047e+01
-1.133307e+01
-1.114559e+01
-1.116312e+01
-1.099353e+01
-1.100642e+01
-1.084675e+01
-1.085696e+01
-1.070471e+01
-1.070977e+01
-1.056591e+01
-1.056529e+01
-1.043006e+01
-1.042529e+01
-1.029728e+01
-1.028800e+01
-1.016695e+01
-1.015738e+01
-1.003992e+01
-1.003249e+01
-1.030245e+01
-5.497170e+00
-9.438091e+00
-9.258398e+00
-9.367842e+00
-9.210642e+00
-2.166565e+01
-7.335590e+00
-6.307842e+01
-5.708736e+01
-5.229180e+01
-6.430642e+01
-1.969252e+01
2.989185e+01
2.693157e+01
-3.178479e+00
-3.507538e+00
7.392565e+00
-5.502330e+00
-5.679196e+00
-3.829858e+00
-4.614724e+00
-8.936973e+00
-1.461325e+01
-6.454540e+00
-6.283533e+00
-6.485939e+00
-1.358246e+01
-9.243137e+00
-1.370104e+01
-1.400807e+01
-1.391817e+01
-1.423005e+01
1.200833e+00
5.684902e-01
-9.654060e+00
-6.334146e+00
-6.682846e+00
-7.037449e+00
-7.220093e+00
-6.589928e+00
-7.150033e+00
-7.642131e+00
-6.619712e+00
-7.089653e+00
-1.901302e+01
1.298678e+00
1.577932e+00
-1.412010e+01
-1.444860e+01
-1.429690e+01
-3.351586e+00
-1.819837e+01
-1.174540e+01
-4.361383e+01
-8.244671e+00
-8.367852e+00
-1.082204e+01
-1.065871e+01
-1.072729e+01
-1.055690e+01
-1.811146e+01
-1.125838e+00
-3.682950e-01
-1.073421e+01
-4.918976e+00
-9.917165e+00
-1.070436e+01
-6.955543e+00
-7.102728e+00
-1.050282e+01
-1.028040e+01
-1.058963e+01
-1.036778e+01
-1.066879e+01
-1.044461e+01
-1.073477e+01
-2.832539e+01
2.755923e-01
-2.036406e+01
-5.170989e+01
-1.506239e+01
-9.397716e+00
-8.419381e+00
-8.331176e+00
-8.289251e+00
-8.349946e+00
-8.320497e+00
-8.379244e+00
-8.374573e+00
-8.468182e+00
-6.361513e+00
-1.432120e+01
-1.568240e+01
-1.086944e+01
-7.126303e+00
-1.318602e+01
-9.812614e+00
-1.458825e+01
-1.494509e+01
-1.422771e+01
-9.906167e+00
-8.690158e+00
1.198671e+01
1.286663e+01
1.137383e+01
1.220817e+01
1.073143e+01
1.158064e+01
1.013760e+01
1.444375e+01
-2.128267e+00
-2.311477e+00
-2.025023e+00
-4.602121e+00
3.195493e-03
-5.572878e-01
-3.049326e-01
-7.918042e-01
-1.092537e+00
-6.791150e+00
1.121210e+01
1.314485e+01
-1.490031e+01
-2.083661e+01
-2.150409e+01
-1.645831e+01
-7.213786e+00
-5.762918e+00
-1.123625e+01
-1.109798e+01
-1.094742e+01
-1.106564e+01
-1.058196e+01
-1.046499e+01
-1.069891e+01
-8.519714e-01
-9.784366e+00
-7.384969e+00
-9.259748e+00
1.007556e+01
-6.238043e-01
-9.993664e-01
-6.067697e+00
-6.103966e+00
-7.204394e+00
-4.410464e+00
-6.651309e+00
-7.239776e+00
-9.787076e+00
-1.384319e+01
-1.372034e+01
-8.331392e+00
-8.396145e+00
-8.471778e+00
2.701969e-01
-2.048647e+01
-2.123555e+01
-1.968465e+01
-9.547573e+00
-3.037880e+01
-3.168624e+01
-4.109340e+00
-8.152141e+00
-2.301600e+01
-2.259431e+01
-7.018701e+00
-9.564069e+00
-8.956760e+00
-7.913992e+00
-2.303595e+01
-2.290181e+01
-2.252262e+01
-5.397656e+00
-5.595762e+00
-9.477080e+00
-4.732899e+00
-1.931318e+01
-3.194580e+00
-7.859431e+00
-7.824493e+00
-5.874653e+00
-2.837929e+01
-7.619330e+00
-7.435963e+00
-7.778273e+00
-1.576628e+01
-5.941293e+00
-6.122846e+00
1.078898e+01
-2.181892e+01
-2.216956e+01
1.693828e+00
2.556658e+00
-7.324607e+00
-5.243464e+00
-1.911744e+01
2.198498e+01
-1.136153e+01
-4.621396e+00
-1.736132e+01
4.791563e+00
-6.239509e+00
-6.264456e+00
2.113871e+00
-8.196275e+00
5.034492e-01
3.248639e-01
9.376710e+00
-2.255020e+01
-2.285625e+01
-1.183150e+01
-1.197160e+01
4.118119e+00
-1.110394e+01
-5.908714e+00
-7.094973e+00
-7.278260e+00
-1.698164e+01
-6.547609e+00
-8.331464e+00
-2.710949e+01
-5.209312e+00
-6.242291e+00
-8.214228e+00
-1.206857e+01
-5.220062e+00
-1.208242e+01
6.496299e+01
5.454583e+01
-5.910390e+00
-5.671389e+00
-7.267459e+00
-8.360995e+00
-3.723751e+01
-5.468695e+00
-9.593583e-01
-2.564014e+01
6.386295e+00
-1.170263e+01
-5.666560e+00
-1.317738e+01
-8.031466e+00
2.617864e+00
-6.669676e+00
-6.451169e+00
-2.543752e+00
-8.841180e+00
-6.258758e+00
-5.343973e+01
-4.896797e+01
-2.330829e+01
-4.093263e+00
-1.697202e+01
-1.355593e+01
2.207862e+01
-1.793421e+01
4.517893e+00
-2.229549e+01
-2.221747e+01
2.666936e+01
-8.372766e+00
-8.338037e+00
-8.443915e+00
-8.313595e+00
-8.219741e+00
-6.560048e+00
-6.781212e+00
-3.234962e-01
-9.118610e+00
-2.473182e+01
-1.582447e+01
-5.777524e+00
-3.329629e+01
-6.134802e+00
-2.146915e+00
-2.349929e+00
-2.043271e+00
-2.640120e+00
-2.384091e+00
-1.083543e+01
-1.018745e+01
-1.022166e+01
-3.625356e+00
-3.969633e+00
-4.273872e+00
-1.714913e+01
-1.150448e+01
-1.273449e+01
-1.567327e+01
-4.772215e-01
-2.175455e+01
1.032109e+01
-1.271579e+01
1.015433e+01
-8.701134e+00
-9.026264e+00
-8.497021e+00
-8.314413e+00
-8.409795e+00
-8.582373e+00
-2.355439e+01
-1.257952e+01
-3.344072e+00
9.323167e-01
-9.765843e+00
-9.843454e+00
-8.416816e+00
-8.070071e+00
-1.832949e+01
-3.429317e+00
-1.018476e+01
-9.675607e+00
-1.277925e+01
-7.615300e+00
-7.923269e+00
-2.094395e+01
-8.625860e+00
-2.476561e+01
-8.877177e+00
-1.034111e+01
-1.019824e+01
-2.702204e+01
1.093784e+01
9.470383e+00
-1.985073e-01
-1.182473e+01
-4.194411e+01
-1.244461e+01
-2.304952e+01
-1.125380e+01
-1.014881e+01
-6.220777e+00
-1.125640e+01
-5.086346e+00
-5.312964e+00
-1.056696e+01
-2.681675e+00
-7.384919e+00
3.422997e+00
-8.414048e+00
-8.788437e+00
-8.846291e+00
-3.151955e+00
-2.016443e+01
-4.853146e+01
-1.073589e+01
-4.365549e+00
-4.470057e+00
-7.648266e+00
-6.449223e+00
-5.741321e+00
-2.019310e+00
-1.173897e+01
-1.177132e+01
-1.203363e+01
-1.111844e+01
-8.667566e+00
-8.723836e+00
-8.684030e+00
-8.706854e+00
-8.643869e+00
-2.704304e+01
-9.870432e+00
-9.731395e+00
-3.040393e+00
6.265056e+00
1.216888e+01
-3.788133e+00
-4.673916e+00
-9.025351e+00
-9.090726e+00
-1.571834e+01
-1.616350e+01
-9.110349e+00
-1.604845e+01
-8.651079e+00
-8.542732e+00
1.887681e+00
-7.353266e+00
-2.064104e+00
-2.366523e+01
-2.112142e+01
-8.800672e+00
-8.696582e+00
-6.582752e+00
-1.861924e+01
-9.453954e+00
-9.435611e+00
-7.141430e+00
-1.310747e+01
-1.336788e+01
-1.359842e+01
-1.363281e+01
-3.243966e+00
-4.828643e+01
-4.534155e+01
-4.543438e+01
-4.238148e+01
-2.439496e+01
-1.045451e+01
-2.395599e+01
-3.069656e+01
-9.282016e+00
-6.106602e+00
-6.346299e+00
-6.556704e+00
-6.588973e+00
-6.829495e+00
2.324119e-01
-2.226589e+01
-1.025141e+01
-1.029155e+01
-4.473136e+00
-9.080124e+00
-1.007679e+01
-4.484957e+00
-4.677378e+00
-7.104694e+00
-7.608741e+00
-9.939442e+00
-9.813683e+00
2.793299e+01
-1.497546e+01
-1.725633e+01
-6.830968e+00
-7.251634e+00
-7.402336e+00
-8.289043e+00
8.072675e+00
-4.230850e+01
-3.975224e+01
-3.945797e+01
-3.725205e+01
-1.478532e+01
-2.240967e+01
-2.079577e+01
-1.014389e+01
-6.625449e+00
-1.194774e+01
-1.272034e+01
-1.345578e+01
-1.337555e+01
-1.390873e+01
-1.417110e+01
-9.159626e+00
-5.948250e+01
-3.240086e+00
-1.141577e+01
-1.858113e+00
-1.961862e+00
-2.452829e+00
-2.072988e+00
-1.753306e+00
-2.286572e+01
-9.143113e+00
-9.366964e+00
-9.451338e+00
-9.379258e+00
1.191186e+01
1.172580e+01
1.174160e+01
-1.008966e+01
2.426461e+01
-1.495760e+01
-1.528131e+01
-1.530817e+01
-4.625892e+01
9.498092e+00
8.193173e+00
7.900583e+00
6.898645e+00
-1.749794e+01
-1.224398e+01
-3.746012e+01
-3.526409e+01
-3.502164e+01
-3.319157e+01
3.185280e+01
-8.855012e+00
-1.270626e+01
-4.349813e+00
-9.350623e+00
-9.442276e+00
-1.971824e+01
-3.564829e+01
-9.622371e+00
-9.636337e+00
-9.593289e+00
-9.727367e+00
-9.733734e+00
-5.812554e+00
-5.965680e+00
-8.621053e+00
-7.245364e+00
-7.206999e+00
-1.858107e+01
-9.153355e+00
-1.118866e+01
-1.090684e+01
-8.650604e+00
1.275005e+00
-7.041282e+00
-1.163457e+01
-1.152978e+01
-6.035393e+00
-1.187047e+01
7.196863e+00
5.991116e+00
5.657174e+00
4.829245e+00
4.338552e+00
3.684125e+00
-3.348439e+01
-3.161043e+01
4.194032e+00
-1.333347e+01
-1.858037e+01
1.633715e+00
1.804967e+00
9.999589e-01
-2.427106e+01
-2.528691e+01
-7.578965e+00
-1.382148e+01
-1.027222e+01
-6.121846e-01
-1.015868e+00
-1.454766e+01
-1.230637e+01
1.002486e+01
-7.333451e+00
-1.408365e+01
-1.175605e+01
-8.028949e+00
-1.863084e+01
-1.892914e+01
-1.824133e+01
-1.862473e+01
-1.785437e+01
-1.865751e+01
-1.756818e+01
-1.874406e+01
-1.758279e+01
-1.698011e+01
-1.668518e+01
-1.786494e+01
-1.669124e+01
-1.613543e+01
-1.585394e+01
-1.568668e+01
-1.536875e+01
-1.969193e+01
-1.804537e+01
-1.047811e+01
-1.081330e+01
-1.020473e+01
-1.102193e+01
-1.284995e+01
-9.945443e+00
9.399749e+00
5.854427e+00
-5.085951e+00
-4.531192e+00
-4.630209e+00
-3.482784e+00
-3.955033e+00
-1.641773e+01
-2.546534e+01
-1.913548e+01
-7.261144e+00
1.093192e+00
-1.035730e+01
-1.035295e+01
-1.034215e+01
-2.069653e+01
-1.957891e+01
-7.322548e+00
-8.978824e+00
-7.052746e+00
-7.206281e+00
-1.601225e+01
-2.109350e+01
-1.616051e+01
-8.512272e+01
-1.055806e+02
-1.050021e+02
-7.929221e+00
-5.294067e+01
-1.035706e+01
-8.195380e+00
-8.925861e+00
1.077236e+00
-8.633577e+00
-1.243645e+01
3.744495e-01
2.489753e-01
-9.753908e+00
-9.859007e+00
-9.938086e+00
-1.004873e+01
-1.011271e+01
-1.023870e+01
-1.030160e+01
-1.043336e+01
-1.037086e+01
-1.049806e+01
-1.063249e+01
-1.069097e+01
-1.083532e+01
-1.088642e+01
-1.104237e+01
-1.109511e+01
-1.125723e+01
-1.131291e+01
-1.147714e+01
-1.153236e+01
-1.170360e+01
-1.175778e+01
-1.193802e+01
-1.199180e+01
-1.218024e+01
-1.223372e+01
-1.243127e+01
-1.248590e+01
-1.269394e+01
-1.274832e+01
-1.296891e+01
-1.302359e+01
-1.325524e+01
-1.330945e+01
-1.355297e+01
-1.361340e+01
-1.211653e+01
-1.290637e+01
-1.308039e+01
-1.099103e+01
-1.384990e+01
-1.379502e+01
-1.390808e+01
-1.140987e+01
-1.092111e+01
-1.102531e+01
-1.080445e+01
-6.719901e+00
1.051586e-01
-2.882097e-01
5.874594e-01
-8.921521e+00
-9.026078e+00
2.362601e+00
3.022668e+00
2.702306e+00
3.235910e+00
-3.809218e+00
-2.529052e+00
-9.380268e+00
-1.152582e+00
-1.840406e+01
-2.036801e-01
-9.835232e-03
-2.872847e-01
-2.954581e+00
-2.118963e+00
-2.530904e+00
-1.667967e+01
-1.627331e+01
-1.582838e+01
-3.108273e+01
-2.978863e+01
-3.017679e+01
-2.916958e+01
-2.853501e+01
1.143757e+00
-1.285690e+01
-1.272500e+01
-1.767761e+00
-1.305592e+00
-1.000379e+01
-8.583731e+00
-3.290753e+00
-2.529395e+00
-1.055632e+01
-1.036906e+01
-1.039312e+01
-1.270492e+01
-2.045143e+01
4.629958e+01
3.761191e+01
5.918230e+01
-6.963570e+00
-1.781696e+00
3.655769e+00
-1.467243e+01
-1.454643e+01
-1.422045e+01
-8.888429e+00
-8.987343e+00
-7.957526e+00
-8.821453e+00
-8.350430e+00
-8.251741e+00
-6.190502e+00
-9.593343e+00
-9.847071e+00
-2.002855e+00
-1.405935e+01
-4.292570e+00
1.491941e+00
1.981613e+00
-7.128425e+00
-1.085165e+01
-2.155908e+01
1.310332e+01
1.121362e+01
-1.897905e+01
1.953511e+01
-1.651562e+01
-1.202182e+01
-7.200534e+00
-8.103665e+00
-8.198805e+00
-9.772007e+00
-6.100741e+00
-1.518252e+01
-1.501619e+01
-1.474753e+01
-3.709268e+00
-3.839474e+00
-4.460324e+00
-8.278812e+00
-1.618164e+01
-1.661010e+01
-1.006460e+01
-8.403299e+00
-8.490751e+00
-1.489881e+01
-1.416126e+01
-1.287938e+01
-1.563973e+01
-9.463825e+00
-8.126554e+00
-1.019508e+01
-1.037820e+01
-1.053007e+01
-7.802704e+00
-7.512457e+00
-3.260237e+00
-2.693955e+00
-1.150232e+01
-7.886211e+00
-7.974069e+00
-7.929228e+00
-8.051896e+00
-6.298774e+00
-6.116391e+00
-8.689265e+00
8.101225e+01
8.491922e+01
6.974137e+01
-7.397095e-01
3.712411e-01
-9.201112e+00
-1.225444e+01
-1.903328e+01
-2.553765e+01
-2.676044e+01
1.635002e+00
-3.714050e+00
-3.819252e+00
-3.494551e+00
-1.540938e+01
-1.100511e+01
-1.062017e+01
-1.024840e+01
-1.065584e+01
-8.467756e+00
-8.550897e+00
-8.454292e+00
-8.812340e+00
-8.849683e+00
-8.421150e+00
-6.437562e+00
-6.467955e+00
-6.630292e+00
-6.813634e+00
-6.987195e+00
-8.507826e+00
-8.667000e+00
-8.325107e+00
-1.822231e+01
-1.877630e+01
-1.002227e+01
2.838197e+00
3.386489e+00
-4.321079e+00
-4.369054e+00
-4.669518e+00
-1.324929e+01
-1.282173e+01
-7.430064e+00
-7.890295e+00
-8.068224e+00
-2.486579e+00
-8.105337e+00
-2.185962e+01
-2.219058e+01
-2.240907e+01
-9.583695e+00
-1.101847e+01
-8.106351e+00
-1.439593e+01
-1.464182e+01
-7.111436e+00
-1.932035e+01
-6.155373e+00
1.019433e+02
1.068196e+02
-1.255209e+01
-6.423894e+00
-1.357374e+01
-1.943235e+01
-8.025712e+00
-8.373512e+00
-8.276321e+00
-9.850489e+00
-1.741689e+00
-1.033308e+01
-7.681243e+00
-7.800898e+00
-7.561711e+00
-7.420480e+00
-2.556293e+00
-2.892954e+00
-5.286800e+00
-5.540935e+00
-5.770103e+00
-4.996253e+00
-2.240897e+01
-1.982644e+01
1.164589e+00
6.558645e+00
-1.426016e+01
-1.398102e+01
-1.409077e+01
-1.371085e+01
-1.379766e+01
-1.346392e+01
-1.358209e+01
-1.185975e+01
-3.976194e+00
-9.658586e+00
-6.379692e-01
-1.469520e+00
-2.726010e+01
-8.207004e+00
-6.803367e+00
-1.529271e+01
-1.388979e+01
-8.657224e-01
-1.119081e+01
-1.113614e+01
-7.354676e+00
3.603179e+01
4.172568e+01
4.332610e+01
-1.450115e+01
-1.428959e+01
-1.392434e+01
-1.404346e+01
-1.368169e+01
-1.350535e+01
-1.332177e+01
-1.377005e+01
-8.765423e+00
-1.991771e+01
2.280273e+00
-5.719773e+00
-5.462573e+00
-5.426600e+00
-5.199007e+00
-9.485666e+00
-1.158502e+01
-2.007780e+01
9.307876e-01
-6.228080e+00
-9.973664e+00
-9.160394e+00
-3.307759e+00
-2.743098e+00
1.905511e+00
-8.551917e+00
-1.091867e+01
-8.778735e+00
-1.434171e+02
-1.177491e+02
-8.657578e+00
1.953693e+01
1.703962e+01
-1.607569e+01
-7.430462e+00
-7.265183e+00
-8.737275e-01
-1.536289e+01
-1.527322e+01
-1.455806e+01
-2.408893e+01
-6.302197e+00
-6.512253e+00
-9.127167e+00
-9.173260e+00
-1.319679e+01
-4.227225e+00
-2.875775e+01
-2.005565e+01
-7.132715e+00
-6.973261e+00
-2.451522e+01
-2.322444e+01
4.920997e+01
-1.578210e+01
-6.133984e+00
-2.165693e+01
-4.862566e+00
-2.122873e+01
-2.205902e+01
3.969615e+00
-7.022595e+01
-7.692323e+00
7.715653e+01
-5.522110e+00
1.235518e+00
-9.202137e+00
-9.122098e+00
-8.218416e+00
-4.950529e+00
-1.869336e+01
-6.840818e+00
-1.489183e+01
-2.333041e+01
-1.184160e+01
-1.201242e+01
-2.564562e+01
-1.797790e+01
-1.975581e+01
-7.349320e+01
-1.837854e+01
-2.301166e+00
-2.284449e+00
-1.760161e+00
-1.174344e+01
-1.592612e+00
2.488852e+01
-1.161845e+01
-7.105472e+00
6.983431e-01
3.569924e+01
3.085260e+01
3.197124e+01
-7.101814e+00
-6.813883e+00
-9.318184e+00
-6.418959e+00
-5.409536e+00
-5.443809e+00
-5.247767e+00
-4.968799e+00
-4.925883e+00
-4.683751e+00
-4.736501e+00
-4.378427e+00
-4.387091e+00
-4.489700e+00
-4.803188e+00
-4.247985e+00
-4.890946e+00
-1.001942e+01
-9.896649e+00
1.603988e+00
-1.365981e+01
-9.875930e+00
-9.956371e+00
-9.910525e+00
-1.002295e+01
-9.993543e+00
-9.962165e+00
-8.117011e+00
-2.524456e+01
-4.541537e+01
-1.603635e-01
-5.562519e+00
-5.415191e+00
-1.681246e+01
-1.634865e+01
-5.517717e+00
-3.952214e+00
-7.646707e+00
-9.232586e+00
-9.065653e+00
-8.953569e+00
-7.791246e+00
-9.073109e+00
-1.078793e+01
-1.296593e+01
-1.204298e+01
-1.243035e+01
-1.234997e+01
-9.536020e+00
-5.712862e+00
-1.713722e+00
1.023162e+01
-8.144960e+00
-8.521286e+00
-8.350769e+00
-1.137107e+01
-1.156341e+01
-1.000499e+01
-9.912258e+00
4.838976e+00
4.400149e+00
3.434556e+00
5.299792e+00
4.547413e+00
-1.384370e+01
-1.005024e+01
-9.931444e+00
-1.007656e+01
-1.037565e+01
-8.815351e+00
-9.141581e+00
-1.069084e+01
-1.102210e+01
-1.541325e+01
-1.617292e+01
-1.647558e+01
-1.625196e+01
-1.688973e+01
-1.683791e+01
-1.663776e+01
-1.710625e+01
-1.726409e+01
-1.548635e+01
-1.548898e+01
-1.530951e+01
-1.529608e+01
-1.497642e+01
-1.521389e+01
-1.111769e+01
-1.125158e+01
-1.152432e+01
-1.098281e+01
-1.071447e+01
-1.058690e+01
-1.032653e+01
-1.019599e+01
-1.007322e+01
-9.911407e+00
-1.019594e+01
-9.930994e+00
-1.045125e+01
-1.030873e+01
-1.324678e+01
-1.339811e+01
-1.376089e+01
-1.359337e+01
-1.306527e+01
-1.274477e+01
-1.292032e+01
-1.257426e+01
-1.243355e+01
-1.263512e+01
-1.248063e+01
-1.215437e+01
-1.231835e+01
-1.200409e+01
-1.264133e+01
-1.183026e+01
-1.169288e+01
-1.280338e+01
-1.299813e+01
-1.134556e+01
-1.152556e+01
-1.140594e+01
-1.633656e+01
-1.336393e+01
-1.368043e+01
-1.070479e+01
-1.043343e+01
-1.097803e+01
-7.826054e+00
-1.126432e+01
-1.155787e+01
-1.072542e+01
-7.413046e+00
1.407238e+01
1.478423e+01
-1.216103e+01
-1.250505e+01
-3.567457e+01
-3.411777e+01
-1.168114e+01
-1.179561e+01
-1.208314e+01
-1.191576e+01
-1.227356e+01
-1.914961e+01
-7.489261e+00
-1.647799e+01
-1.504226e+01
-1.365155e+01
-6.213967e+00
-6.299113e+00
-2.565552e+01
-7.707688e+00
-1.486182e+01
-1.094920e+01
-7.712836e+00
-7.573143e+00
-7.562314e+00
-1.144564e+01
-1.129902e+01
-8.443446e+00
-8.421485e+00
-1.457986e+01
-2.087330e+01
-5.776603e+00
-1.767383e+01
-1.694957e+01
6.374533e+00
-1.258917e+01
-4.140602e+01
-3.978243e+01
-9.900618e+00
-9.667506e+00
-1.002203e+01
-1.007774e+01
-1.008773e+01
-1.025837e+01
-1.058473e+01
-1.068848e+01
-7.463640e+00
-2.725255e+00
-2.787341e+00
-7.425533e+00
-7.566485e+00
-7.797393e+00
-7.674655e+00
-7.336757e+00
-7.867196e+00
-8.106407e+00
-7.340957e+00
-3.184370e+00
-8.131913e+00
-8.684513e+00
-8.256742e+00
-8.540561e+00
-8.308881e+00
-8.279225e+00
-8.312647e+00
-8.167211e+00
-8.483352e+00
-8.354770e+00
-8.798666e+00
-8.792901e+00
-9.102454e+00
-8.884873e+00
-9.177098e+00
-9.042639e+00
-8.724854e+00
-9.126357e+00
-9.233136e+00
-7.994130e+00
2.118272e+01
1.820175e+01
1.548240e+01
1.511479e+01
1.562668e+01
2.140507e+01
2.514519e+01
2.093316e+01
2.966229e+01
1.248650e+01
1.457807e+01
1.325387e+01
1.491665e+01
1.645691e+01
1.531126e+01
-9.506424e+00
-1.238722e+01
-1.206878e+01
-1.347030e+01
-1.315052e+01
-1.295247e+01
-9.359210e+00
-9.389719e+00
-6.572262e-01
-7.216552e-01
-1.327323e+01
-1.351037e+01
-8.622852e+00
-8.710434e+00
-8.856103e+00
-8.560504e+00
-8.652701e+00
-6.566212e+00
-4.235983e-01
-7.002027e+00
-6.837669e+00
-9.101829e+00
-9.446568e+00
-9.258453e+00
-8.793603e+00
-9.560917e+00
-9.813421e+00
-9.667537e+00
-9.419279e+00
-2.350899e+01
-2.256114e+01
-1.802415e+01
-2.305779e+01
-2.371187e+01
3.202967e+00
-3.301893e+01
-5.163765e+00
-1.421220e+01
8.746852e+00
-4.963560e+00
2.991119e+00
1.746014e+00
3.799673e+00
-3.077588e+01
-3.245293e+01
-3.300212e+01
-3.425029e+01
-3.467893e+01
-3.368130e+01
-3.325778e+01
-3.549637e+01
-3.449357e+01
-3.623781e+01
-2.695119e+01
-2.014075e-01
-2.502799e+00
-3.948398e+00
-6.274942e+00
-6.372295e+00
-1.302153e+00
-1.411422e+00
6.154296e+00
-9.536352e+00
-9.423247e+00
-1.180582e+01
-7.118583e+00
-1.432610e+01
-1.232884e+01
-1.241353e+01
-1.222640e+01
-8.337827e+00
-9.583445e+00
-4.430998e+00
-4.720673e+00
1.378389e+01
-1.218857e+01
-9.782481e+00
-9.773424e+00
-8.506343e+00
-6.172057e+00
-6.002688e+00
-6.213589e+00
-6.066484e+00
-5.841106e+00
-5.911010e+00
-5.795063e+00
-5.594444e+00
3.321589e+00
4.333526e+00
7.874176e-01
-8.035968e+00
-1.441501e+01
-9.807747e+00
-9.545340e+00
-8.938412e+00
5.387955e+00
-7.237318e+00
-4.028897e+00
-1.000184e+01
-1.502696e+01
-1.537924e+01
-1.598180e+01
-1.575765e+01
-1.487333e+01
-1.629954e+01
-1.102389e+01
-1.121700e+01
-1.129653e+01
-1.142139e+01
-1.150766e+01
-1.113779e+01
-1.138381e+01
-1.115787e+01
-1.388168e+01
-1.125200e+01
5.797056e+00
6.858596e+00
-1.135244e+01
-1.132278e+01
-1.152209e+01
-1.478858e+01
-1.239196e+01
-9.586421e+00
-7.969668e+00
-7.916875e+00
-1.283384e+01
-1.312691e+01
4.283362e+00
3.691239e+00
2.891013e+00
3.137446e+00
2.610234e+00
1.992645e+00
-1.646843e+01
-1.687791e+01
-1.742656e+01
-1.719896e+01
-1.315036e+01
8.922170e+00
7.669820e+00
1.043603e+01
1.075098e+01
-1.057481e+01
-1.083909e+01
-1.104902e+01
-2.689209e+00
-2.602962e+00
-3.011093e+00
-3.084548e+00
-3.396576e+00
-3.343579e+00
-1.988501e+01
-2.172613e+01
-1.702782e+01
-8.090926e+00
-7.916455e+00
-8.039284e+00
-9.659704e+00
-2.096818e+01
-1.075802e+01
-1.050152e+01
-1.041419e+01
-1.053627e+01
-1.202556e+01
-3.902790e+01
-1.005519e+01
-9.949998e+00
-1.017836e+01
-1.017413e+01
1.483786e+01
1.617589e+01
-1.193699e+01
-1.212264e+01
-1.764920e+01
-9.740311e+00
-5.367490e+00
-5.130451e+00
-5.389701e+00
-4.721628e+00
-5.490142e+00
-1.741112e-02
-3.881843e+00
-8.934079e+00
-9.090518e+00
-6.134703e+00
-6.022827e+00
-7.207130e+00
-7.155645e+00
-6.962085e+00
-7.136489e+00
-6.969273e+00
-6.793339e+00
-7.349932e+00
-7.405843e+00
-7.499678e+00
-2.445772e+01
-2.471269e+00
-1.394745e+01
-1.414311e+01
-1.433251e+01
-1.412844e+01
1.499310e+00
4.894994e+00
8.482590e-01
9.566984e-01
3.546604e-01
-1.131253e+01
-1.178681e+01
-8.321590e+00
-7.030544e+00
-9.513036e+00
-9.728346e+00
-4.544383e+00
-1.462925e+01
-1.628978e+01
-3.240462e+00
-1.100182e+01
-6.907389e+00
-6.678522e+00
-6.504429e+00
-5.613108e+01
-8.450364e+00
-7.957335e+00
-1.775974e+01
-1.791989e+01
-6.083727e+00
-5.984063e+00
-2.887309e+01
-1.107026e+00
-1.466790e+00
-9.928726e+00
-9.625683e+00
-8.016987e+00
3.271788e+00
2.407966e+00
-8.178025e+00
-8.433549e+00
-8.554008e+00
-9.397342e+00
-8.523361e+00
-9.702954e+00
8.105802e+00
3.465605e+00
-8.937640e+00
-8.927948e+00
-7.690147e+00
-9.297792e+00
-6.840171e+00
-1.240428e+01
-3.122316e+01
-4.708399e+00
-4.264862e+00
-3.856080e+00
-4.135217e+00
-1.012382e+01
-1.028238e+01
1.518632e+01
-6.534782e+01
-8.528369e+00
-1.918243e+01
-1.908737e+01
6.674472e+01
-2.703498e+01
-1.220087e+01
-1.939204e+01
-1.062927e+01
-7.540329e+00
-1.333395e+01
-1.624975e+01
-9.917333e+00
-3.720737e+00
2.751976e+00
3.330336e+00
-1.106379e+00
2.020996e+01
3.511127e-01
6.589121e-01
9.258298e-01
-5.549174e+00
-1.032656e+01
-1.007937e+01
-1.012729e+01
-1.389670e+00
-7.557247e+00
-1.254668e+01
-1.214852e+01
-2.203269e+00
-1.672445e+01
-2.108364e+01
-3.607427e+01
-6.401014e+00
-6.586370e+00
-7.089338e+00
-7.236662e+00
-6.803373e+00
-5.361693e+00
-5.209849e+00
-3.185661e+01
-3.303588e+01
-8.699170e+00
-8.589097e+00
-7.731927e+00
-1.995488e+01
-4.313882e+00
-4.104878e+00
-4.065227e+00
-3.646456e+00
-3.836612e+00
-4.261276e+00
-3.993935e+00
-4.273240e+00
-3.978283e+00
-4.641915e+00
-4.492190e+00
-1.644766e+01
-7.130919e+00
-7.404433e+00
-7.528271e+00
-7.690229e+00
-6.354885e+00
-2.424657e+01
-2.320913e+01
-3.663919e+00
-3.337408e+00
-3.180522e+00
-3.383976e+00
-3.031072e+00
-2.815582e+00
-3.259993e+00
-2.909843e+00
-2.802801e+00
-2.516610e+00
-2.423588e+00
-2.662988e+00
-2.111406e+01
-5.967834e+00
-3.162919e+00
-3.559615e+00
-7.778455e+00
-1.164797e+01
-1.659803e+01
-1.694673e+01
-1.171553e+01
-9.068050e+00
-7.592050e+00
-3.095116e+00
-2.744857e+00
-1.642064e+00
-1.118958e+01
-1.161557e+01
-1.369536e+01
-1.404303e+01
-6.235157e+00
-1.511216e+01
-1.694110e+01
-1.553305e+01
6.719163e+00
-2.477813e+01
-2.603497e+01
-2.774040e+01
1.531599e+01
-3.325152e+01
-1.379538e+01
2.029727e+01
-3.880776e+01
-8.769924e+00
2.791345e+01
-4.558841e+01
-4.889671e+01
-3.870798e+00
-1.630778e+01
-5.814151e+00
-9.005311e+00
-9.078060e+00
-5.636622e+00
-6.387310e+01
-6.967677e+01
-8.021706e+01
-8.789939e+01
-9.713249e+01
-9.231120e+00
-1.246959e+01
2.166985e+01
2.223523e+01
2.496922e+01
-3.233753e+01
-5.839504e+00
-5.909365e+00
-1.501003e+02
3.998975e+01
-9.513860e+00
-7.252423e+00
2.950042e+01
1.954604e+01
-9.711085e+00
-6.820202e+00
-6.160277e+00
-4.771944e+00
-7.680315e+00
-7.551867e+00
-9.777473e+00
-9.867278e+00
-1.443228e+00
-1.854285e+01
-9.677110e+00
-8.899314e-01
-4.664493e+01
-3.142388e+00
-1.188436e+01
6.293461e+00
-1.524879e+01
-2.896322e+01
-6.346171e+00
-1.018016e+01
-1.086241e+01
-8.376827e+00
-1.787332e+01
-9.380287e+00
-1.776472e+01
-1.259625e+01
-1.757408e+01
-1.661342e+01
-1.605585e+01
-9.157181e+00
-9.587264e+00
4.350633e+00
-1.005637e+01
2.376835e+00
-7.111431e+00
-9.567313e+00
-5.980430e+00
-5.732255e+00
-9.504358e+00
-6.805542e+00
-7.448343e+00
-2.282425e+01
-1.125332e+01
1.122151e+01
5.390558e+00
3.273882e+00
-1.926130e+01
8.805413e+00
-4.904623e+00
-7.084348e+00
-1.869580e-01
5.436193e+00
-8.771251e+00
-1.352418e+01
1.508478e-01
-3.925381e+00
-1.386082e+00
-1.166946e+00
-8.950039e-01
-4.940198e+00
-2.341050e+01
-2.606825e+01
1.315517e+00
-1.200274e+00
-1.292562e+01
1.617384e+01
-1.396441e+01
-1.337085e+01
-3.282207e+01
5.922767e-01
-1.854980e+01
-1.921991e+01
6.943378e+00
-5.795565e+00
-1.197502e+01
-7.634266e+00
-5.198166e+00
-5.174060e+00
-1.085833e+01
-4.578331e+00
-8.986138e+00
-1.602619e+01
-2.387333e+01
-2.033176e+00
-8.416525e+00
-3.419212e+00
-3.627285e+00
-7.828303e+00
-7.865108e+00
1.761774e+01
-1.842617e+01
-6.899953e+00
-7.083240e+00
-6.877796e+00
-7.278808e+00
-1.095652e+01
1.539626e+00
-5.450782e+00
-5.383015e+00
-5.093870e+00
-4.901992e+00
-7.322579e+00
-5.607800e+00
-1.290650e+01
-3.018622e+01
-2.327303e+01
-9.509566e+00
-9.399077e+00
-6.202701e+00
-8.438029e+00
-1.248893e+01
-6.655567e+00
-6.563132e+00
-6.763116e+00
-6.974947e+00
-6.352980e+00
-7.035582e+00
-1.159696e+01
-1.263024e+01
-6.278294e+01
-8.205021e+00
-6.940372e+00
-5.063838e+01
6.436822e+00
7.077673e+00
7.862115e+00
7.771805e+00
-6.227165e+00
-2.762711e+01
-8.009136e+00
-1.738896e+01
-5.197404e+00
-2.007095e+01
-8.800718e+00
-6.725835e+00
2.088755e+00
-9.446512e+00
-1.875504e-01
-5.220147e+00
-8.000045e+00
-8.779712e+00
-9.361058e+00
5.019494e-01
-3.764573e+00
-5.459025e+00
-5.215961e+00
9.287849e+00
7.835618e+00
-4.576773e+01
-5.436512e+00
-2.237993e+01
-3.227978e+01
-1.951277e+01
2.902857e+00
-1.372895e+01
-1.467951e+01
-9.749735e+00
-7.938435e+00
-2.762933e+01
-2.843676e+01
6.551042e+00
-6.509738e+00
-1.318030e+00
-1.153596e+01
-5.534624e-01
3.971279e+01
-8.889916e+00
-7.469301e+00
-8.664551e+00
-2.964444e+01
-1.022551e+01
-1.515092e+01
-9.163331e+00
-1.233239e+01
-8.225174e+00
-1.393300e+01
-8.195091e+00
-9.018468e+00
-1.379576e+01
-3.189121e+01
-2.304892e+01
-2.206222e+01
-9.904663e+00
-1.069622e+01
-7.411785e+00
-1.071754e+01
-1.501230e+01
-4.640766e+00
-4.902011e+00
-8.910799e+00
-1.209988e+01
-5.832167e+00
-4.474788e+00
-1.159017e+01
-1.002336e+01
-5.600125e+00
-1.018102e+01
-1.775393e-01
5.333352e+00
7.153649e-01
-1.267554e+01
-1.059638e+01
-2.577387e+01
-1.050394e+01
-1.039296e+01
-3.840331e+00
-8.303129e+00
-1.025141e+01
-9.280396e+00
-1.153316e+01
-2.725286e+00
3.679881e+00
-1.031901e+01
-2.385655e+01
-2.323894e+01
-9.011592e+00
-3.804884e-01
-6.660967e+00
-1.335715e+01
-1.861038e+01
-4.633117e+00
-2.956161e+01
-9.630040e+00
-4.151749e+00
-1.447195e+01
-8.233816e+00
-3.324593e+00
-8.774580e+00
-9.937744e+00
-5.036689e+00
-8.128244e+00
4.940580e+00
-1.850552e+01
-1.627845e+01
2.123228e+00
-6.242170e+00
-9.153336e+00
-9.010780e+00
2.711369e+00
-2.341030e+01
-6.342209e+00
-8.636885e+00
-8.597822e+00
-1.971022e+01
-3.591532e+01
-8.524078e+00
-7.168318e+00
5.146485e+01
1.041191e+02
-1.939827e+00
-1.312356e+01
5.566895e-01
-2.040455e+00
-5.163144e+00
-5.031204e+00
-4.748021e+00
-9.710705e+00
-3.685345e+01
-4.309471e+00
1.000426e+01
1.251879e+01
-2.794703e+01
6.019802e+00
-2.196340e+01
-1.566958e+01
-1.532403e+01
-1.466855e+01
-1.410990e+01
-3.614472e+00
-1.286941e+01
-5.253887e+00
-1.245404e+01
-1.208228e+01
-5.636499e+00
-1.119674e+01
-1.150910e+01
-6.855573e+00
-6.587192e+00
-6.666661e+00
-1.093485e+01
-1.068939e+01
-7.098523e+00
-1.021077e+01
-1.044609e+01
-7.371474e+00
-7.805773e+00
-7.581333e+00
-9.705679e+00
-7.915534e+00
-8.125923e+00
-9.211807e+00
-8.623599e+00
-9.111929e+00
-9.604352e+00
-9.699758e+00
-2.744512e+01
6.471911e+00
-2.003739e+01
2.812950e+01
-4.926398e+00
-5.826384e+01
1.006296e+01
6.897262e-01
-2.195095e+01
-2.054247e+01
-3.771331e+00
-1.143752e+01
3.351281e+01
-9.961123e+00
-1.213183e+01
-1.058176e+01
-1.289526e+01
-1.700795e+01
-1.748226e+01
-1.787822e+01
-1.807061e+01
-1.707379e+01
-1.100199e+01
-5.098233e+00
-5.266967e+01
-1.511416e+01
-1.226029e+01
-8.368222e+00
-2.323769e+01
-1.514403e+00
-9.516569e+00
-9.511805e+00
-1.600715e+01
-6.169533e+00
-9.193377e+00
-2.366779e+00
1.252840e+01
-1.319404e+01
-8.567038e+00
-1.131660e+01
-8.045360e+00
4.907364e+01
-6.453102e+00
-8.941205e+00
6.538566e+00
-8.051806e+00
-4.161204e+01
-1.012163e+01
-2.426500e+01
-6.071993e+00
-6.181431e-01
2.297650e+01
-2.491483e+01
-5.708813e+00
-3.868163e+01
-4.690225e+00
-9.530294e+00
-7.620022e+00
-9.174282e+00
-1.661900e+01
-1.461131e+01
-2.259744e+00
-5.421752e+00
-6.622357e+00
3.254861e+00
5.949308e-02
3.975057e+00
-1.210313e+01
-6.861512e+01
-8.078696e+00
-2.812486e+00
-2.554940e+00
-7.917013e+00
-6.994698e-01
-1.568721e+00
-3.832228e+01
2.154477e+01
-4.288881e+00
-7.372674e+00
-1.071846e+01
-1.574900e+01
-2.177284e+01
-1.716528e+01
-1.281572e+01
-1.693034e+01
-1.168594e+01
9.984600e+00
-4.883792e+01
-5.930497e+00
-1.531244e+01
-5.526742e+00
-1.155986e+01
-8.914701e+00
-7.981044e+00
-7.218754e+00
-1.772429e+01
-9.221833e-01
-1.116974e+01
-8.033468e+00
-1.042303e+01
-1.077836e+01
-9.630019e+00
-1.884495e+01
-1.903017e+01
-2.512348e+01
7.808533e+00
-1.559459e-01
-1.520571e+01
-1.556487e+01
-8.470509e+00
-1.100062e+01
-1.462333e+01
-1.411811e+01
-9.816220e+00
-1.309412e+01
-1.273028e+01
-1.386273e+01
-1.307184e+01
-7.795562e+00
-1.334333e+01
-8.266246e+00
-1.859348e+01
5.332138e+00
-9.979533e+00
-8.990596e+00
-1.480768e+01
-1.123281e+01
-7.690326e+00
-1.910352e+01
-1.206846e+01
-1.439106e+01
-7.934650e+00
1.847806e+00
-6.531597e-01
-8.190634e+00
-1.211502e+00
-9.392379e+00
-7.147395e+00
-2.126201e+01
-1.118520e+01
-1.041057e+01
-2.150632e+00
-1.428477e+01
-9.378010e+00
-3.182369e+01
-8.470616e+00
-3.017042e+00
-7.260391e+00
-4.913005e+00
-4.911798e+00
-1.105596e+01
-8.514005e+00
-6.685286e+00
-1.408579e+01
-2.733578e+01
-7.461440e+00
-9.784816e+00
-9.354540e+00
-8.393095e+00
-9.513715e+00
-2.656118e+01
-2.041895e+01
-2.605820e+01
-3.463224e+01
-8.112074e+00
-8.823658e+00
-8.577849e+00
-8.162227e+00
-9.868476e+00
-9.783075e+00
4.190211e+00
2.647217e+00
-1.344825e+01
-1.495521e+01
-1.187595e+01
-2.825036e+00
-4.263167e+00
-7.865203e+00
-1.992342e+01
-1.176575e+01
-1.555738e+01
-1.162246e+01
-6.221997e+00
-1.194723e+01
-1.232813e+01
-1.293372e+01
-6.214985e+00
-1.056137e+01
-6.046480e+00
8.948009e+00
-1.803354e+01
-1.311072e+01
-4.133513e+00
-1.416324e+01
-4.633693e+00
-1.706452e+01
4.066243e+00
1.118941e+00
5.173805e+00
-4.241607e+00
3.068640e+01
-3.034296e+01
-8.769475e+00
-6.645758e+00
9.544129e+00
1.375795e+01
-4.941605e+00
-6.667668e+00
-1.016538e+01
-6.368908e+00
-1.626406e+00
7.305567e+00
-2.778889e+01
-1.531589e+01
-6.758654e+00
-1.079892e-01
-4.679623e+00
-5.629368e+00
-7.093610e+00
1.303212e+00
-3.906355e+01
-2.028706e+01
-5.413422e+00
-3.320094e+00
-1.452104e+01
-1.503585e+01
-1.523269e+01
-1.672871e+01
-4.408170e+00
-8.102539e+00
-9.986693e+00
-1.452671e+01
-1.276046e+01
-5.320721e+00
-1.782502e+01
-6.603704e+00
-6.993957e+00
-1.636981e+01
-7.666241e+00
-9.197676e+00
-1.191228e+01
-2.110506e+00
-4.124907e+00
-4.312808e+00
-1.300525e+01
2.191143e+00
-1.045180e+01
-1.082472e+01
-5.127865e+00
-9.181723e+00
-7.182592e+00
-9.112856e+00
-8.706640e+00
-8.953075e+00
6.471069e-04
-1.228534e+01
-8.220797e+00
-9.507558e+00
-8.424421e+00
-8.878346e+00
-1.881091e+01
-1.675081e+00
-1.006759e+01
-1.312789e+01
-7.931097e+00
-5.936750e+00
-1.261786e+01
-7.523418e+00
-3.675366e+01
-9.051875e+00
-2.206930e+00
7.493924e-01
3.427937e+00
-3.917529e+00
-1.017731e+01
-2.930517e+00
-9.655119e+00
-1.186831e+01
-1.051556e+01
-1.264280e+01
-1.040176e+01
-1.385646e+01
-2.663370e+00
-1.090758e+01
7.600269e+00
-1.472651e+01
-1.830214e+01
-1.598027e+01
-9.380429e+00
-8.493523e+00
2.498086e+01
4.652504e+01
-8.029643e+00
-5.162903e+00
-5.366922e+00
-2.103209e+01
-1.148849e+01
-4.110667e+00
-8.801157e+00
-1.290747e+01
-1.001101e+01
-6.024190e+00
-7.124985e+00
-1.203120e+01
-7.472820e+00
-6.291499e+00
1.367770e+01
8.596463e+00
-1.356190e+00
-1.073982e+01
-1.263263e+01
-8.580413e+00
-9.740754e+00
-1.265485e+01
-7.226586e+00
-9.410474e+00
-2.367970e+01
-9.865771e+00
9.172912e+00
-1.605484e-01
-4.186640e+01
-9.719369e+00
-1.223900e+01
-7.282604e+00
-1.469407e+00
-5.808683e+00
1.270892e+01
-8.273010e+00
1.197188e+01
-3.486734e+01
-1.407066e+01
-1.188494e+01
-1.349219e+01
-5.025461e+00
-1.083427e+01
-9.087372e+00
-1.081155e+01
-9.444215e+00
-1.032756e+01
-3.624314e+00
-1.365468e+00
-1.382861e+01
-1.740540e+01
1.459980e+00
-5.576926e+00
5.046674e+00
-1.070643e+01
-8.600250e+00
-1.187767e+01
-8.459568e+00
-1.236535e+01
-7.327428e+00
-8.296289e+00
-9.414126e+00
-7.398982e+00
-2.391144e+01
-7.348685e+00
4.485848e+00
-8.319509e+00
-1.285403e+01
-9.089690e+00
-6.043761e+00
8.101898e+00
-2.418844e+00
-1.141358e+01
-9.655090e+00
-4.498683e+01
8.091993e-01
1.005708e+01
-9.798185e+00
-8.378151e-01
7.402138e+00
-2.190832e+01
-6.460963e+00
-1.340676e+01
-2.815610e+01
-1.393295e+01
-6.890287e+00
-4.947297e+00
-6.855059e+00
-4.159767e+00
-6.050751e+00
-7.734954e+00
-1.246704e+01
-8.238496e+00
-3.196342e+01
-1.133410e+01
-8.118493e+00
-4.505794e+00
-2.095326e+01
-5.275355e-01
-2.330978e+01
-2.588231e+01
-9.788574e+00
2.836222e+01
-8.039811e+00
-8.805074e+00
-7.991321e+00
-1.956725e+00
-1.786468e+00
-6.401673e+00
-8.903455e+00
-7.806321e+00
-1.396480e+01
-1.083305e+01
-7.316161e+00
-1.162828e+01
-1.363028e+01
-1.356875e+01
-8.569628e+00
-1.056562e+01
-1.085326e+01
-7.379625e+00
-2.395581e+01
5.817965e+01
-8.327068e+00
-2.668746e+01
-1.452527e+00
6.327845e+00
-8.625081e+00
-1.595185e+01
-1.334231e+01
-9.850355e+00
-3.923491e+00
-8.333783e+00
-7.434759e+00
-1.150310e+01
-1.036326e+01
-8.742530e+00
-1.725136e+01
-1.964372e+01
-7.518613e+00
2.545702e+00
-1.030192e+01
-4.949903e+01
-9.640100e+00
2.689462e+00
-4.251028e+00
-1.005441e+01
-1.400570e+01
-4.713754e+00
-1.100737e+01
-8.424204e+00
-1.573926e+01
-7.150738e+00
-3.619799e+00
-1.079784e+01
-1.671747e+01
1.172333e+00
-8.532244e+00
-2.798660e+00
-8.257201e+00
-8.676569e+00
-6.970547e+00
-2.285098e+01
-2.368456e+00
-8.858276e+00
-1.553098e+01
2.031432e-01
-2.825799e+00
-1.139778e+01
1.065859e+01
-4.945519e+00
-5.389473e+00
-8.860297e+00
-1.118981e+01
-1.121065e+01
-6.594850e-01
-1.109226e+01
-3.073257e+01
-5.789935e+00
-1.778720e+01
-7.038261e+00
-1.057589e+01
-1.540865e+01
-5.847762e+00
-3.696825e+00
-5.300593e+00
-3.869078e+00
-1.655860e+01
-1.652519e+01
-2.179723e+00
-4.868464e+00
9.583649e+00
-9.495280e+00
-1.619643e+01
-1.280757e+01
-7.476376e+00
-1.440562e+01
-1.132353e+01
-1.764203e+01
-1.856751e+01
-1.550343e+01
-5.537392e+00
-8.341578e+00
-5.780713e+00
-2.699644e+01
-3.509686e+00
-6.277853e+00
-5.641325e+00
-1.377241e+01
-8.943807e+01
-8.378604e+00
3.516700e+00
-9.769449e+00
-2.431251e+01
7.433459e+00
-2.002538e+01
-9.307498e+00
-7.754138e+00
1.561315e+00
-2.854329e+00
1.481253e+02
-9.895447e+00
-3.484023e+00
-1.123115e+01
2.204057e+00
-7.669709e+00
-1.265562e+01
1.939416e+01
-2.642416e+00
-1.633735e+02
-2.903574e+00
-1.415787e+01
-2.470182e+01
-7.106771e+00
-2.370530e+00
9.426137e+00
-1.531402e+01
-7.593575e+00
-7.371788e+00
-6.227480e+00
-2.762854e+01
-6.962363e+00
-2.772100e+00
-7.888740e-01
-1.607940e+01
-1.723160e+01
-1.007915e+01
5.427960e+00
-4.108033e+01
-9.599644e+00
-8.284618e+00
1.220882e+01
-1.158408e+01
-5.858384e+00
-8.778829e+00
-1.649820e+01
-9.375693e+00
-5.401100e+00
6.008319e-01
-1.834213e+01
-8.440606e+00
-4.128636e+00
-8.416394e+00
-8.599635e+00
-7.072119e+00
-8.466348e+00
1.075002e+01
-2.894884e+00
-2.374170e+01
-1.647637e+01
-7.492844e+00
-2.639361e+01
-3.687125e+01
-8.958416e-02
-1.416759e+01
-1.131666e+01
9.572149e+00
-9.570589e+00
-6.763178e+00
-9.040763e+00
1.117333e+01
4.513810e+00
-5.159494e+00
-5.168340e+00
-6.534751e+00
-8.043988e+00
-8.728158e+00
-6.362768e+00
1.313958e+02
-1.174307e+01
-1.366975e+01
-2.613046e+00
-2.556607e+00
-9.817231e+00
-8.809282e+00
1.565699e+00
-4.802820e+00
-6.975305e+00
-5.692181e+00
-3.418135e+01
-2.206947e+01
3.184925e+01
-9.146907e+00
-1.235957e+01
-7.132874e+00
-6.222997e+00
1.517974e+01
-1.176697e+01
-1.164080e+01
-1.976018e+01
-1.186805e+01
-7.591711e+00
-1.222537e+01
-2.339513e+01
-1.006916e+01
-1.526871e+01
-7.538662e+00
-2.914855e+01
-1.604344e+01
-4.870989e+01
-1.394879e+01
-1.201870e+01
4.560145e+01
-9.833136e+00
-6.617853e+00
-1.507543e+01
-8.083795e+00
-7.449179e+01
-1.111275e+01
-1.847494e+01
-5.986371e+00
-1.738576e+01
1.083608e+01
-3.356011e+00
-1.066945e+01
-2.676137e+01
-1.137852e+01
-5.378560e+01
-8.775998e+00
-4.064179e+00
-1.607926e+01
-7.862740e+00
-7.424265e+00
-2.116257e+00
-5.452751e+00
-1.113394e+01
-8.232228e+00
-1.228981e+01
-9.743723e-01
-1.580458e+01
-1.247648e+01
-1.933927e+01
-7.978470e+00
-4.339190e+00
-1.341309e+01
-9.002753e+00
-1.228935e+01
-4.833272e+00
2.600396e+01
-1.030717e+01
1.376303e+01
2.616590e+00
-3.311239e+01
2.745456e+01
-9.861337e+00
-6.453795e+00
-1.800718e+01
-1.324703e+01
-7.980483e+00
-2.125431e+01
-1.488775e+01
-1.153640e+01
-2.076669e+01
-8.981660e+00
-8.140814e+00
-1.622834e+01
-1.581625e+01
-7.885739e+00
-1.374441e+01
4.975820e+00
6.831007e+00
-2.987580e+00
-1.047697e+01
-1.638104e+01
-2.052151e+01
-1.329699e+01
-1.684305e+01
-1.569645e+01
-2.579836e+01
-9.768933e+00
-4.505130e+01
-5.740929e+00
-8.775432e+00
-1.506530e+01
-4.375801e+00
-1.265804e+01
-1.111394e+01
9.608231e+00
-7.925562e+00
-3.307868e+01
-5.795909e+00
-1.980386e+01
-2.239584e+01
-6.706821e+00
-9.048726e+00
-9.283768e+00
1.327170e+01
5.475581e-01
-8.814776e+00
-8.054762e+00
-2.792284e+01
-1.228666e+01
-2.656655e+00
-5.998233e+00
-1.553961e+01
-1.758363e+01
-2.381536e+01
-4.903337e+00
-1.098095e+01
-4.168238e+00
-8.220394e+00
-1.018604e+01
-1.038785e+01
-9.878475e+00
-1.192576e+01
-1.702370e+00
-8.606662e+00
3.834086e+00
-5.009088e+00
-4.588245e+00
-1.280298e+01
-8.011776e+00
-1.752159e+01
-5.936921e+00
-8.131406e+00
-6.175449e+00
-8.303425e+00
-1.035439e+01
-8.107992e+00
-7.317925e+00
-1.130052e+01
2.796418e+01
-1.080785e+01
-2.249408e+01
-8.658989e+00
-8.145041e+00
-1.282331e+01
-8.926817e-01
-4.217696e+01
1.528443e+01
-8.522903e+00
-1.181863e+01
-8.689887e+00
-7.145740e+00
-8.704619e+00
-1.976043e+01
4.690017e+00
4.546031e+00
-1.072885e+01
-9.411935e+00
-1.018944e+01
-6.665523e+00
-2.220813e+01
-1.069652e+01
-5.935533e+00
-8.074664e+00
-5.969646e+00
1.513537e+00
-1.297055e+01
-2.002817e+01
-1.660592e+00
-4.377334e+00
-1.050694e+01
3.421206e+00
-1.309149e+01
5.515755e+00
-1.388651e+01
-9.239064e+00
1.830519e+01
1.348973e+01
-2.921095e+00
-2.524581e+01
-5.940372e+00
-8.716861e+00
-5.270215e-01
-4.182776e+00
-8.790994e+00
8.669664e+00
-3.974805e+01
-4.462458e+01
-1.634014e+01
-1.253996e+01
3.780805e+01
-1.154336e+01
-1.066306e+01
-7.488221e+00
1.173907e+01
2.400073e+00
-1.007554e+01
-1.080209e+01
1.233647e+00
-9.353915e+00
-1.138909e+01
-2.421553e+01
-1.153511e+01
-8.894446e+00
-8.024072e+00
-6.433223e+00
-1.596722e+01
-1.854016e+01
-8.487796e+00
-1.161080e+01
1.070322e+00
-1.151891e+01
-1.206971e+01
2.384219e+01
-1.112278e+01
7.658239e+00
1.542074e+01
-4.557624e+00
-1.171001e+01
1.382105e+01
-8.751897e+00
-6.491950e+00
3.386266e-01
-8.776180e+00
-1.030794e+01
-1.136431e+01
-9.983689e+00
-1.252683e+01
1.034268e+01
-7.828418e+00
-9.942795e+00
-1.468137e+01
-2.315451e+01
-1.690953e+01
-9.598476e+00
-9.030485e+00
-1.113680e+01
-1.055414e+01
-4.515043e+00
-4.491260e+00
-1.073645e+01
-1.207305e+01
-4.711226e+00
-8.951512e+00
-3.542105e+00
-9.696015e+00
-1.050448e+01
8.584103e+00
-1.005684e+01
2.610090e+01
-1.124374e+01
8.403018e+00
-1.082532e+01
-1.093296e+01
-3.006024e+00
-6.089666e+00
-8.760702e+00
-1.295063e+01
-1.126801e+01
-7.359604e+00
-9.629396e+00
-6.873063e+00
-8.205348e+00
-1.069924e+01
-3.740642e+01
-2.098213e+01
-8.889734e+00
-1.614941e+01
-6.261077e+00
-8.219452e+00
2.186349e+01
-8.829877e+00
-1.058565e+01
-1.036752e+01
-4.646282e+00
-2.515712e+01
-1.236643e+01
-1.554452e+01
-2.956992e+01
1.335157e+01
-3.059971e+00
-2.164205e+00
-4.060644e+00
-1.026207e+01
-8.403856e+00
-1.961702e+01
-9.782487e+00
-4.192981e+00
-9.652526e-01
-1.152322e+01
-6.875646e+00
-9.406529e+00
-6.997327e+00
-3.676078e+01
-5.696384e+00
-3.549392e+01
-9.717835e+00
1.158092e+01
4.165198e+00
-1.310595e+01
-1.829994e+01
-9.613967e+00
2.248352e+01
-2.247072e+01
-1.048221e+01
-9.365286e+00
1.821653e+01
3.923845e+00
-2.301757e+01
-8.630994e+00
-2.698180e+01
-3.211942e+00
-9.037571e+00
-9.950901e-01
-7.076558e+00
7.352820e+00
-1.057118e+01
-5.102176e+00
-4.659969e+00
-9.364514e+00
-8.451320e+00
-1.475056e+00
-2.339546e+01
-6.246962e+00
-1.004545e+01
2.204043e+00
-1.887816e+01
-8.142490e+00
-1.036597e+01
-1.363262e+01
-1.936249e+00
-1.095795e+01
-9.792694e+00
-1.043940e+01
1.032959e+01
-3.755664e-01
-1.546735e+00
-3.842166e+00
-1.180946e+01
-1.791392e+00
-1.009969e+01
-6.188780e+01
-4.569607e+01
-1.515715e+01
-9.077779e+00
-2.886968e+00
-1.055077e+01
-1.964669e+00
-9.902393e+00
-2.313862e+01
-1.007476e+01
-5.619554e+00
-1.029094e+01
6.903684e+01
-1.559341e+01
-8.926845e+00
-1.031482e+01
-8.688803e+00
-3.480106e+00
5.301684e+00
-8.905902e+00
6.301111e+00
-9.492157e+00
-3.359402e+01
-8.141476e+00
2.298669e+01
-1.040651e+01
-6.476509e+00
-1.148396e+01
-6.870289e+00
-1.575317e+00
-1.045029e+01
-4.456695e+01
-1.962832e+01
-1.010591e+01
-7.284131e+00
-1.325174e+01
-7.042769e+00
-2.417628e+00
9.437893e+00
-6.834685e+00
-5.893517e+00
-8.959139e+00
-1.433849e+01
-3.192413e+01
-1.352155e+01
-1.915144e+01
4.032795e+00
-6.098075e+00
-5.762348e+00
-1.072081e+01
-1.340580e+01
-1.584318e+01
-2.856427e+01
-9.598681e+00
-2.197936e+00
-1.027430e+01
-1.006748e+01
-3.682470e+00
-9.038197e+00
-5.033755e+00
2.601892e+01
-2.990645e+00
-2.286904e+01
-4.610845e-01
-4.056015e+00
-6.475159e+00
-3.733028e+01
-9.675831e+00
2.664950e+00
-6.174281e+00
-5.257599e+00
-1.650087e+01
-1.109248e+01
-1.701500e+01
-9.227044e+00
-1.864567e+01
6.547151e-02
1.720796e+01
-3.514528e+00
-8.729138e+00
-1.497555e+00
-8.202481e+00
-1.052694e+01
-1.173220e+01
-9.436400e+00
-8.447880e+00
-1.294755e+01
-2.256331e+01
-9.106097e+00
3.923122e+01
-3.171956e+00
-3.064096e+01
-6.404674e+00
1.444418e+02
-7.721767e+00
-2.229948e+01
-1.022584e+01
-1.468364e+01
-4.415257e+00
-6.435531e+00
-1.318029e+01
-1.829677e+01
-8.965092e+00
-4.599069e+01
-9.174185e+00
-2.173610e+01
-9.040413e+00
-9.155760e+00
-6.832221e+00
5.185660e+00
-1.316505e+01
-3.041377e+01
-9.788943e+00
-1.388984e+01
-1.082235e+01
9.327891e+00
-6.632668e+00
-5.599964e+00
3.323275e+02
-7.177895e+00
-1.022078e+01
-1.440136e+01
-1.618038e+01
-6.928547e+00
-1.123125e+01
-7.453160e+00
6.488928e+01
-1.240781e+01
-9.905579e+00
-3.775833e+01
-1.111015e+01
-9.594684e+00
-9.304158e+00
-1.885939e+01
-1.170660e+02
-1.771506e+00
-9.996398e+00
-1.027501e+01
-3.106175e+01
-1.910935e+01
4.953074e+01
-3.528518e+02
-1.697441e+01
-1.827402e+01
-2.478040e+00
2.610143e+01
-1.143448e+01
-6.214324e+01
1.069875e+01
-1.020386e+01
-1.052185e+01
-9.653742e+00
-2.065484e-01
-4.597942e+00
-4.219940e+00
-3.580171e+01
-1.481550e+01
-9.328327e+00
2.211202e+01
-7.797342e+00
-1.682801e+01
-1.076025e+01
-2.163197e-01
-8.345497e+00
-1.055020e+01
-5.440453e-02
-7.371301e+00
-6.876829e+00
-2.562889e+01
-2.029947e+01
-3.497721e+00
-2.570046e+01
-9.778223e+00
-9.155703e+00
-4.891041e+01
-1.016985e+01
-1.978461e+01
-1.531435e+01
-2.445106e+00
-1.528146e+01
-1.054662e+01
4.215330e+00
-7.231347e+00
-7.110468e+00
-1.660139e+01
-1.280921e+01
-1.135433e+01
-8.664217e+00
-8.168572e+00
-2.334984e+01
-7.325746e+00
-9.471164e+00
-4.149314e+00
-2.204466e+01
-9.831115e+00
-1.471828e+01
-1.085696e+01
-1.500468e+01
-1.129522e+01
-2.125919e+00
-1.089643e+01
-6.803936e+00
-7.992770e+00
-1.293977e+01
-8.604817e+00
-4.400875e+00
-1.238657e+00
1.406215e+00
-9.907222e+00
9.188051e-01
-5.401595e+00
2.183122e+00
-1.815651e+01
-2.026437e-01
2.934668e+00
1.219012e+00
-5.743146e+00
-1.158582e+01
-1.058022e+01
-9.358294e+00
-6.680429e+00
-8.370114e+01
-1.872176e+01
-1.696333e+01
8.185968e-01
-2.909354e+01
-7.843429e+00
-4.476852e+00
-9.388793e+00
1.654741e+01
-1.015179e+01
-1.291640e+01
-8.831698e+00
4.171304e-01
-5.523635e+00
-1.136076e+01
-1.155939e+01
-1.415285e+01
-7.056662e+00
3.103429e+01
-9.706422e+00
-2.412772e+01
-2.207874e+01
-1.270038e+01
-6.515762e+00
-7.059341e+00
-8.307524e+00
-4.276780e+01
-1.289340e+01
-1.350054e+01
-7.948555e+00
-2.466930e+01
-1.021968e+01
-1.173485e+01
-9.997279e+00
-6.653649e+01
-3.741766e+01
-6.390149e+00
-1.373746e+00
4.755822e+00
-9.647911e+00
-8.713387e+00
-9.872048e+00
-9.466704e+01
-1.796423e+01
-3.849474e+01
-9.865731e+00
-1.056557e+01
-1.249130e+01
-1.016202e+01
-1.068721e+01
-1.081406e+01
1.884775e+00
-1.104343e+01
-1.101558e+01
-3.494230e+01
-2.020675e+01
-1.210399e+01
-8.172261e+00
-2.311594e+01
-1.440792e+01
1.794088e+00
1.374208e+00
-1.761861e+01
-5.947500e+00
-4.209990e-01
-1.663244e+01
-1.489899e+01
-4.143407e+00
8.754890e-01
-9.007987e+00
-1.652354e+01
-9.983181e+00
-1.229415e+01
3.157739e+00
-9.406140e+00
-8.751344e+00
-1.174131e+01
-9.866916e+00
-1.192115e+01
-1.834533e+01
4.575379e+00
-7.248261e+00
-6.652958e+00
-2.380914e+01
-5.601876e+00
-7.359211e+00
-2.814824e+00
-1.647536e+01
-3.953819e+01
2.518016e+00
-1.408026e+01
-9.720279e+00
-1.470364e+01
-1.402642e+01
-1.455561e+01
-2.591213e+01
-9.523020e+00
-1.157500e+02
-2.140441e+01
-1.006131e+01
3.766517e+00
-1.110135e+01
-9.623727e+00
-9.297199e+00
-8.506652e+00
-1.558317e+01
-8.171171e+00
8.690448e+01
1.786110e+01
-8.208063e+00
-1.755162e+01
-1.073222e+01
-1.642862e+01
-1.768504e+01
-9.710147e+00
9.204384e-02
5.115998e+01
1.779476e+00
-9.049200e+00
-2.005556e+01
-1.000481e+01
-1.479275e+01
-9.184737e+00
-6.808872e+00
1.594153e+00
-6.864531e+00
-1.114999e+01
2.237533e+00
-1.174485e+01
-6.932729e+00
-3.728412e+01
