-1.059743e+01
-9.415299e+00
-5.700481e+02
-2.068447e+02
-1.919045e+02
-1.538226e+02
-1.315636e+02
-1.155785e+02
-1.034466e+02
-9.372184e+01
-8.563441e+01
-7.869432e+01
-7.258061e+01
-6.714110e+01
-6.223151e+01
-5.775265e+01
-5.367410e+01
-4.994733e+01
-4.651440e+01
-4.337316e+01
-4.049810e+01
-3.786574e+01
-3.550913e+01
-3.318789e+01
-3.131019e+01
-2.961826e+01
-2.806611e+01
-2.669223e+01
-2.559549e+01
-2.477961e+01
-2.416392e+01
-2.359370e+01
-2.328814e+01
-2.314773e+01
-2.125024e+01
-2.008454e+01
-2.491200e+01
-2.615195e+01
-2.212760e+01
-1.911125e+01
-1.139423e+01
-1.384547e+01
-1.222591e+01
-1.224868e+01
-1.079662e+01
-1.113298e+01
-1.013979e+01
-9.792972e+00
-8.303292e+00
-8.504727e+00
-8.640993e+00
-6.937085e+00
-7.993033e+00
-9.124676e+00
-7.553889e+00
-6.972553e+00
-8.322477e+00
-6.976988e+00
-8.540350e+00
-8.307614e+00
-8.230570e+00
-9.036238e+00
-9.218020e+00
-1.005487e+01
-1.043919e+01
-1.062322e+01
-1.065552e+01
-1.108752e+01
-1.180035e+01
-1.253577e+01
-1.328776e+01
-1.323728e+01
-1.341125e+01
-1.341764e+01
-1.392901e+01
-1.399883e+01
-1.377651e+01
-1.290406e+01
-1.200509e+01
-1.195564e+01
-1.248822e+01
-1.131947e+01
-1.023892e+01
-9.653339e+00
-1.008705e+01
-8.357407e+00
-7.780462e+00
-7.418164e+00
-6.572067e+00
-6.648880e+00
-7.582499e+00
-6.929283e+00
-6.836069e+00
-6.800590e+00
-6.848776e+00
-7.381560e+00
-7.846356e+00
-8.408366e+00
-8.998626e+00
-9.420252e+00
-9.446421e+00
-9.752300e+00
-1.046805e+01
-1.076104e+01
-1.129191e+01
-1.202117e+01
-1.282378e+01
-1.333117e+01
-1.275061e+01
-1.189324e+01
-1.251993e+01
-1.323205e+01
-1.383956e+01
-1.202605e+01
-1.245078e+01
-1.196997e+01
-1.168248e+01
-1.119609e+01
-1.135310e+01
-9.493659e+00
-9.559196e+00
-9.375414e+00
-8.073871e+00
-7.908575e+00
-6.559712e+00
-7.616712e+00
-1.056108e+01
1.092591e+00
8.343676e-01
2.331736e+00
1.786187e+00
1.170005e+00
2.471350e+00
2.922975e+00
3.397053e+00
3.962057e+00
4.405051e+00
5.311181e+00
6.556229e+00
7.731431e+00
9.176170e+00
1.094119e+01
1.297072e+01
1.513513e+01
1.754111e+01
2.017080e+01
2.303722e+01
2.619904e+01
2.963324e+01
3.335482e+01
3.743370e+01
4.190327e+01
4.682833e+01
5.227701e+01
5.837376e+01
6.532077e+01
7.332892e+01
8.290238e+01
9.516899e+01
1.105968e+02
1.334469e+02
1.712943e+02
1.885915e+02
5.500219e+02
3.338909e+02
1.544069e+02
1.248130e+02
1.001243e+02
8.366279e+01
7.217250e+01
6.318916e+01
5.601172e+01
5.019442e+01
4.521854e+01
4.096607e+01
3.726184e+01
3.400693e+01
3.113651e+01
2.856058e+01
2.626721e+01
2.419409e+01
2.230411e+01
2.057057e+01
1.899089e+01
1.753402e+01
1.616645e+01
1.488180e+01
1.368540e+01
1.255727e+01
1.149779e+01
1.050213e+01
9.556715e+00
8.660480e+00
7.814103e+00
7.010279e+00
6.245637e+00
5.517781e+00
4.823355e+00
4.158423e+00
3.521559e+00
2.911541e+00
2.326478e+00
1.763321e+00
1.220759e+00
6.975732e-01
1.921174e-01
-2.967552e-01
-7.703136e-01
-1.230002e+00
-1.675714e+00
-2.109025e+00
-2.531152e+00
-2.942472e+00
-3.343916e+00
-3.736358e+00
-4.119931e+00
-4.495362e+00
-4.863555e+00
-5.225381e+00
-5.580990e+00
-5.930595e+00
-6.274970e+00
-6.614690e+00
-6.950175e+00
-7.281893e+00
-7.610340e+00
-7.935534e+00
-8.258091e+00
-8.578329e+00
-8.896809e+00
-9.213864e+00
-9.529951e+00
-9.845291e+00
-1.016021e+01
-1.047501e+01
-1.079007e+01
-1.110610e+01
-1.142317e+01
-1.174148e+01
-1.206210e+01
-1.238490e+01
-1.270980e+01
-1.303794e+01
-1.336948e+01
-1.370538e+01
-1.404500e+01
-1.438996e+01
-1.473936e+01
-1.509491e+01
-1.545655e+01
-1.582490e+01
-1.620065e+01
-1.658436e+01
-1.697679e+01
-1.737850e+01
-1.778893e+01
-1.821041e+01
-1.864462e+01
-1.909101e+01
-1.955098e+01
-2.002476e+01
-2.051351e+01
-2.101907e+01
-2.154252e+01
-2.208549e+01
-2.264936e+01
-2.323541e+01
-2.384560e+01
-2.448163e+01
-2.514578e+01
-2.584147e+01
-2.657059e+01
-2.733542e+01
-2.813970e+01
-2.898591e+01
-2.988020e+01
-3.082716e+01
-3.181707e+01
-3.288291e+01
-3.401585e+01
-3.521426e+01
-3.648844e+01
-3.785442e+01
-3.932195e+01
-4.090937e+01
-4.263375e+01
-4.452336e+01
-4.659736e+01
-4.890291e+01
-5.147307e+01
-5.434240e+01
-5.758519e+01
-6.130984e+01
-6.554339e+01
-7.048690e+01
-7.629105e+01
-8.335276e+01
-9.249444e+01
-1.038157e+02
-1.205067e+02
-1.447624e+02
-1.700085e+02
-3.565095e+02
-1.030532e+01
-1.366284e+01
-7.007624e+00
-1.701401e+01
-3.674175e+00
-2.057630e+01
-2.171846e-01
-5.939250e+00
-1.464000e+01
-2.408026e+01
4.569147e+00
-2.473910e+01
3.743822e+00
8.896937e+00
-2.824672e+01
8.163480e+00
-3.012905e+01
-3.705905e+01
1.520135e+01
1.523994e+01
-3.547145e+01
-1.084075e+01
-9.147890e+00
-1.121719e+01
2.758660e+01
-4.742501e+01
2.489506e+01
-4.518603e+01
-1.198519e+01
-8.672348e+00
-1.264642e+01
-7.874649e+00
4.635243e+01
-6.735604e+01
-9.249784e+00
-1.062192e+01
3.847643e+01
-5.875301e+01
-1.875423e+01
-2.021584e+00
-1.545574e+01
-5.232717e+00
-1.351967e+01
-7.477546e+00
7.221969e+01
-9.268471e+01
5.682836e+01
-7.826027e+01
-8.633586e+00
-1.236759e+01
-1.251656e+01
-2.218351e+01
3.552518e+00
5.606070e+00
-2.623876e+01
-7.327049e+00
1.133475e+01
-3.117740e+01
-3.324079e+01
1.978703e+01
1.208771e+01
-2.763508e+01
6.423482e+00
-2.282652e+01
1.930803e+00
-1.256727e+01
-7.598711e+00
-1.068019e+02
8.573343e+01
1.092727e+02
-1.281248e+02
-9.279871e+00
-1.062146e+01
-1.748346e+01
-4.040509e+00
4.394410e+00
-2.481111e+01
2.160456e+01
-4.201540e+01
-9.544705e+00
-1.021655e+01
3.777004e+01
-5.809789e+01
-8.625213e+00
-1.192775e+01
5.823934e+01
-7.835707e+01
1.518529e+02
-1.740067e+02
-1.184357e+01
-8.409498e+00
-1.218767e+01
-1.099357e+01
-8.313332e+00
-8.894442e+00
1.253058e+02
-1.461762e+02
4.655014e+01
3.232857e+01
-6.655441e+01
-5.236039e+01
-4.163369e+01
-2.610754e+01
4.892059e+00
8.389741e-01
-1.953306e+01
-2.164494e+01
-1.130444e+00
-1.794181e+01
-2.889329e+00
-1.621971e+01
-4.482811e+00
-1.468812e+01
-5.937907e+00
-1.300800e+01
-7.667029e+00
-1.131088e+01
-9.336042e+00
-1.038094e+01
-9.972126e+00
2.368314e+02
-2.581993e+02
-1.074312e+01
-9.321233e+00
-1.122093e+01
-1.128781e+01
-1.173504e+01
-1.129903e+01
-1.155036e+01
-1.122567e+01
-1.182226e+01
-1.128663e+01
-1.160815e+01
-1.140773e+01
-1.156271e+01
-1.163661e+01
-1.180612e+01
-1.172486e+01
-1.146212e+01
-1.215703e+01
-1.226568e+01
-1.274761e+01
-1.287898e+01
-1.303028e+01
-1.309193e+01
-1.363535e+01
-1.336055e+01
-1.398203e+01
-1.437102e+01
-1.483889e+01
-1.450004e+01
-1.569641e+01
-1.510414e+01
-1.530920e+01
-1.609096e+01
-1.605463e+01
-1.565981e+01
-1.611204e+01
-1.572515e+01
-1.630695e+01
-1.585937e+01
-1.645080e+01
-1.597415e+01
-1.657780e+01
-1.605801e+01
-1.668772e+01
-1.613720e+01
-1.677309e+01
-1.617352e+01
-1.683074e+01
-1.619051e+01
-1.686131e+01
-1.618138e+01
-1.686511e+01
-1.614521e+01
-1.683843e+01
-1.607208e+01
-1.540954e+01
-1.528320e+01
-1.464618e+01
-1.447158e+01
-1.677855e+01
-1.385652e+01
-1.363804e+01
-1.305299e+01
-1.278582e+01
-1.223487e+01
-1.192273e+01
-1.247915e+01
-1.157964e+01
-1.212856e+01
-1.119618e+01
-1.176571e+01
-1.082473e+01
-1.120943e+01
-1.046103e+01
-1.145808e+01
-9.345349e+00
-1.031740e+01
-1.267616e+01
-1.808550e+01
-3.895819e+00
-8.810287e+00
-1.034072e+01
-6.531501e+00
-8.300841e+00
-8.334842e+00
-6.444296e+00
-5.912175e+00
-5.577205e+00
-4.337025e+00
-3.878919e+00
-3.150959e+00
-3.079272e+00
-1.781285e+00
-7.495023e+00
-9.070020e+00
-2.036510e+00
-6.918452e-01
-3.427926e-01
8.687680e-01
-8.259016e+00
-9.330359e+00
8.817635e-01
2.181911e+00
-8.922235e+00
-1.038854e+01
6.152893e-01
1.986836e+00
3.334724e+00
-9.709943e+00
-1.134706e+01
2.839474e+00
4.293135e+00
-1.040619e+01
-1.178638e+01
3.615266e+00
5.190381e+00
-1.092685e+01
-1.267952e+01
4.026673e+00
5.744430e+00
6.572293e+00
7.340167e+00
8.114043e+00
8.798882e+00
9.393891e+00
1.031609e+01
-1.141898e+01
-1.251464e+01
1.069433e+01
1.149897e+01
4.252689e+00
-1.180528e+01
-1.311540e+01
1.147577e+01
1.233860e+01
1.215555e+01
1.323275e+01
1.283968e+01
1.405536e+01
-1.755526e+01
-1.225048e+01
-1.319478e+01
-1.542158e+01
1.354972e+01
1.499206e+01
-1.256099e+01
-1.329498e+01
1.232930e+01
1.429195e+01
1.592641e+01
-1.263784e+01
-1.393683e+01
-1.439636e+01
-1.448678e+01
-1.510946e+01
-1.475102e+01
-1.566543e+01
-1.574083e+01
-1.673190e+01
-1.677761e+01
-1.779549e+01
-1.778199e+01
-1.906983e+01
-1.898619e+01
-2.048676e+01
-2.029164e+01
-2.215738e+01
-2.198983e+01
-2.407609e+01
-2.362623e+01
-2.607743e+01
-2.543360e+01
-2.810251e+01
-2.781994e+01
-3.002846e+01
-3.021911e+01
-3.190940e+01
-3.255271e+01
-3.373449e+01
-3.466898e+01
-3.556565e+01
-3.639442e+01
-3.679740e+01
-3.770463e+01
-3.758688e+01
-3.891205e+01
1.499737e+01
1.678489e+01
1.714987e+01
1.807360e+01
1.826676e+01
1.931066e+01
-3.682298e+01
-2.685624e+01
-1.876777e+01
-1.414547e+01
1.529124e+01
-3.883987e+01
-3.990162e+01
-3.782223e+01
1.943154e+01
2.061329e+01
-1.212048e+01
-1.207346e+01
-1.154690e+01
-1.185976e+01
-1.118964e+01
-3.955245e+01
-4.057491e+01
-1.442046e+01
-1.148915e+01
-1.082797e+01
-1.740498e+01
2.039412e+01
2.164285e+01
2.162119e+01
2.298677e+01
2.288794e+01
2.414887e+01
2.436624e+01
2.489324e+01
-1.116157e+01
-1.054963e+01
-3.302390e+01
-2.622090e+01
-1.911576e+01
-4.029240e+01
-4.148306e+01
-4.200110e+01
-4.299430e+01
-4.314426e+01
-4.375041e+01
-4.461930e+01
-4.457527e+01
-4.482646e+01
-4.732744e+01
2.524727e+01
2.490519e+01
-4.648571e+01
-4.794153e+01
2.124527e+01
-1.104442e+01
-1.041154e+01
2.579665e+01
2.725884e+01
2.661780e+01
-4.763829e+01
-4.954527e+01
-4.072622e+01
-1.091248e+01
-9.840155e+00
-5.138018e+01
-4.490785e+01
-5.097428e+01
2.747894e+01
2.833843e+01
-4.670099e+01
-1.037681e+01
-1.108998e+01
-9.673710e+00
1.301377e+01
1.217362e+01
8.535436e+00
6.583529e+00
4.174856e+00
3.680853e+00
2.352597e+00
2.817081e+00
1.813816e+00
2.494064e+00
1.632337e+00
1.637474e+00
1.001644e+00
-5.184428e+01
-5.265394e+01
2.763197e+01
2.929535e+01
-5.210347e+01
-5.352659e+01
-1.074018e+01
-1.142478e+01
-1.275612e+01
3.776656e+00
2.934478e+00
-1.689343e+01
-5.318083e+01
-9.135382e+00
-8.966687e+00
-1.106765e+01
-1.175334e+01
2.857719e+01
3.013640e+01
3.088883e+01
3.168169e+01
3.246807e+01
3.321194e+01
3.403255e+01
3.472813e+01
3.548846e+01
-5.282594e+01
-5.435869e+01
3.544913e+00
2.656231e+00
4.463000e+00
2.529081e+00
1.796549e+00
1.454115e+00
9.541817e-01
6.303948e-01
1.455131e-01
1.104897e+01
1.203632e+01
1.017900e+01
1.115946e+01
8.367825e+00
8.670782e+00
7.258236e+00
6.783650e+00
5.935183e+00
6.604273e+00
5.629912e+00
6.280880e+00
5.340089e+00
5.907810e+00
4.993162e+00
5.520118e+00
4.628743e+00
6.432621e+00
3.624097e+01
5.107399e+00
4.239650e+00
3.755914e+00
3.395100e+00
2.895946e+00
2.569895e+00
2.060806e+00
1.765401e+00
1.248458e+00
9.800946e-01
4.590377e-01
2.184850e-01
-3.089923e-01
-5.078467e-01
-1.046809e+00
-1.235684e+00
-1.765892e+00
-1.936790e+00
-2.458054e+00
-2.588962e+00
-3.123239e+00
-3.226772e+00
-3.765235e+00
-3.839896e+00
-4.373910e+00
-4.427139e+00
-4.950189e+00
-4.981393e+00
-5.500607e+00
-5.518168e+00
-6.029292e+00
-4.489142e+00
-6.019273e+00
-6.516232e+00
-2.118574e+00
1.526822e+00
-8.447400e+00
-6.429635e+00
-6.932465e+00
3.701552e+01
3.779396e+01
-1.140110e+01
-1.206227e+01
-1.751927e+01
-1.829786e+01
4.552416e-01
-3.343689e-01
3.893480e+00
4.825860e+00
-5.340599e+01
-5.492886e+01
2.912141e+01
4.669372e+00
-6.611391e+00
-7.422905e+00
-5.856354e+00
3.843036e+01
3.722945e+01
3.946729e+01
-1.251252e+01
-1.173041e+01
-1.236381e+01
-1.109436e+01
-5.574330e-02
-8.332972e-01
-1.829394e+01
-1.907461e+01
-1.802123e-01
4.197378e+00
5.148029e+00
2.511958e+00
-5.401883e+01
-5.592801e+01
-5.664716e+01
3.556139e+01
-5.797731e+01
-5.855233e+01
-1.203436e+01
-1.265154e+01
-1.426384e+01
3.862052e+01
3.962334e+01
-7.404529e+00
-7.169188e+00
-3.302478e+00
-1.299695e+01
-1.327542e+01
-1.363089e+01
-1.390832e+01
-1.427214e+01
-1.454819e+01
-1.492226e+01
-1.519457e+01
-5.677122e-01
-1.313317e+00
-1.558061e+01
-1.585016e+01
-1.625059e+01
-1.651832e+01
-1.693163e+01
-1.719863e+01
-1.762459e+01
-1.789340e+01
-1.833315e+01
-1.860276e+01
-1.905738e+01
-1.933643e+01
-1.979939e+01
-2.008505e+01
-2.056229e+01
-2.084618e+01
-2.134524e+01
-2.163803e+01
-2.215420e+01
-2.245070e+01
-2.298745e+01
-2.327630e+01
-2.384750e+01
-2.413853e+01
-2.473565e+01
-2.503073e+01
-6.014276e+01
-6.051404e+01
-1.909426e+01
-1.988072e+01
4.524945e+00
5.448671e+00
-3.044059e+00
-1.171532e+01
-1.200761e+01
-1.015907e+01
-2.566125e+01
-2.602397e+01
-6.242240e+01
-6.258384e+01
-1.520475e+01
-2.529906e+01
-2.632474e+01
-2.267069e+01
-2.034365e+01
-1.537431e+01
-5.495263e+01
-1.351494e+01
-1.821249e+01
-8.263888e+00
-8.049999e+00
3.778085e+01
1.748924e+01
-6.479433e+01
-6.485080e+01
-6.246398e+01
-6.692144e+00
-6.514003e+00
-1.057306e+00
-1.761262e+00
-1.992118e+01
-2.070622e+01
-2.062170e+01
-2.145279e+01
-2.131760e+01
-2.216403e+01
-2.197160e+01
-2.283069e+01
-2.257452e+01
-2.342968e+01
-2.312666e+01
-2.397940e+01
-2.362418e+01
-2.447938e+01
-2.406573e+01
-2.490997e+01
-2.444249e+01
-2.528076e+01
-2.475618e+01
-2.557672e+01
-2.395438e+01
-2.613909e+01
-2.641089e+01
-2.422135e+01
-2.345248e+01
4.801559e+00
5.723736e+00
2.761111e+01
2.792624e+01
2.639210e+01
2.656168e+01
2.502181e+01
-5.294924e+01
-6.733490e+01
-6.416363e+01
-6.270742e+01
-1.122621e+01
-1.154284e+01
2.491842e+01
2.322336e+01
-2.045863e+00
-2.458126e+00
-2.562803e+01
-2.659070e+01
2.368160e+01
2.386010e+01
-2.729913e+01
-2.756305e+01
6.391289e+00
6.677539e+00
-5.366493e+01
-5.162515e+01
2.313293e+01
-2.156453e+01
-2.365768e+01
-2.702469e+01
-2.727377e+01
-7.206622e+00
-7.073585e+00
-2.213462e+00
-2.893604e+00
4.714732e-02
-6.700798e-01
-2.367413e+01
-2.293817e+01
7.679450e+00
5.056705e+00
-7.871639e+00
-5.050540e+00
-3.165799e+00
-3.544993e+00
-3.978182e+01
-4.022422e+01
-6.431656e+01
2.325492e+01
2.160616e+01
2.465345e+01
-1.209535e+01
-6.461593e+01
-5.661477e+01
7.368396e+00
7.668378e+00
2.552127e+01
2.340585e+01
-2.594290e+01
-9.619232e-01
-2.830351e+01
-2.865447e+01
-5.208705e+01
-5.005765e+01
-1.077786e+01
-1.110865e+01
-3.334289e+00
-3.954736e+00
-4.159223e+00
-4.556448e+00
-3.837630e+01
-3.744688e+01
-2.311660e+01
-2.242056e+01
2.250707e+01
2.147461e+01
2.078049e+01
1.977667e+01
1.900543e+01
1.826463e+01
1.967279e+01
1.772974e+01
-7.077526e+00
-7.492524e+00
-6.723891e+00
-7.251326e+00
-6.608559e+00
-6.957632e+00
-6.611715e+00
-7.040648e+00
-7.018219e+00
4.950999e+00
8.385085e+00
-2.144623e+00
-2.707330e+00
-1.340718e+01
2.044050e+01
-4.768446e+00
-5.148965e+00
-2.171632e+01
2.410844e+00
-5.325658e+01
-5.113273e+01
-6.424684e+01
-2.936580e+01
-2.972422e+01
-2.888332e+01
-3.004824e+01
-3.079300e+01
-3.116532e+01
-5.019026e+01
-4.813845e+01
-3.033461e+01
-3.148679e+01
-4.470098e+01
-2.255048e+01
-2.189392e+01
-3.234865e+01
-3.269109e+01
-1.734779e+01
-4.364684e+00
-1.910889e+01
-1.037236e+01
-1.069309e+01
-5.341026e+00
-5.729188e+00
-4.942937e+00
-2.326171e+01
-7.563149e+00
-7.094110e+00
-7.704650e+00
-5.246058e+01
-1.000823e+01
1.912422e+01
1.642087e+01
1.660370e+01
1.543147e+01
1.534867e+01
1.437525e+01
1.452778e+01
1.355571e+01
1.766659e+01
1.361104e+01
1.268128e+01
-1.454578e+01
4.167034e+00
4.379522e+00
3.538459e+00
3.698212e+00
2.908414e+00
1.324797e+00
1.498110e+00
-1.076527e+01
-7.147768e+00
-6.249313e+00
-5.780297e+00
-4.973071e+00
-4.115863e+01
-4.244034e+01
-2.198006e+01
-2.135225e+01
-5.953364e+00
-6.307961e+00
-6.094855e+00
-6.654107e+00
-6.872306e+00
-7.203380e+00
-2.525808e+01
-4.798480e+01
-4.602752e+01
2.465795e+01
-5.518653e+01
-5.961051e+01
-1.220957e+01
1.340130e+01
-2.355421e+00
-3.108713e+00
-1.959283e+01
8.713830e+00
9.466601e+00
-3.358780e+01
-3.396308e+01
-2.221404e+01
-3.184875e+01
7.940553e+00
8.990705e+00
8.184748e+00
9.219042e+00
8.388421e+00
9.418005e+00
-5.220329e+00
-4.960467e+00
1.966326e+01
-6.450187e+00
-9.637549e+00
-9.238474e+00
-4.450525e+01
-4.221421e+01
-4.410083e+01
-4.023525e+01
-7.969610e+00
-8.031571e+00
-3.281175e+00
-3.659480e+00
-2.621374e+01
-1.399121e+01
-1.140306e+01
-1.098471e+01
1.267597e+01
1.179105e+01
-3.898963e+00
-4.372680e+00
-5.166114e+00
-4.149545e+00
3.039003e+00
2.287320e+00
9.087924e+00
-3.484228e+01
-3.530225e+01
-2.585230e+01
-2.644612e+01
-5.708075e+01
-6.002729e+01
-7.425909e+00
-7.742298e+00
8.554745e+00
9.577187e+00
-3.429661e+01
-4.068515e+00
-4.650424e+00
-2.230880e+01
-4.484149e+00
-3.550470e+00
-2.871671e+01
-3.340168e+01
-3.836227e+01
-3.630151e+01
-3.672746e+01
-3.571656e+01
-3.714655e+01
-3.822569e+01
-3.867144e+01
-2.140748e+01
-2.081822e+01
-2.072316e+01
-2.023753e+01
-8.290840e+00
-3.750688e+01
-3.905109e+01
-8.252699e+00
-1.165860e+01
-1.125115e+01
-1.059979e+01
-1.087747e+01
-1.149422e+01
-1.111054e+01
-1.170505e+01
-1.132117e+01
-1.188671e+01
-1.153263e+01
-1.097469e+01
-1.106779e+01
-1.184115e+01
-1.119387e+01
-1.149835e+01
-1.148691e+01
-1.155745e+01
-1.103841e+01
-1.109197e+01
-1.095851e+01
-1.124229e+01
-1.029503e+01
-1.092241e+01
-1.117443e+01
1.022610e+01
9.600054e+00
-4.001159e+01
-3.877908e+01
-4.778318e+01
-2.025596e+01
-1.958366e+01
1.171650e+01
1.088435e+01
1.091787e+01
1.005616e+01
1.256346e+01
-7.553865e+00
8.429689e+00
-6.799656e+00
-8.408038e+00
-8.787951e+00
-3.825654e+00
-2.822078e+00
-4.202462e+01
-2.298948e+01
-2.376939e+01
-1.094628e+01
-1.116610e+01
-1.151936e+01
-1.137688e+01
1.005117e+01
9.233113e+00
9.185486e+00
8.402044e+00
2.383338e+00
1.668094e+00
3.053089e+00
-8.562508e+00
-1.189540e+01
-4.363381e+00
-4.867168e+00
-8.905531e+00
-8.468685e+00
-3.320567e+00
-1.860329e+00
2.556923e+01
-7.978720e+00
-8.276518e+00
-8.049488e+00
-8.562030e+00
-8.342832e+00
-8.836930e+00
-9.065665e+00
-9.327659e+00
-9.566585e+00
-9.815330e+00
-1.943764e+01
-1.779009e+01
-1.175556e+01
8.673643e+00
9.693543e+00
-3.867855e+01
-3.752373e+01
-5.866884e+01
-5.545815e+01
-6.196649e+01
-6.634946e+01
-6.591232e+01
-7.452663e+01
-7.283432e+01
-7.960946e+01
-8.102533e+01
-8.440081e+01
-8.750068e+01
-8.985477e+01
-9.377816e+01
-8.600044e+01
-3.145831e+01
-3.348836e+01
-1.899424e+01
-1.945580e+01
2.000127e+01
1.860819e+01
-2.610373e+00
-2.608223e+00
-9.322963e-01
-7.047666e+00
5.304561e+00
-7.664445e+00
8.420620e+00
7.634575e+00
7.558497e+00
6.838160e+00
-3.780165e+01
-3.937161e+01
-4.992311e+00
-1.006507e+01
-1.030181e+01
-9.049591e+01
-8.593693e+01
1.196990e+01
-3.730934e+01
-3.628396e+01
-3.649139e+01
-3.533300e+01
-3.549641e+01
-3.441663e+01
-2.412556e+01
-2.248874e+01
-2.493619e+01
-4.355680e+00
-5.072117e+00
-3.641421e+00
-9.576346e+00
1.029955e+01
-4.000929e+01
-4.457537e+00
-2.661222e+01
-2.742976e+01
-2.673348e+01
-2.751012e+01
-2.676388e+01
-2.749878e+01
-2.669286e+01
-2.830069e+01
-2.824296e+01
6.708376e+00
6.034310e+00
6.124400e+00
5.362886e+00
5.402109e+00
4.689707e+00
4.669416e+00
4.007517e+00
3.976658e+00
3.341111e+00
3.333054e+00
2.699540e+00
2.653085e+00
-3.416877e+01
7.705022e+00
1.283163e+01
-1.056789e+01
-1.079012e+01
-1.018599e+01
-1.067157e+01
1.561990e+00
9.815310e-01
1.701747e+00
-3.334037e+01
-3.353199e+01
-1.026125e+01
1.153101e+01
-8.713220e+00
-8.616233e+00
-1.943967e+01
-1.744669e+01
-8.842490e+00
-1.109137e+01
-1.129493e+01
-1.100881e+01
-1.147862e+01
-1.178009e+01
-1.194891e+01
-1.224202e+01
-1.241958e+01
-1.270507e+01
-1.289036e+01
-1.318397e+01
-1.336405e+01
-1.369161e+01
-1.385192e+01
-1.419489e+01
-1.433789e+01
-1.469743e+01
-1.483087e+01
-1.520561e+01
-1.533068e+01
-1.572097e+01
-1.583829e+01
-1.624468e+01
-1.635452e+01
-1.677777e+01
-1.688042e+01
-1.731667e+01
-1.741804e+01
-1.787051e+01
-1.796657e+01
-1.843939e+01
-1.852468e+01
-1.901991e+01
-1.910455e+01
-1.961937e+01
-1.969738e+01
-2.023351e+01
-2.030417e+01
-2.086706e+01
-2.093411e+01
-5.658634e+01
-5.363312e+01
-1.443789e+00
-3.110351e+01
-2.991704e+01
1.232992e+01
-1.175370e+01
-1.151522e+01
-1.133970e+01
-1.145387e+01
7.775728e+00
6.866668e+00
-8.897337e+00
-4.529106e+00
-5.229265e+00
-2.151846e+01
-2.158253e+01
-1.561639e+01
-4.598135e+00
-8.672557e+00
2.628784e+00
-3.844246e+01
2.037601e+00
-4.561174e+00
-5.342849e+00
-4.613895e+00
-5.428429e+00
-8.937512e+01
-8.444130e+01
-8.228219e+00
-8.178404e+00
-7.703372e+00
-7.987395e+00
-7.199207e+00
-7.469370e+00
-6.668858e+00
-6.912772e+00
-6.096997e+00
-6.326350e+00
-5.484275e+00
-8.859962e+00
-7.318024e+01
1.925556e-01
-6.221376e+00
-6.301191e+00
-5.923023e+00
1.379569e+01
1.607505e+01
-3.299733e+01
-3.224746e+01
2.484331e+01
-2.370997e+01
-2.605039e+01
-2.534532e+01
-3.981070e+01
-4.975361e+01
5.236139e+00
-1.699931e+01
-1.677002e+01
-3.801578e+01
-3.653798e+01
-3.960756e+01
-4.103640e+01
-4.130609e+01
-1.793720e+01
2.034771e+01
1.912827e+01
-3.027125e+01
-2.965799e+01
-3.056091e+01
-3.206099e+01
-2.788060e+01
-3.388798e+01
-3.056319e+01
-2.836693e+01
-3.217221e+01
-3.266166e+01
8.696224e-01
3.118237e-01
1.053527e+01
9.525107e+00
-7.351927e+00
-6.839521e+00
-6.950613e+00
-1.302688e+01
-1.120891e+01
-1.496891e+01
-3.205537e+01
-3.116795e+01
-3.132069e+01
-2.944079e+01
-3.072976e+01
-2.925124e+01
-2.970805e+01
-2.812449e+01
-2.865569e+01
-2.738754e+01
-2.741701e+01
-2.607947e+01
-2.631823e+01
-2.493495e+01
-2.515023e+01
-2.350549e+01
-2.370548e+01
-2.257873e+01
-2.266170e+01
-2.156394e+01
-2.153123e+01
-1.998034e+01
-2.007397e+01
-1.870560e+01
-1.863097e+01
-2.018783e+01
1.137340e+01
-1.231426e+01
-8.843526e+00
-8.765595e+00
-2.219315e+01
-2.225658e+01
-9.044733e+00
-9.852942e+00
-9.878710e+00
-9.767863e+00
-9.854339e+00
-9.447108e+00
-9.731507e+00
-9.440852e+00
-9.583564e+00
-9.456993e+00
-9.883716e+00
-2.669819e+01
-2.784074e+01
-1.217829e+01
-5.710308e+00
-4.847324e+00
-2.348552e+01
-2.282182e+01
-4.666862e+00
-4.001287e+00
-6.953927e+00
-1.707608e+00
-3.695313e+01
2.033365e+00
-1.032538e+01
1.411272e+00
-3.101248e+00
-8.652098e+01
-8.157834e+01
2.509971e+00
-1.694282e+01
6.889946e+00
6.033430e+00
-1.613376e+01
-1.584131e+01
-1.792498e+01
-1.715720e+01
-2.039372e+00
8.616391e+00
-5.448496e+01
-5.165699e+01
-5.093956e+01
5.585154e+00
8.061671e+00
-2.971967e+01
1.121942e+01
-7.917050e+00
-9.086124e+00
-1.134945e+01
-1.147975e+01
2.143836e+00
-1.974698e+01
-3.103256e+00
1.147384e+01
-3.974126e+01
-4.147268e+01
-2.208267e+00
-8.502454e+00
-1.182597e+01
2.066720e-01
-3.295669e-01
-2.442680e-01
-8.542212e-01
-7.880522e-01
-1.365603e+00
-1.446305e+00
-1.930247e+00
-2.017805e+00
-2.484460e+00
-2.073681e+01
-3.804460e+01
-6.443053e+00
-2.910923e+01
-2.290331e+01
-2.295377e+01
-2.281972e+01
1.196202e+01
-9.297562e+00
-9.299930e+00
-3.507961e+00
-9.210066e+01
-1.834053e+01
-2.167852e+01
-1.614848e+01
-1.569288e+01
-1.619248e+01
-1.530830e+01
-1.465584e+01
-1.428299e+01
-8.951072e+00
-3.181747e+01
-3.115462e+01
-1.121741e+01
-2.363045e+01
-2.366686e+01
-2.436663e+01
-2.441198e+01
-2.514479e+01
-2.518637e+01
-2.443004e+01
-2.519574e+01
-2.598614e+01
-2.599271e+01
-2.681835e+01
-2.681870e+01
-1.672864e+01
-2.680153e+01
3.290992e+01
-1.114015e+01
-2.576311e+00
-3.021735e+00
-2.670035e+01
-1.992961e+01
-9.734318e+00
-9.946542e+00
-8.890379e+00
-8.825962e+00
1.761093e+01
-1.210593e+01
-1.640539e+01
1.532535e+01
-1.749966e+01
-7.340857e+00
4.532625e+00
-1.718115e+01
-4.197992e+01
-4.194433e-01
-1.268531e+01
-1.210022e+01
1.315938e+01
2.242276e+01
-2.945034e+00
-3.456054e+00
-3.545113e+00
-3.960297e+00
-4.923501e+01
-4.725320e+01
-7.457322e+00
-7.929968e+00
-6.760888e+00
-2.816998e+01
1.272743e+01
1.401875e+01
-1.399415e+01
-1.594218e+01
-1.856476e+01
-2.300241e+01
-3.876452e+00
-3.192045e+00
-3.294571e+00
-2.466408e+00
-2.553567e+00
-1.714572e+00
-1.789476e+00
-9.270076e-01
-8.952743e+01
-9.777996e+01
-9.068445e+01
-1.007526e+02
-1.059766e+02
-1.116685e+02
-2.149013e+01
-1.647656e+01
-5.740343e+01
-6.654157e+00
-7.739394e+00
7.787383e+00
-9.834504e+00
-4.941039e+01
-5.191965e+01
-5.090218e+01
-4.060593e+01
-5.171399e+01
-5.765032e+01
-7.245107e+00
-6.538254e+00
-2.306508e+00
-1.042506e+00
-1.032914e+00
-5.780922e-01
-7.579562e-01
-1.755742e+01
-1.400615e+01
-6.250457e+00
3.644474e+00
5.367263e+00
-3.665059e+01
-3.527085e+01
7.820527e+00
-1.312619e+00
-7.517946e-01
-1.209971e+01
8.695842e-01
-4.054604e+00
-4.452820e+00
-4.552869e+00
-4.931379e+00
-1.128335e-01
-3.056434e-01
-9.498176e-01
-2.488628e+01
3.225212e+01
2.830489e+01
-1.112899e+01
-1.026545e+01
-9.656713e+00
-5.940435e+01
-1.127712e+01
-1.510557e+01
-1.411511e+01
-2.746838e+01
-2.892930e+01
-1.107364e+01
-4.280319e-01
-8.624590e+00
-8.145011e+00
-8.423533e+00
-7.965152e+00
-8.235703e+00
-7.799623e+00
-8.674831e+00
-3.372940e+00
-1.231955e+01
1.888574e+01
2.412672e+01
2.617149e+01
2.491842e+01
2.702808e+01
2.555995e+01
2.775307e+01
2.613276e+01
2.405585e+01
2.839000e+01
3.010039e+01
3.085885e+01
3.261473e+01
3.353690e+01
3.542819e+01
3.646699e+01
3.846829e+01
3.987653e+01
4.163279e+01
4.359804e+01
4.637164e+01
4.749619e+01
5.431359e+01
5.492893e+01
5.913349e+01
5.712285e+01
6.111737e+01
6.119477e+01
5.856153e+01
6.210742e+01
5.861900e+01
6.140587e+01
5.726559e+01
6.583890e+01
5.955540e+01
5.537006e+01
5.342399e+01
5.154052e+01
3.645730e+01
2.892140e+01
5.277598e+01
4.911448e+01
4.809654e+01
4.574176e+01
4.491128e+01
4.259255e+01
4.272115e+01
3.966588e+01
3.964167e+01
3.680747e+01
3.686725e+01
3.414583e+01
3.321394e+01
3.054847e+01
3.750678e+01
2.875645e+01
2.644655e+01
5.466746e+01
3.426084e+01
4.518218e+01
2.616773e+01
2.426016e+01
2.445611e+01
2.250997e+01
2.274097e+01
2.092532e+01
2.072439e+01
1.923821e+01
1.906417e+01
1.765504e+01
1.751911e+01
1.617756e+01
1.608276e+01
1.481790e+01
1.473485e+01
1.354941e+01
2.445038e+01
2.259197e+01
-3.255854e+01
5.530868e+00
-2.210104e+01
-4.690746e+01
-3.210669e+01
-3.421603e+01
-3.538081e+01
-1.772622e+01
3.494819e-01
7.367977e+00
4.968468e+01
-2.850176e+00
4.664793e+01
3.434536e+00
1.064092e+01
2.339308e+01
1.519936e+01
-4.942565e+01
-1.554489e+01
-1.905229e+01
-2.027920e+01
1.352033e+01
1.491507e+01
-1.250053e+01
2.751768e+00
-1.163151e+01
-1.160479e+01
3.133418e+01
1.690257e+01
-9.222207e+00
-6.586376e+00
-5.975235e+00
-1.287897e+00
-1.571447e+00
-7.753792e+00
-5.042124e+00
-5.404286e+00
-1.143212e+02
-1.210648e+01
-1.910245e+01
-1.084871e+01
1.355293e+01
1.241012e+01
6.469988e+00
7.067966e+00
-5.524753e+01
-5.854163e+01
1.478908e+01
4.370763e+01
-8.249990e+01
-7.806489e+01
-7.736148e+01
-7.402387e+01
-1.634577e+01
7.901913e-03
3.079422e+00
-3.348684e+00
-5.450327e+00
4.419478e+00
-7.742733e+01
-9.173307e-01
-1.208232e-01
-1.151884e-01
7.016472e-01
7.233914e-01
-5.944646e+00
-1.943217e+01
-1.726127e+01
-6.893000e+00
-2.325102e+01
-2.653916e+01
-2.953172e+01
-3.553453e+01
-2.344594e+01
-2.221266e+01
-2.564836e+01
-1.593925e+01
-1.837832e+01
-1.890288e+01
-3.250053e+01
4.942436e+01
5.313544e+01
4.655897e+01
5.138189e+01
-6.084177e+00
-2.601868e+01
-2.589571e+01
-2.653437e+01
-2.568162e+01
-2.509674e+01
-2.626473e+01
-2.483099e+01
-2.429939e+01
-1.159464e+01
-1.151686e+01
1.805361e+01
-1.409510e+01
-2.115479e+01
7.867999e-01
6.863030e+00
7.744509e+00
1.773293e+01
-9.516064e+00
-9.342122e+00
-9.177126e+00
-9.298800e+00
-8.696286e+00
-8.796481e+00
-2.344173e+01
-2.199059e+01
-2.768751e+01
-2.768718e+01
-1.625984e+01
-1.038481e+02
-1.161373e+02
5.386990e+00
-1.566389e+01
-9.316459e+00
-1.506338e+01
-4.281955e+01
-1.249501e+01
-7.373089e+01
-7.010597e+01
-7.032587e+01
-6.667314e+01
-6.690919e+01
-6.351250e+01
-6.541484e+01
-6.373695e+01
-6.054424e+01
-5.926809e+01
-5.657494e+01
-5.393493e+01
-5.162145e+01
-1.366147e+01
-1.337022e+01
-2.005137e+01
-4.410977e+01
-3.528983e+01
-3.400841e+01
-3.398397e+01
-3.279939e+01
-3.278323e+01
-3.169376e+01
-3.165949e+01
6.007640e+00
5.220054e+00
5.208638e+00
4.443146e+00
-8.622276e+00
-2.302623e+01
-1.676973e+01
1.094250e+01
-8.172252e+01
-9.224787e+00
-2.398648e+01
-2.348646e+01
-2.446297e+01
1.143046e+01
5.876548e+00
7.122022e+00
2.100098e+01
2.282398e+01
-3.420567e+01
-3.315018e+01
4.610467e+00
-3.057865e+01
-2.677956e+01
-3.063672e+01
-3.005236e+01
4.873285e+01
-7.732982e+00
-1.228237e+01
-1.249053e+01
6.041717e-01
-6.169868e-01
-3.881288e+00
2.730877e+01
-2.595584e+01
-2.119330e+00
-6.946240e+00
-6.246965e+00
-4.072886e+00
-3.639120e+01
-3.737343e+01
-3.923433e+01
-3.117738e+00
-3.788454e+00
2.215982e+01
2.070088e+01
-1.172169e+01
-6.705509e-01
-8.221479e-01
6.106202e+00
-2.665789e+01
-2.782991e+01
-2.828207e+01
-1.172095e+01
-2.314066e+01
-2.202685e+01
-2.170855e+01
-2.115628e+01
-2.129358e+01
-2.085334e+01
-1.998891e+01
-1.994060e+01
-1.896482e+01
-1.885091e+01
-1.899036e+01
-1.805703e+01
-1.803531e+01
-1.753860e+01
-1.740830e+01
-1.692857e+01
-1.681588e+01
-1.647124e+01
-1.614626e+01
-1.593735e+01
-1.565089e+01
-1.549045e+01
-1.555939e+01
-1.431903e+01
-1.489659e+01
-3.927060e+01
-4.081908e+01
-8.068568e+00
-7.667695e+00
-7.366071e+00
-7.250998e+00
-3.978354e+01
-4.148712e+01
-3.144732e+01
-3.540307e+00
-6.077365e+01
3.231802e-03
4.379225e-01
-6.869619e-01
1.828378e+00
9.384192e-01
-2.858494e+01
-2.441681e+01
-1.545595e+01
3.647164e+01
3.397791e+01
-8.669735e+00
-8.831320e+00
-4.662047e+01
-2.956170e+01
-8.151715e+00
-8.777746e+00
-1.164416e+00
-4.850538e+00
-1.386081e+01
-1.310095e+01
-5.520896e+00
-3.391397e+00
-5.676878e+00
-2.997762e+01
1.427638e+01
-1.288582e+00
-7.405157e-01
4.399448e+00
3.676525e+00
-1.384604e+01
5.234226e+01
1.236563e+01
1.121726e+01
-7.479050e+00
1.591478e+01
1.457354e+01
-1.251762e+01
-1.245312e+01
-3.636987e+00
-3.535785e+01
-3.655818e+01
3.712436e+00
2.989113e+00
3.766748e-01
-4.230156e+01
2.022894e+01
1.787235e+01
1.785883e+01
1.800486e+01
2.088314e+01
1.755610e+01
1.818722e+01
1.694978e+01
8.358689e+00
1.128175e+01
1.060170e+01
1.138055e+01
1.039286e+01
1.072909e+01
9.750237e+00
-4.687811e+01
1.557022e+00
1.527115e+00
1.962297e+01
-6.633223e+00
-9.800336e+00
-1.002394e+01
-1.254878e-01
-3.337299e+01
-3.241227e+01
-3.255722e+01
-3.162939e+01
-3.661693e+01
-3.995963e+01
-2.898740e+01
-6.884101e+00
-1.421079e+01
-9.088050e+00
1.475678e+00
-7.245294e+00
-7.713592e+00
-8.927349e+00
-8.862983e+00
-6.948269e+01
6.632007e+00
-3.283480e+01
-1.969877e+01
-3.100033e+01
4.493898e+01
-2.946634e+01
-2.896562e+01
-3.654323e+01
-6.616568e+00
-1.480138e+01
-8.906819e+00
-8.681751e+00
-3.029623e+01
-2.994791e+01
-9.442389e+00
2.010766e+01
1.345813e+01
-1.829620e+01
-1.865023e+01
-1.785263e+01
2.098892e+01
2.277466e+01
-5.727915e-01
-1.223297e+00
-1.579659e+01
-2.506227e+01
-2.347442e+00
-3.168070e+00
-8.839988e+00
-8.821956e+00
4.225326e+01
5.036186e+00
5.886507e+00
-3.306367e+01
-8.972901e+00
1.474698e+00
-6.240528e+00
1.259798e+01
2.284735e+01
-8.278753e+00
-2.643425e-01
-8.298642e+00
-8.759790e+00
-8.189955e+00
7.697973e+00
4.781691e+01
4.355854e+01
5.288247e+01
5.685219e+01
5.881609e+01
6.306470e+01
6.571193e+01
7.042252e+01
7.405632e+01
7.964541e+01
7.715869e+01
8.763723e+01
9.099702e+01
9.899960e+01
9.161703e+01
1.048865e+02
9.937116e+01
9.074235e+01
8.491425e+01
8.340182e+01
-2.884061e+00
-1.075910e+01
-1.095275e+01
-1.052623e+01
-1.071945e+01
-1.030841e+01
-1.112768e+01
-2.882610e+01
-3.400464e+01
-1.426375e+01
7.489710e-01
-4.778723e+01
-1.928369e+01
-1.898505e+01
-1.966464e+01
-1.932756e+01
-2.005252e+01
-1.968717e+01
-2.040745e+01
-2.001090e+01
-5.053188e+01
-4.861982e+01
-8.948980e+00
-8.418607e+00
-1.040923e+01
-2.074800e+01
-2.030872e+01
-4.535497e-01
-5.373279e+01
2.088455e+00
-3.172677e+01
-1.199312e+01
-1.512468e+01
-1.521611e+01
-4.908765e+01
-4.960193e+01
8.710378e-01
1.012562e+01
-9.647138e+00
-5.960821e+00
1.236316e+01
1.347500e+01
5.185125e+00
3.014555e+00
2.316191e+00
-1.704490e+01
-8.369806e+00
-8.155551e+00
-4.262373e+01
-5.581906e+01
-5.922853e+01
1.434621e+01
9.354758e+00
8.972722e-01
-2.952702e+01
-2.374773e+01
-2.298075e+01
-2.272430e+01
-2.226632e+01
-5.147819e+00
1.008311e+01
9.170536e+00
6.800304e+00
7.658901e+00
-1.232174e+01
-1.279822e+01
-1.297130e+01
-1.538634e-01
-1.083733e+01
-2.249425e+01
-2.091126e+01
-3.394727e+01
-3.521260e+01
3.175798e+01
-1.074816e+01
-1.068219e+01
7.396466e+00
-8.834942e+00
-9.168241e+00
7.616235e+00
-9.356183e-01
2.164238e+01
-1.426397e+01
-4.241644e+01
-3.156901e+01
-5.892201e+00
-1.572851e+00
-1.859133e+00
-2.596867e+01
-4.338698e+00
-4.887910e+00
-5.185971e+00
-2.884789e+01
-1.343995e+01
-1.089748e+01
-1.129098e+01
-1.163569e+01
-1.147711e+01
-1.141321e+01
-1.151194e+01
-1.142417e+01
-1.616024e+01
-1.746248e+01
2.145544e+01
-4.463931e+01
-7.943617e+00
-8.323381e+00
-6.840709e+01
-1.956904e+01
-1.981766e+01
-9.709355e+00
-2.023991e+01
-3.272282e+01
-5.931272e+01
-1.482374e+01
-1.605005e+01
-5.321847e+00
-1.168850e+01
-1.189427e+01
3.181172e+01
-2.456835e+01
-5.188516e+01
-7.294644e+00
7.035291e+00
2.632934e+01
8.099373e+00
7.713271e+00
-1.091671e+02
-9.841054e+01
-1.225128e+02
-1.314305e+02
7.257473e+00
3.301046e+00
-8.086388e+00
-2.217285e+01
-2.159638e+01
-3.159104e+01
-1.563004e+01
-1.271155e+01
-1.310204e+01
-1.260921e+01
-5.562279e+00
-3.842124e+01
-4.049208e+01
-5.285166e+00
8.638976e+01
7.924894e+01
1.883439e+01
1.959064e+01
-2.855574e+01
-1.366051e+01
-2.840342e+01
-2.785668e+01
-9.382761e+00
-9.655322e+00
-1.347496e+01
-1.360313e+01
-8.619308e+00
-2.161564e+00
-2.471335e+00
-2.721944e+00
-3.045490e+00
-3.230958e+00
-3.706913e+00
1.802500e+01
-6.255949e+00
3.648095e+01
5.882108e+00
8.279995e+00
-4.848908e+01
2.835878e+00
1.690833e+00
-5.868967e+00
-5.758962e+00
-3.486404e+01
-1.854204e+01
9.640917e+01
1.116286e+02
-8.913250e-01
-5.298692e+01
1.777042e+01
-1.664084e+01
-1.833226e+01
1.567866e+01
1.434487e+01
-2.315606e+01
-9.156082e+00
-9.075533e+00
-3.067240e+00
-3.726103e+00
-1.896852e+01
-2.082465e-01
-8.927155e+00
-1.381802e+02
-5.149738e+00
-3.337462e+00
-2.818794e+00
-3.815968e+00
3.166052e+01
2.952304e+01
3.346066e+01
-3.074919e+01
-3.177161e+01
-6.229221e+01
-6.309333e+01
-2.351087e+01
1.280460e+01
4.516236e+01
4.228079e+01
-1.169834e+01
-1.328364e+01
-1.836539e-01
-1.879064e-01
-7.667403e+00
8.347688e+00
-2.391180e+01
1.085690e+01
-1.141951e+01
-8.807677e+00
-8.931923e+00
-8.028640e+00
-3.980154e+01
-4.142802e+01
-8.670423e+00
-7.510651e-01
-2.036450e-01
3.754569e-01
3.455143e-01
-1.446437e+01
2.040468e+01
2.320061e+00
2.586447e+00
3.214156e-01
4.453940e+00
-2.506783e+01
1.785178e+01
1.172462e+01
-2.617826e+00
-3.063731e+00
-1.801956e+01
-4.312355e+01
-4.503790e+01
-1.084220e+01
-1.041651e+01
-1.149836e+01
1.135864e+01
-2.901744e+01
-3.318867e+01
-1.993368e+01
7.501334e+00
1.048791e+01
1.009204e+01
-1.897731e+01
-1.958446e+01
-4.769028e+01
-4.600208e+01
-1.354539e+01
-1.385540e+01
1.218027e+01
1.119947e+01
-3.555604e+01
-3.477257e+01
5.623286e+00
5.158471e+00
-2.566616e-01
-2.467598e+00
-3.883742e+00
-5.307719e+00
-3.410931e+00
-7.531911e+00
-7.970710e+00
-8.575201e+00
-8.377600e+00
-8.954660e+00
1.216656e+01
-3.377976e+01
-3.316982e+01
7.563587e-01
-2.323624e+00
-6.933961e+00
4.874457e+01
-6.078633e+00
-6.322173e+00
-6.302959e-01
-6.838748e-01
-3.212129e+01
-8.792834e+00
1.180608e+01
1.306336e+01
1.223233e+02
3.723664e+00
-8.736741e+00
-1.999889e+01
1.328162e+01
-1.068751e+02
-1.116925e+02
-5.681668e+00
-9.329007e+00
2.671313e+01
1.335600e+01
-1.187453e+01
-3.657924e+01
-1.151182e+01
7.927788e+01
7.304707e+01
-7.166550e+00
7.321619e+01
6.727717e+01
2.311254e+00
-2.947992e+01
1.103438e+01
1.279039e+00
3.027029e+00
-6.327485e+01
-6.038962e+01
-6.391245e+00
-9.702554e+00
-1.383029e+01
-1.443764e+01
3.607498e+00
4.307466e+00
-1.551743e+01
1.532109e+01
1.405145e+01
1.497005e+01
1.371707e+01
5.301113e-01
1.020684e+00
1.764673e+01
2.270624e+00
-3.406948e-01
-3.530893e+01
4.825379e+01
-4.489540e+01
-2.889979e+01
4.610684e+00
6.032717e+01
-2.934001e+01
-4.327609e+01
-4.489769e+01
-2.739876e+01
-2.676174e+01
-2.637738e+01
-1.028392e+02
-9.285883e+01
-3.380407e+01
-1.158115e+01
-1.134219e+01
-6.710470e+00
1.897574e+01
-1.684245e+01
-4.447265e+00
-4.350288e+00
-3.260165e+01
-3.062558e+00
-3.536886e+00
-2.107756e+01
-2.150543e+01
-1.218967e+01
-1.176842e+01
-1.131550e+01
-1.121924e+01
-2.277128e+00
-3.217562e+01
4.002951e+01
3.737785e+01
-7.528774e+00
-1.331576e+01
-1.629071e+01
-1.592022e+01
-1.024822e+01
-6.204821e+00
-6.102883e+00
-6.542869e+00
-4.719406e+01
-4.754002e+01
-1.419039e+01
-1.543114e+01
-1.331358e+01
-2.176011e+01
-2.098408e+01
-2.202444e+01
-2.172373e+01
-1.831123e+01
-6.346436e+00
-6.391422e+00
-8.730196e+00
-1.001138e+01
-9.994702e+00
-9.727419e+00
3.199238e+01
2.742778e+01
-1.161605e+01
7.875736e+01
-2.857547e+01
-2.764467e+01
1.705068e+01
4.523151e+00
4.188698e+00
1.439865e+01
1.738209e+01
-8.183251e+00
1.466735e+01
2.676107e+00
-2.638062e+00
-3.413012e+00
-1.322511e+02
-1.532669e+02
-9.962325e+00
-3.583373e+01
-3.504110e+01
4.312730e+01
4.569087e+01
4.072926e+01
-9.991115e-01
-5.970570e+01
-6.369334e+01
-6.742902e+01
-6.826081e+01
-7.208091e+01
-7.350863e+01
-7.816467e+01
-3.962424e+01
-3.725574e+01
-1.169219e+01
-1.224668e+01
-3.082753e+01
-4.336690e+01
-2.794964e+01
-8.866698e+00
-8.111952e+00
1.650930e+00
-2.114127e+01
-1.954310e+01
-1.935048e+01
-2.284717e+01
-1.798177e+01
-1.781089e+01
-1.633490e+01
1.663964e+01
-3.073192e+01
-1.339688e+01
-1.369627e+01
-7.293001e+00
-5.950280e+00
-2.318024e+01
-2.389685e+01
-5.015778e+01
-9.693251e+00
-9.389293e+00
-8.752734e+00
5.340016e+00
4.523577e+00
-1.032970e+01
-9.496787e+00
-3.778294e+01
-5.903322e+01
2.081734e+01
2.252923e+01
2.467951e+01
2.443070e+01
2.674680e+01
1.918817e+01
1.284155e+01
1.962748e+01
-2.036150e+01
-3.304465e+01
-2.868811e+01
6.664090e+00
7.527910e+00
-6.849104e+00
-4.249485e+00
-1.135969e+01
1.139332e+01
1.810862e+01
-2.903040e+01
1.303189e+02
-1.666050e+01
-1.636497e+01
-1.729100e+01
-2.899594e+01
-2.990538e+01
-1.462074e+02
-4.346713e+01
8.562632e+01
5.804641e+00
2.985518e+00
3.239659e+00
-8.182360e+00
1.752859e+01
8.541305e+00
8.403125e+00
-8.561191e+00
-9.847870e-01
-2.122472e+01
-5.983177e+00
-1.910608e+01
-1.931821e+01
-2.005137e+01
-1.947327e+01
-3.792812e+00
-3.471348e+00
-3.002003e+01
3.600764e+01
3.376104e+01
3.491521e+01
3.162434e+01
-1.070755e+01
-1.072822e+01
-4.105628e+01
-4.144962e+01
-4.223580e+01
-4.346399e+01
-1.401033e+01
-2.199967e+00
-2.781566e+00
-1.009083e+01
-9.898260e+00
-1.010178e+01
-9.724785e+00
-9.918612e+00
-7.769549e+00
1.211535e+01
-4.012747e+01
-8.077137e+00
-2.277107e+00
-5.276533e+01
-5.299522e+01
-5.021883e+01
-3.989042e+01
2.657020e+01
2.903176e+01
2.886706e+01
3.154878e+01
3.154970e+01
3.142199e+01
3.436224e+01
-5.519788e+01
-5.676816e+00
-6.013753e+00
-5.610104e+00
-2.260326e+00
-2.121615e+00
-2.369707e+01
-2.365179e+01
-2.298288e+01
-1.124926e+01
-8.811630e+00
-1.153327e+01
-1.168337e+01
-2.055191e+01
-1.782256e+01
-2.167405e+01
-8.106521e+00
6.360518e+01
-9.305285e+00
-2.994626e+01
2.978597e+01
-2.440469e+01
4.143200e+00
7.951948e-01
1.503930e+00
1.238515e+00
1.976556e+00
-3.264476e+01
9.137262e-01
5.744268e+01
2.054613e+01
6.413157e+00
-6.444899e+00
-4.720284e+01
-3.038313e+01
-4.929872e+01
-1.108327e+01
1.038775e+02
8.942924e+01
-1.170598e+01
-6.586023e+00
1.697610e+01
6.766505e+01
-2.721137e+01
-8.188799e+00
3.505387e+00
8.747111e+00
-1.113109e+01
-1.087172e+01
9.466969e+00
8.571209e+00
8.261525e+00
-8.717321e+00
-8.927136e+00
-1.825531e+01
-1.803234e+01
-1.739901e+01
-1.231140e+01
-9.308555e+00
-7.461984e+00
-7.802109e+00
-8.353444e+00
-1.220272e+01
2.006238e+00
-8.621499e+00
-7.948693e+00
-1.029906e+01
-4.352403e+00
2.948246e+01
-2.421886e+01
-2.405458e+01
-5.858588e+01
4.932078e+00
-1.265904e+01
-1.329317e+01
-1.303206e+01
-1.360552e+01
-1.350209e+01
-1.335363e+01
-1.401972e+01
-1.401422e+01
2.750238e+01
5.759525e-01
-6.741590e+00
-6.573552e+00
-6.053418e+00
-5.590772e+01
1.104678e+01
-1.004567e+00
-2.204646e+01
-2.450052e+01
-2.327895e+01
-2.361050e+01
-2.404229e+01
-2.484607e+01
-9.495134e+00
3.507501e+00
3.174182e+00
3.784915e+00
2.791800e+00
3.355289e+00
-1.501288e+01
2.220118e+00
2.685418e+00
-3.379521e+01
-3.401477e+00
-3.792309e+01
-1.193790e+01
-1.207537e+01
-1.234323e+01
-1.245261e+01
-9.144144e+00
-9.660321e+00
-4.766280e+01
-7.032213e-01
-3.351434e+01
-2.853409e+01
-2.756099e+01
-2.842739e+01
-2.672891e+01
-2.660467e+01
-2.583498e+01
1.305256e+01
-1.089514e+01
2.291879e+01
-2.940142e+01
-9.886425e+00
-2.265555e+01
-2.309733e+01
-2.714386e+01
1.890792e+01
-1.479686e+01
6.050309e+01
-2.291490e+01
-2.228658e+01
-2.234549e+01
-2.167900e+01
-2.173273e+01
-2.109559e+01
-2.114085e+01
-2.053198e+01
-2.056876e+01
-1.998617e+01
-2.001444e+01
-1.945792e+01
-1.947588e+01
-1.894297e+01
-1.895442e+01
-1.844297e+01
-1.845302e+01
-1.795685e+01
-1.798731e+01
-1.748688e+01
-1.750102e+01
-1.702337e+01
-1.699941e+01
-1.656474e+01
-1.653113e+01
-1.611835e+01
-1.607866e+01
-1.568189e+01
-1.563146e+01
-1.525280e+01
-1.519162e+01
-1.483050e+01
-1.476033e+01
-1.441481e+01
-1.433508e+01
-1.400463e+01
-1.392951e+01
-1.360293e+01
-1.353424e+01
-1.448489e+01
2.234558e+00
-1.149555e+01
-1.168661e+01
-1.141349e+01
-1.210682e+01
-4.143540e+01
-5.406329e+00
-1.207355e+02
-1.147617e+02
-1.065642e+02
-1.236777e+02
-3.624925e+01
7.809173e+01
7.340444e+01
5.942372e+00
5.136088e+00
2.846895e+01
-1.647043e+00
-1.490306e+00
4.398089e+00
3.213733e+00
-1.012531e+01
-2.588843e+01
-2.690666e+00
-2.258302e+00
-2.829394e+00
-2.442816e+01
-1.105999e+01
-2.470959e+01
-2.566244e+01
-2.534492e+01
-2.632183e+01
1.177431e+01
9.679213e+00
-1.180224e+01
-8.416671e-01
-2.241500e+00
-3.454427e+00
-3.643353e+00
-2.499848e+00
-3.869907e+00
-5.060667e+00
-3.039519e+00
-4.147174e+00
-2.959765e+01
1.590264e+01
1.595661e+01
-2.593313e+01
-2.692052e+01
-2.643811e+01
6.818383e+00
-3.810783e+01
-1.883294e+01
-8.240656e+01
-8.353052e+00
-8.646479e+00
-1.383079e+01
-1.278114e+01
-1.272568e+01
-1.147765e+01
-3.401200e+01
1.076894e+01
1.417562e+01
-1.595964e+01
2.403863e+00
-1.321264e+01
-1.436068e+01
-3.769619e+00
-4.220785e+00
-1.452211e+01
-1.467833e+01
-1.534948e+01
-1.447559e+01
-1.537710e+01
-1.473362e+01
-1.563491e+01
-5.801830e+01
1.457056e+01
-3.862888e+01
-9.519864e+01
-2.856427e+01
-1.110887e+01
-8.615222e+00
-8.990785e+00
-8.776283e+00
-9.125152e+00
-8.989070e+00
-9.257704e+00
-9.233663e+00
-9.577084e+00
-1.674445e+00
-2.478642e+01
-2.846041e+01
-1.452518e+01
-3.783923e+00
-2.321256e+01
-1.278596e+01
-2.576153e+01
-2.664189e+01
-2.487582e+01
-1.311035e+01
-9.297978e+00
4.357667e+01
4.592627e+01
4.346770e+01
4.564894e+01
4.280623e+01
4.460664e+01
4.358996e+01
4.837749e+01
8.073028e+00
7.820569e+00
4.340823e+00
1.383170e+00
1.717843e+01
1.647548e+01
1.657174e+01
1.568334e+01
1.640871e+01
-3.441616e+00
3.971253e+01
4.759110e+01
-2.807078e+01
-4.336273e+01
-4.466603e+01
-3.007161e+01
-4.401172e+00
2.938670e+00
-1.696644e+01
-1.640177e+01
-1.593105e+01
-1.776173e+01
-1.448892e+01
-1.339858e+01
-1.540954e+01
1.196583e+01
-1.275178e+01
-4.772602e+00
-1.167330e+01
3.431657e+01
1.181214e+01
1.124952e+01
-1.652260e+00
-1.803171e+00
-7.966803e+00
2.998298e+00
-3.384087e+00
-6.128270e+00
-1.227512e+01
-2.569787e+01
-2.537873e+01
-9.021188e+00
-9.204952e+00
-9.559517e+00
1.885443e+01
-3.964202e+01
-4.121597e+01
-3.793927e+01
-1.093702e+01
-6.221557e+01
-6.502048e+01
4.764602e+00
-8.908486e+00
-4.349800e+01
-4.210012e+01
-5.490728e+00
-1.194461e+01
-9.973260e+00
-7.950585e+00
-4.429572e+01
-4.398846e+01
-4.294659e+01
1.172820e+00
6.500131e-01
-1.182113e+01
3.031877e+00
-4.365899e+01
5.845998e+00
-6.804455e+00
-6.669364e+00
-1.166712e+00
-5.774031e+01
-5.949994e+00
-5.387208e+00
-6.438373e+00
-2.929731e+01
-7.781719e-01
-1.301977e+00
3.890348e+01
-4.480032e+01
-4.604984e+01
2.076029e+01
2.265952e+01
-5.062023e+00
9.681478e-01
-3.657001e+01
5.974674e+01
-1.750783e+01
2.828420e+00
-3.210630e+01
2.414251e+01
-1.816659e+00
-1.805093e+00
1.676975e+01
-8.233444e+00
1.473438e+01
1.448601e+01
4.133515e+01
-4.637963e+01
-4.763353e+01
-2.027130e+01
-2.030388e+01
2.737773e+01
-1.795897e+01
-5.731936e-01
-4.267884e+00
-4.747518e+00
-3.149839e+01
-2.262476e+00
-8.068004e+00
-5.545457e+01
9.740094e-01
-1.764303e+00
-8.604923e+00
-2.163638e+01
2.299948e+00
-2.010764e+01
1.345501e+02
1.170813e+02
-1.310004e+00
-6.549426e-01
-7.731614e+00
-9.200292e+00
-7.092013e+01
2.763140e+00
1.096029e+01
-5.017759e+01
2.679310e+01
-1.782379e+01
1.610622e-01
-2.310579e+01
-8.345453e+00
2.116754e+01
-3.034634e+00
-2.368014e+00
7.038994e+00
-9.756315e+00
-2.071176e+00
-1.026167e+02
-9.731174e+01
-4.794691e+01
4.193458e+00
-3.155161e+01
-2.596272e+01
5.585716e+01
-3.357062e+01
3.404198e+01
-4.320713e+01
-4.320216e+01
7.166566e+01
-8.726881e+00
-7.801925e+00
-8.425689e+00
-8.334027e+00
-8.097324e+00
-3.252877e+00
-3.873020e+00
1.210455e+01
-1.091643e+01
-5.729633e+01
-3.032064e+01
-3.085332e-01
-6.389336e+01
-1.261065e+00
9.444124e+00
8.966775e+00
9.529342e+00
8.313368e+00
8.751945e+00
-1.615483e+01
-1.378162e+01
-1.403671e+01
6.690818e+00
5.692848e+00
4.932944e+00
-3.247831e+01
-1.727493e+01
-2.182159e+01
-2.984734e+01
1.228648e+01
-4.140301e+01
3.834594e+01
-2.342156e+01
3.733938e+01
-9.373688e+00
-1.282944e+01
-8.706850e+00
-8.167275e+00
-9.463606e+00
-1.016143e+01
-4.915457e+01
-2.133505e+01
6.816778e+00
1.084334e+01
-1.188780e+01
-1.200609e+01
-8.534016e+00
-7.338871e+00
-3.432275e+01
6.598752e+00
-1.414687e+01
-1.069463e+01
-2.382985e+01
-5.787640e+00
-6.426672e+00
-4.080576e+01
-9.023643e+00
-4.658744e+01
-9.894439e+00
-1.264767e+01
-1.317782e+01
-5.288036e+01
4.276295e+01
3.064170e+01
8.686052e+00
-1.884740e+01
-7.921450e+01
-2.058151e+01
-4.651251e+01
-1.830595e+01
-1.383705e+01
-1.675978e+00
-1.723211e+01
1.591004e+00
9.799802e-01
-1.531751e+01
5.868008e+00
-8.596753e+00
2.028015e+01
-8.223207e+00
-9.578283e+00
-9.761212e+00
6.547307e+00
-3.965485e+01
-8.996494e+01
-1.372225e+01
4.040563e+00
3.711380e+00
-6.138965e+00
-2.347782e+00
5.226530e-01
9.771969e+00
-1.875785e+01
-1.884067e+01
-1.963895e+01
-1.701998e+01
-9.577471e+00
-9.513025e+00
-9.015045e+00
-9.116695e+00
-9.147148e+00
-6.054942e+01
-1.266149e+01
-1.298493e+01
7.460170e+00
2.928604e+01
4.197584e+01
4.438449e+00
2.314947e+00
-1.032575e+01
-1.096269e+01
-2.972534e+01
-3.071324e+01
-1.058181e+01
-2.952106e+01
-9.184173e+00
-8.849745e+00
1.955965e+01
-5.159291e+00
9.909806e+00
-5.656131e+01
-4.320484e+01
-9.646186e+00
-9.324287e+00
-2.409435e+00
-3.446226e+01
-1.040724e+01
-1.024579e+01
-4.928408e+00
-2.328039e+01
-2.395656e+01
-2.461702e+01
-2.464752e+01
7.097430e+00
-9.938340e+01
-9.234980e+01
-8.656230e+01
-8.265122e+01
-4.771821e+01
-1.322218e+01
-4.620278e+01
-5.981494e+01
-1.109379e+01
-3.764658e-01
-3.281156e+00
-4.553922e+00
-4.049215e+00
-6.378131e+00
9.624369e+00
-4.267342e+01
-1.483411e+01
-1.443888e+01
3.334328e+00
-1.045867e+01
-1.358160e+01
4.186977e+00
3.647156e+00
-4.578501e+00
-5.723979e+00
-1.332423e+01
-1.292071e+01
7.350357e+01
-2.807371e+01
-3.200412e+01
-5.643371e+00
-4.466430e+00
-5.379876e+00
-8.005521e+00
3.074747e+01
-8.727727e+01
-7.921847e+01
-7.509186e+01
-7.159225e+01
-2.769870e+01
-4.718655e+01
-3.978899e+01
-1.341015e+01
-3.003979e+00
-2.106442e+01
-2.275200e+01
-2.425099e+01
-2.447411e+01
-2.568297e+01
-2.684608e+01
-1.132706e+01
-1.070183e+02
7.535017e+00
-1.791466e+01
9.420320e+00
9.288777e+00
8.251368e+00
9.142902e+00
9.561422e+00
-3.922324e+01
-9.286054e+00
-1.022650e+01
-1.027402e+01
-1.024436e+01
3.752588e+01
3.749019e+01
3.701201e+01
-1.062617e+01
6.827792e+01
-2.662029e+01
-2.740710e+01
-2.751834e+01
-8.656004e+01
3.257492e+01
2.958582e+01
2.841408e+01
2.664473e+01
-3.243357e+01
-2.318656e+01
-7.590838e+01
-6.841505e+01
-6.660144e+01
-6.340751e+01
7.336696e+01
-9.530363e+00
-2.159516e+01
7.540499e+00
-1.131994e+01
-1.194932e+01
-3.756397e+01
-6.878144e+01
-1.201583e+01
-1.187850e+01
-1.153148e+01
-1.201571e+01
-1.273602e+01
-2.540315e+00
-2.154201e+00
-9.089147e+00
-4.574999e+00
-4.744829e+00
-3.250718e+01
-1.134085e+01
-1.496791e+01
-1.306419e+01
-9.166577e+00
1.592090e+01
-7.341371e+00
-1.847057e+01
-1.817642e+01
-9.859227e-01
-1.897927e+01
2.767866e+01
2.498352e+01
2.374984e+01
2.234817e+01
2.051391e+01
1.964829e+01
-6.559312e+01
-6.062710e+01
2.266238e+01
-2.446500e+01
-3.565226e+01
1.748313e+01
1.769103e+01
1.610201e+01
-4.719018e+01
-5.188276e+01
-5.811310e+00
-2.504195e+01
-1.424045e+01
1.584087e+01
1.546774e+01
-2.722878e+01
-2.048582e+01
3.940413e+01
-6.668465e+00
-2.516276e+01
-1.891901e+01
-7.672074e+00
-3.059303e+01
-4.490282e+01
-3.845880e+01
-4.366246e+01
-4.018659e+01
-4.257410e+01
-4.094720e+01
-4.137658e+01
-4.081384e+01
-3.666069e+01
-3.774881e+01
-3.919538e+01
-3.710828e+01
-3.269949e+01
-3.377113e+01
-2.831924e+01
-2.950308e+01
-4.543182e+01
-3.872522e+01
-1.482991e+01
-1.586376e+01
-1.398728e+01
-1.651361e+01
-2.260704e+01
-1.318186e+01
3.612404e+01
2.760637e+01
3.541820e+00
5.777465e+00
5.215395e+00
8.145249e+00
7.834052e+00
-3.018210e+01
-5.009421e+01
-3.616809e+01
-5.280483e+00
1.615808e+01
-1.455833e+01
-1.452267e+01
-1.450217e+01
-3.827697e+01
-3.559333e+01
-5.533623e+00
-8.991961e+00
-4.659523e+00
-5.074263e+00
-3.460566e+01
-4.498127e+01
-2.952449e+01
-1.435953e+02
-1.711698e+02
-1.731509e+02
-6.923844e+00
-9.765708e+01
-1.238544e+01
-7.874945e+00
-1.003425e+01
1.432010e+01
-9.089292e+00
-2.141112e+01
1.473457e+01
1.461922e+01
-1.250862e+01
-1.280463e+01
-1.305575e+01
-1.336305e+01
-1.357252e+01
-1.392000e+01
-1.412764e+01
-1.448782e+01
-1.428218e+01
-1.470197e+01
-1.506571e+01
-1.526341e+01
-1.565050e+01
-1.582904e+01
-1.624376e+01
-1.642796e+01
-1.685522e+01
-1.704956e+01
-1.747551e+01
-1.766929e+01
-1.810940e+01
-1.830072e+01
-1.875937e+01
-1.894966e+01
-1.942465e+01
-1.961422e+01
-2.010708e+01
-2.029914e+01
-2.081438e+01
-2.100442e+01
-2.154532e+01
-2.173467e+01
-2.229775e+01
-2.248452e+01
-2.307036e+01
-2.326977e+01
-1.921048e+01
-2.133853e+01
-2.193531e+01
-1.606577e+01
-2.383175e+01
-2.365387e+01
-2.402246e+01
-1.725053e+01
-1.694746e+01
-1.531817e+01
-1.568741e+01
-3.673474e+00
1.337374e+01
1.251645e+01
1.435419e+01
-1.002844e+01
-1.033253e+01
2.067358e+01
2.364548e+01
2.288489e+01
2.279980e+01
5.591793e+00
8.188257e+00
-1.139733e+01
1.025551e+01
-3.530221e+01
2.087707e+01
2.200133e+01
1.329225e+01
7.442170e+00
9.155022e+00
8.040067e+00
-3.140010e+01
-2.960319e+01
-2.856394e+01
-5.853216e+01
-5.654462e+01
-5.810065e+01
-5.435661e+01
-5.439229e+01
1.527670e+01
-2.221065e+01
-2.184916e+01
1.063400e+01
1.163171e+01
-1.326975e+01
-9.053253e+00
8.030145e+00
1.010846e+01
-1.510884e+01
-1.452361e+01
-1.460909e+01
-2.354960e+01
-4.185994e+01
9.374687e+01
8.079728e+01
1.120149e+02
-4.362460e+00
1.436071e+01
2.409865e+01
-2.750129e+01
-2.712041e+01
-2.619217e+01
-9.963763e+00
-1.021716e+01
-7.042429e+00
-9.837215e+00
-8.380207e+00
-8.088306e+00
-1.393614e+00
-1.124523e+01
-1.220198e+01
7.528042e+00
-2.603048e+01
4.275992e+00
1.641615e+01
1.731024e+01
-5.866752e+00
-1.249378e+01
-4.081398e+01
3.812542e+01
3.405691e+01
-3.641149e+01
5.174433e+01
-3.051278e+01
-1.908478e+01
-6.046367e+00
-8.711324e+00
-8.880476e+00
-1.268263e+01
-1.557999e+00
-3.107233e+01
-2.595266e+01
-2.758612e+01
6.057433e+00
5.902181e+00
4.489143e+00
-8.551836e+00
-3.083468e+01
-3.172064e+01
-1.250414e+01
-8.722439e+00
-9.004885e+00
-2.772256e+01
-2.458741e+01
-2.175860e+01
-2.826025e+01
-1.165790e+01
-7.574617e+00
-1.402047e+01
-1.458869e+01
-1.506977e+01
-7.737896e+00
-7.019983e+00
8.258775e+00
9.524066e+00
-1.863625e+01
-6.753513e+00
-6.986375e+00
-6.802399e+00
-7.192343e+00
-2.521945e+00
-2.045896e+00
-9.360645e+00
1.580582e+02
1.481296e+02
1.276550e+02
1.776192e+01
1.975731e+01
-1.114181e+01
-2.057613e+01
-3.663508e+01
-4.922266e+01
-5.154348e+01
1.494034e+01
5.041360e+00
4.892111e+00
5.701995e+00
-2.913650e+01
-1.514855e+01
-1.133241e+01
-1.067687e+01
-1.143595e+01
-9.984663e+00
-9.998514e+00
-1.003653e+01
-1.135625e+01
-1.105949e+01
-9.990879e+00
-2.308884e+00
-2.309359e+00
-2.788218e+00
-3.323847e+00
-3.790000e+00
-9.629218e+00
-1.013397e+01
-9.122114e+00
-3.489360e+01
-3.613558e+01
-1.385566e+01
2.468136e+01
2.515574e+01
4.072684e+00
3.969962e+00
3.055373e+00
-2.425619e+01
-2.427638e+01
-8.532437e+00
-1.023039e+01
-1.051447e+01
8.759370e+00
-8.277299e+00
-4.092061e+01
-4.195331e+01
-4.259811e+01
-1.252549e+01
-1.649591e+01
-7.400140e+00
-2.729750e+01
-2.812501e+01
-4.421580e+00
-3.735463e+01
-1.990802e+00
1.752045e+02
1.742497e+02
-2.052711e+01
-2.348892e+00
-2.495646e+01
-3.892120e+01
-9.606943e+00
-1.074776e+01
-9.928850e+00
-1.295172e+01
9.736256e+00
-1.440317e+01
-5.961976e+00
-6.343815e+00
-5.579941e+00
-5.201884e+00
8.804366e+00
7.981482e+00
9.472887e-01
3.640410e-01
-2.694592e-01
1.631937e+00
-4.262091e+01
-3.809257e+01
1.617874e+01
2.911613e+01
-2.565680e+01
-2.495020e+01
-2.510324e+01
-2.426260e+01
-2.435910e+01
-2.361538e+01
-2.407459e+01
-2.097540e+01
4.704678e+00
-1.271027e+01
1.284733e+01
1.030954e+01
-5.526106e+01
-7.975008e+00
-3.219341e+00
-2.739408e+01
-2.539077e+01
1.031630e+01
-1.610000e+01
-1.720053e+01
-4.957975e+00
7.866204e+01
9.292453e+01
8.987748e+01
-2.950039e+01
-2.584796e+01
-2.339312e+01
-2.311590e+01
-2.063302e+01
-2.188164e+01
-2.106071e+01
-2.154376e+01
-9.554570e+00
-3.816313e+01
2.123712e+01
-8.285749e-01
-1.304557e-01
9.412121e-03
5.784843e-01
-1.178825e+01
-1.786501e+01
-3.898265e+01
2.039644e+01
-1.674859e+00
-1.312508e+01
-1.040504e+01
5.944033e+00
9.573845e+00
1.776673e+01
-8.790719e+00
-1.626280e+01
-9.599557e+00
-2.238018e+02
-1.848729e+02
-9.138129e+00
5.609619e+01
4.615660e+01
-3.045017e+01
-5.167064e+00
-4.783840e+00
1.117701e+01
-2.906981e+01
-2.889405e+01
-2.640247e+01
-4.947924e+01
-1.823125e+00
-2.343580e+00
-1.068223e+01
-1.084230e+01
-2.469310e+01
1.335792e+00
-5.617467e+01
-4.216397e+01
-5.162384e+00
-5.386732e+00
-4.775045e+01
-4.539209e+01
1.035145e+02
-2.997589e+01
-1.655343e+00
-4.109448e+01
2.189456e+00
-3.879563e+01
-3.996772e+01
2.417913e+01
-1.226427e+02
-7.967583e+00
1.365378e+02
-3.310509e-01
1.621438e+01
-1.086541e+01
-1.062231e+01
-7.698357e+00
2.449310e+00
-4.119757e+01
-3.576565e+00
-2.794540e+01
-4.459502e+01
-1.923017e+01
-2.175214e+01
-5.254453e+01
-3.824381e+01
-3.852448e+01
-1.278138e+02
-3.549546e+01
1.000441e+01
5.252629e+00
6.130747e+00
-1.963588e+01
9.763887e+00
6.044661e+01
-1.833736e+01
-4.364183e+00
2.327810e+01
7.768219e+01
7.032500e+01
7.256582e+01
-5.875662e+00
-5.135960e+00
-1.109848e+01
-2.407992e+00
3.548920e+00
3.945328e+00
4.086497e-01
1.154254e+00
1.307863e+00
1.908742e+00
1.734594e+00
2.673039e+00
2.685807e+00
2.351395e+00
1.526924e+00
2.951080e+00
1.265198e+00
-1.240892e+01
-1.305176e+01
1.881280e+01
-2.343830e+01
-1.214751e+01
-1.208395e+01
-1.196178e+01
-1.213218e+01
-1.248254e+01
-1.167325e+01
-7.461482e+00
-4.945242e+01
-8.488196e+01
1.687047e+01
5.134695e-01
9.201304e-01
-3.157207e+01
-3.060518e+01
1.347138e+00
6.117677e+00
-6.374238e+00
-1.124131e+01
-1.048651e+01
-1.011592e+01
-6.535162e+00
-1.050149e+01
-1.308920e+01
-2.498683e+01
-1.992933e+01
-2.105958e+01
-2.076648e+01
-1.133128e+01
1.011750e-01
1.010148e+01
3.372386e+01
-9.214532e+00
-8.779050e+00
-8.252482e+00
-1.746679e+01
-1.802080e+01
-1.337033e+01
-1.308075e+01
2.979642e+01
3.072212e+01
2.743288e+01
3.141289e+01
3.189890e+01
-2.510961e+01
-1.351287e+01
-1.317989e+01
-1.362915e+01
-1.450893e+01
-9.722112e+00
-1.066610e+01
-1.545849e+01
-1.644189e+01
-3.197581e+01
-3.299015e+01
-3.400657e+01
-3.412367e+01
-3.469969e+01
-3.292305e+01
-3.457971e+01
-3.543681e+01
-3.628239e+01
-3.203635e+01
-3.109446e+01
-3.156583e+01
-3.035648e+01
-2.903603e+01
-3.018769e+01
-1.646067e+01
-1.665969e+01
-1.741542e+01
-1.590872e+01
-1.515368e+01
-1.477966e+01
-1.404454e+01
-1.352448e+01
-1.332462e+01
-1.280375e+01
-1.368480e+01
-1.292765e+01
-1.440978e+01
-1.402009e+01
-2.218463e+01
-2.252760e+01
-2.307882e+01
-2.298190e+01
-2.151595e+01
-2.074733e+01
-2.122503e+01
-2.029671e+01
-1.990652e+01
-2.000615e+01
-1.858652e+01
-1.773240e+01
-1.788839e+01
-1.716651e+01
-1.846286e+01
-1.681124e+01
-1.632968e+01
-1.974526e+01
-2.002764e+01
-1.555093e+01
-1.620919e+01
-1.583856e+01
-3.487084e+01
-2.267605e+01
-2.354904e+01
-1.574707e+01
-1.489732e+01
-1.658959e+01
-7.423083e+00
-1.745917e+01
-1.835099e+01
-1.482659e+01
-5.297072e+00
4.108162e+01
4.246425e+01
-1.720746e+01
-2.103721e+01
-6.806767e+01
-6.531045e+01
-1.760374e+01
-1.816369e+01
-1.895231e+01
-1.851354e+01
-1.913436e+01
-4.099188e+01
-5.416042e+00
-2.576241e+01
-2.826780e+01
-2.368972e+01
-1.547509e+00
-1.963167e+00
-5.592650e+01
-6.245704e+00
-2.679776e+01
-1.770602e+01
-8.342814e+00
-7.391556e+00
-7.680346e+00
-1.941518e+01
-1.789249e+01
-8.434647e+00
-8.333472e+00
-2.716825e+01
-3.416999e+01
-1.832764e-01
-3.366283e+01
-3.218456e+01
2.658474e+01
-1.971605e+01
-8.069198e+01
-7.531387e+01
-1.157789e+01
-1.100899e+01
-1.159113e+01
-1.206827e+01
-1.363975e+01
-1.458663e+01
-1.439083e+01
-1.499222e+01
-7.316874e+00
3.796556e+00
7.435750e+00
-5.699777e+00
-6.085857e+00
-6.750124e+00
-6.378593e+00
-5.423266e+00
-6.969108e+00
-7.658960e+00
-7.689799e+00
2.245946e+00
-8.538065e+00
-8.998193e+00
-7.701760e+00
-8.389678e+00
-7.279435e+00
-7.870112e+00
-7.290943e+00
-7.013364e+00
-8.459084e+00
-8.502951e+00
-9.047523e+00
-9.463397e+00
-9.946428e+00
-1.001982e+01
-1.084993e+01
-1.074707e+01
-8.864313e+00
-1.062301e+01
-1.095985e+01
-8.004658e+00
5.407388e+01
4.920846e+01
4.436530e+01
4.415416e+01
4.432218e+01
5.475943e+01
6.108717e+01
5.452626e+01
6.812523e+01
4.633576e+01
5.054156e+01
4.663576e+01
5.095622e+01
5.355871e+01
5.202851e+01
-1.080170e+01
-2.416291e+01
-2.076169e+01
-2.353615e+01
-2.277424e+01
-2.224362e+01
-1.143786e+01
-1.155701e+01
1.177288e+01
1.158358e+01
-2.489762e+01
-2.749874e+01
-9.103034e+00
-9.363974e+00
-9.815948e+00
-8.899622e+00
-9.172800e+00
-2.724547e+00
1.717513e+01
-4.212080e+00
-3.307893e+00
-1.073279e+01
-1.173214e+01
-1.121962e+01
-8.171829e+00
-1.161603e+01
-1.212260e+01
-1.223794e+01
-1.162539e+01
-5.436184e+01
-5.486191e+01
-3.362179e+01
-4.878408e+01
-5.030063e+01
2.203437e+01
-6.406951e+01
1.933812e+00
-2.519656e+01
3.957368e+01
1.631331e+00
2.040996e+01
1.801511e+01
2.211708e+01
-6.718429e+01
-7.004385e+01
-6.983522e+01
-7.291881e+01
-7.224236e+01
-7.299004e+01
-6.905582e+01
-7.622339e+01
-7.089562e+01
-7.449633e+01
-5.896392e+01
1.247784e+01
1.034352e+01
1.022948e+01
-1.219730e+00
-2.779130e+00
1.093042e+01
1.082159e+01
3.467224e+01
-1.093982e+01
-1.057232e+01
-1.899147e+01
-4.191015e+00
-2.646929e+01
-2.057903e+01
-2.081699e+01
-2.023578e+01
-9.209099e+00
-1.085135e+01
3.774564e+00
2.896627e+00
4.839690e+01
-2.466785e+01
-1.148263e+01
-1.210490e+01
-8.798229e+00
-9.289472e-01
1.690056e-01
-1.339690e+00
2.099121e+00
3.644461e-01
-1.682270e+00
9.957097e-02
6.788325e-01
2.253785e+01
2.590563e+01
2.534456e+01
-8.486960e+00
-2.528960e+01
-1.300826e+01
-1.188981e+01
-1.270217e+01
2.470966e+01
-6.031998e+00
3.770221e+00
-1.342219e+01
-2.741853e+01
-2.826914e+01
-2.955796e+01
-2.916887e+01
-2.717925e+01
-3.033690e+01
-1.672687e+01
-1.730236e+01
-1.751667e+01
-1.793044e+01
-1.816425e+01
-1.711435e+01
-1.775005e+01
-1.706197e+01
-2.534081e+01
-1.730115e+01
2.618673e+01
2.833375e+01
-1.754384e+01
-1.747987e+01
-1.810452e+01
-2.794895e+01
-2.034977e+01
-1.217609e+01
-8.182035e+00
-7.949310e+00
-2.110817e+01
-2.188424e+01
2.224438e+01
2.105629e+01
1.939432e+01
1.994870e+01
1.877343e+01
1.746715e+01
-3.502464e+01
-3.571756e+01
-3.633692e+01
-3.649885e+01
-2.303413e+01
3.149963e+01
2.918132e+01
3.434338e+01
3.502828e+01
-1.513185e+01
-1.594899e+01
-1.659379e+01
6.941265e+00
7.181810e+00
6.197888e+00
5.982968e+00
5.253628e+00
5.435472e+00
-4.344709e+01
-4.604033e+01
-3.122569e+01
-7.522218e+00
-7.000994e+00
-7.344978e+00
-1.226004e+01
-4.585538e+01
-1.668408e+01
-1.577573e+01
-1.539380e+01
-1.473652e+01
-1.892421e+01
-7.464137e+01
-1.369553e+01
-1.340534e+01
-1.408881e+01
-1.413228e+01
4.781835e+01
5.095860e+01
-1.943667e+01
-1.996364e+01
-3.289615e+01
-1.257025e+01
3.909913e-01
1.030180e+00
4.035164e-01
2.681816e+00
5.811442e-01
9.560671e+00
3.966874e+00
-1.005915e+01
-1.054029e+01
-2.346905e+00
-1.836424e+00
-4.943943e+00
-4.758558e+00
-4.196468e+00
-4.661882e+00
-4.171159e+00
-3.706173e+00
-5.326438e+00
-5.522653e+00
-5.732406e+00
-5.011011e+01
7.586133e+00
-2.114550e+01
-2.363458e+01
-2.127047e+01
-2.591596e+01
2.161517e+01
2.354332e+01
1.525233e+01
1.561808e+01
1.454907e+01
-1.747423e+01
-1.881858e+01
-9.763868e+00
-4.179267e+00
-9.251273e+00
-9.847462e+00
2.920168e+00
-2.668667e+01
-2.903757e+01
6.013630e+00
-1.312764e+01
-6.510069e+00
-5.508183e+00
-3.417087e+00
-1.021540e+02
-8.927772e+00
-7.979546e+00
-3.726785e+01
-3.766711e+01
-1.284657e+00
-9.814018e-01
-5.612380e+01
1.060274e+01
9.797345e+00
-1.317137e+01
-1.225685e+01
-7.696785e+00
2.625745e+01
2.815097e+01
-7.132088e+00
-7.854436e+00
-8.546664e+00
-1.158858e+01
-8.354981e+00
-1.249252e+01
4.191440e+01
2.169543e+01
-9.603902e+00
-1.004756e+01
-6.675925e+00
-1.114411e+01
-4.096405e+00
-2.079946e+01
-5.997001e+01
3.677685e+00
4.632642e+00
5.941851e+00
4.834359e+00
-1.300263e+01
-1.363891e+01
4.293027e+01
-1.156133e+02
-9.731096e+00
-3.634390e+01
-3.608483e+01
1.232211e+02
-5.229912e+01
-2.057430e+01
-3.653419e+01
-1.419214e+01
-6.176469e+00
-2.463418e+01
-3.382115e+01
-1.333302e+01
6.128661e+00
1.895217e+01
2.007824e+01
1.088735e+01
5.298705e+01
1.378025e+01
1.166965e+01
1.443372e+01
4.849970e-01
-1.325893e+01
-1.169433e+01
-1.334609e+01
1.342097e+01
-6.129043e+00
-2.127311e+01
-1.988225e+01
1.334188e+01
-3.080570e+01
-4.026446e+01
-7.571340e+01
-2.679387e+00
-3.153936e+00
-7.372171e+00
-8.950936e+00
-6.964615e+00
1.674831e+00
2.243859e+00
-6.942271e+01
-7.175777e+01
-9.374402e+00
-9.177212e+00
-6.470686e+00
-3.814041e+01
4.517084e+00
7.217785e+00
3.676720e+00
6.198549e+00
3.439194e+00
1.585524e+00
1.558148e+00
7.958279e-01
6.853865e-01
-4.327400e-01
-5.104004e-02
-3.060625e+01
-3.592195e+00
-4.596911e+00
-4.839317e+00
-5.802477e+00
-1.876425e+00
-4.683924e+01
-4.488312e+01
6.000902e+00
6.906481e+00
7.372295e+00
6.863492e+00
7.846812e+00
8.349666e+00
7.246857e+00
8.238143e+00
8.582368e+00
9.288257e+00
1.113557e+01
1.025701e+01
-4.557489e+01
-1.511730e+00
7.342770e+00
6.255760e+00
-6.275737e+00
-1.862513e+01
-3.121977e+01
-3.180483e+01
-1.893750e+01
-1.047634e+01
-7.662806e+00
9.959021e+00
1.068553e+01
1.445391e+01
-1.434321e+01
-1.753929e+01
-2.537128e+01
-2.603786e+01
-2.776505e+00
-2.730674e+01
-3.007443e+01
-2.704542e+01
2.413675e+01
-4.459625e+01
-4.835866e+01
-5.189601e+01
4.170617e+01
-6.205306e+01
-2.537279e+01
5.138480e+01
-7.283181e+01
-1.126788e+01
6.501154e+01
-8.492952e+01
-9.098417e+01
5.986008e+00
-3.488725e+01
-1.203537e+00
-8.892264e+00
-1.223462e+01
-2.510487e+00
-1.138702e+02
-1.240785e+02
-1.400726e+02
-1.481058e+02
-1.669051e+02
-1.007399e+01
-2.123706e+01
6.224188e+01
6.229124e+01
6.709792e+01
-6.623192e+01
-1.562873e+00
-1.503013e+00
-2.291773e+02
9.502730e+01
-1.211383e+01
-5.478883e+00
7.517423e+01
5.686839e+01
-1.168247e+01
-4.386477e+00
-3.007946e+00
3.236768e+00
-5.294096e+00
-5.722712e+00
-1.279253e+01
-1.271209e+01
1.074972e+01
-3.292354e+01
-1.166592e+01
9.011125e+00
-9.463017e+01
5.737683e+00
-1.938906e+01
2.953976e+01
-2.867920e+01
-5.686142e+01
-1.030620e+00
-1.393842e+01
-1.602629e+01
1.887857e+00
-3.378183e+01
-1.144082e+01
-3.433690e+01
-2.192056e+01
-3.034798e+01
-3.044087e+01
-3.094641e+01
-1.076746e+01
-1.211392e+01
1.914811e+01
-1.418991e+01
2.199510e+01
-4.358860e+00
-1.210634e+01
-1.648991e+00
-1.564330e-01
-1.183494e+01
-3.784926e+00
-6.171873e+00
-4.625040e+01
-1.666889e+01
3.913030e+01
2.767424e+01
1.934998e+01
-4.208728e+01
3.852492e+01
3.828643e+00
-5.782929e+00
1.358235e+01
2.675294e+01
-9.788740e+00
-2.449942e+01
2.031483e+01
4.755810e+00
1.180935e+01
1.209726e+01
1.293012e+01
2.894932e+00
-4.320680e+01
-4.959105e+01
1.697859e+01
1.176027e+01
-2.268094e+01
4.983778e+01
-2.594599e+01
-2.386122e+01
-6.417387e+01
1.481657e+01
-4.079329e+01
-3.667079e+01
2.773064e+01
2.530824e-02
-1.764670e+01
-5.321985e+00
1.710614e+00
1.850049e+00
-1.557646e+01
4.676339e+00
-1.019155e+01
-3.386070e+01
-4.595384e+01
8.739954e+00
-8.523029e+00
4.626217e+00
5.152611e+00
-6.565265e+00
-6.692606e+00
5.451573e+01
-4.030460e+01
-3.709864e+00
-4.287075e+00
-3.658220e+00
-4.887845e+00
-1.628811e+01
1.305973e+01
6.969992e-01
8.910799e-01
1.767009e+00
2.352246e+00
-5.082131e+00
-1.947981e-01
-2.395867e+01
-6.609117e+01
-4.481720e+01
-1.169638e+01
-1.142249e+01
-2.307704e+00
-8.485056e+00
-2.114625e+01
-2.834103e+00
-2.569773e+00
-3.193303e+00
-3.850790e+00
-1.927202e+00
-3.991597e+00
-1.828060e+01
-2.060177e+01
-1.227866e+02
-7.845376e+00
-3.870553e+00
-9.384095e+01
3.067817e+01
3.118783e+01
3.292557e+01
3.209517e+01
-1.857829e+00
-6.075506e+01
-7.183748e+00
-3.275652e+01
1.726324e+00
-4.136164e+01
-1.078456e+01
-5.029780e+00
2.249566e+01
-1.164907e+01
1.343475e+01
2.322974e+00
-7.169329e+00
-8.942156e+00
-9.572526e+00
2.165079e+01
1.302280e+01
6.527367e-01
1.393740e+00
3.747717e+01
3.381645e+01
-9.534612e+01
6.652337e-01
-4.307666e+01
-6.964541e+01
-3.638887e+01
2.440537e+01
-2.483266e+01
-2.738286e+01
-1.241563e+01
-6.963759e+00
-5.710331e+01
-5.835476e+01
3.624290e+01
-1.679255e+00
1.422556e+01
-1.716643e+01
1.624196e+01
8.412441e+01
-9.934748e+00
-7.396939e+00
-9.084096e+00
-6.181046e+01
-1.409496e+01
-2.697505e+01
-1.077258e+01
-2.050375e+01
-7.818276e+00
-2.535947e+01
-1.344440e+01
-1.030876e+01
-2.500229e+01
-6.121761e+01
-5.064982e+01
-4.826918e+01
-1.290744e+01
-1.552488e+01
-5.236861e+00
-1.561420e+01
-2.661246e+01
2.061198e+00
1.416090e+00
-9.971462e+00
-1.982679e+01
-9.436793e-01
3.980503e+00
-1.826975e+01
-1.279738e+01
-6.633622e-01
-1.409711e+01
1.279757e+01
2.395275e+01
1.553108e+01
-2.146278e+01
-1.535116e+01
-5.002682e+01
-1.641197e+01
-1.471691e+01
4.445199e+00
-9.008237e+00
-1.353643e+01
-1.119619e+01
-1.800908e+01
8.278510e+00
1.251160e+01
-1.419787e+01
-4.589120e+01
-4.460653e+01
-1.029887e+01
9.766317e+00
-4.568083e+00
-2.301821e+01
-3.517442e+01
2.165284e+00
-6.087748e+01
-1.147407e+01
3.313481e+00
-2.594516e+01
-8.764606e+00
5.771033e+00
-9.553872e+00
-1.236542e+01
-1.557770e+00
-7.461026e+00
1.939373e+01
-3.505181e+01
-3.162456e+01
1.757545e+01
-1.554947e+00
-1.063721e+01
-1.029850e+01
1.934709e+01
-4.463096e+01
-2.471755e+00
-8.885651e+00
-9.082674e+00
-3.764784e+01
-7.350846e+01
-8.772330e+00
-4.455069e+00
1.024447e+02
1.696274e+02
8.582242e+00
-2.210627e+01
1.862101e+01
1.168226e+01
1.676667e+00
2.037646e+00
2.879331e+00
-1.096236e+01
-7.194085e+01
4.680425e+00
3.498652e+01
3.928083e+01
-5.538467e+01
2.701479e+01
-4.324393e+01
-2.926855e+01
-2.843180e+01
-2.683068e+01
-2.542500e+01
5.645351e+00
-2.221890e+01
1.372881e+00
-2.108210e+01
-2.003659e+01
3.144105e-01
-1.741938e+01
-1.835887e+01
-3.276280e+00
-2.455290e+00
-2.800173e+00
-1.660749e+01
-1.583401e+01
-4.044541e+00
-1.430133e+01
-1.506020e+01
-4.889938e+00
-6.298912e+00
-5.570962e+00
-1.263396e+01
-6.656281e+00
-7.347540e+00
-1.098251e+01
-9.008088e+00
-1.064711e+01
-1.229648e+01
-1.257993e+01
-5.300955e+01
2.685121e+01
-4.215599e+01
6.827740e+01
1.649388e+00
-1.093930e+02
3.204510e+01
1.395386e+01
-4.288537e+01
-4.600704e+01
5.861515e+00
-1.674957e+01
8.317378e+01
-1.116033e+01
-2.252898e+01
-1.276825e+01
-2.314820e+01
-3.262896e+01
-3.354088e+01
-3.444342e+01
-3.463632e+01
-3.263217e+01
-1.502831e+01
7.419145e-01
-1.044502e+02
-2.829704e+01
-2.078528e+01
-8.417965e+00
-5.015001e+01
1.422286e+01
-1.188566e+01
-1.138745e+01
-2.951632e+01
-1.201587e+00
-1.082190e+01
9.177710e+00
4.194297e+01
-2.209702e+01
-8.892554e+00
-1.741884e+01
-9.018387e+00
1.098678e+02
-2.384847e+00
-1.022703e+01
2.504664e+01
-5.384389e+00
-7.834599e+01
-1.329674e+01
-5.613521e+01
-3.683614e+00
1.191551e+01
6.013142e+01
-5.108265e+01
1.486378e-01
-8.234334e+01
3.212725e+00
-1.177225e+01
-6.016869e+00
-1.032614e+01
-3.164185e+01
-2.594581e+01
9.847851e+00
3.955849e-01
-3.117844e+00
1.692894e+01
1.347778e+01
2.167627e+01
-2.021190e+01
-1.318400e+02
-8.920074e+00
3.066670e+00
4.093041e+00
-6.715280e+00
1.113939e+01
1.074515e+01
-8.168954e+01
5.453171e+01
4.216309e+00
-6.565694e+00
-1.658962e+01
-2.522168e+01
-4.145081e+01
-3.687100e+01
-2.208076e+01
-3.300339e+01
-2.028850e+01
4.130661e+01
-1.004147e+02
-3.362477e+00
-2.764360e+01
1.915417e-01
-1.593798e+01
-9.998859e+00
-7.074994e+00
-4.617600e+00
-3.240425e+01
1.696513e+01
-1.671832e+01
-8.130947e+00
-1.453687e+01
-1.558273e+01
-1.223924e+01
-3.548505e+01
-3.597376e+01
-5.227123e+01
2.925218e+01
1.435730e+01
-2.798823e+01
-3.119635e+01
-9.396485e+00
-1.502426e+01
-2.837706e+01
-2.436453e+01
-1.193493e+01
-1.864571e+01
-2.176196e+01
-2.598379e+01
-2.281093e+01
-7.649647e+00
-2.365143e+01
-8.853492e+00
-3.883303e+01
2.470364e+01
-1.329973e+01
-1.029176e+01
-2.825807e+01
-1.664608e+01
-6.526083e+00
-3.512366e+01
-2.054859e+01
-2.446277e+01
-7.116866e+00
1.728819e+01
1.211363e+01
-8.392989e+00
1.047276e+01
-1.114233e+01
-4.527851e+00
-4.067517e+01
-1.699067e+01
-1.466400e+01
8.631164e+00
-2.659867e+01
-1.181800e+01
-6.694720e+01
-8.612807e+00
6.076236e+00
-5.285429e+00
2.336978e+00
7.365785e-01
-1.445824e+01
-8.803119e+00
-3.582624e+00
-2.580593e+01
-5.267433e+01
-5.849261e+00
-1.199226e+01
-1.137669e+01
-8.803541e+00
-1.155394e+01
-6.274555e+01
-4.402227e+01
-5.022743e+01
-6.627498e+01
-7.516354e+00
-9.717411e+00
-9.258963e+00
-7.616362e+00
-1.276662e+01
-1.256611e+01
2.216235e+01
1.933281e+01
-2.388593e+01
-2.672248e+01
-1.925719e+01
6.797729e+00
7.318851e-01
-6.704402e+00
-3.776614e+01
-1.890415e+01
-2.795188e+01
-1.848546e+01
-1.684206e+00
-1.911456e+01
-2.052697e+01
-2.241520e+01
-1.340306e+00
-1.501760e+01
-1.539406e+00
3.019718e+01
-3.391187e+01
-2.237375e+01
3.707317e+00
-2.517472e+01
2.345085e+00
-3.249053e+01
2.039043e+01
1.546824e+01
2.666338e+01
4.626190e+00
7.710876e+01
-6.240286e+01
-1.140097e+01
-3.236677e+00
3.606640e+01
4.599552e+01
2.277495e+00
-3.743495e+00
-1.385616e+01
-3.734909e+00
6.190507e+00
3.165235e+01
-5.772679e+01
-2.425300e+01
-2.828703e+00
2.326624e+01
2.436887e+00
-2.700810e+00
-4.443691e+00
1.658591e+01
-8.003119e+01
-3.876312e+01
3.153131e+00
6.883498e+00
-2.552716e+01
-2.838339e+01
-2.906336e+01
-3.231033e+01
3.853610e+00
-7.635017e+00
-1.408202e+01
-2.708238e+01
-2.246273e+01
-1.758415e+00
-3.752692e+01
-2.740207e+00
-3.934750e+00
-3.149410e+01
-5.817087e+00
-9.796040e+00
-1.963719e+01
9.933021e+00
4.696570e+00
4.116851e+00
-2.270893e+01
1.763584e+01
-1.309593e+01
-1.487187e+01
2.058961e+00
-1.030378e+01
-6.646372e+00
-1.056304e+01
-9.601410e+00
-1.028146e+01
1.328537e+01
-1.963345e+01
-8.993397e+00
-1.179572e+01
-8.394593e+00
-1.001480e+01
-3.164725e+01
9.656538e+00
-1.267759e+01
-2.232851e+01
-8.371328e+00
-1.018895e+00
-2.157391e+01
-5.576655e+00
-7.012993e+01
-8.638097e+00
8.037902e+00
1.900624e+01
2.884076e+01
5.574498e+00
-1.371922e+01
6.435649e+00
-1.045385e+01
-1.928724e+01
-1.216582e+01
-2.296628e+01
-1.328719e+01
-2.519708e+01
8.827887e+00
-1.416493e+01
2.915786e+01
-2.748750e+01
-3.433327e+01
-2.942448e+01
-1.054119e+01
-9.535155e+00
6.957567e+01
1.048799e+02
-7.077828e+00
1.496656e+00
9.410321e-01
-3.996749e+01
-1.738731e+01
3.693683e+00
-9.639807e+00
-2.229824e+01
-1.341081e+01
-1.057682e+00
-8.668288e+00
-1.944446e+01
-6.911083e+00
-1.570922e+00
4.532438e+01
3.400374e+01
1.007342e+01
-1.097358e+01
-2.100324e+01
-9.292458e+00
-1.255936e+01
-2.115584e+01
-6.520463e+00
-1.135459e+01
-4.810448e+01
-1.211807e+01
3.204483e+01
1.696325e+01
-7.904420e+01
-1.252297e+01
-2.001553e+01
-4.921070e+00
1.082426e+01
7.207828e-01
3.866767e+01
-8.014897e+00
4.092246e+01
-7.542023e+01
-2.432247e+01
-1.948547e+01
-2.287444e+01
9.679808e-01
-1.534237e+01
-9.006332e+00
-1.597115e+01
-1.157741e+01
-1.413448e+01
6.111640e+00
1.067486e+01
-2.525871e+01
-3.240554e+01
1.609889e+01
3.666250e-01
3.302343e+01
-1.556029e+01
-9.068659e+00
-1.855497e+01
-8.535572e+00
-1.988741e+01
-9.940896e+00
-8.002899e+00
-1.166047e+01
-5.307091e+00
-4.816742e+01
-5.040170e+00
2.677834e+01
-7.993488e+00
-2.139259e+01
-1.054702e+01
-7.491073e-01
2.921674e+01
1.100780e+01
-1.930947e+01
-1.230052e+01
-8.585686e+01
1.551803e+01
3.388688e+01
-1.282979e+01
1.259720e+01
2.980475e+01
-4.197170e+01
-2.417250e+00
-2.381069e+01
-5.429247e+01
-2.413656e+01
-3.737659e+00
2.211043e+00
-4.810989e+00
3.206119e+00
-9.732133e-01
-5.969915e+00
-1.808268e+01
-8.563750e+00
-6.619878e+01
-1.589307e+01
-7.712271e+00
3.539023e+00
-3.969451e+01
1.301609e+01
-4.537684e+01
-6.122622e+01
-1.274899e+01
6.806122e+01
-6.331496e+00
-9.655832e+00
-7.174664e+00
9.965764e+00
1.329574e+01
-1.891172e+00
-9.498256e+00
-6.414826e+00
-2.427268e+01
-1.519972e+01
-5.190318e+00
-1.786155e+01
-2.447680e+01
-2.428329e+01
-8.905793e+00
-1.484680e+01
-1.321049e+01
-6.558344e+00
-4.612913e+01
1.144113e+02
-9.091034e+00
-5.518112e+01
1.005861e+01
2.793225e+01
-1.202266e+01
-2.754781e+01
-2.344828e+01
-1.268983e+01
7.998337e+00
-8.612675e+00
-5.830867e+00
-1.747632e+01
-1.306000e+01
-9.650520e+00
-3.278988e+01
-3.769017e+01
-5.609517e+00
1.876248e+01
-1.287747e+01
-1.004300e+02
-1.077871e+01
1.747137e+01
4.953937e+00
-1.236045e+01
-2.558451e+01
-1.055827e+00
-1.608102e+01
-1.175860e+01
-2.818824e+01
-4.656900e+00
6.107363e+00
-1.551294e+01
-2.869039e+01
2.163633e+01
-9.232156e+00
6.990218e+00
-7.948955e+00
-9.214439e+00
-4.126804e+00
-4.653677e+01
7.587972e+00
-9.834223e+00
-2.877684e+01
1.781282e+01
8.039320e+00
-1.626756e+01
4.145917e+01
2.083608e+00
1.288212e+00
-3.727366e+00
-1.663623e+01
-1.416321e+01
1.318112e+01
-1.664715e+01
-6.347772e+01
1.617295e+00
-3.311527e+01
-4.255336e+00
-1.500876e+01
-2.758329e+01
-1.042657e+00
4.602992e+00
1.232095e+00
5.789634e+00
-3.028334e+01
-3.060530e+01
1.032876e+01
3.093626e+00
3.570827e+01
-1.190537e+01
-2.930306e+01
-2.121177e+01
-5.625405e+00
-2.468616e+01
-1.766798e+01
-3.319882e+01
-3.501467e+01
-2.587284e+01
2.864590e+00
-9.259564e+00
-2.977234e+00
-5.115212e+01
7.274696e+00
-1.826511e+00
-5.273734e-01
-2.762580e+01
-1.647828e+02
-1.012344e+01
2.355716e+01
-1.270811e+01
-5.069700e+01
3.098995e+01
-4.991065e+01
-1.085562e+01
-6.589235e+00
1.658609e+01
6.669415e+00
2.175022e+02
-1.310853e+01
7.152000e+00
-1.829497e+01
2.086529e+01
-7.073965e+00
-2.174412e+01
5.021436e+01
8.396641e+00
-2.341532e+02
7.822889e+00
-2.604257e+01
-4.562964e+01
-4.905112e+00
9.047697e+00
3.341997e+01
-2.758592e+01
-5.904615e+00
-1.055658e+01
-1.686829e+00
-5.049968e+01
-4.332168e+00
6.648928e+00
1.139513e+01
-2.929157e+01
-3.186986e+01
-1.319793e+01
2.543099e+01
-7.846010e+01
-1.207320e+01
-8.100367e+00
3.948342e+01
-1.822572e+01
2.397849e+00
-9.530296e+00
-3.074472e+01
-1.045973e+01
1.254772e-01
1.206063e+01
-3.459839e+01
-8.533548e+00
5.028350e+00
-8.439307e+00
-9.012473e+00
-5.571443e+00
-9.003988e+00
3.826514e+01
9.718496e+00
-5.126751e+01
-3.201081e+01
-5.856433e+00
-5.961802e+01
-6.980670e+01
1.703032e+01
-2.226887e+01
-1.786788e+01
2.991981e+01
-1.195204e+01
-3.766288e+00
-1.026915e+01
4.135181e+01
1.247141e+01
1.025723e+00
7.041099e-01
-2.097873e+00
-6.489486e+00
-9.454149e+00
-2.670631e+00
2.073940e+02
-1.806344e+01
-2.444421e+01
8.809064e+00
1.048989e+01
-1.221753e+01
-8.577363e+00
1.675849e+01
2.645817e+00
-5.269967e+00
3.895355e-01
-7.369186e+01
-4.503715e+01
7.332327e+01
-1.014062e+01
-2.005966e+01
-7.724848e+00
-1.643081e+00
4.204597e+01
-2.134808e+01
-1.775822e+01
-4.712015e+01
-2.063334e+01
-5.757229e+00
-1.935398e+01
-4.537221e+01
-1.358284e+01
-2.626045e+01
-5.727774e+00
-5.955142e+01
-2.987160e+01
-9.806181e+01
-2.391807e+01
-1.881979e+01
9.302269e+01
-1.241779e+01
-4.516476e+00
-2.924678e+01
-7.569532e+00
-1.385729e+02
-1.675558e+01
-3.475633e+01
6.150698e-02
-3.255292e+01
3.674540e+01
6.176662e+00
-1.551616e+01
-5.431202e+01
-1.703205e+01
-9.902903e+01
-9.421503e+00
4.914449e+00
-2.951393e+01
-7.556573e+00
-4.501550e+00
5.778399e+00
7.478775e-01
-1.533964e+01
-8.888495e+00
-1.981331e+01
1.242347e+01
-3.063369e+01
-2.099415e+01
-3.384369e+01
-7.021756e+00
4.459588e+00
-2.254902e+01
-1.127841e+01
-2.410143e+01
2.511344e+00
6.760873e+01
-1.456185e+01
4.117539e+01
2.871210e+01
-6.236182e+01
7.171470e+01
-1.206788e+01
-2.345489e+00
-3.457750e+01
-2.206063e+01
-8.066338e+00
-4.333686e+01
-2.492325e+01
-1.832416e+01
-4.641213e+01
-1.032259e+01
-8.217692e+00
-3.124268e+01
-3.240408e+01
-7.451998e+00
-2.349010e+01
3.692241e+01
3.006359e+01
7.844820e+00
-1.484320e+01
-3.453454e+01
-4.016583e+01
-2.272164e+01
-3.503345e+01
-2.843928e+01
-5.836440e+01
-1.332512e+01
-9.318989e+01
-2.362085e-01
-1.037107e+01
-2.785070e+01
1.999814e-01
-2.155522e+01
-1.629353e+01
3.413907e+01
-6.892595e+00
-6.793265e+01
-2.600974e-01
-4.119709e+01
-4.294277e+01
-2.896286e+00
-1.161930e+01
-1.009543e+01
4.143931e+01
1.440000e+01
-9.648744e+00
-7.241325e+00
-5.688259e+01
-2.040807e+01
8.016339e+00
-7.039650e-01
-2.799321e+01
-3.685655e+01
-4.708308e+01
1.458671e+00
-1.671669e+01
6.573987e-01
-8.788439e+00
-1.381049e+01
-1.460471e+01
-1.233570e+01
-1.887399e+01
8.344023e+00
-9.045244e+00
2.510689e+01
2.021045e+00
3.155143e+00
-2.093918e+01
-7.788450e+00
-3.673501e+01
-7.136024e-01
-7.410417e+00
-1.436851e+00
-9.897879e+00
-1.368942e+01
-7.656354e+00
-5.032421e+00
-1.777906e+01
6.550575e+01
-9.691929e+00
-3.985901e+01
-9.170398e+00
-8.499650e+00
-2.206733e+01
1.199118e+01
-8.755270e+01
5.079123e+01
-9.344715e+00
-1.850692e+01
-1.129805e+01
-4.881762e+00
-9.095704e+00
-4.456644e+01
2.345424e+01
2.384600e+01
-1.522673e+01
-1.159495e+01
-1.212100e+01
-3.008173e+00
-4.292774e+01
-1.558188e+01
-3.203846e+00
-8.173317e+00
-8.344604e-01
1.445459e+01
-2.252526e+01
-4.165685e+01
1.009183e+01
3.010844e+00
-1.341630e+01
2.542943e+01
-2.290750e+01
3.461465e+01
-2.531075e+01
-1.036240e+01
4.976262e+01
4.046495e+01
6.223129e+00
-5.687338e+01
4.318762e+00
-9.377426e+00
1.614515e+01
4.075305e+00
-9.460453e+00
3.116074e+01
-8.251391e+01
-8.369146e+01
-3.088191e+01
-2.024015e+01
8.116163e+01
-1.813695e+01
-1.579689e+01
-5.562250e+00
3.810931e+01
1.840524e+01
-1.305181e+01
-1.009846e+01
1.136273e+01
-9.791717e+00
-1.781661e+01
-4.759321e+01
-1.721390e+01
-9.909842e+00
-7.183892e+00
-3.397583e+00
-3.058882e+01
-3.473822e+01
-8.904730e+00
-1.923630e+01
1.580011e+01
-1.772988e+01
-2.084273e+01
6.609554e+01
-1.638326e+01
2.711614e+01
4.728151e+01
3.851997e+00
-1.851823e+01
4.132681e+01
-9.448046e+00
-2.760672e+00
9.297323e+00
-9.435037e+00
-1.488211e+01
-1.723218e+01
-1.130402e+01
-2.261213e+01
3.435861e+01
-7.354643e+00
-1.245477e+01
-2.846617e+01
-4.544839e+01
-3.127348e+01
-1.224458e+01
-1.049158e+01
-1.658376e+01
-1.489320e+01
3.555209e+00
3.710093e+00
-1.542649e+01
-1.975049e+01
3.019850e+00
-1.011430e+01
5.689925e+00
-1.253204e+01
-1.500900e+01
3.469678e+01
-1.269391e+01
6.304087e+01
-1.526977e+01
3.036187e+01
-1.619139e+01
-1.599638e+01
7.716373e+00
-3.118462e+00
-9.525255e+00
-2.434550e+01
-1.748762e+01
-5.635403e+00
-1.091688e+01
-3.657162e+00
-8.071985e+00
-1.579806e+01
-7.800776e+01
-3.681184e+01
-9.863535e+00
-3.054032e+01
-1.672810e+00
-7.802199e+00
6.348160e+01
-9.731287e+00
-1.480462e+01
-1.434560e+01
2.085868e+00
-4.982503e+01
-2.461187e+01
-2.959389e+01
-5.448095e+01
3.998614e+01
5.243650e+00
9.049483e+00
5.476761e+00
-1.415062e+01
-1.076562e+01
-4.323923e+01
-1.285830e+01
4.214170e+00
1.521324e+01
-1.808869e+01
-3.228619e+00
-9.472266e+00
-4.482637e+00
-7.900627e+01
9.196853e-01
-7.260331e+01
-1.104432e+01
3.405687e+01
3.422285e+01
-2.174296e+01
-3.879868e+01
-1.193801e+01
6.540761e+01
-3.531909e+01
-1.495827e+01
-1.199224e+01
5.058321e+01
2.125103e+01
-4.420451e+01
-8.928909e+00
-5.305853e+01
6.515645e+00
-1.036924e+01
1.137664e+01
-4.279340e+00
2.824242e+01
-1.539172e+01
4.417161e+00
4.042120e+00
-1.023206e+01
-9.452721e+00
1.135188e+01
-4.515471e+01
-3.008510e+00
-1.326498e+01
1.795335e+01
-3.549501e+01
-7.484743e+00
-1.492429e+01
-2.460395e+01
9.746387e+00
-1.660201e+01
-1.187106e+01
-1.497012e+01
3.911110e+01
1.229949e+01
1.023743e+01
1.153334e+00
-1.894772e+01
9.927860e+00
-1.294335e+01
-1.115720e+02
-8.537379e+01
-2.864813e+01
-1.060952e+01
7.321837e+00
-1.397876e+01
1.024894e+01
-1.329692e+01
-4.976488e+01
-1.379668e+01
4.983251e+00
-1.398239e+01
1.276302e+02
-2.941981e+01
-1.003759e+01
-1.457509e+01
-9.253570e+00
6.633410e+00
2.216860e+01
-9.969883e+00
2.590433e+01
-1.058563e+01
-6.915496e+01
-7.908180e+00
6.334451e+01
-1.508502e+01
-2.590376e+00
-1.743622e+01
-4.087509e+00
1.444410e+01
-1.487097e+01
-8.346320e+01
-3.798040e+01
-1.396942e+01
-1.000317e+01
-2.015406e+01
-3.712057e+00
3.079694e+00
3.686947e+01
-4.048045e+00
1.621584e+00
-1.013725e+01
-2.652993e+01
-6.281563e+01
-2.512158e+01
-3.098370e+01
2.152735e+01
-2.168908e+00
3.460485e+00
-1.165737e+01
-2.400799e+01
-2.953761e+01
-5.612752e+01
-1.121869e+01
9.650398e+00
-1.044362e+01
-1.348028e+01
1.059639e+00
-1.075971e+01
2.766916e+00
6.395918e+01
7.200045e+00
-5.747446e+01
7.280744e+00
3.762187e+00
-2.326751e+00
-7.921129e+01
-1.344574e+01
1.868296e+01
-4.483294e-01
1.267173e+00
-3.041336e+01
-1.701602e+01
-3.133877e+01
-9.643112e+00
-4.133438e+01
1.324320e+01
4.587104e+01
6.328266e+00
-9.395329e+00
1.017095e+01
-8.254841e+00
-1.500668e+01
-1.875326e+01
-1.066495e+01
-9.425884e+00
-2.250785e+01
-4.829365e+01
-1.089333e+01
8.372521e+01
7.264972e+00
-6.005065e+01
-3.300026e+00
2.253871e+02
-6.250779e+00
-4.372132e+01
-1.485298e+01
-2.745903e+01
2.647407e+00
-2.827874e+00
-2.292453e+01
-3.326141e+01
-9.172002e+00
-8.665007e+01
-9.319199e+00
-4.155599e+01
-1.039142e+01
-1.065123e+01
-6.925158e+00
2.342005e+01
-2.337583e+01
-6.015893e+01
-1.276484e+01
-2.652019e+01
-1.771237e+01
3.546211e+01
-4.442650e+00
2.299730e-01
4.188335e+02
-4.698502e+00
-1.399015e+01
-2.669161e+01
-3.034942e+01
-4.330502e+00
-1.743966e+01
-5.427846e+00
1.200090e+02
-2.507520e+01
-1.299489e+01
-7.809749e+01
-1.678254e+01
-1.199859e+01
-1.168554e+01
-3.544871e+01
-1.881542e+02
5.717020e+00
-1.407266e+01
-1.187150e+01
-6.155371e+01
-4.148267e+01
9.881962e+01
-4.406998e+02
-3.080286e+01
-2.180905e+01
9.792914e+00
6.971133e+01
-1.785835e+01
-1.113562e+02
3.593183e+01
-1.398435e+01
-1.496671e+01
-1.171647e+01
1.379407e+01
3.374649e+00
4.516141e+00
-6.939158e+01
-2.771046e+01
-1.134124e+01
5.517085e+01
-9.826722e+00
-3.093608e+01
-1.570329e+01
1.355020e+01
-8.270104e+00
-1.508945e+01
1.214435e+01
-4.953311e+00
-6.270732e+00
-4.962466e+01
-3.864291e+01
5.111771e+00
-4.826379e+01
-1.267266e+01
-1.074791e+01
-9.254958e+01
-1.411822e+01
-3.748164e+01
-2.880202e+01
9.034505e+00
-2.805260e+01
-1.510606e+01
2.123739e+01
-4.752936e+00
-5.333410e+00
-3.133581e+01
-2.213012e+01
-1.781462e+01
-9.197538e+00
-7.934759e+00
-5.516839e+01
-5.456051e+00
-1.165594e+01
3.281845e+00
-4.742382e+01
-1.275343e+01
-2.602703e+01
-1.433526e+01
-2.669282e+01
-1.510291e+01
8.618675e+00
-1.650972e+01
-3.687055e+00
-7.910231e+00
-2.278719e+01
-1.110133e+01
7.889517e+00
1.525169e+01
1.622371e+01
-1.304538e+01
1.605871e+01
1.683978e+00
1.777396e+01
-3.833702e+01
8.327885e+00
2.376317e+01
1.255806e+01
1.801607e-01
-1.849035e+01
-1.384606e+01
-9.643211e+00
-2.953723e+00
-1.537194e+02
-3.605187e+01
-3.233643e+01
1.480508e+01
-5.610340e+01
-6.864961e+00
3.786524e+00
-1.052297e+01
5.377379e+01
-1.387537e+01
-2.224485e+01
-9.729639e+00
1.374162e+01
1.056477e+00
-1.765233e+01
-1.761211e+01
-2.463951e+01
-4.708260e+00
7.068431e+01
-1.187992e+01
-4.626451e+01
-3.962576e+01
-2.165136e+01
-3.106755e+00
-7.387721e+00
-8.210885e+00
-8.080462e+01
-2.482197e+01
-2.043365e+01
-7.192660e+00
-4.752693e+01
-1.408650e+01
-1.893307e+01
-1.335538e+01
-1.194843e+02
-7.671064e+01
-3.081582e+00
1.037105e+01
2.582315e+01
-1.220489e+01
-1.029489e+01
-1.352820e+01
-1.562018e+02
-3.490418e+01
-7.265822e+01
-1.282310e+01
-1.515014e+01
-2.107868e+01
-1.330414e+01
-1.508513e+01
-1.617827e+01
2.149501e+01
-1.662669e+01
-1.351338e+01
-6.578467e+01
-3.652311e+01
-1.999388e+01
-9.081342e+00
-4.455673e+01
-2.679440e+01
1.703390e+01
1.629865e+01
-3.764590e+01
-6.516614e-01
1.292155e+01
-3.046046e+01
-2.885943e+01
8.218522e+00
1.622412e+01
-1.028944e+01
-3.075373e+01
-1.335978e+01
-2.053110e+01
1.780326e+01
-1.185081e+01
-9.457735e+00
-1.908205e+01
-1.312414e+01
-2.081024e+01
-3.534386e+01
2.554970e+01
-5.872325e+00
-3.295035e+00
-4.580269e+01
2.327587e-01
-5.463851e+00
8.151779e+00
-3.079408e+01
-7.494834e+01
2.249247e+01
-2.442085e+01
-1.328832e+01
-2.462166e+01
-2.563223e+01
-2.622822e+01
-5.283792e+01
-1.159364e+01
-1.831665e+02
-3.990768e+01
-1.359938e+01
2.246273e+01
-1.671910e+01
-9.770802e+00
-1.024243e+01
-8.797718e+00
-2.807158e+01
-7.620667e+00
1.483919e+02
5.632318e+01
-7.694134e+00
-3.352709e+01
-1.530368e+01
-3.016540e+01
-3.403609e+01
-1.228186e+01
1.326334e+01
1.016246e+02
2.401377e+01
-1.040101e+01
-3.787875e+01
-1.324233e+01
-2.851657e+01
-1.050213e+01
-3.533790e+00
1.661232e+01
-3.518349e+00
-1.691029e+01
2.252204e+01
-1.909485e+01
-3.590514e+00
-7.214188e+01
