-9.853513e+00
-8.691670e+00
-5.053959e+02
-1.615298e+02
-1.475699e+02
-1.152852e+02
-9.715785e+01
-8.421112e+01
-7.466831e+01
-6.728891e+01
-6.128326e+01
-5.628353e+01
-5.201530e+01
-4.827475e+01
-4.496017e+01
-4.196257e+01
-3.924606e+01
-3.676767e+01
-3.449909e+01
-3.240350e+01
-3.047598e+01
-2.869387e+01
-2.705683e+01
-2.552684e+01
-2.414818e+01
-2.286328e+01
-2.167364e+01
-2.059007e+01
-1.960151e+01
-1.869883e+01
-1.787230e+01
-1.713555e+01
-1.654343e+01
-1.598593e+01
-1.547665e+01
-1.512090e+01
-1.487454e+01
-1.467774e+01
-1.455050e+01
-1.463361e+01
-1.385671e+01
-1.085575e+01
-1.199303e+01
-1.117655e+01
-1.010241e+01
-1.031163e+01
-9.921890e+00
-9.732843e+00
-9.075842e+00
-8.868815e+00
-8.925392e+00
-7.923667e+00
-8.449705e+00
-9.034576e+00
-8.144096e+00
-7.716537e+00
-8.519041e+00
-7.646835e+00
-8.579973e+00
-8.463660e+00
-8.423962e+00
-8.892849e+00
-8.986001e+00
-9.490206e+00
-9.722039e+00
-9.842013e+00
-9.866895e+00
-1.014304e+01
-1.057793e+01
-1.100868e+01
-1.143773e+01
-1.141101e+01
-1.151434e+01
-1.150156e+01
-1.174888e+01
-1.173433e+01
-1.155473e+01
-1.106686e+01
-1.055236e+01
-1.049340e+01
-1.064694e+01
-1.001646e+01
-9.445589e+00
-9.080844e+00
-9.201478e+00
-8.317320e+00
-7.942486e+00
-7.701517e+00
-7.219055e+00
-7.158131e+00
-7.604130e+00
-7.246893e+00
-7.176082e+00
-7.148251e+00
-7.168453e+00
-7.472855e+00
-7.739156e+00
-8.070801e+00
-8.434760e+00
-8.702658e+00
-8.720595e+00
-8.923178e+00
-9.362587e+00
-9.521020e+00
-9.826085e+00
-1.024040e+01
-1.069002e+01
-1.097662e+01
-1.064377e+01
-1.011248e+01
-1.046666e+01
-1.080740e+01
-1.108268e+01
-9.965441e+00
-1.032310e+01
-9.838648e+00
-9.752123e+00
-9.332503e+00
-9.260021e+00
-8.746703e+00
-8.799971e+00
-8.490090e+00
-7.363723e+00
-5.909878e+00
-6.513590e+00
-2.796523e+00
-3.832102e+00
-3.901899e+00
-3.943553e+00
-3.852998e+00
-3.576852e+00
-3.195361e+00
-2.782482e+00
-2.227341e+00
-1.580710e+00
-8.306493e-01
-1.376845e-02
8.807685e-01
1.889630e+00
2.968254e+00
4.147342e+00
5.431111e+00
6.826569e+00
8.343176e+00
9.983305e+00
1.176616e+01
1.369330e+01
1.578983e+01
1.805804e+01
2.053485e+01
2.324853e+01
2.623743e+01
2.956463e+01
3.331912e+01
3.758453e+01
4.254364e+01
4.849358e+01
5.590970e+01
6.555907e+01
7.826660e+01
9.663720e+01
1.283040e+02
1.439672e+02
4.874703e+02
2.811235e+02
1.137805e+02
8.801109e+01
6.794346e+01
5.497783e+01
4.619627e+01
3.947480e+01
3.421537e+01
3.005380e+01
2.652612e+01
2.355374e+01
2.097719e+01
1.872970e+01
1.675391e+01
1.497956e+01
1.340110e+01
1.197144e+01
1.066700e+01
9.470970e+00
8.388549e+00
7.398207e+00
6.477257e+00
5.619644e+00
4.833039e+00
4.098043e+00
3.416737e+00
2.783598e+00
2.186722e+00
1.625496e+00
1.099718e+00
6.033984e-01
1.339792e-01
-3.104298e-01
-7.320968e-01
-1.134141e+00
-1.517566e+00
-1.882933e+00
-2.231809e+00
-2.566262e+00
-2.887185e+00
-3.195402e+00
-3.492068e+00
-3.777936e+00
-4.053882e+00
-4.320884e+00
-4.578827e+00
-4.828794e+00
-5.071567e+00
-5.307402e+00
-5.536916e+00
-5.760673e+00
-5.978789e+00
-6.191637e+00
-6.399968e+00
-6.604187e+00
-6.804488e+00
-7.000967e+00
-7.194138e+00
-7.384364e+00
-7.571910e+00
-7.757079e+00
-7.940174e+00
-8.121226e+00
-8.300612e+00
-8.478537e+00
-8.655356e+00
-8.831269e+00
-9.006580e+00
-9.181420e+00
-9.355996e+00
-9.530494e+00
-9.705160e+00
-9.880439e+00
-1.005638e+01
-1.023309e+01
-1.041128e+01
-1.059084e+01
-1.077174e+01
-1.095465e+01
-1.113980e+01
-1.132759e+01
-1.151783e+01
-1.171142e+01
-1.190778e+01
-1.210808e+01
-1.231221e+01
-1.252062e+01
-1.273372e+01
-1.295190e+01
-1.317560e+01
-1.340533e+01
-1.364052e+01
-1.388287e+01
-1.413341e+01
-1.439183e+01
-1.465900e+01
-1.493505e+01
-1.522084e+01
-1.551758e+01
-1.582595e+01
-1.614711e+01
-1.648202e+01
-1.683138e+01
-1.719675e+01
-1.757913e+01
-1.798017e+01
-1.840237e+01
-1.884706e+01
-1.931604e+01
-1.981215e+01
-2.033739e+01
-2.089695e+01
-2.149440e+01
-2.212370e+01
-2.280908e+01
-2.354762e+01
-2.433578e+01
-2.518371e+01
-2.610339e+01
-2.710098e+01
-2.818868e+01
-2.937546e+01
-3.067799e+01
-3.210525e+01
-3.369058e+01
-3.545655e+01
-3.743081e+01
-3.967130e+01
-4.227236e+01
-4.524431e+01
-4.876540e+01
-5.295343e+01
-5.813811e+01
-6.502482e+01
-7.356138e+01
-8.661235e+01
-1.059083e+02
-1.280089e+02
-3.019524e+02
-9.436934e+00
-1.131505e+01
-7.593608e+00
-1.321820e+01
-5.704555e+00
-1.528862e+01
-3.701618e+00
-5.080384e+00
-1.338245e+01
-1.652681e+01
-2.087556e+00
-1.778609e+01
-1.343763e+00
1.831835e+00
-2.000137e+01
1.456711e+00
-2.111583e+01
-2.565325e+01
5.905774e+00
7.328427e+00
-2.604800e+01
-9.664450e+00
-8.041737e+00
-1.053611e+01
1.611573e+01
-3.462015e+01
1.254755e+01
-3.122554e+01
-1.037457e+01
-8.525413e+00
-1.078074e+01
-8.027395e+00
2.916274e+01
-4.833198e+01
-9.233626e+00
-9.255543e+00
2.204392e+01
-4.069076e+01
-1.421933e+01
-4.752433e+00
-1.232852e+01
-6.592328e+00
-1.142989e+01
-7.616902e+00
4.771626e+01
-6.651743e+01
3.527134e+01
-5.485558e+01
-8.698057e+00
-1.034086e+01
-1.145325e+01
-1.559820e+01
-3.088047e+00
-5.200466e-01
-1.847190e+01
-6.824308e+00
4.094568e+00
-2.248933e+01
-2.310762e+01
9.019788e+00
3.882203e+00
-1.955982e+01
2.927507e-01
-1.662746e+01
-2.430242e+00
-1.099255e+01
-7.620046e+00
-7.680660e+01
5.741203e+01
7.708103e+01
-9.452251e+01
-9.053582e+00
-9.401404e+00
-1.544147e+01
-3.852515e+00
-1.288388e+00
-1.728658e+01
1.203445e+01
-3.080439e+01
-9.534508e+00
-8.788260e+00
2.324220e+01
-4.196031e+01
-8.710936e+00
-1.005085e+01
3.747607e+01
-5.605958e+01
1.125401e+02
-1.323913e+02
-1.059906e+01
-8.073596e+00
-1.064455e+01
-9.872626e+00
-8.102938e+00
-8.617629e+00
8.981477e+01
-1.088210e+02
2.780473e+01
1.773035e+01
-4.628655e+01
-3.621913e+01
-2.876484e+01
-1.861778e+01
-6.453208e-01
-3.077490e+00
-1.467306e+01
-1.591949e+01
-4.235066e+00
-1.375676e+01
-5.253863e+00
-1.276363e+01
-6.166265e+00
-1.189337e+01
-6.990207e+00
-1.094759e+01
-7.963298e+00
-9.997906e+00
-8.896297e+00
-9.703204e+00
-9.026751e+00
1.910010e+02
-2.103143e+02
-9.928471e+00
-8.630041e+00
-1.022782e+01
-1.026643e+01
-1.051774e+01
-1.026709e+01
-1.039755e+01
-1.022106e+01
-1.052831e+01
-1.025507e+01
-1.040277e+01
-1.032420e+01
-1.038871e+01
-1.045358e+01
-1.052967e+01
-1.054789e+01
-1.044813e+01
-1.081395e+01
-1.083011e+01
-1.115217e+01
-1.113820e+01
-1.134693e+01
-1.137118e+01
-1.182976e+01
-1.151089e+01
-1.170569e+01
-1.216035e+01
-1.242846e+01
-1.220267e+01
-1.246578e+01
-1.231006e+01
-1.259765e+01
-1.241940e+01
-1.271306e+01
-1.251880e+01
-1.284195e+01
-1.261259e+01
-1.294903e+01
-1.269483e+01
-1.304388e+01
-1.276559e+01
-1.312332e+01
-1.282042e+01
-1.319267e+01
-1.287092e+01
-1.324738e+01
-1.289600e+01
-1.328552e+01
-1.290924e+01
-1.330659e+01
-1.290650e+01
-1.331162e+01
-1.288728e+01
-1.329790e+01
-1.284586e+01
-1.245372e+01
-1.238041e+01
-1.200330e+01
-1.190109e+01
-1.326392e+01
-1.153738e+01
-1.140913e+01
-1.106305e+01
-1.090585e+01
-1.057988e+01
-1.039617e+01
-1.072427e+01
-1.019335e+01
-1.051953e+01
-9.969899e+00
-1.029183e+01
-9.739876e+00
-1.004548e+01
-9.480080e+00
-9.764186e+00
-9.178861e+00
-9.442433e+00
-9.499618e+00
-8.958309e+00
-9.176933e+00
-8.422776e+00
-8.807464e+00
-8.010895e+00
-8.253144e+00
-7.390761e+00
-7.349565e+00
-6.573396e+00
-6.699234e+00
-5.929794e+00
-6.075927e+00
-5.141323e+00
-5.224388e+00
-4.341381e+00
-7.734947e+00
-8.699196e+00
-4.639526e+00
-3.690314e+00
-3.517618e+00
-2.791236e+00
-8.202873e+00
-9.104835e+00
-2.714619e+00
-2.016765e+00
-8.686164e+00
-9.572276e+00
-3.236825e+00
-2.075662e+00
-1.314782e+00
-9.146489e+00
-9.995676e+00
-1.599110e+00
-7.452821e-01
-9.507827e+00
-1.030492e+01
-1.235978e+00
-2.543468e-01
-9.780494e+00
-1.084149e+01
-1.183181e+00
1.482690e-03
5.560485e-01
9.917986e-01
1.382724e+00
1.852355e+00
2.128261e+00
2.679924e+00
-9.977141e+00
-1.049243e+01
2.786852e+00
3.296126e+00
-1.307149e+00
-1.016616e+01
-1.081996e+01
3.223348e+00
3.806915e+00
3.760809e+00
4.401265e+00
4.229108e+00
4.907271e+00
-1.372263e+01
-1.037118e+01
-1.086384e+01
-1.244197e+01
4.607368e+00
5.510500e+00
-1.057923e+01
-1.091734e+01
3.756260e+00
5.058420e+00
6.173971e+00
-1.084442e+01
-1.132263e+01
-1.154905e+01
-1.174044e+01
-1.191886e+01
-1.182608e+01
-1.228427e+01
-1.245408e+01
-1.285032e+01
-1.294941e+01
-1.330164e+01
-1.343143e+01
-1.389955e+01
-1.395994e+01
-1.457081e+01
-1.447514e+01
-1.536949e+01
-1.529338e+01
-1.637678e+01
-1.605889e+01
-1.753673e+01
-1.684126e+01
-1.905101e+01
-1.832458e+01
-2.062113e+01
-2.024813e+01
-2.199718e+01
-2.218985e+01
-2.323167e+01
-2.370526e+01
-2.432556e+01
-2.475676e+01
-2.511876e+01
-2.562527e+01
-2.565047e+01
-2.632828e+01
5.330853e+00
6.492850e+00
7.077777e+00
7.337497e+00
7.758570e+00
8.043703e+00
-2.505651e+01
-1.742037e+01
-1.398356e+01
-1.234675e+01
5.329946e+00
-2.617592e+01
-2.693917e+01
-2.557157e+01
8.183099e+00
8.812141e+00
-1.036214e+01
-1.052493e+01
-1.013390e+01
-1.048481e+01
-1.001994e+01
-2.720981e+01
-2.711776e+01
-1.213673e+01
-1.034208e+01
-9.892852e+00
-1.362213e+01
9.417823e+00
8.987621e+00
9.769946e+00
9.652248e+00
1.046161e+01
1.044108e+01
1.192268e+01
9.967541e+00
-1.013321e+01
-9.683045e+00
-2.301732e+01
-1.801137e+01
-1.393304e+01
-2.583807e+01
-2.875386e+01
-2.788531e+01
-2.869425e+01
-2.888065e+01
-2.950412e+01
-2.932097e+01
-3.015728e+01
-3.094753e+01
-3.082965e+01
1.193569e+01
1.179122e+01
-3.159514e+01
-3.148889e+01
8.449325e+00
-9.917143e+00
-9.464330e+00
1.188904e+01
1.260942e+01
1.163530e+01
-3.179347e+01
-3.237228e+01
-2.871223e+01
-9.698178e+00
-9.256314e+00
-3.240510e+01
-3.211943e+01
-3.313450e+01
1.250050e+01
1.335285e+01
-3.051123e+01
-9.485475e+00
-9.909144e+00
-9.067880e+00
2.981991e+00
1.219354e+00
-2.901773e-01
-3.711131e-01
-1.542903e+00
-1.131282e+00
2.858118e-01
4.085914e-01
-2.911075e-01
-3.929853e-02
-6.204580e-01
-3.732696e-01
-9.612545e-01
-3.314064e+01
-3.393382e+01
1.323039e+01
1.419870e+01
-3.418960e+01
-3.514090e+01
-9.700565e+00
-1.010675e+01
-1.086881e+01
-7.271233e-01
-1.297524e+00
-1.330073e+01
-3.353650e+01
-8.839365e+00
-8.647464e+00
-9.893586e+00
-1.029996e+01
1.399049e+01
1.506198e+01
1.518011e+01
1.615044e+01
1.620283e+01
1.727080e+01
1.720702e+01
1.839170e+01
1.823112e+01
-3.519221e+01
-3.625051e+01
-1.086440e+00
-1.642566e+00
-5.081680e-01
-1.845857e+00
-2.174134e+00
-2.372280e+00
-2.690123e+00
-2.881694e+00
-3.185846e+00
3.095885e+00
3.577198e+00
2.615730e+00
2.992763e+00
1.945207e+00
9.128474e-01
1.872480e-01
7.147336e-01
1.383061e-01
5.485790e-01
-1.537936e-02
3.642962e-01
-1.963048e-01
1.471470e-01
-3.969082e-01
-8.420938e-02
-6.151996e-01
4.604324e-01
1.957316e+01
-3.320547e-01
-8.494060e-01
-1.134146e+00
-1.351957e+00
-1.644768e+00
-1.842532e+00
-2.140975e+00
-2.320605e+00
-2.623348e+00
-2.786780e+00
-3.091580e+00
-3.238877e+00
-3.547281e+00
-3.669889e+00
-3.984884e+00
-4.101498e+00
-4.411155e+00
-4.517140e+00
-4.821498e+00
-4.903537e+00
-5.215720e+00
-5.281465e+00
-5.595466e+00
-5.644379e+00
-5.955438e+00
-5.990706e+00
-6.296362e+00
-6.319099e+00
-6.622319e+00
-6.632131e+00
-6.932600e+00
-6.033593e+00
-6.928157e+00
-7.222799e+00
-4.629844e+00
-2.467655e+00
-8.420890e+00
-7.206787e+00
-7.494458e+00
1.922935e+01
2.069114e+01
-1.008975e+01
-1.048107e+01
-1.370246e+01
-1.416207e+01
-3.008813e+00
-3.489480e+00
-8.889364e-01
-3.054347e-01
-3.616852e+01
-3.737919e+01
1.470988e+01
-5.972114e-01
-7.465703e+00
-7.743185e+00
-7.201487e+00
2.000666e+01
1.853278e+01
2.173420e+01
-1.074338e+01
-1.028282e+01
-1.065705e+01
-9.907234e+00
-3.329248e+00
-3.800996e+00
-1.416028e+01
-1.462100e+01
-3.375706e+00
-7.136736e-01
-1.204557e-01
-2.540852e+00
-3.710732e+01
-3.846315e+01
-3.869021e+01
1.953794e+01
-3.991184e+01
-3.998289e+01
-1.046008e+01
-1.082420e+01
-1.166182e+01
1.921334e+01
1.557985e+01
-7.454943e+00
-7.211532e+00
-5.418442e+00
-1.103154e+01
-1.119270e+01
-1.140681e+01
-1.156707e+01
-1.178708e+01
-1.194622e+01
-1.217347e+01
-1.233003e+01
-3.649925e+00
-4.100528e+00
-1.256571e+01
-1.272042e+01
-1.296596e+01
-1.311914e+01
-1.337356e+01
-1.352618e+01
-1.378939e+01
-1.394307e+01
-1.421598e+01
-1.437005e+01
-1.465341e+01
-1.481330e+01
-1.510333e+01
-1.526709e+01
-1.556696e+01
-1.573055e+01
-1.604586e+01
-1.621449e+01
-1.654181e+01
-1.671354e+01
-1.705496e+01
-1.722278e+01
-1.758747e+01
-1.775730e+01
-1.814056e+01
-1.831281e+01
-4.135953e+01
-4.127088e+01
-1.463343e+01
-1.509702e+01
-5.209003e-01
5.605309e-02
-5.164672e+00
-1.027291e+01
-1.044484e+01
-9.351329e+00
-1.871774e+01
-1.893431e+01
-4.281010e+01
-4.256788e+01
-1.278581e+01
-1.846781e+01
-1.911136e+01
-1.683716e+01
-1.541384e+01
-1.243052e+01
-3.798674e+01
-1.133001e+01
-1.412586e+01
-8.229726e+00
-7.997315e+00
1.489597e+01
1.317661e+01
-4.429684e+01
-4.381464e+01
-4.178522e+01
-7.465714e+00
-7.207251e+00
-3.956353e+00
-4.380405e+00
-1.511907e+01
-1.558852e+01
-1.553547e+01
-1.602850e+01
-1.594649e+01
-1.644672e+01
-1.633193e+01
-1.684170e+01
-1.668832e+01
-1.719561e+01
-1.701342e+01
-1.752022e+01
-1.730591e+01
-1.781482e+01
-1.756437e+01
-1.806810e+01
-1.778418e+01
-1.828420e+01
-1.796453e+01
-1.845438e+01
-1.748661e+01
-1.879739e+01
-1.895436e+01
-1.763725e+01
-1.717960e+01
-3.611574e-01
2.155036e-01
1.357026e+01
1.415849e+01
1.296311e+01
1.338743e+01
1.215995e+01
-3.656876e+01
-4.583368e+01
-4.281265e+01
-4.024479e+01
-9.983636e+00
-1.017018e+01
1.235577e+01
1.113111e+01
-4.542278e+00
-4.799112e+00
-1.866076e+01
-1.926572e+01
1.407468e+01
1.259786e+01
-1.972580e+01
-1.987844e+01
6.479963e-01
8.151460e-01
-3.721492e+01
-3.577480e+01
1.555459e+01
-1.607941e+01
-1.733119e+01
-1.932814e+01
-1.947261e+01
-7.422455e+00
-7.356013e+00
-4.662229e+00
-5.069044e+00
-3.079894e+00
-3.581844e+00
-1.730135e+01
-1.686444e+01
1.129264e+00
-2.157742e-01
-7.675032e+00
-6.351582e+00
-5.221531e+00
-5.457604e+00
-2.608934e+01
-2.702897e+01
-4.432178e+01
1.091177e+01
9.388179e+00
1.226546e+01
-1.034410e+01
-4.000613e+01
-3.700374e+01
1.264925e+00
1.441244e+00
1.320495e+01
1.182417e+01
-1.884404e+01
-3.930485e+00
-2.036252e+01
-2.057313e+01
-3.617996e+01
-3.473168e+01
-9.718657e+00
-9.913551e+00
-5.341626e+00
-5.710305e+00
-5.823158e+00
-6.067022e+00
-2.552030e+01
-2.622042e+01
-1.695829e+01
-1.654593e+01
1.126243e+01
1.054852e+01
1.007013e+01
9.379440e+00
8.949003e+00
8.336693e+00
8.946571e+00
7.855768e+00
-7.177706e+00
-7.389593e+00
-6.998013e+00
-7.328623e+00
-7.108481e+00
-7.204619e+00
-7.013659e+00
-7.244046e+00
-7.077022e+00
-4.523129e-01
1.910699e+00
-3.288229e+00
-3.794888e+00
-1.177601e+01
9.800562e+00
-6.184755e+00
-6.417334e+00
-1.628299e+01
-2.220707e+00
-3.803020e+01
-3.612708e+01
-4.035990e+01
-2.104092e+01
-2.125627e+01
-2.070299e+01
-2.144903e+01
-2.194147e+01
-2.217062e+01
-3.485964e+01
-3.340440e+01
-2.161696e+01
-2.236099e+01
-2.895372e+01
-1.660939e+01
-1.622197e+01
-2.293609e+01
-2.314323e+01
-1.363024e+01
-5.962339e+00
-1.463260e+01
-9.479578e+00
-9.668406e+00
-6.523898e+00
-6.759592e+00
-6.280475e+00
-1.703094e+01
-7.302101e+00
-6.952782e+00
-7.554167e+00
-3.644637e+01
-9.265002e+00
7.916777e+00
6.958911e+00
6.720972e+00
6.140227e+00
5.862779e+00
5.370909e+00
5.551242e+00
4.841002e+00
8.074278e+00
4.964807e+00
4.300753e+00
-1.195394e+01
-7.699173e-01
-6.529507e-01
-1.174497e+00
-1.092097e+00
-1.579452e+00
-2.470320e+00
-2.471633e+00
-9.571743e+00
-7.569496e+00
-6.606638e+00
-6.561036e+00
-6.225154e+00
-2.668838e+01
-2.399154e+01
-1.625791e+01
-1.588904e+01
-6.884924e+00
-7.100258e+00
-6.981414e+00
-7.309416e+00
-7.431955e+00
-7.631011e+00
-1.850018e+01
-3.303479e+01
-3.152800e+01
1.225420e+01
-3.911345e+01
-4.142538e+01
-1.075474e+01
4.690978e+00
-3.514361e+00
-4.014543e+00
-1.498565e+01
2.106032e+00
2.602982e+00
-2.374489e+01
-2.397529e+01
-1.643479e+01
-2.258155e+01
1.600517e+00
2.269463e+00
1.739941e+00
2.399742e+00
1.851864e+00
2.509506e+00
-6.362501e+00
-5.802412e+00
7.557672e+00
-7.196316e+00
-9.046699e+00
-8.811279e+00
-3.079420e+01
-2.951881e+01
-3.005229e+01
-2.837596e+01
-7.612638e+00
-7.782122e+00
-4.289320e+00
-4.503986e+00
-1.909793e+01
-1.136681e+01
-1.008668e+01
-9.839697e+00
4.359930e+00
3.742385e+00
-4.771846e+00
-4.983965e+00
-5.511546e+00
-5.551178e+00
-1.516506e+00
-1.978046e+00
2.365542e+00
-2.456645e+01
-2.485775e+01
-1.884807e+01
-1.947122e+01
-4.019707e+01
-4.263262e+01
-7.756707e+00
-7.946067e+00
1.938003e+00
2.591494e+00
-2.422324e+01
-4.728974e+00
-5.219277e+00
-1.652779e+01
-5.300154e+00
-5.278746e+00
-2.315147e+01
-2.338227e+01
-2.087433e+01
-2.552959e+01
-2.580261e+01
-2.511277e+01
-2.606306e+01
-2.679986e+01
-2.708346e+01
-1.590222e+01
-1.555445e+01
-1.552149e+01
-1.521019e+01
-8.318794e+00
-2.628475e+01
-2.732273e+01
-7.847938e+00
-1.023647e+01
-9.996206e+00
-9.613263e+00
-9.775433e+00
-1.013834e+01
-9.913722e+00
-1.026198e+01
-1.003619e+01
-1.036790e+01
-1.015096e+01
-9.829328e+00
-9.945992e+00
-1.024707e+01
-1.004382e+01
-1.032012e+01
-1.011501e+01
-9.855227e+00
-9.947921e+00
-9.690764e+00
-9.801717e+00
-1.005887e+01
-9.546783e+00
-9.829599e+00
-9.969945e+00
3.080396e+00
2.807121e+00
-2.845684e+01
-2.747053e+01
-3.515994e+01
-1.522131e+01
-1.489957e+01
3.739198e+00
3.172419e+00
3.176520e+00
2.642111e+00
4.353945e+00
-7.807203e+00
1.576434e+00
-6.801751e+00
-8.033917e+00
-8.594433e+00
-5.189374e+00
-4.970711e+00
-2.863088e+01
-1.918843e+01
-1.983140e+01
-9.870740e+00
-1.007307e+01
-1.015427e+01
-1.020155e+01
2.639003e+00
2.132626e+00
2.097512e+00
1.614892e+00
-1.937739e+00
-2.374523e+00
-1.528235e+00
-8.085300e+00
-1.059051e+01
-4.827168e+00
-5.308352e+00
-8.615471e+00
-8.357327e+00
-4.910145e+00
-4.670959e+00
1.049137e+01
-8.080579e+00
-8.258011e+00
-8.129216e+00
-8.427447e+00
-8.303393e+00
-8.589808e+00
-8.720231e+00
-8.874052e+00
-9.011254e+00
-9.156374e+00
-1.489026e+01
-1.458707e+01
-1.076479e+01
1.991391e+00
2.643445e+00
-2.745824e+01
-2.655991e+01
-4.121094e+01
-3.893257e+01
-4.379540e+01
-4.535330e+01
-4.669322e+01
-4.837615e+01
-4.992729e+01
-5.204275e+01
-5.366645e+01
-5.613557e+01
-5.799885e+01
-6.056612e+01
-6.298116e+01
-5.810920e+01
-2.222707e+01
-2.166247e+01
-1.458023e+01
-1.428777e+01
9.590088e+00
8.500659e+00
-5.018396e+00
-4.656903e+00
-4.364359e+00
-7.527648e+00
-5.017016e-01
-7.892735e+00
1.635832e+00
1.147251e+00
1.085840e+00
6.497915e-01
-2.646138e+01
-2.751944e+01
-5.179389e+00
-9.300729e+00
-9.437908e+00
-6.186502e+01
-5.874532e+01
3.587970e+00
-2.649055e+01
-2.567353e+01
-2.571964e+01
-2.490425e+01
-2.491214e+01
-2.416824e+01
-1.952400e+01
-1.887491e+01
-2.015000e+01
-5.808505e+00
-5.819490e+00
-5.325796e+00
-9.019236e+00
3.093110e+00
-2.697132e+01
-5.243655e+00
-1.906723e+01
-1.955914e+01
-1.913013e+01
-1.959808e+01
-1.913539e+01
-1.957826e+01
-1.907550e+01
-2.007657e+01
-2.002917e+01
5.502102e-01
1.457282e-01
2.206397e-01
-2.550129e-01
-2.117562e-01
-6.556829e-01
-6.498259e-01
-1.060709e+00
-1.060904e+00
-1.453781e+00
-1.483018e+00
-1.853954e+00
-1.862078e+00
-2.408475e+01
1.375835e+00
3.973357e+00
-9.592663e+00
-9.720484e+00
-9.423248e+00
-9.272312e+00
-2.421772e+00
-2.791909e+00
-2.374078e+00
-2.343175e+01
-2.348026e+01
-9.414816e+00
3.665446e+00
-8.240325e+00
-8.223017e+00
-1.429350e+01
-1.401717e+01
-8.187743e+00
-9.896819e+00
-1.001281e+01
-9.845329e+00
-1.011634e+01
-1.029378e+01
-1.038772e+01
-1.056115e+01
-1.065950e+01
-1.082951e+01
-1.093159e+01
-1.110713e+01
-1.120556e+01
-1.140215e+01
-1.148831e+01
-1.169538e+01
-1.177039e+01
-1.198846e+01
-1.205706e+01
-1.228537e+01
-1.234828e+01
-1.258711e+01
-1.264472e+01
-1.289445e+01
-1.294694e+01
-1.320812e+01
-1.325564e+01
-1.352574e+01
-1.357207e+01
-1.385339e+01
-1.389599e+01
-1.419124e+01
-1.422660e+01
-1.453702e+01
-1.457151e+01
-1.489563e+01
-1.492537e+01
-1.526426e+01
-1.528877e+01
-1.564620e+01
-1.566792e+01
-3.974094e+01
-3.756589e+01
-4.357684e+00
-2.182673e+01
-2.136512e+01
4.262599e+00
-1.036462e+01
-1.025143e+01
-1.011466e+01
-1.021741e+01
1.395906e+00
8.219183e-01
-8.306357e+00
-5.967302e+00
-6.637637e+00
-1.604057e+01
-1.605978e+01
-1.256588e+01
-5.927494e+00
-8.473638e+00
-1.910765e+00
-2.735613e+01
-2.254940e+00
-6.222620e+00
-6.700543e+00
-6.492153e+00
-6.852682e+00
-6.148515e+01
-5.811995e+01
-8.223701e+00
-8.187166e+00
-7.906669e+00
-8.073253e+00
-7.608439e+00
-7.767303e+00
-7.294242e+00
-7.437544e+00
-6.955971e+00
-7.090236e+00
-6.593117e+00
-8.224490e+00
-5.172606e+01
-3.188499e+00
-7.170004e+00
-7.277881e+00
-7.173002e+00
9.080319e+00
8.061922e+00
-2.326515e+01
-2.268339e+01
1.183514e+01
-2.050654e+01
-2.086725e+01
-2.121674e+01
-2.786721e+01
-3.440546e+01
-3.562429e-01
-1.392157e+01
-1.357733e+01
-2.658078e+01
-2.559068e+01
-2.765693e+01
-2.865228e+01
-2.881713e+01
-1.426728e+01
1.125868e+01
6.859492e+00
-2.119164e+01
-2.092160e+01
-2.144118e+01
-2.033700e+01
-2.033787e+01
-2.286072e+01
-2.010263e+01
-2.028736e+01
-2.247388e+01
-2.109008e+01
-2.843125e+00
-3.197245e+00
3.544582e+00
3.244167e+00
-7.571056e+00
-7.382372e+00
-7.587536e+00
-1.100426e+01
-9.958388e+00
-1.212665e+01
-2.219987e+01
-2.119333e+01
-2.191660e+01
-2.089686e+01
-2.142780e+01
-2.033623e+01
-2.096998e+01
-1.996642e+01
-2.034250e+01
-1.951810e+01
-1.968031e+01
-1.878304e+01
-1.893838e+01
-1.814050e+01
-1.808654e+01
-1.739241e+01
-1.744899e+01
-1.673794e+01
-1.678427e+01
-1.607377e+01
-1.604328e+01
-1.527224e+01
-1.478741e+01
-1.464241e+01
-1.477579e+01
-1.541704e+01
3.833141e+00
-1.061980e+01
-8.366201e+00
-8.330186e+00
-1.645075e+01
-1.646879e+01
-9.151527e+00
-9.007197e+00
-9.243441e+00
-9.041077e+00
-9.112609e+00
-8.903469e+00
-9.060577e+00
-8.893231e+00
-9.018434e+00
-8.894367e+00
-9.182881e+00
-2.151271e+01
-2.194152e+01
-1.055429e+01
-6.727081e+00
-6.216426e+00
-1.922653e+01
-1.857705e+01
-6.110543e+00
-5.717018e+00
-7.685660e+00
-2.997017e+00
-2.629201e+01
-2.342010e+00
-9.452141e+00
-2.637005e+00
-4.729350e+00
-5.975041e+01
-5.646146e+01
-2.026055e+00
-1.327749e+01
8.095403e-01
2.728160e-01
-1.283972e+01
-1.225022e+01
-1.296414e+01
-1.465740e+01
-3.234444e+00
2.517967e+00
-3.816436e+01
-3.611690e+01
-3.561665e+01
2.925200e+00
1.604393e+00
-1.839715e+01
3.503464e+00
-8.037924e+00
-8.402338e+00
-1.008135e+01
-1.020864e+01
-3.177610e+00
-1.493591e+01
-5.042219e+00
4.318145e+00
-2.772088e+01
-2.890648e+01
-4.398311e+00
-8.382230e+00
-1.052523e+01
-3.244509e+00
-3.583786e+00
-3.549586e+00
-3.915197e+00
-3.893330e+00
-4.237439e+00
-4.268879e+00
-4.572768e+00
-4.608919e+00
-4.900737e+00
-1.558478e+01
-2.710770e+01
-7.162227e+00
-2.056919e+01
-1.688479e+01
-1.689397e+01
-1.685378e+01
4.069520e+00
-8.742289e+00
-8.751291e+00
-5.501993e+00
-6.353140e+01
-1.414751e+01
-1.609591e+01
-1.308329e+01
-1.327934e+01
-1.318608e+01
-1.314533e+01
-1.242123e+01
-1.219504e+01
-8.304678e+00
-2.244237e+01
-2.194038e+01
-1.019444e+01
-1.733100e+01
-1.733084e+01
-1.778449e+01
-1.778961e+01
-1.826680e+01
-1.826890e+01
-1.777540e+01
-1.824836e+01
-1.876644e+01
-1.874339e+01
-1.928695e+01
-1.925917e+01
-1.378092e+01
-1.919762e+01
1.598336e+01
-1.021869e+01
-4.940081e+00
-5.217574e+00
-2.079748e+01
-1.512354e+01
-9.130574e+00
-9.256900e+00
-8.417664e+00
-8.405413e+00
6.946794e+00
-1.061288e+01
-1.305424e+01
4.303807e+00
-1.369182e+01
-7.394503e+00
-5.745945e-01
-1.348030e+01
-2.846936e+01
-3.483216e+00
-1.084233e+01
-1.111460e+01
4.906231e+00
9.842435e+00
-5.187780e+00
-5.487349e+00
-5.525402e+00
-5.782279e+00
-3.432357e+01
-3.354927e+01
-7.762693e+00
-8.041915e+00
-7.369461e+00
-2.001314e+01
4.670758e+00
5.589021e+00
-1.156063e+01
-1.269287e+01
-1.423314e+01
-1.689986e+01
-5.644287e+00
-5.238946e+00
-5.299231e+00
-4.810310e+00
-4.859427e+00
-4.366605e+00
-4.410893e+00
-3.905300e+00
-6.046784e+01
-6.575162e+01
-6.355845e+01
-6.946420e+01
-7.198350e+01
-7.618900e+01
-1.526384e+01
-1.297400e+01
-3.868351e+01
-7.140579e+00
-8.039196e+00
1.375503e+00
-9.918353e+00
-3.331653e+01
-2.870942e+01
-2.753980e+01
-2.841962e+01
-2.948550e+01
-4.045519e+01
-7.625449e+00
-7.204485e+00
-4.394055e+00
-4.069032e+00
-4.123647e+00
-3.778878e+00
-3.857509e+00
-1.371924e+01
-1.159168e+01
-6.820768e+00
-1.068318e+00
-2.166658e-01
-2.563619e+01
-2.471832e+01
1.168157e+00
-4.224235e+00
-3.890991e+00
-1.047047e+01
-2.770072e+00
-5.824213e+00
-6.069540e+00
-6.115542e+00
-6.347756e+00
-3.492101e+00
-3.597222e+00
-3.974460e+00
-1.805954e+01
1.709364e+01
1.475968e+01
-9.927022e+00
-8.881520e+00
-9.005409e+00
-4.107206e+01
-9.896242e+00
-1.229908e+01
-1.191938e+01
-2.233364e+01
-2.276931e+01
-1.001784e+01
-3.627629e+00
-8.469888e+00
-8.192754e+00
-8.357500e+00
-8.093526e+00
-8.253799e+00
-8.003556e+00
-8.505636e+00
-5.309990e+00
-1.062543e+01
9.049278e+00
1.236393e+01
1.380914e+01
1.286620e+01
1.436307e+01
1.332239e+01
1.486895e+01
1.371612e+01
1.225593e+01
1.532155e+01
1.655032e+01
1.708485e+01
1.838184e+01
1.903928e+01
2.041451e+01
2.119209e+01
2.267642e+01
2.362171e+01
2.521221e+01
2.633320e+01
2.801780e+01
2.940902e+01
3.125214e+01
2.972092e+01
3.353436e+01
3.261928e+01
3.487656e+01
3.587197e+01
3.440492e+01
3.726164e+01
3.509752e+01
3.734275e+01
3.474404e+01
4.030122e+01
3.651241e+01
3.374172e+01
3.225199e+01
3.118589e+01
2.163100e+01
1.568585e+01
3.200237e+01
2.950225e+01
2.885400e+01
2.714134e+01
2.665645e+01
2.491873e+01
2.467962e+01
2.259130e+01
2.286469e+01
2.062483e+01
2.095423e+01
1.876671e+01
1.774211e+01
1.610436e+01
2.190599e+01
1.581835e+01
1.440403e+01
3.129297e+01
1.915833e+01
2.744352e+01
1.429164e+01
1.296942e+01
1.252258e+01
1.116597e+01
1.130464e+01
1.004942e+01
9.934881e+00
8.895476e+00
8.802652e+00
7.823891e+00
7.760023e+00
6.833790e+00
6.799707e+00
5.931144e+00
5.905619e+00
5.095399e+00
1.311460e+01
1.180953e+01
-2.146647e+01
-8.246081e-02
-1.630962e+01
-3.219444e+01
-2.438572e+01
-2.345114e+01
-2.409791e+01
-1.380675e+01
-3.208542e+00
9.496135e-01
3.072102e+01
8.560325e+00
2.777024e+01
-1.289076e+00
3.275630e+00
1.043145e+01
5.523398e+00
-3.232406e+01
-1.252951e+01
-1.460700e+01
-1.518903e+01
5.303785e+00
6.305988e+00
-1.054173e+01
-1.660294e+00
-1.038287e+01
-1.032922e+01
1.735398e+01
7.432301e+00
-8.512798e+00
-7.243554e+00
-6.880770e+00
-2.709670e+00
-3.114301e+00
-8.097065e+00
-6.400882e+00
-6.622097e+00
-7.951421e+01
-1.050085e+01
-1.453225e+01
-9.825039e+00
5.063673e+00
4.317301e+00
3.779564e-01
7.371386e-01
-3.867523e+01
-4.105271e+01
5.658130e+00
2.577452e+01
-5.697832e+01
-5.396378e+01
-5.360939e+01
-5.124575e+01
-1.322827e+01
-3.368974e+00
-1.544422e+00
-5.358473e+00
-6.637786e+00
-7.387953e-01
-5.113157e+01
-3.894134e+00
-3.424794e+00
-3.422525e+00
-2.940605e+00
-2.924762e+00
-6.207988e+00
-1.479878e+01
-1.350513e+01
-7.721338e+00
-1.707973e+01
-1.893987e+01
-2.060489e+01
-2.443051e+01
-1.735684e+01
-1.548210e+01
-1.961129e+01
-1.278565e+01
-1.419675e+01
-1.444378e+01
-2.297976e+01
2.940780e+01
3.201924e+01
2.845653e+01
3.196159e+01
-6.962649e+00
-1.867224e+01
-1.857639e+01
-1.895677e+01
-1.841919e+01
-1.807528e+01
-1.876244e+01
-1.788286e+01
-1.757378e+01
-1.024461e+01
-1.026229e+01
7.456802e+00
-1.167717e+01
-1.584895e+01
-2.878323e+00
7.627043e-01
1.317247e+00
7.843443e+00
-8.930779e+00
-8.796886e+00
-8.669571e+00
-8.742006e+00
-8.323431e+00
-8.399150e+00
-1.728335e+01
-1.642528e+01
-1.983374e+01
-1.980464e+01
-1.301484e+01
-7.401030e+01
-8.198224e+01
8.085038e-02
-1.265044e+01
-8.542541e+00
-1.221111e+01
-2.987856e+01
-1.071173e+01
-5.042352e+01
-4.798883e+01
-4.874502e+01
-4.565013e+01
-4.638437e+01
-4.354888e+01
-4.396559e+01
-4.417257e+01
-4.157025e+01
-4.005754e+01
-3.835216e+01
-3.774881e+01
-3.623941e+01
-1.195299e+01
-1.173975e+01
-2.733778e+01
-2.674946e+01
-2.469585e+01
-2.385049e+01
-2.386924e+01
-2.305928e+01
-2.308332e+01
-2.234355e+01
-2.235328e+01
2.825992e-01
-2.342972e-01
-2.691343e-01
-7.429357e-01
-8.279547e+00
-1.700362e+01
-1.326142e+01
7.581228e+00
-5.591966e+01
-8.838258e+00
-1.735004e+01
-1.707285e+01
-1.761599e+01
3.750447e+00
3.639081e+00
3.312805e+00
1.007208e+01
1.133444e+01
-2.365713e+01
-2.304154e+01
2.214932e+00
-2.162210e+01
-1.928757e+01
-2.162285e+01
-2.119318e+01
2.758014e+01
-7.922477e+00
-1.077676e+01
-1.108505e+01
-3.065265e+00
-3.204812e+00
-4.954283e+00
1.259179e+01
-1.869010e+01
-4.654739e+00
-7.451110e+00
-7.035369e+00
-5.852438e+00
-2.593495e+01
-2.666230e+01
-2.797050e+01
-5.196714e+00
-5.593916e+00
1.153890e+01
1.051588e+01
-1.027367e+01
-2.635537e+00
-3.858907e+00
1.219942e-01
-2.233639e+01
-2.310791e+01
-2.359012e+01
-1.046650e+01
-1.859292e+01
-1.832524e+01
-1.795273e+01
-1.762893e+01
-1.738278e+01
-1.711863e+01
-1.680228e+01
-1.654840e+01
-1.625256e+01
-1.599804e+01
-1.571941e+01
-1.546871e+01
-1.519716e+01
-1.496322e+01
-1.468995e+01
-1.445701e+01
-1.420213e+01
-1.396340e+01
-1.372103e+01
-1.348694e+01
-1.324747e+01
-1.303280e+01
-1.278302e+01
-1.256225e+01
-1.233043e+01
-2.750672e+01
-2.857035e+01
-8.163055e+00
-7.933643e+00
-7.754432e+00
-7.696521e+00
-2.771713e+01
-2.888572e+01
-2.209832e+01
-4.663792e+00
-4.212664e+01
-3.243221e+00
-3.500368e+00
-4.071822e+00
-2.868371e+00
-3.598817e+00
-2.040141e+01
-1.773935e+01
-1.335958e+01
2.074648e+01
1.900973e+01
-8.105491e+00
-8.232671e+00
-3.412010e+01
-2.085302e+01
-8.173353e+00
-8.542201e+00
-3.992957e+00
-6.313525e+00
-1.187820e+01
-1.151408e+01
-6.679450e+00
-5.465067e+00
-5.928392e+00
-2.110398e+01
5.906384e+00
-4.229896e+00
-3.905169e+00
-7.993061e-01
-1.243186e+00
-1.210651e+01
2.994401e+01
4.321332e+00
3.542653e+00
-7.335749e+00
6.712971e+00
5.824422e+00
-1.117785e+01
-1.110928e+01
-5.566735e+00
-2.434730e+01
-2.518200e+01
-1.192969e+00
-1.663175e+00
-2.953966e+00
-3.273873e+01
8.005231e+00
7.027739e+00
7.262627e+00
7.429613e+00
8.001626e+00
5.967408e+00
7.383141e+00
2.533799e+00
2.979174e+00
3.536510e+00
3.156056e+00
3.439341e+00
2.784640e+00
3.032496e+00
2.459854e+00
-3.271121e+01
-2.440270e+00
-2.405524e+00
9.689175e+00
-7.268474e+00
-9.175733e+00
-9.305719e+00
-3.413096e+00
-2.317008e+01
-2.258339e+01
-2.268533e+01
-2.211788e+01
-2.508475e+01
-2.670414e+01
-2.080750e+01
-7.416943e+00
-1.188326e+01
-8.726366e+00
-2.596396e+00
-7.639003e+00
-7.915979e+00
-8.510690e+00
-8.616265e+00
-4.827350e+01
4.353582e-01
-2.630632e+01
-1.518545e+01
-2.168861e+01
2.644669e+01
-2.081286e+01
-2.046055e+01
-2.629648e+01
-8.716904e+00
-8.845789e+00
-8.495520e+00
-8.388305e+00
-2.271754e+01
-2.117357e+01
-8.900081e+00
1.011234e+01
2.517838e+00
-1.409850e+01
-1.431534e+01
-1.386866e+01
1.002744e+01
1.126393e+01
-3.741565e+00
-4.126067e+00
-1.335637e+01
-1.829268e+01
-4.922357e+00
-5.461339e+00
-8.416394e+00
-8.388407e+00
2.465315e+01
-3.828593e-01
1.261824e-01
-2.277495e+01
-8.501932e+00
-2.480772e+00
-7.051139e+00
4.627698e+00
1.200703e+01
-8.160927e+00
-4.131409e+00
-7.924983e+00
-8.146011e+00
-7.765618e+00
1.130726e+00
2.930660e+01
2.618748e+01
3.304786e+01
3.597011e+01
3.744822e+01
4.061789e+01
4.260326e+01
4.605139e+01
4.893855e+01
5.253195e+01
4.867641e+01
5.510194e+01
6.018588e+01
6.266124e+01
5.842574e+01
6.887438e+01
6.600919e+01
5.910385e+01
5.404914e+01
5.334216e+01
-5.168574e+00
-9.699981e+00
-9.809364e+00
-9.565367e+00
-9.674504e+00
-9.440393e+00
-9.907041e+00
-2.049508e+01
-2.348271e+01
-1.177902e+01
-3.799625e+00
-3.341106e+01
-1.468725e+01
-1.451978e+01
-1.492110e+01
-1.473038e+01
-1.515876e+01
-1.495116e+01
-1.537753e+01
-1.514926e+01
-3.578622e+01
-3.445898e+01
-8.167513e+00
-7.794263e+00
-9.503588e+00
-1.558610e+01
-1.533195e+01
-3.734220e+00
-3.659408e+01
-2.007801e+00
-2.218302e+01
-1.043073e+01
-1.233853e+01
-1.234543e+01
-3.426896e+01
-3.461108e+01
-3.551155e+00
5.080660e-01
-9.052213e+00
-6.869154e+00
4.248463e+00
4.972965e+00
-2.310005e-01
-1.620571e+00
-2.072311e+00
-1.401595e+01
-8.301444e+00
-8.176628e+00
-2.876650e+01
-3.902978e+01
-4.148951e+01
5.737334e+00
2.196552e+00
-1.166593e+00
-2.082734e+01
-1.725458e+01
-1.678430e+01
-1.657331e+01
-1.631909e+01
-5.703846e+00
2.654956e+00
2.103451e+00
6.898630e-01
1.228522e+00
-1.062644e+01
-1.090803e+01
-1.100839e+01
-3.444538e+00
-1.001548e+01
-1.673168e+01
-1.574034e+01
-2.376960e+01
-2.460375e+01
1.777578e+01
-9.705731e+00
-9.701289e+00
1.222127e+00
-8.453957e+00
-8.692675e+00
1.147583e+00
-3.906787e+00
1.119306e+01
-1.236212e+01
-2.961541e+01
-2.222198e+01
-6.869746e+00
-4.338117e+00
-4.499445e+00
-1.867143e+01
-5.813649e+00
-5.219539e+00
-5.551911e+00
-2.350232e+01
-1.129709e+01
-9.773956e+00
-9.997079e+00
-1.024080e+01
-1.012382e+01
-1.018464e+01
-1.029158e+01
-1.022693e+01
-1.356886e+01
-1.424690e+01
9.074893e+00
-3.071084e+01
-8.097159e+00
-8.313476e+00
-4.368497e+01
-1.489354e+01
-1.504621e+01
-9.240853e+00
-1.656070e+01
-2.307424e+01
-3.359370e+01
-1.221904e+01
-1.298177e+01
-6.502622e+00
-1.067573e+01
-1.074722e+01
1.746203e+01
-1.881986e+01
-3.495660e+01
-7.670834e+00
1.065130e+00
1.221873e+01
4.006195e+00
3.252013e+00
-7.909186e+01
-7.078931e+01
-8.939072e+01
-9.092103e+01
8.258237e-01
5.917242e-01
-7.849930e+00
-1.608153e+01
-1.585727e+01
-2.233871e+01
-1.325294e+01
-1.142207e+01
-1.118557e+01
-1.075221e+01
-6.627793e+00
-2.742095e+01
-2.886694e+01
-6.467169e+00
5.550928e+01
5.022951e+01
9.208732e+00
9.725489e+00
-2.040941e+01
-1.181125e+01
-2.008977e+01
-1.972057e+01
-8.898449e+00
-9.059548e+00
-1.130598e+01
-1.137917e+01
-8.291236e+00
-4.691026e+00
-4.861955e+00
-5.033585e+00
-5.211056e+00
-5.364821e+00
-5.546515e+00
8.665181e+00
-7.089952e+00
1.713001e+01
2.832842e+00
1.286434e+00
-3.385836e+01
-3.403192e+00
-3.640085e+00
-6.891111e+00
-6.837922e+00
-2.677728e+01
-1.560915e+01
6.613833e+01
7.784212e+01
-3.921508e+00
-3.750687e+01
8.217081e+00
-1.424541e+01
-1.440961e+01
6.577619e+00
5.695923e+00
-1.704868e+01
-8.406685e+00
-8.716259e+00
-5.169073e+00
-5.559262e+00
-1.452537e+01
-3.517672e+00
-8.429792e+00
-1.010328e+02
-6.453223e+00
-5.450657e+00
-5.148537e+00
-5.728299e+00
1.738644e+01
1.585110e+01
1.862762e+01
-2.906724e+01
-2.308040e+01
-4.377308e+01
-4.429032e+01
-1.704842e+01
4.848077e+00
2.664811e+01
2.448135e+01
-1.059052e+01
-1.083189e+01
-3.552489e+00
-3.576849e+00
-7.916586e+00
1.598359e+00
-1.725570e+01
3.132706e+00
-1.009417e+01
-8.590746e+00
-8.092875e+00
-7.512828e+00
-2.769048e+01
-2.880645e+01
-8.296018e+00
-3.933843e+00
-3.610524e+00
-3.241117e+00
-3.284070e+00
-1.240753e+01
9.735120e+00
-1.931885e+00
-1.878009e+00
-2.503234e+00
-1.647343e+00
-1.824036e+01
7.718825e+00
5.113167e+00
-4.854888e+00
-5.132120e+00
-1.395644e+01
-3.063568e+01
-3.185013e+01
-9.642917e+00
-9.504408e+00
-1.030149e+01
3.668342e+00
-2.052604e+01
-2.388308e+01
-1.597713e+01
1.085730e+00
2.970794e+00
2.735857e+00
-1.460932e+01
-1.509037e+01
-3.387119e+01
-3.269024e+01
-1.188620e+01
-1.208152e+01
4.084172e+00
3.451217e+00
-2.537532e+01
-2.477579e+01
-2.386224e-01
-4.946901e-01
-3.506059e+00
-5.683313e+00
-5.870424e+00
-5.992292e+00
-6.180025e+00
-7.810504e+00
-8.069799e+00
-8.423764e+00
-8.308527e+00
-8.649115e+00
4.090937e+00
-2.410376e+01
-2.362361e+01
-2.732588e+00
-4.155190e+00
-6.894186e+00
2.989951e+01
-6.481072e+00
-6.510687e+00
-4.506049e+00
-4.384521e+00
-2.593052e+01
-7.945067e+00
4.107052e+00
4.910056e+00
7.939322e+01
-1.486068e+00
-8.519196e+00
-1.707312e+01
4.802440e+00
-7.424173e+01
-7.811887e+01
-6.686376e+00
-8.871778e+00
4.101332e+00
5.295632e+00
-1.084009e+01
-2.567173e+01
-1.028020e+01
4.864348e+01
4.448046e+01
-7.096029e+00
4.579556e+01
4.088389e+01
-2.049542e+00
-2.099858e+01
3.243339e+00
-3.507065e+00
-2.756196e+00
-4.398285e+01
-4.196152e+01
-8.529893e+00
-8.442015e+00
-1.166466e+01
-1.154835e+01
-1.316471e+00
-8.884358e-01
-1.254997e+01
6.358144e+00
5.521267e+00
6.147343e+00
5.320597e+00
-3.116103e+00
-2.813103e+00
5.116601e+00
-2.128254e+00
-4.323065e+00
-2.456292e+01
2.917486e+01
-3.198305e+01
-2.083118e+01
-7.306302e-01
3.851255e+01
-2.072420e+01
-2.935514e+01
-3.075466e+01
-1.943170e+01
-1.898975e+01
-1.877053e+01
-7.430747e+01
-6.654540e+01
-2.362873e+01
-1.017885e+01
-1.002911e+01
-7.239204e+00
9.189574e+00
-1.346120e+01
-5.984189e+00
-5.929023e+00
-2.302169e+01
-3.885467e+00
-4.054701e+00
-1.578780e+01
-1.603543e+01
-1.092743e+01
-1.064493e+01
-1.038225e+01
-1.031806e+01
-3.567624e+00
-2.245723e+01
2.397318e+01
2.204743e+01
-7.283087e+00
-1.121399e+01
-1.351567e+01
-1.317049e+01
-9.299574e+00
-7.094657e+00
-7.046398e+00
-7.298817e+00
-3.289492e+01
-3.310610e+01
-1.188452e+01
-1.260561e+01
-1.121210e+01
-1.605014e+01
-1.561669e+01
-1.539805e+01
-1.520456e+01
-1.493415e+01
-7.102492e+00
-7.193165e+00
-8.111464e+00
-9.261182e+00
-9.286316e+00
-9.125787e+00
9.992608e+00
1.136541e+01
-1.028420e+01
4.970682e+01
-2.036541e+01
-1.974535e+01
7.490862e+00
-9.078658e-01
-1.108505e+00
1.849327e+00
3.156684e+00
-8.030299e+00
5.945606e+00
-3.216110e+00
-4.923867e+00
-5.316274e+00
-9.786500e+01
-1.151831e+02
-9.238071e+00
-2.587674e+01
-2.444246e+01
2.502095e+01
2.664620e+01
2.344892e+01
-2.449110e+00
-4.175164e+01
-4.464087e+01
-4.745981e+01
-4.797973e+01
-5.089182e+01
-5.185817e+01
-5.542895e+01
-2.828453e+01
-2.663817e+01
-1.025179e+01
-1.057643e+01
-2.162924e+01
-3.021835e+01
-1.980622e+01
-8.519855e+00
-8.210116e+00
-2.502009e+00
-1.557129e+01
-1.450173e+01
-1.470554e+01
-1.673678e+01
-1.353069e+01
-1.371175e+01
-1.359935e+01
7.308707e+00
-2.157238e+01
-1.145157e+01
-1.143626e+01
-7.659783e+00
-6.704455e+00
-1.692668e+01
-1.737299e+01
-3.505949e+01
-9.080623e+00
-8.900486e+00
-8.524207e+00
-2.071470e-01
-6.959398e-01
-9.477813e+00
-9.122674e+00
-3.173589e+01
-3.435919e+01
9.864466e+00
1.104575e+01
1.259446e+01
1.237038e+01
1.404989e+01
8.747936e+00
7.622096e+00
8.804901e+00
-1.533118e+01
-2.343919e+01
-2.028812e+01
5.668769e-01
1.107187e+00
-6.862562e+00
-5.970098e+00
-1.044876e+01
8.807964e-01
6.007434e+00
-2.054426e+01
9.083448e+01
-1.283387e+01
-1.282777e+01
-1.359957e+01
-2.049002e+01
-2.105877e+01
-1.045164e+02
-3.132436e+01
5.361830e+01
3.272732e-02
-1.415094e+00
-1.459108e+00
-8.238724e+00
8.141645e+00
1.785036e+00
1.657313e+00
-8.453078e+00
-3.937582e+00
-1.577402e+01
-6.347305e+00
-1.462433e+01
-1.475454e+01
-1.518922e+01
-1.485014e+01
-5.569102e+00
-5.382989e+00
-2.185906e+01
2.134811e+01
1.966936e+01
2.029203e+01
1.811759e+01
-1.001057e+01
-1.001267e+01
-2.725114e+01
-2.828470e+01
-2.806230e+01
-2.920138e+01
-1.162269e+01
-4.693507e+00
-4.968988e+00
-9.316305e+00
-9.206778e+00
-9.322860e+00
-9.109130e+00
-9.219694e+00
-8.004057e+00
4.299597e+00
-2.813379e+01
-7.763400e+00
-4.910554e+00
-3.683651e+01
-3.693761e+01
-3.495970e+01
-2.704346e+01
1.387434e+01
1.567036e+01
1.549555e+01
1.746320e+01
1.751574e+01
1.730466e+01
1.947379e+01
-3.625915e+01
-6.802063e+00
-7.006608e+00
-6.776080e+00
-5.365685e+00
-5.231165e+00
-1.729782e+01
-1.724095e+01
-1.683402e+01
-1.043100e+01
-8.305920e+00
-1.013811e+01
-1.021963e+01
-1.563223e+01
-1.547924e+01
-1.614529e+01
-7.717116e+00
3.907298e+01
-8.388743e+00
-2.109138e+01
1.332554e+01
-1.770092e+01
-1.910082e+00
-2.934037e+00
-2.515216e+00
-2.661448e+00
-2.224316e+00
-2.287271e+01
-2.713923e+00
3.490116e+01
1.013323e+01
4.461569e-01
-6.448074e+00
-3.348781e+01
-2.152028e+01
-3.367862e+01
-9.781104e+00
7.256129e+01
6.097119e+01
-1.045111e+01
-6.980829e+00
7.905005e+00
4.200363e+01
-1.973184e+01
-8.201167e+00
-1.412708e+00
1.984597e+00
-9.926437e+00
-9.772869e+00
2.285387e+00
1.743521e+00
1.556465e+00
-8.537315e+00
-8.660019e+00
-1.413048e+01
-1.406268e+01
-1.364464e+01
-1.078218e+01
-8.852599e+00
-7.763422e+00
-7.963978e+00
-8.284947e+00
-1.076278e+01
-2.947434e+00
-8.236782e+00
-7.945791e+00
-9.434314e+00
-5.521748e+00
1.584747e+01
-1.669986e+01
-1.675023e+01
-3.782248e+01
-2.655326e-01
-1.078092e+01
-1.107920e+01
-1.104198e+01
-1.134270e+01
-1.131820e+01
-1.135604e+01
-1.162730e+01
-1.161460e+01
1.442116e+01
-3.013342e+00
-7.341015e+00
-7.243820e+00
-6.935959e+00
-3.877476e+01
6.002400e+00
-3.877499e+00
-1.659824e+01
-1.714451e+01
-1.709458e+01
-1.765515e+01
-1.752860e+01
-1.810379e+01
-8.977158e+00
-1.594306e+00
-1.732944e+00
-1.329215e+00
-1.909275e+00
-1.578094e+00
-1.177957e+01
-2.090272e+00
-1.803136e+00
-2.380208e+01
-5.416424e+00
-2.601785e+01
-1.036871e+01
-1.044205e+01
-1.059987e+01
-1.065613e+01
-8.588371e+00
-9.035812e+00
-3.328194e+01
-4.472849e+00
-2.330670e+01
-2.030572e+01
-1.965628e+01
-2.020036e+01
-1.913663e+01
-1.902076e+01
-1.854471e+01
4.846840e+00
-9.788153e+00
1.148250e+01
-2.097089e+01
-9.218150e+00
-1.629345e+01
-1.574746e+01
-1.921425e+01
8.502801e+00
-1.290305e+01
3.852597e+01
-1.676246e+01
-1.638347e+01
-1.644788e+01
-1.601849e+01
-1.607837e+01
-1.566964e+01
-1.572298e+01
-1.533396e+01
-1.538097e+01
-1.501020e+01
-1.505087e+01
-1.469801e+01
-1.473139e+01
-1.439488e+01
-1.442333e+01
-1.410158e+01
-1.412784e+01
-1.381733e+01
-1.385495e+01
-1.354354e+01
-1.357078e+01
-1.327435e+01
-1.327780e+01
-1.300863e+01
-1.300545e+01
-1.275067e+01
-1.274349e+01
-1.249933e+01
-1.248483e+01
-1.225272e+01
-1.223054e+01
-1.201044e+01
-1.198224e+01
-1.177254e+01
-1.173789e+01
-1.153822e+01
-1.150501e+01
-1.130912e+01
-1.127967e+01
-1.180105e+01
-1.965346e+00
-1.009336e+01
-1.014622e+01
-1.000630e+01
-1.029435e+01
-2.896878e+01
-6.278579e+00
-8.562917e+01
-7.885372e+01
-7.330653e+01
-8.550399e+01
-2.570201e+01
4.813473e+01
4.515236e+01
2.647826e-01
-2.395203e-01
1.538742e+01
-4.543349e+00
-4.703899e+00
-7.199186e-01
-1.453603e+00
-9.320627e+00
-1.875204e+01
-4.994152e+00
-4.723835e+00
-5.063945e+00
-1.775041e+01
-9.863572e+00
-1.794455e+01
-1.850402e+01
-1.833020e+01
-1.888866e+01
6.226484e+00
5.784235e+00
-1.042615e+01
-4.263155e+00
-5.108124e+00
-5.941349e+00
-5.921468e+00
-4.947020e+00
-5.860279e+00
-6.717014e+00
-5.083951e+00
-5.902260e+00
-2.527098e+01
7.078149e+00
7.214462e+00
-1.868387e+01
-1.926564e+01
-1.898339e+01
6.853827e-01
-2.572075e+01
-1.445763e+01
-5.841241e+01
-8.293994e+00
-8.485017e+00
-1.209899e+01
-1.147051e+01
-1.160851e+01
-1.078705e+01
-2.417957e+01
3.335414e+00
4.898292e+00
-1.273891e+01
-1.961525e+00
-1.108696e+01
-1.234014e+01
-5.718818e+00
-5.978734e+00
-1.206155e+01
-1.172938e+01
-1.231392e+01
-1.191810e+01
-1.245931e+01
-1.205341e+01
-1.258318e+01
-4.021733e+01
5.691619e+00
-2.713615e+01
-6.824909e+01
-2.024952e+01
-9.964710e+00
-8.334844e+00
-8.459239e+00
-8.335068e+00
-8.516428e+00
-8.439088e+00
-8.580983e+00
-8.571704e+00
-8.759077e+00
-4.460901e+00
-1.824638e+01
-2.037212e+01
-1.249144e+01
-5.971655e+00
-1.704468e+01
-1.090401e+01
-1.869687e+01
-1.924523e+01
-1.814186e+01
-1.108864e+01
-8.847064e+00
2.495107e+01
2.635581e+01
2.440792e+01
2.547001e+01
2.336444e+01
2.381998e+01
2.051372e+01
2.828379e+01
1.828441e+00
1.557708e+00
2.007180e+00
-2.057095e+00
6.887736e+00
5.930299e+00
6.385481e+00
5.658641e+00
5.526652e+00
-5.384484e+00
2.290921e+01
2.645838e+01
-1.996070e+01
-2.886831e+01
-2.990580e+01
-2.150338e+01
-6.082821e+00
-3.021777e+00
-1.352550e+01
-1.341091e+01
-1.310249e+01
-1.332699e+01
-1.220378e+01
-1.154927e+01
-1.222859e+01
3.894979e+00
-1.083290e+01
-6.396079e+00
-1.010268e+01
1.936274e+01
4.172359e+00
3.722452e+00
-4.362402e+00
-4.439432e+00
-7.246375e+00
-1.606170e+00
-5.261459e+00
-6.543437e+00
-1.089148e+01
-1.827358e+01
-1.810606e+01
-8.560723e+00
-8.720766e+00
-8.759637e+00
7.749647e+00
-2.753452e+01
-2.861271e+01
-2.637748e+01
-1.005715e+01
-4.323841e+01
-4.516687e+01
-5.597788e-01
-8.176199e+00
-3.098381e+01
-3.010812e+01
-6.114230e+00
-1.039680e+01
-9.336507e+00
-7.567384e+00
-3.091582e+01
-3.071208e+01
-3.055578e+01
-2.735910e+00
-3.061718e+00
-1.029317e+01
-1.608793e+00
-2.293145e+01
2.253357e-01
-7.409766e+00
-7.338207e+00
-4.058007e+00
-4.011756e+01
-6.877301e+00
-6.544191e+00
-7.166462e+00
-2.075123e+01
-3.974490e+00
-4.281786e+00
2.136579e+01
-3.030827e+01
-3.098077e+01
8.567946e+00
9.636029e+00
-6.348205e+00
-2.886338e+00
-2.550637e+01
3.561957e+01
-1.359279e+01
-1.822560e+00
-2.288555e+01
1.211036e+01
-4.541434e+00
-4.554770e+00
7.835200e+00
-8.056602e+00
5.801591e+00
5.586416e+00
2.108207e+01
-3.143907e+01
-3.209645e+01
-1.483054e+01
-1.510941e+01
1.070806e+01
-1.340691e+01
-3.725743e+00
-5.990225e+00
-6.284824e+00
-2.230473e+01
-5.300506e+00
-8.180308e+00
-3.848705e+01
-2.859114e+00
-4.324031e+00
-8.222079e+00
-1.497743e+01
-2.140115e+00
-1.515836e+01
9.275927e+01
7.919224e+01
-4.131820e+00
-3.737106e+00
-7.317228e+00
-8.554137e+00
-5.008174e+01
-2.457309e+00
3.548165e+00
-3.486289e+01
1.412130e+01
-1.472859e+01
-3.291049e+00
-1.701252e+01
-8.044723e+00
9.856259e+00
-5.152621e+00
-4.757670e+00
1.196682e+00
-9.136287e+00
-4.420615e+00
-7.115063e+01
-6.627281e+01
-3.263389e+01
-9.929057e-01
-2.243981e+01
-1.755242e+01
3.528627e+01
-2.367845e+01
1.505639e+01
-3.004590e+01
-2.999884e+01
4.290019e+01
-8.243791e+00
-8.174977e+00
-8.364644e+00
-8.109283e+00
-8.013345e+00
-5.259019e+00
-5.630105e+00
4.449274e+00
-9.698412e+00
-3.697314e+01
-2.131664e+01
-3.539138e+00
-4.495982e+01
-4.132765e+00
2.277235e+00
1.971246e+00
2.376253e+00
1.533071e+00
1.852815e+00
-1.275607e+01
-1.168124e+01
-1.170861e+01
7.029354e-01
-6.089573e-03
-6.889690e-01
-2.271475e+01
-1.483772e+01
-1.622965e+01
-2.103225e+01
4.298289e+00
-2.945450e+01
2.182892e+01
-1.665445e+01
2.124932e+01
-8.895280e+00
-9.466428e+00
-8.497127e+00
-8.163603e+00
-8.678412e+00
-9.075665e+00
-3.323034e+01
-1.594587e+01
6.646283e-01
6.385577e+00
-1.055760e+01
-1.064676e+01
-8.418436e+00
-7.698485e+00
-2.424184e+01
5.413154e-01
-1.174286e+01
-1.003438e+01
-1.678775e+01
-6.877687e+00
-7.447814e+00
-2.827270e+01
-8.721438e+00
-3.322429e+01
-9.200331e+00
-1.165902e+01
-1.144781e+01
-3.677317e+01
2.067774e+01
1.835441e+01
4.681735e+00
-1.510553e+01
-5.613385e+01
-1.541184e+01
-3.201871e+01
-1.368865e+01
-1.152240e+01
-4.345084e+00
-1.347456e+01
-2.566925e+00
-2.933338e+00
-1.227654e+01
9.931663e-01
-7.783389e+00
1.019894e+01
-8.324240e+00
-9.027782e+00
-9.132136e+00
4.562771e-01
-2.735190e+01
-6.430687e+01
-1.229290e+01
-9.929718e-01
-1.180557e+00
-7.029929e+00
-4.748837e+00
-3.454169e+00
2.477979e+00
-1.442508e+01
-1.447774e+01
-1.495091e+01
-1.325484e+01
-9.002330e+00
-8.968255e+00
-8.718533e+00
-8.773556e+00
-8.749126e+00
-3.998986e+01
-1.104500e+01
-1.086933e+01
9.228932e-01
1.528033e+01
2.331249e+01
-6.733399e-01
-2.023756e+00
-9.456736e+00
-9.745820e+00
-2.094521e+01
-2.157054e+01
-9.603585e+00
-2.097004e+01
-8.778572e+00
-8.580472e+00
7.073042e+00
-6.403711e+00
2.553885e+00
-3.562253e+01
-2.956547e+01
-9.051726e+00
-8.861387e+00
-4.885353e+00
-2.462884e+01
-9.798014e+00
-9.711352e+00
-6.249001e+00
-1.701104e+01
-1.743081e+01
-1.782051e+01
-1.785780e+01
6.879960e-01
-6.860058e+01
-6.235512e+01
-6.100308e+01
-5.728215e+01
-3.312761e+01
-1.155227e+01
-3.223477e+01
-4.173136e+01
-9.886240e+00
-3.793711e+00
-4.290869e+00
-5.288025e+00
-5.040966e+00
-5.960275e+00
4.947444e+00
-2.980911e+01
-1.194282e+01
-1.189079e+01
-1.551729e+00
-9.542062e+00
-1.138601e+01
-1.042841e+00
-1.357252e+00
-6.064436e+00
-6.743149e+00
-1.114179e+01
-1.091288e+01
4.596036e+01
-1.990976e+01
-2.267992e+01
-5.898091e+00
-6.107393e+00
-6.409873e+00
-8.040926e+00
1.673974e+01
-5.906617e+01
-5.404259e+01
-5.328185e+01
-5.047309e+01
-1.973601e+01
-3.156446e+01
-2.774866e+01
-1.151494e+01
-5.207103e+00
-1.516934e+01
-1.627247e+01
-1.774029e+01
-1.754165e+01
-1.865124e+01
-1.904059e+01
-9.894417e+00
-7.756090e+01
1.183375e+00
-1.377304e+01
2.342056e+00
2.218037e+00
1.517133e+00
2.083769e+00
2.469737e+00
-3.070057e+01
-9.128960e+00
-9.657644e+00
-9.720646e+00
-9.668151e+00
2.174422e+01
2.161404e+01
2.144507e+01
-1.011890e+01
4.089488e+01
-1.925239e+01
-1.974563e+01
-1.979658e+01
-6.158868e+01
1.865984e+01
1.667437e+01
1.601500e+01
1.471346e+01
-2.302929e+01
-1.589568e+01
-5.124386e+01
-4.792035e+01
-4.732202e+01
-4.493630e+01
4.768069e+01
-9.023234e+00
-1.593815e+01
1.419096e-01
-1.004722e+01
-1.039155e+01
-2.622607e+01
-4.823803e+01
-1.054162e+01
-1.048150e+01
-1.033558e+01
-1.059425e+01
-1.092883e+01
-4.964952e+00
-5.027518e+00
-8.723742e+00
-6.201061e+00
-6.140133e+00
-2.461560e+01
-9.948879e+00
-1.317578e+01
-1.193733e+01
-8.771428e+00
6.783856e+00
-6.822837e+00
-1.424829e+01
-1.406844e+01
-3.964117e+00
-1.445829e+01
1.534347e+01
1.353006e+01
1.279018e+01
1.174233e+01
1.067565e+01
9.934846e+00
-4.563665e+01
-4.287307e+01
1.139004e+01
-1.757688e+01
-2.493242e+01
7.540910e+00
7.732143e+00
6.614955e+00
-3.310558e+01
-3.537104e+01
-6.798228e+00
-1.815182e+01
-1.169358e+01
5.975988e+00
5.415509e+00
-1.947867e+01
-1.528057e+01
2.213364e+01
-6.753775e+00
-1.861584e+01
-1.435798e+01
-7.733480e+00
-2.411173e+01
-2.356741e+01
-2.195132e+01
-2.826920e+01
-2.192407e+01
-2.868872e+01
-2.591028e+01
-2.804389e+01
-2.732481e+01
-2.075354e+01
-2.303335e+01
-2.643525e+01
-2.432568e+01
-2.010656e+01
-2.084742e+01
-1.890834e+01
-1.867783e+01
-3.082697e+01
-2.634328e+01
-1.211394e+01
-1.272603e+01
-1.161547e+01
-1.310620e+01
-1.659467e+01
-1.119479e+01
2.030090e+01
1.449068e+01
-2.477705e+00
-1.063580e+00
-1.678062e+00
6.676728e-01
-1.511928e-02
-2.146812e+01
-3.472975e+01
-2.539442e+01
-6.454571e+00
6.701265e+00
-1.193168e+01
-1.191673e+01
-1.191135e+01
-2.741136e+01
-2.560414e+01
-6.238266e+00
-8.915774e+00
-6.093887e+00
-6.346942e+00
-2.274500e+01
-2.946390e+01
-2.107292e+01
-1.072553e+02
-1.303311e+02
-1.308777e+02
-7.500114e+00
-6.993687e+01
-1.119180e+01
-7.906122e+00
-9.280370e+00
6.164822e+00
-8.748677e+00
-1.587141e+01
5.702626e+00
5.570460e+00
-1.072653e+01
-1.090350e+01
-1.104635e+01
-1.123115e+01
-1.134887e+01
-1.155844e+01
-1.167473e+01
-1.189278e+01
-1.177755e+01
-1.201255e+01
-1.223372e+01
-1.234333e+01
-1.257960e+01
-1.267724e+01
-1.293127e+01
-1.303194e+01
-1.329463e+01
-1.340075e+01
-1.366450e+01
-1.376995e+01
-1.404354e+01
-1.414723e+01
-1.443359e+01
-1.453643e+01
-1.483425e+01
-1.493635e+01
-1.524685e+01
-1.535030e+01
-1.567594e+01
-1.577814e+01
-1.612157e+01
-1.622328e+01
-1.658223e+01
-1.668208e+01
-1.705731e+01
-1.716525e+01
-1.471642e+01
-1.600822e+01
-1.633013e+01
-1.283378e+01
-1.752729e+01
-1.743124e+01
-1.762995e+01
-1.353977e+01
-1.305649e+01
-1.323229e+01
-1.284940e+01
-5.518531e+00
5.100708e+00
4.532076e+00
5.798774e+00
-9.278108e+00
-9.457569e+00
9.405598e+00
1.034021e+01
1.018267e+01
1.084453e+01
-6.516424e-02
1.434913e+00
-1.007713e+01
3.137223e+00
-2.442172e+01
7.970398e+00
3.719523e+00
4.741473e+00
9.241566e-01
2.159831e+00
1.379295e+00
-2.201967e+01
-2.123321e+01
-2.056568e+01
-4.184543e+01
-4.020950e+01
-4.100954e+01
-3.909832e+01
-3.858302e+01
6.707453e+00
-1.645529e+01
-1.623289e+01
2.996545e+00
3.603919e+00
-1.116692e+01
-8.700686e+00
1.017569e+00
2.442812e+00
-1.219511e+01
-1.192677e+01
-1.197498e+01
-1.715593e+01
-2.849719e+01
6.442369e+01
5.412269e+01
7.934560e+01
-5.929349e+00
2.126912e+00
1.135426e+01
-1.962123e+01
-1.938877e+01
-1.883756e+01
-9.209653e+00
-9.393425e+00
-7.561384e+00
-9.064223e+00
-8.302051e+00
-8.131182e+00
-4.360230e+00
-1.019721e+01
-1.073714e+01
-1.868387e-01
-1.858404e+01
-8.610661e-01
7.383878e+00
8.072242e+00
-6.325844e+00
-1.153476e+01
-2.881640e+01
2.306463e+01
2.036919e+01
-2.535254e+01
3.203869e+01
-2.163866e+01
-1.460336e+01
-6.489440e+00
-8.165195e+00
-8.386473e+00
-1.079997e+01
-3.475291e+00
-1.931257e+01
-1.762802e+01
-1.804990e+01
-5.535215e-02
-1.463415e-01
-1.024370e+00
-7.844902e+00
-2.163619e+01
-2.220078e+01
-1.120029e+01
-8.211136e+00
-8.651761e+00
-1.959491e+01
-1.800844e+01
-1.611926e+01
-2.028602e+01
-1.022652e+01
-7.566925e+00
-1.162313e+01
-1.195753e+01
-1.223928e+01
-7.377825e+00
-6.887051e+00
1.492619e+00
1.997103e+00
-1.416354e+01
-7.410432e+00
-7.552939e+00
-7.457076e+00
-7.679034e+00
-4.821342e+00
-4.526181e+00
-8.881943e+00
1.100099e+02
1.094598e+02
9.206429e+01
6.980217e+00
8.331042e+00
-9.906757e+00
-1.544662e+01
-2.559008e+01
-3.439821e+01
-3.609423e+01
6.731936e+00
-4.375850e-01
-5.664561e-01
-6.719067e-02
-2.059390e+01
-1.192162e+01
-1.066113e+01
-1.022924e+01
-1.067473e+01
-8.937704e+00
-8.982791e+00
-8.954651e+00
-9.714892e+00
-9.616217e+00
-8.912736e+00
-4.850157e+00
-4.871134e+00
-5.150541e+00
-5.464531e+00
-5.747342e+00
-8.816312e+00
-9.112961e+00
-8.504912e+00
-2.429458e+01
-2.511260e+01
-1.141359e+01
1.059452e+01
1.140088e+01
-9.153979e-01
-1.005326e+00
-1.546989e+00
-1.744507e+01
-1.685774e+01
-7.820985e+00
-8.778643e+00
-8.970209e+00
1.821718e+00
-8.071003e+00
-2.921706e+01
-2.989615e+01
-3.032129e+01
-1.071739e+01
-1.300130e+01
-7.789891e+00
-1.959143e+01
-2.009679e+01
-5.968370e+00
-2.591907e+01
-4.539809e+00
1.285047e+02
1.322385e+02
-1.547417e+01
-4.854679e+00
-1.788896e+01
-2.709782e+01
-8.499682e+00
-9.261250e+00
-8.775144e+00
-1.099304e+01
2.612718e+00
-1.185749e+01
-6.989813e+00
-7.206818e+00
-6.772846e+00
-6.542761e+00
1.881925e+00
1.383603e+00
-2.925032e+00
-3.303021e+00
-3.680136e+00
-2.486565e+00
-2.999645e+01
-2.652932e+01
6.760402e+00
1.555727e+01
-1.839250e+01
-1.796060e+01
-1.809407e+01
-1.754083e+01
-1.763859e+01
-1.715080e+01
-1.738246e+01
-1.496093e+01
-2.983869e-01
-1.066059e+01
4.749479e+00
2.915252e+00
-3.838925e+01
-8.059558e+00
-5.420402e+00
-1.975518e+01
-1.850543e+01
3.165911e+00
-1.353881e+01
-1.341900e+01
-6.350611e+00
5.254754e+01
5.993969e+01
6.130237e+01
-1.896640e+01
-1.747940e+01
-1.632184e+01
-1.637822e+01
-1.559562e+01
-1.563121e+01
-1.550205e+01
-1.684981e+01
-8.980043e+00
-2.661749e+01
9.078880e+00
-3.830067e+00
-3.407583e+00
-3.335331e+00
-2.977138e+00
-1.028739e+01
-1.387422e+01
-2.702191e+01
8.612818e+00
-4.349802e+00
-1.109575e+01
-9.521544e+00
1.559781e-01
2.284093e+00
7.828018e+00
-8.587061e+00
-1.294259e+01
-9.028493e+00
-1.718357e+02
-1.426683e+02
-8.782379e+00
3.266808e+01
2.853723e+01
-2.141910e+01
-6.537022e+00
-6.288908e+00
3.674208e+00
-2.055797e+01
-2.045427e+01
-1.885034e+01
-3.386886e+01
-4.587060e+00
-4.913239e+00
-9.650453e+00
-9.738676e+00
-1.728457e+01
-7.690509e-01
-3.912566e+01
-2.785915e+01
-6.244981e+00
-5.978359e+00
-3.320821e+01
-3.148817e+01
6.852496e+01
-2.110654e+01
-3.309341e+00
-2.927006e+01
-2.207379e+00
-2.791888e+01
-2.892843e+01
1.166899e+01
-9.015118e+01
-7.623687e+00
9.971910e+01
-3.517390e+00
6.824726e+00
-9.766763e+00
-9.625893e+00
-7.972066e+00
-1.968861e+00
-2.759573e+01
-6.034472e+00
-1.988091e+01
-3.171228e+01
-1.535825e+01
-1.559357e+01
-3.641280e+01
-2.603668e+01
-2.664064e+01
-9.405701e+01
-2.460713e+01
2.187393e-01
1.451982e+00
2.382918e+00
-1.472588e+01
2.663039e+00
3.881422e+01
-1.449637e+01
-6.031446e+00
1.077108e+01
5.176740e+01
4.596780e+01
4.749394e+01
-6.197369e+00
-5.716366e+00
-9.887624e+00
-4.871765e+00
-2.242188e+00
-2.254909e+00
-3.068397e+00
-2.614419e+00
-2.533326e+00
-2.153548e+00
-2.248123e+00
-1.672308e+00
-1.677289e+00
-1.858360e+00
-2.364237e+00
-1.476284e+00
-2.513782e+00
-1.092329e+01
-1.105981e+01
8.748376e+00
-1.725251e+01
-1.090099e+01
-1.090463e+01
-1.069397e+01
-1.083749e+01
-1.084433e+01
-1.056783e+01
-7.801669e+00
-3.455201e+01
-6.050132e+01
6.472588e+00
-3.090980e+00
-2.841558e+00
-2.217898e+01
-2.152067e+01
-3.631925e+00
-3.845073e-01
-6.999340e+00
-9.942604e+00
-9.539062e+00
-9.331144e+00
-7.268088e+00
-9.549465e+00
-1.175930e+01
-1.769393e+01
-1.506442e+01
-1.574322e+01
-1.558067e+01
-1.057882e+01
-3.343979e+00
2.809986e+00
1.941709e+01
-8.699618e+00
-8.539722e+00
-8.228561e+00
-1.358515e+01
-1.391189e+01
-1.125132e+01
-1.108151e+01
1.421304e+01
1.394947e+01
1.342691e+01
1.511632e+01
1.471884e+01
-1.796023e+01
-1.128428e+01
-1.108510e+01
-1.134339e+01
-1.185938e+01
-9.096708e+00
-9.655100e+00
-1.241082e+01
-1.298487e+01
-2.228128e+01
-2.287711e+01
-2.330188e+01
-2.338648e+01
-2.378656e+01
-2.281269e+01
-2.386697e+01
-2.427603e+01
-2.472522e+01
-2.228239e+01
-2.171468e+01
-2.209846e+01
-2.142125e+01
-2.069580e+01
-2.119202e+01
-1.300274e+01
-1.323008e+01
-1.368601e+01
-1.277912e+01
-1.232652e+01
-1.210782e+01
-1.166793e+01
-1.144471e+01
-1.123880e+01
-1.096222e+01
-1.144965e+01
-1.099934e+01
-1.188214e+01
-1.164469e+01
-1.651797e+01
-1.676460e+01
-1.735034e+01
-1.708225e+01
-1.622386e+01
-1.570140e+01
-1.599211e+01
-1.542732e+01
-1.519151e+01
-1.466080e+01
-1.405393e+01
-1.388270e+01
-1.474571e+01
-1.431113e+01
-1.558957e+01
-1.345438e+01
-1.388781e+01
-1.463581e+01
-1.497350e+01
-1.263639e+01
-1.304472e+01
-1.351771e+01
-2.371467e+01
-1.678360e+01
-1.730169e+01
-1.252267e+01
-1.203658e+01
-1.300705e+01
-7.779449e+00
-1.350928e+01
-1.402344e+01
-1.203786e+01
-6.571518e+00
2.451172e+01
2.546124e+01
-1.474677e+01
-1.560768e+01
-4.814976e+01
-4.601777e+01
-1.394234e+01
-1.413745e+01
-1.461381e+01
-1.434149e+01
-1.492416e+01
-2.803410e+01
-6.562515e+00
-2.155746e+01
-2.006599e+01
-1.732023e+01
-4.213112e+00
-4.443790e+00
-3.751070e+01
-7.047345e+00
-1.921470e+01
-1.307578e+01
-7.911070e+00
-7.373348e+00
-7.548833e+00
-1.421504e+01
-1.334848e+01
-8.386756e+00
-8.335858e+00
-1.933658e+01
-2.785494e+01
-3.655269e+00
-2.348720e+01
-2.246586e+01
1.402205e+01
-1.544361e+01
-5.582102e+01
-5.342024e+01
-1.047693e+01
-1.017962e+01
-1.057195e+01
-1.081111e+01
-1.145441e+01
-1.177110e+01
-1.292769e+01
-1.257867e+01
-7.238603e+00
9.070999e-01
1.009652e+00
-6.718833e+00
-6.952738e+00
-7.346310e+00
-7.131013e+00
-6.560747e+00
-7.471220e+00
-7.879685e+00
-7.382399e+00
2.188515e-01
-7.935263e+00
-8.749272e+00
-8.044574e+00
-8.419684e+00
-7.870767e+00
-8.161137e+00
-8.004064e+00
-7.744644e+00
-8.491892e+00
-8.485800e+00
-8.780578e+00
-8.982384e+00
-9.244342e+00
-9.321745e+00
-9.699133e+00
-9.477681e+00
-8.762124e+00
-9.564948e+00
-9.752431e+00
-8.367310e+00
3.383477e+01
3.011951e+01
2.658411e+01
2.627204e+01
2.666587e+01
3.421606e+01
3.893234e+01
3.382006e+01
4.442197e+01
2.386208e+01
2.771368e+01
2.393162e+01
2.912771e+01
3.130015e+01
2.741080e+01
-9.969004e+00
-1.663075e+01
-1.604836e+01
-1.713139e+01
-1.664847e+01
-1.633052e+01
-1.007680e+01
-1.013988e+01
4.009173e+00
3.905856e+00
-1.826040e+01
-1.931102e+01
-8.746127e+00
-8.898493e+00
-9.158220e+00
-8.631473e+00
-8.791319e+00
-4.975531e+00
6.694758e+00
-5.623444e+00
-5.317831e+00
-9.367991e+00
-1.019134e+01
-1.009984e+01
-9.083628e+00
-1.036521e+01
-1.079391e+01
-1.054748e+01
-1.012541e+01
-3.490521e+01
-3.446125e+01
-2.379535e+01
-3.264523e+01
-3.373472e+01
1.027718e+01
-4.480473e+01
-2.256715e+00
-1.821970e+01
2.090280e+01
-2.462125e+00
9.524225e+00
7.812372e+00
1.069719e+01
-4.503721e+01
-4.738835e+01
-4.779846e+01
-4.969418e+01
-4.971727e+01
-4.897034e+01
-4.766769e+01
-5.150730e+01
-4.911432e+01
-5.149927e+01
-3.981823e+01
3.812919e+00
2.055720e+00
1.432093e+00
-4.846818e+00
-5.540476e+00
3.228157e+00
3.105942e+00
1.694455e+01
-1.006268e+01
-9.830877e+00
-1.451780e+01
-5.978749e+00
-1.906487e+01
-1.549748e+01
-1.564280e+01
-1.530201e+01
-8.540942e+00
-1.004642e+01
-1.122159e+00
-1.641172e+00
2.768422e+01
-1.603128e+01
-1.035175e+01
-1.062127e+01
-8.558008e+00
-4.052186e+00
-3.733171e+00
-4.087892e+00
-3.805246e+00
-3.430386e+00
-3.504779e+00
-3.388622e+00
-3.022500e+00
1.073980e+01
1.243015e+01
7.542702e+00
-8.153775e+00
-1.841887e+01
-1.094274e+01
-1.047982e+01
-9.301211e+00
1.268038e+01
-6.973964e+00
-1.066036e+00
-1.126910e+01
-1.952658e+01
-2.005866e+01
-2.092288e+01
-2.062606e+01
-1.933086e+01
-2.140554e+01
-1.318310e+01
-1.353470e+01
-1.366700e+01
-1.390565e+01
-1.404968e+01
-1.340443e+01
-1.381228e+01
-1.340415e+01
-1.826875e+01
-1.355611e+01
1.353961e+01
1.504247e+01
-1.371375e+01
-1.366990e+01
-1.403641e+01
-1.984383e+01
-1.529628e+01
-1.049368e+01
-7.939091e+00
-7.786961e+00
-1.587966e+01
-1.635416e+01
1.103291e+01
1.020912e+01
9.082181e+00
9.440965e+00
8.680692e+00
7.807154e+00
-2.410321e+01
-2.425271e+01
-2.461833e+01
-2.468916e+01
-1.695864e+01
1.753937e+01
1.585083e+01
1.960613e+01
2.006353e+01
-1.229162e+01
-1.277431e+01
-1.315537e+01
9.675511e-01
1.104049e+00
4.836157e-01
3.642882e-01
-1.082406e-01
-1.449130e-02
-2.894751e+01
-3.049433e+01
-2.235146e+01
-7.822128e+00
-7.518175e+00
-7.724190e+00
-1.062149e+01
-3.276126e+01
-1.272433e+01
-1.229488e+01
-1.217915e+01
-1.205224e+01
-1.455445e+01
-5.256909e+01
-1.135246e+01
-1.117789e+01
-1.157596e+01
-1.158868e+01
2.831809e+01
3.030445e+01
-1.466265e+01
-1.497336e+01
-2.325665e+01
-1.077495e+01
-3.167449e+00
-2.781559e+00
-3.179931e+00
-1.945117e+00
-2.880722e+00
4.954339e+00
-8.801270e-01
-9.297695e+00
-9.575139e+00
-4.572650e+00
-4.382764e+00
-6.304343e+00
-6.203955e+00
-5.872745e+00
-6.157048e+00
-5.869192e+00
-5.584027e+00
-6.537789e+00
-6.645121e+00
-6.784192e+00
-3.462191e+01
1.322329e+00
-1.764912e+01
-1.796434e+01
-1.826856e+01
-1.866885e+01
8.566457e+00
1.191276e+01
6.472435e+00
6.638793e+00
5.790317e+00
-1.374586e+01
-1.452493e+01
-8.740444e+00
-5.821102e+00
-9.233378e+00
-9.646961e+00
-1.734729e+00
-1.871761e+01
-2.068719e+01
2.316205e-01
-1.193893e+01
-6.038260e+00
-5.648408e+00
-4.169267e+00
-7.370607e+01
-8.543042e+00
-7.828216e+00
-2.541462e+01
-2.553157e+01
-4.248631e+00
-3.915103e+00
-3.917654e+01
3.332934e+00
2.798915e+00
-1.119647e+01
-1.064358e+01
-7.765256e+00
1.244379e+01
1.176707e+01
-7.595170e+00
-8.022666e+00
-8.407470e+00
-1.020761e+01
-8.305058e+00
-1.072242e+01
1.816736e+01
1.033176e+01
-9.036055e+00
-9.289299e+00
-6.985596e+00
-9.931046e+00
-5.746657e+00
-1.561980e+01
-4.217302e+01
-1.146515e+00
-4.779616e-01
1.945971e-01
-4.158393e-01
-1.083574e+01
-1.161811e+01
2.613028e+01
-8.444753e+01
-8.857960e+00
-2.548674e+01
-2.533705e+01
8.842925e+01
-3.654898e+01
-1.548472e+01
-2.575822e+01
-1.173985e+01
-6.601833e+00
-1.753917e+01
-2.339306e+01
-1.113330e+01
7.435722e-02
9.199827e+00
1.002694e+01
3.382587e+00
3.281694e+01
5.467354e+00
5.901720e+00
6.298012e+00
-3.092341e+00
-1.166255e+01
-1.087532e+01
-1.149177e+01
4.379503e+00
-6.958865e+00
-1.600394e+01
-1.515439e+01
4.272664e+00
-2.190337e+01
-2.815823e+01
-5.185200e+01
-4.951186e+00
-5.246686e+00
-6.917986e+00
-7.815617e+00
-5.674257e+00
-2.491264e+00
-2.211699e+00
-4.627133e+01
-4.720649e+01
-8.897211e+00
-8.712476e+00
-7.013100e+00
-2.663612e+01
-2.114954e+00
-8.873499e-01
-2.256609e+00
-1.400301e+00
-2.042209e+00
-2.736601e+00
-2.201812e+00
-1.458559e+00
-1.242993e+00
-2.006759e+00
-1.882157e+00
-1.933450e+01
-6.096837e+00
-6.584602e+00
-6.639774e+00
-7.168397e+00
-4.641701e+00
-3.266836e+01
-3.126318e+01
2.013873e-01
7.432014e-01
1.023078e+00
7.104952e-01
1.294993e+00
1.604437e+00
9.512583e-01
1.538424e+00
1.690084e+00
2.143256e+00
2.105124e+00
1.838260e+00
-2.969743e+01
-4.241063e+00
1.003893e+00
3.419459e-01
-7.451713e+00
-1.431577e+01
-2.207274e+01
-2.253785e+01
-1.451137e+01
-9.540667e+00
-7.355664e+00
1.134768e+00
3.369332e+00
4.741982e+00
-1.293860e+01
-1.450031e+01
-1.774392e+01
-1.844696e+01
-3.540571e+00
-1.923722e+01
-2.155549e+01
-2.013471e+01
1.378155e+01
-3.265189e+01
-3.474079e+01
-3.718390e+01
2.596351e+01
-4.468917e+01
-1.819493e+01
3.266171e+01
-5.214820e+01
-9.583544e+00
4.239783e+01
-6.081285e+01
-6.512647e+01
-7.558533e-02
-2.244261e+01
-4.779229e+00
-8.850320e+00
-1.027231e+01
-4.573931e+00
-8.296218e+01
-8.992708e+01
-1.024712e+02
-1.109904e+02
-1.235134e+02
-9.526432e+00
-1.583490e+01
3.789235e+01
3.841837e+01
4.151357e+01
-4.604666e+01
-4.083592e+00
-4.189662e+00
-1.781270e+02
6.155286e+01
-1.038038e+01
-6.289934e+00
4.547319e+01
3.474006e+01
-1.040364e+01
-5.378377e+00
-3.641122e+00
-1.563654e+00
-6.946140e+00
-6.701753e+00
-1.108562e+01
-1.098646e+01
3.225325e+00
-2.380824e+01
-1.045735e+01
4.314656e+00
-6.523666e+01
2.693931e-01
-1.460991e+01
1.540261e+01
-2.028090e+01
-3.960351e+01
-3.998255e+00
-1.159648e+01
-1.272873e+01
-8.163814e+00
-2.388929e+01
-1.011114e+01
-2.382597e+01
-1.617261e+01
-2.260865e+01
-2.172925e+01
-2.168103e+01
-9.708430e+00
-1.050189e+01
1.030320e+01
-1.137698e+01
9.922667e+00
-5.942298e+00
-1.047300e+01
-4.293890e+00
-3.452493e+00
-1.034178e+01
-5.619600e+00
-6.200146e+00
-3.202693e+01
-1.375158e+01
2.259534e+01
1.246638e+01
9.618453e+00
-2.829581e+01
1.752352e+01
-1.565912e+00
-6.279462e+00
5.034526e+00
1.379842e+01
-9.022603e+00
-1.772590e+01
8.821812e+00
-6.922764e-01
3.636416e+00
3.886177e+00
4.279261e+00
-1.564943e+00
-3.104241e+01
-3.521264e+01
7.142318e+00
3.693232e+00
-1.667129e+01
2.989310e+01
-1.842003e+01
-1.740153e+01
-4.472157e+01
5.896166e+00
-2.618967e+01
-2.561504e+01
1.479569e+01
-3.425103e+00
-1.344250e+01
-6.712704e+00
-2.405058e+00
-2.337712e+00
-1.257365e+01
-1.199526e+00
-9.397795e+00
-2.315171e+01
-3.207572e+01
2.008527e+00
-8.399150e+00
-1.587224e-01
-3.345798e-01
-7.246364e+00
-7.319410e+00
3.249617e+01
-2.596868e+01
-5.558624e+00
-5.896854e+00
-5.524522e+00
-6.252451e+00
-1.298774e+01
7.226362e+00
-2.946569e+00
-2.828681e+00
-2.309908e+00
-1.965232e+00
-6.352840e+00
-3.538588e+00
-1.687685e+01
-4.343698e+01
-3.126737e+01
-1.014443e+01
-1.009941e+01
-4.676174e+00
-8.400935e+00
-1.581432e+01
-5.064189e+00
-4.907491e+00
-5.270651e+00
-5.658798e+00
-4.526787e+00
-5.757150e+00
-1.415288e+01
-1.555936e+01
-8.455108e+01
-8.014776e+00
-5.744226e+00
-6.706575e+01
1.588188e+01
1.668470e+01
1.797358e+01
1.757691e+01
-4.546980e+00
-4.080920e+01
-7.606741e+00
-2.299163e+01
-2.267177e+00
-2.795022e+01
-9.465272e+00
-5.401674e+00
1.059027e+01
-1.021135e+01
5.020478e+00
-2.309763e+00
-7.589124e+00
-8.730976e+00
-9.331992e+00
2.902281e+00
3.933248e+00
-2.967899e+00
-2.529499e+00
2.087965e+01
1.827719e+01
-6.512895e+01
-2.931129e+00
-3.004015e+01
-4.423285e+01
-2.599583e+01
1.097992e+01
-1.811648e+01
-1.949052e+01
-1.069280e+01
-7.470500e+00
-3.947903e+01
-4.046635e+01
1.778017e+01
-4.709702e+00
4.965200e+00
-1.497018e+01
6.323877e+00
5.667898e+01
-9.223285e+00
-7.284316e+00
-8.747036e+00
-4.268365e+01
-1.167047e+01
-1.953296e+01
-9.714054e+00
-1.553765e+01
-7.967767e+00
-1.833887e+01
-7.668119e+00
-9.438439e+00
-1.810315e+01
-4.306205e+01
-3.321651e+01
-3.141269e+01
-1.097171e+01
-1.252007e+01
-6.549323e+00
-1.256788e+01
-1.932208e+01
-2.073359e+00
-2.481388e+00
-9.250721e+00
-1.506562e+01
-3.952701e+00
-1.098943e+00
-1.414379e+01
-1.191539e+01
-3.679462e+00
-1.161617e+01
4.697999e+00
1.277889e+01
6.323095e+00
-1.610846e+01
-1.238235e+01
-3.487706e+01
-1.223084e+01
-1.205306e+01
-7.149484e-01
-8.463989e+00
-1.170111e+01
-9.937304e+00
-1.388666e+01
1.526258e+00
1.020684e+01
-1.139337e+01
-3.203506e+01
-3.117828e+01
-9.435627e+00
3.548053e+00
-5.454419e+00
-1.688298e+01
-2.468450e+01
-2.036759e+00
-4.222362e+01
-1.031986e+01
-1.297909e+00
-1.864913e+01
-8.385923e+00
-1.021426e+00
-8.999533e+00
-1.086031e+01
-2.767095e+00
-7.795731e+00
1.199494e+01
-2.479233e+01
-2.210083e+01
7.993508e+00
-4.313711e+00
-9.664499e+00
-9.436221e+00
8.938989e+00
-3.172580e+01
-4.838461e+00
-8.559307e+00
-8.674638e+00
-2.654005e+01
-5.100869e+01
-8.539224e+00
-6.010214e+00
7.086289e+01
1.283107e+02
2.104130e+00
-1.641700e+01
7.764811e+00
3.530744e+00
-2.393064e+00
-2.170768e+00
-1.670915e+00
-1.009976e+01
-5.018259e+01
-7.630489e-01
1.959535e+01
2.279725e+01
-3.833112e+01
1.402110e+01
-2.987526e+01
-2.057702e+01
-2.005509e+01
-1.906157e+01
-1.820259e+01
-1.827847e-01
-1.626071e+01
-2.761251e+00
-1.558608e+01
-1.497036e+01
-3.387674e+00
-1.345001e+01
-1.399344e+01
-5.475531e+00
-5.003169e+00
-5.179310e+00
-1.298479e+01
-1.254369e+01
-5.912796e+00
-1.167386e+01
-1.210355e+01
-6.398150e+00
-7.194014e+00
-6.782739e+00
-1.073756e+01
-7.395659e+00
-7.784427e+00
-9.814710e+00
-8.713057e+00
-9.627593e+00
-1.054868e+01
-1.071430e+01
-3.707550e+01
1.419184e+01
-2.826067e+01
4.315444e+01
-2.428086e+00
-7.685992e+01
1.882081e+01
5.814777e+00
-2.971459e+01
-2.895745e+01
1.541057e-02
-1.453899e+01
5.125420e+01
-1.034391e+01
-1.558809e+01
-1.137326e+01
-1.682421e+01
-2.276191e+01
-2.339785e+01
-2.395751e+01
-2.421044e+01
-2.282107e+01
-1.310927e+01
-2.843694e+00
-7.240447e+01
-2.001113e+01
-1.554578e+01
-8.328115e+00
-3.102522e+01
4.703116e+00
-1.036909e+01
-1.008562e+01
-2.093320e+01
-4.166063e+00
-9.745617e+00
2.103993e+00
2.456896e+01
-1.647246e+01
-8.633493e+00
-1.364163e+01
-8.060841e+00
7.345822e+01
-4.765241e+00
-9.420566e+00
1.385059e+01
-7.610484e+00
-5.592015e+01
-1.134435e+01
-3.621069e+01
-4.445094e+00
4.078895e+00
3.654161e+01
-3.517053e+01
-3.419061e+00
-5.577959e+01
-1.515001e+00
-1.031547e+01
-6.967551e+00
-9.574953e+00
-2.218397e+01
-1.876570e+01
2.522714e+00
-3.206215e+00
-5.260264e+00
8.703606e+00
5.077769e+00
1.062087e+01
-1.536622e+01
-9.494958e+01
-8.251716e+00
7.964026e-01
1.204294e+00
-7.417754e+00
3.949998e+00
3.109004e+00
-5.457986e+01
3.438264e+01
-8.728473e-01
-6.653156e+00
-1.274362e+01
-2.055716e+01
-2.951489e+01
-2.507842e+01
-1.634387e+01
-2.286463e+01
-1.455275e+01
2.249022e+01
-6.849545e+01
-4.243225e+00
-1.983145e+01
-4.055025e+00
-1.375367e+01
-9.259571e+00
-7.540439e+00
-6.000006e+00
-2.319101e+01
6.187513e+00
-1.318461e+01
-7.769120e+00
-1.190221e+01
-1.251538e+01
-1.054584e+01
-2.524130e+01
-2.553042e+01
-3.575358e+01
1.597447e+01
5.156342e+00
-1.983435e+01
-2.178218e+01
-8.837783e+00
-1.276945e+01
-1.958834e+01
-1.792407e+01
-1.058586e+01
-1.623407e+01
-1.620598e+01
-1.876438e+01
-1.682248e+01
-7.639112e+00
-1.731267e+01
-8.355051e+00
-2.682976e+01
1.264772e+01
-1.120801e+01
-9.443853e+00
-1.988234e+01
-1.320873e+01
-7.440200e+00
-2.515696e+01
-1.465543e+01
-1.919642e+01
-7.570908e+00
7.628506e+00
4.292737e+00
-8.119845e+00
3.187072e+00
-9.986141e+00
-6.029932e+00
-2.842242e+01
-1.328990e+01
-1.193808e+01
1.877645e+00
-1.926298e+01
-1.025346e+01
-4.600645e+01
-8.443664e+00
4.615241e-01
-6.456892e+00
-1.979877e+00
-2.560900e+00
-1.264335e+01
-8.565210e+00
-4.962149e+00
-1.858399e+01
-3.688682e+01
-6.793585e+00
-1.070809e+01
-1.005194e+01
-8.414610e+00
-1.029938e+01
-3.665360e+01
-2.657237e+01
-3.512128e+01
-4.669191e+01
-7.834886e+00
-9.093523e+00
-8.620892e+00
-7.862451e+00
-1.089810e+01
-1.076724e+01
1.094157e+01
8.891949e+00
-1.761458e+01
-1.927452e+01
-1.470289e+01
8.022973e-01
-1.507929e+00
-6.974527e+00
-2.651145e+01
-1.453810e+01
-2.015190e+01
-1.424623e+01
-4.349109e+00
-1.455905e+01
-1.547936e+01
-1.658130e+01
-4.213683e+00
-1.185074e+01
-4.309071e+00
1.736432e+01
-2.385220e+01
-1.649107e+01
-1.170948e+00
-1.817360e+01
-1.982892e+00
-2.278825e+01
1.071833e+01
6.562407e+00
1.341790e+01
-7.162641e-01
4.868716e+01
-4.204166e+01
-9.717468e+00
-5.317723e+00
1.955006e+01
2.697219e+01
-2.021498e+00
-5.962047e+00
-1.154256e+01
-5.550967e+00
2.602510e+00
1.699207e+01
-3.965804e+01
-1.975594e+01
-5.208937e+00
7.748346e+00
-2.882454e+00
-3.744285e+00
-5.826084e+00
7.164202e+00
-5.526122e+01
-2.736719e+01
-2.302893e+00
6.929739e-01
-1.856764e+01
-2.014735e+01
-2.054760e+01
-2.271075e+01
-1.083400e+00
-7.868882e+00
-1.119135e+01
-1.924802e+01
-1.648378e+01
-4.192277e+00
-2.628007e+01
-4.998027e+00
-5.704572e+00
-2.202969e+01
-6.929239e+00
-9.385066e+00
-1.487224e+01
2.638790e+00
-5.737646e-01
-9.177896e-01
-1.673734e+01
8.342947e+00
-1.143900e+01
-1.270842e+01
-2.230135e+00
-9.757139e+00
-6.747218e+00
-9.639639e+00
-9.023207e+00
-9.414433e+00
4.976826e+00
-1.498304e+01
-8.415478e+00
-1.031891e+01
-8.269957e+00
-9.234088e+00
-2.494700e+01
2.562618e+00
-1.122469e+01
-1.648983e+01
-8.054487e+00
-3.813369e+00
-1.605908e+01
-6.659621e+00
-4.948849e+01
-8.759952e+00
1.696846e+00
8.305937e+00
1.484965e+01
-1.930578e-01
-1.144564e+01
6.157724e-01
-9.896951e+00
-1.525541e+01
-1.102769e+01
-1.649184e+01
-1.171212e+01
-1.820975e+01
1.884966e+00
-1.213939e+01
1.580382e+01
-1.943060e+01
-2.420045e+01
-2.090541e+01
-9.790323e+00
-8.774216e+00
4.271204e+01
6.919083e+01
-7.623167e+00
-2.654109e+00
-2.985374e+00
-2.841375e+01
-1.423433e+01
-1.156439e+00
-9.058261e+00
-1.652285e+01
-1.111089e+01
-3.983283e+00
-7.485005e+00
-1.473129e+01
-7.078029e+00
-4.491050e+00
2.542751e+01
1.890421e+01
2.963537e+00
-1.085514e+01
-1.568938e+01
-8.693710e+00
-1.073498e+01
-1.575590e+01
-6.404064e+00
-1.002794e+01
-3.308997e+01
-1.066603e+01
1.791318e+01
5.755304e+00
-5.604040e+01
-1.074350e+01
-1.507342e+01
-6.267469e+00
3.057471e+00
-3.328763e+00
2.269728e+01
-8.087759e+00
2.383936e+01
-5.016085e+01
-1.785872e+01
-1.479795e+01
-1.695010e+01
-2.716561e+00
-1.304049e+01
-9.580452e+00
-1.242512e+01
-1.037184e+01
-1.169604e+01
2.286648e-01
3.261374e+00
-1.819882e+01
-2.291310e+01
7.258894e+00
-3.327822e+00
1.550462e+01
-1.245738e+01
-8.718220e+00
-1.432124e+01
-8.411902e+00
-1.512584e+01
-8.407634e+00
-8.107873e+00
-1.019325e+01
-6.489553e+00
-3.333389e+01
-6.349896e+00
1.288435e+01
-8.145676e+00
-1.598273e+01
-9.582667e+00
-3.282996e+00
1.647357e+01
3.132114e+00
-1.399704e+01
-1.061690e+01
-6.051849e+01
6.439144e+00
1.918263e+01
-1.087000e+01
4.200116e+00
1.597132e+01
-2.931996e+01
-4.782341e+00
-1.742193e+01
-3.802518e+01
-1.768272e+01
-5.564023e+00
-2.045899e+00
-5.480902e+00
-1.330475e+00
-4.117792e+00
-7.044107e+00
-1.522234e+01
-8.021539e+00
-4.578916e+01
-1.533372e+01
-7.906180e+00
-1.258914e+00
-2.827444e+01
4.466383e+00
-3.152905e+01
-3.736373e+01
-1.087469e+01
4.321644e+01
-7.470292e+00
-9.057731e+00
-7.631210e+00
2.591123e+00
5.072474e+00
-4.554461e+00
-9.037977e+00
-7.235817e+00
-1.774801e+01
-1.319936e+01
-6.466850e+00
-1.390540e+01
-1.781558e+01
-1.770169e+01
-8.614630e+00
-1.211086e+01
-1.184248e+01
-6.748192e+00
-3.220165e+01
7.842748e+01
-8.489808e+00
-3.800716e+01
2.904831e+00
1.457305e+01
-9.927109e+00
-1.877747e+01
-1.700509e+01
-1.086031e+01
-2.217225e-01
-8.306689e+00
-6.478162e+00
-1.368459e+01
-1.133137e+01
-9.081643e+00
-1.987877e+01
-2.645928e+01
-6.682244e+00
8.620072e+00
-1.135365e+01
-6.948388e+01
-1.003440e+01
8.430005e+00
-1.031202e+00
-1.092747e+01
-1.847421e+01
-2.240734e+00
-1.285121e+01
-9.672903e+00
-2.043934e+01
-6.165366e+00
2.367584e-01
-1.250582e+01
-2.145494e+01
9.453924e+00
-8.481855e+00
5.478503e-01
-8.031420e+00
-8.774893e+00
-5.854762e+00
-3.181153e+01
1.457119e+00
-9.166107e+00
-2.032605e+01
6.741557e+00
1.362873e+00
-1.394700e+01
2.331593e+01
-2.303484e+00
-2.692793e+00
-9.156305e+00
-1.317167e+01
-1.299958e+01
4.533343e+00
-1.327720e+01
-4.398647e+01
-2.666562e+00
-2.344815e+01
-5.839995e+00
-1.234938e+01
-1.992969e+01
-3.997060e+00
-5.490987e-01
-2.649117e+00
1.226182e-01
-2.159660e+01
-2.167113e+01
2.360033e+00
-1.680713e+00
2.019921e+01
-1.033548e+01
-2.112633e+01
-1.588961e+01
-6.730626e+00
-1.711298e+01
-1.374097e+01
-2.353669e+01
-2.460515e+01
-1.981811e+01
-2.623458e+00
-8.539182e+00
-4.004666e+00
-3.638102e+01
8.869557e-01
-4.448152e+00
-3.672957e+00
-1.995769e+01
-1.151762e+02
-8.929901e+00
1.096532e+01
-1.090225e+01
-3.444729e+01
1.690191e+01
-2.037982e+01
-9.850114e+00
-7.260436e+00
7.198566e+00
7.433410e-01
1.736094e+02
-1.103520e+01
7.986129e-01
-1.363438e+01
8.192452e+00
-7.223498e+00
-1.614689e+01
3.157185e+01
1.582840e+00
-1.893853e+02
1.194135e+00
-1.870318e+01
-3.282944e+01
-6.696234e+00
2.007667e+00
1.861925e+01
-1.981825e+01
-6.843422e+00
-8.906790e+00
-4.353792e+00
-3.676942e+01
-5.918576e+00
8.412174e-01
3.801523e+00
-2.094332e+01
-2.263743e+01
-1.146404e+01
1.317877e+01
-5.528999e+01
-1.046650e+01
-8.037563e+00
2.252928e+01
-1.415629e+01
-3.021733e+00
-9.012939e+00
-2.182172e+01
-9.754704e+00
-3.278684e+00
4.924185e+00
-2.454220e+01
-8.393483e+00
-5.124166e-01
-8.348194e+00
-8.679712e+00
-6.393490e+00
-8.462516e+00
2.197495e+01
2.272218e+00
-3.408849e+01
-2.226630e+01
-6.821469e+00
-3.913396e+01
-4.971684e+01
6.874281e+00
-1.781278e+01
-1.375533e+01
1.787968e+01
-1.055305e+01
-5.581891e+00
-9.475912e+00
2.361355e+01
1.131036e+01
-2.805010e+00
-2.913907e+00
-4.779434e+00
-7.388479e+00
-8.918348e+00
-4.919029e+00
1.587970e+02
-1.406074e+01
-1.630669e+01
1.885605e+00
2.678583e+00
-1.078252e+01
-8.655601e+00
7.507394e+00
-1.789269e+00
-5.995846e+00
-3.238587e+00
-4.760022e+01
-3.058699e+01
4.769147e+01
-9.423242e+00
-1.517654e+01
-7.086524e+00
-4.334591e+00
2.588562e+01
-1.555471e+01
-1.388469e+01
-3.404889e+01
-1.518921e+01
-6.761646e+00
-1.485300e+01
-3.157435e+01
-1.137393e+01
-1.816851e+01
-6.740452e+00
-4.137327e+01
-2.106083e+01
-6.773319e+01
-1.765304e+01
-1.451768e+01
6.376693e+01
-1.082140e+01
-3.502774e+00
-2.061641e+01
-7.701014e+00
-9.716117e+01
-1.277953e+01
-2.445846e+01
-4.021433e+00
-2.312672e+01
2.069407e+01
-1.054080e-01
-1.249940e+01
-3.773188e+01
-1.344708e+01
-7.118212e+01
-8.944441e+00
-4.799882e-01
-2.099512e+01
-7.521182e+00
-6.773185e+00
1.842403e+00
-2.930066e+00
-1.322838e+01
-8.361208e+00
-1.504359e+01
4.073240e+00
-2.159449e+01
-1.575112e+01
-2.478183e+01
-7.510632e+00
-8.457069e-01
-1.679522e+01
-9.777088e+00
-1.619537e+01
-2.083658e+00
4.064664e+01
-1.185422e+01
2.429605e+01
6.737829e+00
-4.460420e+01
4.475543e+01
-1.063781e+01
-4.750978e+00
-2.402948e+01
-1.652291e+01
-7.867618e+00
-2.940833e+01
-1.797889e+01
-1.412767e+01
-3.064501e+01
-9.399868e+00
-7.951828e+00
-2.188660e+01
-2.265196e+01
-7.576046e+00
-1.734283e+01
1.250139e+01
1.608969e+01
1.305418e+00
-1.211838e+01
-2.388632e+01
-2.776184e+01
-1.573393e+01
-2.397779e+01
-2.038060e+01
-3.828616e+01
-1.113306e+01
-6.440324e+01
-3.406192e+00
-9.270163e+00
-1.970287e+01
-1.694014e+00
-1.608048e+01
-1.300401e+01
1.901743e+01
-7.434858e+00
-4.713548e+01
-3.534008e+00
-2.717911e+01
-2.999516e+01
-5.097261e+00
-9.946089e+00
-9.558107e+00
2.409661e+01
5.743322e+00
-9.070741e+00
-7.644918e+00
-3.951766e+01
-1.540679e+01
1.278749e+00
-3.988174e+00
-2.012999e+01
-2.510869e+01
-3.253995e+01
-2.469596e+00
-1.272670e+01
-1.352214e+00
-8.305853e+00
-1.148311e+01
-1.197000e+01
-1.082148e+01
-1.446227e+01
1.790933e+00
-8.696572e+00
1.179900e+01
-2.158361e+00
-1.696216e+00
-1.580626e+01
-7.769671e+00
-2.493640e+01
-3.797006e+00
-7.810560e+00
-4.225819e+00
-8.861966e+00
-1.195604e+01
-7.829698e+00
-6.324809e+00
-1.066691e+01
4.262142e+01
-9.699993e+00
-2.931111e+01
-8.747723e+00
-8.142360e+00
-1.638067e+01
3.868656e+00
-6.049102e+01
2.964076e+01
-8.600202e+00
-1.426086e+01
-9.677640e+00
-6.237963e+00
-8.754269e+00
-3.111092e+01
1.208859e+01
1.184921e+01
-1.235989e+01
-1.020648e+01
-1.085985e+01
-5.139991e+00
-2.988049e+01
-1.254198e+01
-4.967068e+00
-7.965853e+00
-3.880139e+00
7.139229e+00
-1.664832e+01
-2.777011e+01
2.693857e+00
-1.575935e+00
-1.197258e+01
1.174897e+01
-1.686984e+01
1.658456e+01
-1.826617e+01
-9.592716e+00
3.038663e+01
2.385711e+01
6.162134e-01
-3.741390e+01
-3.045982e+00
-8.894668e+00
6.050939e+00
-1.099441e+00
-8.958147e+00
1.720167e+01
-5.611386e+01
-5.972629e+01
-2.158893e+01
-1.537747e+01
5.447386e+01
-1.406281e+01
-1.224777e+01
-6.644673e+00
2.164300e+01
8.398573e+00
-1.127185e+01
-1.014682e+01
6.723686e+00
-9.465430e+00
-1.331340e+01
-3.297561e+01
-1.513342e+01
-9.222748e+00
-7.609688e+00
-4.025284e+00
-2.147972e+01
-2.454103e+01
-8.665732e+00
-1.401454e+01
6.495048e+00
-1.378053e+01
-1.486382e+01
3.858440e+01
-1.326050e+01
1.539092e+01
2.667416e+01
-1.202269e+00
-1.418666e+01
2.438474e+01
-8.956655e+00
-4.817308e+00
5.462363e+00
-8.925431e+00
-1.187067e+01
-1.349986e+01
-1.039145e+01
-1.593848e+01
1.949592e+01
-7.502381e+00
-1.101268e+01
-1.990920e+01
-3.147419e+01
-2.218490e+01
-1.052622e+01
-9.515510e+00
-1.311501e+01
-1.211831e+01
-1.266031e+00
-1.199086e+00
-1.243178e+01
-1.501900e+01
-1.596002e+00
-9.329134e+00
-1.098978e-01
-1.069471e+01
-1.219956e+01
1.919653e+01
-1.105813e+01
4.025175e+01
-1.250067e+01
1.716396e+01
-1.276245e+01
-1.276784e+01
1.226846e+00
-5.291115e+00
-8.978795e+00
-1.670226e+01
-1.365278e+01
-6.472186e+00
-1.008880e+01
-5.520985e+00
-7.894987e+00
-1.253726e+01
-5.328247e+01
-2.710661e+01
-9.174843e+00
-2.150046e+01
-4.370823e+00
-7.971706e+00
3.707241e+01
-9.102405e+00
-1.211287e+01
-1.179675e+01
-2.071002e+00
-3.444616e+01
-1.617557e+01
-2.087863e+01
-3.953346e+01
2.359584e+01
4.061219e-01
1.980485e+00
-4.151518e-01
-1.183215e+01
-9.237999e+00
-2.946618e+01
-1.086952e+01
-1.066868e+00
5.528700e+00
-1.403130e+01
-5.407906e+00
-9.398175e+00
-5.994216e+00
-5.302693e+01
-3.162409e+00
-4.876343e+01
-1.022053e+01
2.074234e+01
1.479138e+01
-1.573580e+01
-2.610541e+01
-1.046088e+01
3.932980e+01
-3.002181e+01
-1.216637e+01
-1.011667e+01
3.063166e+01
1.087109e+01
-3.086083e+01
-8.748012e+00
-3.682290e+01
3.971456e-01
-9.478390e+00
3.609762e+00
-5.889618e+00
1.571519e+01
-1.230598e+01
-1.985122e+00
-1.259438e+00
-9.651048e+00
-8.714406e+00
3.428130e+00
-3.148106e+01
-5.503731e+00
-1.119668e+01
8.111357e+00
-2.503640e+01
-7.844534e+00
-1.180460e+01
-1.784487e+01
2.364249e+00
-1.299810e+01
-1.056227e+01
-1.206667e+01
2.219782e+01
4.402435e+00
2.830173e+00
-8.109970e-01
-1.454318e+01
2.537795e+00
-1.117735e+01
-8.071400e+01
-6.080599e+01
-2.030662e+01
-9.601909e+00
8.939122e-01
-1.219712e+01
2.757654e+00
-1.110708e+01
-3.305392e+01
-1.140179e+01
-2.572239e+00
-1.161856e+01
9.157385e+01
-2.075117e+01
-9.281438e+00
-1.184165e+01
-8.844630e+00
3.899632e-01
1.196665e+01
-9.243873e+00
1.412059e+01
-9.877841e+00
-4.637968e+01
-7.888455e+00
3.892637e+01
-1.204279e+01
-4.803685e+00
-1.584422e+01
-5.521982e+00
4.913788e+00
-1.211573e+01
-5.938565e+01
-2.644995e+01
-1.148461e+01
-8.452734e+00
-1.580669e+01
-5.723411e+00
1.406006e+00
2.067931e+01
-5.727607e+00
-3.426149e+00
-9.342484e+00
-1.877170e+01
-4.359169e+01
-1.772770e+01
-2.541624e+01
1.107755e+01
-5.217267e+00
-2.862946e+00
-1.092695e+01
-1.747628e+01
-2.079905e+01
-3.899160e+01
-1.018506e+01
2.396292e+00
-1.011684e+01
-1.128489e+01
-9.248825e-01
-9.644208e+00
-1.901256e+00
4.052682e+01
7.721281e-01
-3.116779e+01
4.320559e+00
-1.091304e+00
-4.757490e+00
-5.385469e+01
-1.064055e+01
9.059636e+00
-3.943109e+00
-2.604486e+00
-2.160046e+01
-1.323609e+01
-2.232120e+01
-9.439226e+00
-2.753102e+01
5.044162e+00
2.861712e+01
1.286066e-01
-8.922431e+00
2.853562e+00
-8.340220e+00
-1.221306e+01
-1.441893e+01
-9.866332e+00
-8.709564e+00
-1.662527e+01
-3.204082e+01
-9.741714e+00
5.622229e+01
9.487937e-01
-4.178908e+01
-4.439018e+00
1.724209e+02
-7.058176e+00
-3.026373e+01
-1.185311e+01
-1.959358e+01
-1.713035e+00
-3.319666e+00
-1.671834e+01
-2.387216e+01
-8.993278e+00
-6.144824e+01
-9.133234e+00
-2.906181e+01
-9.489635e+00
-9.669427e+00
-5.998656e+00
1.243574e+01
-1.708519e+01
-4.162332e+01
-1.084976e+01
-1.854468e+01
-1.283463e+01
1.995639e+01
-5.193720e+00
-3.219947e+00
3.637181e+02
-5.966799e+00
-1.161047e+01
-1.913339e+01
-2.130756e+01
-5.891113e+00
-1.348018e+01
-6.570750e+00
8.584877e+01
-1.621534e+01
-1.100225e+01
-5.372543e+01
-1.326635e+01
-1.049717e+01
-1.019807e+01
-2.499582e+01
-1.433523e+02
2.325026e+00
-1.142680e+01
-1.085247e+01
-4.263151e+01
-2.802214e+01
6.832709e+01
-3.847397e+02
-2.203982e+01
-2.417190e+01
2.207178e+00
4.322576e+01
-1.388615e+01
-8.083560e+01
2.038126e+01
-1.161427e+01
-1.219414e+01
-1.041557e+01
4.958769e+00
-1.391392e+00
-7.292051e-01
-4.856236e+01
-1.966782e+01
-1.005754e+01
3.510991e+01
-8.463649e+00
-2.204999e+01
-1.262965e+01
4.875707e+00
-8.298907e+00
-1.225968e+01
4.590966e+00
-6.420829e+00
-6.069781e+00
-3.499532e+01
-2.705402e+01
-2.374641e-01
-3.446133e+01
-1.087795e+01
-9.700610e+00
-6.549903e+01
-1.160160e+01
-2.631559e+01
-2.035310e+01
2.019614e+00
-1.987289e+01
-1.226367e+01
1.094439e+01
-6.170155e+00
-6.124566e+00
-2.193578e+01
-1.639254e+01
-1.369620e+01
-8.807969e+00
-7.940339e+00
-3.507243e+01
-6.204012e+00
-1.028554e+01
-1.303280e+00
-3.116931e+01
-1.086592e+01
-1.888401e+01
-1.218660e+01
-1.931598e+01
-1.345428e+01
1.846477e+00
-1.299526e+01
-5.585061e+00
-7.840941e+00
-1.671914e+01
-9.512073e+00
1.444607e+00
5.289211e+00
6.972725e+00
-1.107321e+01
6.541899e+00
-2.455932e+00
8.376777e+00
-2.595180e+01
4.521945e+00
1.046297e+01
5.655354e+00
-4.155544e+00
-1.409157e+01
-1.134819e+01
-9.378281e+00
-5.128976e+00
-1.080349e+02
-2.515927e+01
-2.252050e+01
6.331023e+00
-3.958525e+01
-7.418966e+00
-1.162817e+00
-9.788038e+00
3.023767e+01
-1.148200e+01
-1.630406e+01
-9.104699e+00
5.603168e+00
-2.870766e+00
-1.376013e+01
-1.525102e+01
-1.801268e+01
-6.110657e+00
4.639966e+01
-1.051672e+01
-3.285847e+01
-2.953520e+01
-1.595230e+01
-5.177840e+00
-6.878139e+00
-8.127044e+00
-5.723793e+01
-1.694487e+01
-1.614827e+01
-7.606563e+00
-3.318926e+01
-1.166362e+01
-1.434845e+01
-1.123741e+01
-8.655354e+01
-5.307791e+01
-3.948247e+00
3.013617e+00
1.321584e+01
-1.054629e+01
-9.206909e+00
-1.117098e+01
-1.177301e+02
-2.377816e+01
-5.181549e+01
-1.107014e+01
-1.229267e+01
-1.561166e+01
-1.124364e+01
-1.301584e+01
-1.285963e+01
9.429696e+00
-1.324215e+01
-1.222268e+01
-4.706440e+01
-2.636418e+01
-1.497074e+01
-8.384953e+00
-3.107258e+01
-1.908414e+01
7.523963e+00
7.226905e+00
-2.490083e+01
-3.935130e+00
4.523983e+00
-2.176632e+01
-2.059925e+01
6.651524e-01
6.569247e+00
-9.430508e+00
-2.170959e+01
-1.118415e+01
-1.528729e+01
8.869140e+00
-1.032572e+01
-8.954788e+00
-1.440520e+01
-1.102141e+01
-1.552291e+01
-2.460865e+01
1.267923e+01
-6.498705e+00
-5.342802e+00
-3.198038e+01
-3.220505e+00
-6.591079e+00
1.484576e+00
-2.167983e+01
-5.304347e+01
9.207173e+00
-1.789035e+01
-1.128306e+01
-1.754161e+01
-1.850455e+01
-1.948964e+01
-3.591431e+01
-1.027866e+01
-1.404603e+02
-2.860895e+01
-1.137502e+01
1.082868e+01
-1.325358e+01
-9.579334e+00
-9.628072e+00
-8.549268e+00
-2.019180e+01
-7.912320e+00
1.100233e+02
3.317927e+01
-8.130643e+00
-2.334885e+01
-1.271005e+01
-2.147474e+01
-2.360994e+01
-1.062115e+01
4.774839e+00
7.072886e+01
1.049844e+01
-9.497670e+00
-2.670336e+01
-1.113950e+01
-2.036395e+01
-9.583173e+00
-5.386598e+00
7.240687e+00
-5.463314e+00
-1.333637e+01
9.383709e+00
-1.430907e+01
-5.639557e+00
-5.052889e+01
