-1.043106e+04
1.043106e+04
4.151145e+01
-5.731358e+03
-4.284169e+03
-3.632636e+03
-3.104744e+03
-2.736996e+03
-2.430332e+03
-2.180031e+03
-1.943873e+03
-1.727845e+03
-1.561870e+03
-1.429122e+03
-1.339608e+03
-1.257052e+03
-1.182804e+03
-1.111690e+03
-1.013123e+03
-9.543141e+02
-8.915345e+02
-9.123279e+02
-9.196762e+02
-9.375403e+02
-1.819205e+02
-3.268306e+02
-3.937556e+02
-3.444916e+02
-2.927493e+02
-2.950252e+02
-2.550119e+02
-2.124870e+02
-2.066953e+02
-1.366459e+02
-1.438374e+02
-9.870253e+01
-8.478972e+01
-4.294484e+01
-2.607693e+01
5.464057e+01
1.154781e+01
-1.342964e+01
6.271101e+01
1.114075e+02
7.308229e+01
1.554464e+02
1.026289e+02
1.307520e+02
1.422143e+02
1.993802e+02
1.552163e+02
1.462905e+02
2.025074e+02
1.432912e+02
1.032843e+02
1.545692e+02
1.609216e+02
1.231413e+02
1.542015e+02
1.108950e+02
1.128088e+02
1.120895e+02
8.820540e+01
7.943911e+01
5.903650e+01
4.891260e+01
4.395216e+01
-1.746240e+01
4.378098e+01
3.577888e+01
1.844114e+01
-1.295190e+00
-2.252239e+01
-2.681046e+01
-3.497473e+01
-3.836448e+01
-5.635332e+01
-6.561175e+01
-6.389470e+01
-4.159462e+01
-1.734215e+01
-1.768131e+01
-5.450220e+01
-2.217192e+01
1.514218e+01
2.240907e+01
-2.887918e+00
5.755739e+01
6.594466e+01
7.479312e+01
9.544035e+01
7.815390e+01
4.908627e+01
6.266237e+01
6.160913e+01
5.757703e+01
5.141526e+01
3.454442e+01
1.944023e+01
3.381908e+00
-1.144673e+01
-1.979142e+01
-1.949922e+01
-2.644129e+01
-4.278643e+01
-5.327195e+01
-7.008885e+01
-9.254636e+01
-1.174105e+02
-1.365460e+02
-1.255465e+02
-1.021758e+02
-1.219318e+02
-1.513173e+02
-1.854249e+02
-1.320981e+02
-1.376556e+02
-1.471504e+02
-1.405457e+02
-1.280112e+02
-1.357454e+02
-8.520840e+01
-9.345294e+01
-1.287200e+02
-6.463126e+01
-5.121391e+01
-2.815896e+01
-1.553371e+01
-1.790130e+01
1.372531e+01
2.138692e+01
5.201856e+01
1.300285e+02
1.005796e+02
1.656425e+02
1.764959e+02
1.853718e+02
2.505229e+02
2.639724e+02
2.948998e+02
3.344989e+02
3.801049e+02
4.183816e+02
1.186561e+02
4.662438e+02
3.808484e+02
1.022772e+03
8.175007e+02
9.075045e+02
9.001779e+02
1.032767e+03
1.141269e+03
1.205858e+03
1.283107e+03
1.370843e+03
1.414178e+03
1.628177e+03
1.748878e+03
1.972844e+03
2.193764e+03
2.391781e+03
2.909996e+03
3.136402e+03
3.686583e+03
4.316634e+03
5.726819e+03
5.021716e+03
4.046325e+03
3.511650e+03
3.166001e+03
2.855036e+03
2.597811e+03
2.388128e+03
2.226928e+03
2.066219e+03
1.929215e+03
1.807216e+03
1.699862e+03
1.611366e+03
1.525009e+03
1.447626e+03
1.368411e+03
1.307551e+03
1.245518e+03
1.189292e+03
1.137963e+03
1.089106e+03
1.042751e+03
1.000247e+03
9.593012e+02
9.210643e+02
8.842071e+02
8.496840e+02
8.167843e+02
7.850527e+02
7.547622e+02
7.256967e+02
6.978302e+02
6.709580e+02
6.450380e+02
6.201265e+02
5.959487e+02
5.724343e+02
5.498050e+02
5.277822e+02
5.063420e+02
4.854692e+02
4.651503e+02
4.453182e+02
4.259573e+02
4.069531e+02
3.884392e+02
3.701852e+02
3.523464e+02
3.346802e+02
3.173714e+02
3.002727e+02
2.833058e+02
2.662918e+02
2.500210e+02
2.330696e+02
2.171952e+02
2.008638e+02
1.852828e+02
1.699309e+02
1.534384e+02
1.389321e+02
1.238374e+02
1.090512e+02
9.429596e+01
7.957454e+01
6.494894e+01
5.037296e+01
3.583005e+01
2.132094e+01
6.834543e+00
-7.638760e+00
-2.211734e+01
-3.662338e+01
-5.115691e+01
-6.572433e+01
-8.036166e+01
-9.506325e+01
-1.098192e+02
-1.246762e+02
-1.396518e+02
-1.547478e+02
-1.699933e+02
-1.853544e+02
-2.008685e+02
-2.165739e+02
-2.324572e+02
-2.485530e+02
-2.648818e+02
-2.814464e+02
-2.983114e+02
-3.153877e+02
-3.327254e+02
-3.504836e+02
-3.686278e+02
-3.871286e+02
-4.059838e+02
-4.252886e+02
-4.450503e+02
-4.653279e+02
-4.861731e+02
-5.075204e+02
-5.294905e+02
-5.521708e+02
-5.755181e+02
-5.996444e+02
-6.246337e+02
-6.505311e+02
-6.773894e+02
-7.052308e+02
-7.342944e+02
-7.646157e+02
-7.962995e+02
-8.293863e+02
-8.636551e+02
-9.007229e+02
-9.390137e+02
-9.796545e+02
-1.022706e+03
-1.068327e+03
-1.117025e+03
-1.169240e+03
-1.224920e+03
-1.284787e+03
-1.350101e+03
-1.420219e+03
-1.496776e+03
-1.583253e+03
-1.670289e+03
-1.773189e+03
-1.890314e+03
-2.034501e+03
-2.188904e+03
-2.355595e+03
-2.561286e+03
-2.851000e+03
-3.117933e+03
-3.613525e+03
-4.084048e+03
-4.924284e+03
4.113953e-01
-1.509517e+02
1.501896e+02
-2.965682e+02
2.996521e+02
-4.432057e+02
4.440144e+02
-4.441718e+01
5.433042e+01
-1.452925e+02
1.369693e+02
-6.029224e+02
5.991271e+02
7.867626e+02
-3.637063e+02
4.198338e+02
-7.980918e+02
-1.029370e+03
1.001350e+03
9.410330e+02
-9.182250e+02
-1.831189e+01
-6.967099e+01
7.890086e+01
1.091881e+03
-1.045111e+03
1.309212e+03
-1.287915e+03
-7.574803e+01
7.461790e+01
-4.884678e+01
6.948718e+01
1.525348e+03
-1.547788e+03
1.142413e+02
-7.905638e+01
1.707976e+03
-1.679085e+03
-3.698414e+02
3.695108e+02
-2.297166e+02
2.297250e+02
-5.113297e+01
5.223551e+01
2.360231e+03
-2.340543e+03
2.174398e+03
-2.172778e+03
1.092382e+02
-1.123558e+02
8.358342e+01
-5.442429e+01
1.008760e+02
3.093218e+02
-2.870291e+02
-3.200332e+01
4.942054e+02
-5.525232e+02
-9.051600e+02
1.147610e+03
8.947100e+02
-7.093065e+02
6.983239e+02
-5.310911e+02
5.292307e+02
-1.084864e+01
3.420772e+01
-2.781644e+03
2.824091e+03
3.312108e+03
-3.177910e+03
8.189332e+01
-5.387996e+01
-1.558876e+01
1.122165e+01
2.355049e+02
-2.014643e+02
9.302566e+02
-9.518604e+02
1.281563e+02
-8.984480e+01
1.316148e+03
-1.290861e+03
1.202347e+02
-1.103575e+02
2.020281e+03
-1.917836e+03
4.079862e+03
-4.010626e+03
1.435481e+01
7.164855e+00
-2.237345e+01
-6.872815e-01
3.663187e+01
4.238538e+01
3.554488e+03
-3.530716e+03
1.924229e+03
1.529517e+03
-1.884497e+03
-1.499536e+03
-1.177497e+03
-6.539631e+02
6.419864e+02
4.860963e+02
-4.017014e+02
-4.856362e+02
4.065828e+02
-3.349139e+02
3.330452e+02
-2.626867e+02
2.629750e+02
-1.962186e+02
1.984296e+02
-1.216815e+02
1.202762e+02
-4.524830e+01
4.449567e+01
5.224747e+01
-3.225722e+01
5.831112e+03
-5.761938e+03
4.225385e+01
-1.720178e+01
3.054441e+01
2.823372e+01
1.509674e+01
2.746968e+01
1.790165e+01
2.875806e+01
8.415286e+00
2.751357e+01
1.519061e+01
2.381330e+01
1.802159e+01
1.704947e+01
1.140782e+01
2.070855e+01
3.358825e+01
8.758446e+00
5.911571e-01
-1.276918e+01
-2.242878e+01
-1.386418e+01
-2.288078e+01
-2.402591e+01
-3.182291e+01
-3.134547e+01
-6.352615e+01
-7.324588e+01
-6.347114e+01
-5.775205e+01
-7.630374e+01
-8.874821e+01
-1.046088e+02
-1.188428e+02
-1.156036e+02
-1.276122e+02
-1.254408e+02
-1.318717e+02
-1.325056e+02
-1.466870e+02
-1.488862e+02
-1.525181e+02
-1.432530e+02
-1.595718e+02
-1.540214e+02
-1.784388e+02
-1.633426e+02
-1.849461e+02
-1.715480e+02
-1.947605e+02
-1.638084e+02
-2.337999e+02
-2.334792e+02
-1.733851e+02
-1.519863e+02
-2.066240e+02
-1.351972e+02
-1.192463e+02
-1.402037e+02
-2.034862e+02
-1.002489e+02
-1.118751e+02
-9.773339e+01
-8.021928e+01
-6.729556e+01
-5.029139e+01
-6.496135e+01
-3.540108e+01
-5.381256e+01
-2.342669e+01
-4.203040e+01
-1.165510e+01
-1.644025e+01
7.022372e+00
-5.545305e+01
7.384998e+00
5.209163e+00
-1.017825e+02
1.366556e+01
1.032945e+02
9.930822e+01
7.531046e+00
1.009856e+02
7.874839e+01
5.055895e+01
1.665671e+02
1.154556e+02
2.214418e+02
1.418261e+02
2.730000e+02
1.789087e+02
2.901810e+02
2.313893e+02
7.706286e+01
3.204451e+01
3.099981e+02
2.655109e+02
2.971202e+02
3.370137e+02
7.737435e+01
2.875163e+01
3.340497e+02
3.700636e+02
5.495352e+01
8.929271e+00
3.153088e+02
3.717893e+02
4.103939e+02
2.565566e+01
-4.082797e+01
4.114341e+02
4.562895e+02
-9.868290e-01
-5.342721e+01
4.646779e+02
5.029519e+02
-2.466766e+01
-5.190021e+01
5.082206e+02
5.464764e+02
5.385992e+02
5.835694e+02
5.809259e+02
6.232925e+02
6.172384e+02
6.647411e+02
-6.344296e+01
-1.327116e+02
6.478963e+02
6.875985e+02
5.326514e+02
-9.854761e+01
-1.275170e+02
6.648255e+02
7.235127e+02
7.383763e+02
7.814314e+02
7.933517e+02
8.245818e+02
-2.266934e+02
-1.184131e+02
-1.514922e+02
-1.285433e+02
8.389683e+02
8.755294e+02
-1.359129e+02
-1.807171e+02
7.093932e+02
8.789813e+02
9.177407e+02
-1.524244e+02
-1.935150e+02
-2.239192e+02
-2.447775e+02
-2.641155e+02
-2.964858e+02
-3.113499e+02
-3.347932e+02
-3.613314e+02
-3.824934e+02
-4.113277e+02
-4.309813e+02
-4.588848e+02
-4.819691e+02
-5.071489e+02
-5.355266e+02
-5.639309e+02
-5.819418e+02
-6.130112e+02
-6.383612e+02
-6.623235e+02
-6.881072e+02
-6.922576e+02
-7.232376e+02
-7.360435e+02
-7.709746e+02
-7.742860e+02
-8.124397e+02
-8.030920e+02
-8.313279e+02
-8.269057e+02
-8.612145e+02
-8.650472e+02
-8.967114e+02
-8.895833e+02
-9.427339e+02
9.193255e+02
9.512911e+02
9.340417e+02
9.733374e+02
9.676980e+02
1.009029e+03
-8.972247e+02
-7.529648e+02
-4.965532e+02
-3.000986e+02
9.482713e+02
-9.434252e+02
-9.395464e+02
-8.962362e+02
1.003337e+03
1.044535e+03
-1.096093e+02
-1.237070e+02
-7.813732e+01
-9.351422e+01
-5.146364e+01
-9.333847e+02
-9.788471e+02
-9.215859e+01
-6.833085e+01
-2.870188e+01
-2.053969e+02
1.027652e+03
1.074786e+03
1.084127e+03
1.126157e+03
1.122886e+03
1.163679e+03
1.194582e+03
1.205260e+03
-4.925740e+01
-1.025497e+01
-7.731409e+02
-6.349566e+02
-4.297291e+02
-9.720598e+02
-1.010025e+03
-1.033985e+03
-1.046806e+03
-1.071866e+03
-1.099846e+03
-1.131315e+03
-1.156274e+03
-1.187755e+03
-1.223860e+03
1.212359e+03
1.231462e+03
-1.237842e+03
-1.270799e+03
1.063865e+03
-3.489617e+01
1.024320e+01
1.212424e+03
1.259086e+03
1.243710e+03
-1.286108e+03
-1.307706e+03
-9.780724e+02
-1.916923e+01
1.274860e+01
-1.329683e+03
-1.301462e+03
-1.349080e+03
1.235987e+03
1.289501e+03
-1.178910e+03
2.117841e+00
-2.191486e+01
2.443417e+01
9.151065e+02
9.371337e+02
9.020366e+02
9.105276e+02
8.779670e+02
8.729028e+02
8.320078e+02
8.161684e+02
7.604718e+02
7.559890e+02
6.949998e+02
6.915906e+02
6.380500e+02
-1.375690e+03
-1.397236e+03
1.259725e+03
1.312764e+03
-1.363794e+03
-1.417848e+03
-1.215816e+00
-1.862469e+01
-7.867677e+01
6.273993e+02
5.728546e+02
-1.620271e+02
-1.399706e+03
4.481653e+01
5.701882e+01
-2.704489e+01
-5.121965e+01
1.275584e+03
1.326282e+03
1.363651e+03
1.379526e+03
1.410156e+03
1.435964e+03
1.467638e+03
1.487451e+03
1.524950e+03
-1.389390e+03
-1.438957e+03
5.634858e+02
5.148043e+02
6.125091e+02
5.176348e+02
4.677565e+02
4.731675e+02
4.275262e+02
4.298822e+02
3.921786e+02
6.353777e+02
6.773878e+02
6.481033e+02
6.643566e+02
5.220794e+02
6.784681e+02
6.335794e+02
3.767289e+02
4.956770e+02
5.393680e+02
5.234070e+02
5.469283e+02
5.158262e+02
5.333592e+02
5.039588e+02
5.226192e+02
4.947565e+02
5.512216e+02
1.544890e+03
5.045163e+02
4.707604e+02
4.689699e+02
4.663058e+02
4.154638e+02
4.931919e+02
3.877286e+02
3.998707e+02
4.738148e+02
3.247171e+02
3.714645e+02
3.375874e+02
3.028105e+02
3.212110e+02
2.870046e+02
2.654116e+02
2.690150e+02
2.513079e+02
2.360261e+02
2.288310e+02
2.166298e+02
2.058693e+02
1.938640e+02
1.883411e+02
1.725042e+02
1.568194e+02
1.567038e+02
1.278087e+02
1.341233e+02
1.144539e+02
1.050461e+02
1.294430e+02
1.088392e+02
9.022949e+01
2.349775e+02
3.767631e+02
8.004640e+01
9.413358e+01
9.151099e+01
1.581494e+03
1.608693e+03
-3.704378e+01
-6.432926e+01
-2.334288e+02
-2.538018e+02
3.921550e+02
3.548426e+02
5.442733e+02
5.950584e+02
-1.403088e+03
-1.455683e+03
1.284076e+03
4.259925e+02
7.496744e+01
7.322917e+01
8.786495e+01
1.637029e+03
1.600954e+03
1.657157e+03
-8.515271e+01
-3.257592e+01
-5.973315e+01
1.686244e+01
3.583324e+02
3.201726e+02
-2.549129e+02
-2.819086e+02
3.950554e+02
5.164703e+02
5.686700e+02
5.024513e+02
-1.413230e+03
-1.464796e+03
-1.508830e+03
1.508553e+03
-1.514133e+03
-1.560020e+03
-5.013564e+01
-6.842574e+01
-9.514537e+01
1.663961e+03
1.620572e+03
6.497136e+01
7.829504e+01
1.676536e+02
-6.870583e+01
-8.358425e+01
-8.727899e+01
-1.145418e+02
-1.457902e+02
-1.376639e+02
-1.594941e+02
-1.548375e+02
3.233966e+02
2.854159e+02
-1.742530e+02
-1.879738e+02
-1.970809e+02
-2.077355e+02
-2.265178e+02
-2.340430e+02
-2.538993e+02
-2.589275e+02
-2.814928e+02
-2.935972e+02
-3.016211e+02
-3.132462e+02
-3.191990e+02
-3.416047e+02
-3.757985e+02
-3.704380e+02
-4.035656e+02
-4.040062e+02
-4.339154e+02
-4.343698e+02
-4.603674e+02
-4.687555e+02
-4.993021e+02
-4.954586e+02
-5.426250e+02
-5.384829e+02
-1.588602e+03
-1.635933e+03
-2.788264e+02
-3.053472e+02
5.041873e+02
5.591442e+02
2.235816e+02
-5.675394e+01
-4.404608e+01
-3.596599e-01
-5.943426e+02
-5.903739e+02
-1.626651e+03
-1.688737e+03
-1.268419e+02
-5.399551e+02
-5.888234e+02
-4.356142e+02
-3.419875e+02
-1.726594e+02
-1.412128e+03
-9.992494e+01
-2.706032e+02
9.691621e+01
1.154952e+02
1.682901e+03
1.633553e+03
-1.724155e+03
-1.749418e+03
-1.737639e+03
7.791999e+01
6.769546e+01
3.087523e+02
2.855467e+02
-3.037108e+02
-3.310234e+02
-3.305695e+02
-3.562623e+02
-3.541489e+02
-3.804459e+02
-3.737185e+02
-4.039405e+02
-3.954382e+02
-4.224246e+02
-4.145547e+02
-4.425717e+02
-4.121864e+02
-4.491388e+02
-2.499632e+02
-4.300892e+02
-6.544612e+02
-3.755326e+02
-5.560738e+02
-6.323588e+02
-3.079956e+02
-4.483448e+02
-6.122461e+02
-3.945285e+02
-4.425556e+02
5.217764e+02
5.604171e+02
1.244542e+03
1.252842e+03
1.208127e+03
1.220341e+03
1.208599e+03
-1.365027e+03
-1.779137e+03
-1.783366e+03
-1.767981e+03
-2.216766e+01
-3.122231e+01
1.265969e+03
1.184687e+03
2.654904e+02
3.019244e+02
-5.083171e+02
-5.782399e+02
1.673883e+03
1.621654e+03
-6.148679e+02
-6.343166e+02
6.109816e+02
6.022508e+02
-1.357118e+03
-1.309245e+03
1.727409e+03
-3.550773e+02
-4.276241e+02
-5.218104e+02
-5.161250e+02
8.563214e+01
5.946131e+01
2.550891e+02
2.778816e+02
4.369637e+02
3.998437e+02
-3.839843e+02
-3.700648e+02
6.606762e+02
5.260916e+02
3.104741e+01
1.568072e+02
2.413383e+02
2.725744e+02
-9.389401e+02
-9.434189e+02
-1.708824e+03
9.773202e+02
8.750211e+02
1.162102e+03
-6.898482e+01
-1.823170e+03
-1.786423e+03
6.607762e+02
6.459186e+02
1.656769e+03
1.588601e+03
-5.347859e+02
2.815666e+02
-6.682606e+02
-5.857172e+02
-1.295990e+03
-1.254603e+03
-7.613173e+00
-1.735078e+01
2.774649e+02
2.219007e+02
2.320512e+02
2.367117e+02
-8.903054e+02
-8.991294e+02
-3.604181e+02
-3.499531e+02
1.560314e+03
1.507792e+03
1.490644e+03
1.400233e+03
1.410394e+03
1.274606e+03
9.879345e+02
9.522689e+02
8.929733e+01
2.762041e+01
5.876921e+01
4.632599e+01
6.025938e+01
5.545311e+01
4.987093e+01
4.383852e+01
2.121306e+01
4.943084e+02
7.155640e+02
4.439277e+02
4.015463e+02
-1.590189e+00
1.383151e+03
2.316086e+02
2.285320e+02
-4.105161e+02
8.262096e+02
-1.846845e+03
-1.798090e+03
-1.902240e+03
-6.922096e+02
-6.779886e+02
-6.104117e+02
-7.147509e+02
-7.773598e+02
-7.571901e+02
-1.233729e+03
-1.192484e+03
-7.122569e+02
-7.421905e+02
-1.158510e+03
-3.192330e+02
-3.089583e+02
-7.938652e+02
-7.549831e+02
-2.457685e+02
2.435627e+02
-2.755991e+02
4.351352e+00
-5.077271e+00
2.396885e+02
1.935457e+02
2.088590e+02
-3.545877e+02
1.824177e+01
1.822346e+01
2.251761e+01
-1.292937e+03
1.794558e+01
8.973375e+02
9.034509e+02
8.306972e+02
8.516985e+02
8.042048e+02
8.231127e+02
8.227651e+02
7.866738e+02
9.277520e+02
7.859609e+02
7.555011e+02
-1.228209e+02
4.984578e+02
4.909405e+02
4.767083e+02
4.804722e+02
4.614117e+02
3.713775e+02
3.599935e+02
-1.284268e+01
6.843011e+01
4.479678e+01
6.829965e+01
1.032540e+02
-8.529990e+02
-8.607945e+02
-2.783083e+02
-2.601289e+02
1.708855e+02
1.709413e+02
1.889451e+02
1.576899e+02
1.438866e+02
1.249528e+02
-5.985408e+02
-1.175523e+03
-1.177010e+03
1.218107e+03
-1.903355e+03
-1.962208e+03
-5.446481e+00
7.867384e+02
4.486795e+02
4.051040e+02
-3.541341e+02
6.960116e+02
7.781097e+02
-8.671086e+02
-8.513398e+02
-3.515148e+02
-7.093138e+02
6.355245e+02
6.784725e+02
6.286676e+02
6.661436e+02
6.172465e+02
6.544255e+02
1.078610e+02
8.306622e+01
1.000643e+03
1.732275e+02
3.035695e+01
4.013695e+01
-1.093260e+03
-8.823149e+02
-1.150773e+03
-8.830801e+02
9.760552e+00
1.477733e+01
3.584964e+02
3.644867e+02
-6.587072e+02
-1.125216e+02
-2.476640e+01
-1.388054e+01
7.561530e+02
7.204813e+02
3.221269e+02
3.260814e+02
7.986475e+01
1.104812e+02
4.658639e+02
4.403028e+02
8.020702e+02
-9.540137e+02
-9.300668e+02
-6.679660e+02
-7.317101e+02
-1.982643e+03
-1.992148e+03
1.113878e+02
1.106628e+02
6.225417e+02
6.590531e+02
-9.742997e+02
3.697244e+02
3.331137e+02
-4.011153e+02
9.099931e+01
1.303170e+02
-7.793128e+02
-7.908345e+02
-7.935854e+02
-1.086387e+03
-1.016006e+03
-8.804789e+02
-9.530052e+02
-1.133872e+03
-1.047298e+03
-2.491489e+02
-2.241040e+02
-2.240000e+02
-1.975380e+02
7.745447e+01
-9.108699e+02
-9.883552e+02
5.644684e+00
-3.233681e+01
-1.607691e+01
-1.492774e+00
7.029734e-01
-1.485709e+01
-1.210120e+01
-2.641130e+01
-2.565411e+01
-3.930748e+01
-3.155853e+01
-2.218103e+01
-1.778377e+01
-2.349908e+01
-1.294712e+01
-2.124166e+01
-1.267884e+01
-1.135021e+01
-7.791714e+00
-4.529139e+00
-2.311313e+00
-1.082670e+01
2.658444e+00
-2.686584e+00
-7.183505e+00
8.810663e+02
9.044806e+02
-9.434941e+02
-9.240573e+02
-1.744844e+03
-1.914807e+02
-1.713356e+02
7.139505e+02
7.314791e+02
7.018467e+02
6.965825e+02
7.542966e+02
1.334955e+02
5.719496e+02
1.958340e+01
6.243969e+00
3.423113e+01
9.834412e+01
1.388356e+02
-1.088515e+03
-7.429806e+02
-8.071871e+02
-6.065586e+00
-5.616690e+00
-1.162735e+01
-4.311812e+00
6.848955e+02
7.803516e+02
6.505987e+02
5.839774e+02
4.413563e+02
4.133057e+02
4.610716e+02
4.040566e-01
-8.106819e+01
3.712606e+02
3.303177e+02
4.741642e+01
6.095553e+01
1.194841e+02
1.504569e+02
1.263472e+03
9.193361e+01
8.899427e+01
1.048599e+02
8.368740e+01
1.119394e+02
8.934895e+01
6.607919e+01
6.293606e+01
4.898512e+01
5.177317e+01
-1.590172e+02
-1.413194e+02
2.904693e+01
6.411352e+02
6.675090e+02
-9.088483e+02
-8.758303e+02
-2.059457e+03
-1.954016e+03
-1.993437e+03
-2.097838e+03
-2.346232e+03
-2.101244e+03
-2.179814e+03
-2.184219e+03
-2.299531e+03
-2.259502e+03
-2.368934e+03
-2.318724e+03
-2.443019e+03
-2.204472e+03
-7.587747e+02
-7.109762e+02
-1.552537e+02
-1.272869e+02
1.467409e+03
1.407689e+03
1.416309e+02
1.300066e+02
1.584618e+02
8.254458e+01
9.279249e+02
9.604255e+01
6.317977e+02
6.020319e+02
5.617514e+02
5.178856e+02
-9.001649e+02
-9.591976e+02
6.035351e+01
2.490806e+01
2.432336e+01
-2.257055e+03
-2.138970e+03
7.981873e+02
-8.658980e+02
-8.369983e+02
-8.469848e+02
-8.080456e+02
-8.167846e+02
-7.792790e+02
-8.108285e+02
-7.487324e+02
-8.691860e+02
3.689304e+02
3.244311e+02
4.125238e+02
4.140663e+01
7.037369e+02
-9.532295e+02
2.898117e+02
-6.379138e+02
-6.183169e+02
-5.108503e+02
-6.379249e+02
-4.579347e+02
-4.713413e+02
-4.966689e+02
-6.929717e+02
-4.833386e+02
5.075649e+02
4.863393e+02
4.980039e+02
4.616264e+02
4.754751e+02
4.303514e+02
4.536450e+02
4.113306e+02
4.274960e+02
3.882940e+02
3.656520e+02
3.419921e+02
3.445234e+02
-7.725334e+02
6.110752e+02
6.927770e+02
6.353614e+00
6.321188e+00
6.305622e+00
5.723135e+00
4.031514e+02
3.871996e+02
4.099748e+02
-7.470123e+02
-7.505582e+02
9.016301e+00
6.910097e+02
6.585901e-01
7.300241e+00
-1.112859e+02
-9.961718e+01
8.858083e+01
-1.128848e+01
-9.315809e+00
-2.395078e+01
-4.106897e+01
-1.725859e+01
-5.473774e+01
-5.475132e+01
-7.662292e+01
-7.828320e+01
-9.055231e+01
-1.030405e+02
-1.194575e+02
-1.226056e+02
-1.278667e+02
-1.386225e+02
-1.613252e+02
-1.670260e+02
-1.874455e+02
-1.817041e+02
-2.041966e+02
-2.064671e+02
-2.258291e+02
-2.238927e+02
-2.429806e+02
-2.396256e+02
-2.609170e+02
-2.624761e+02
-2.805716e+02
-2.933867e+02
-3.034616e+02
-3.052922e+02
-3.227659e+02
-3.374875e+02
-3.420878e+02
-3.554690e+02
-3.629053e+02
-3.727752e+02
-3.879740e+02
-3.934079e+02
-4.079370e+02
-2.001099e+03
-1.925406e+03
1.412633e+02
-7.375119e+02
-7.139714e+02
7.339493e+02
-1.069896e+01
-2.395993e+00
-5.686137e+00
-3.601013e+00
6.278342e+02
5.982992e+02
-8.109997e+00
3.628721e+02
3.150826e+02
-4.118952e+02
-4.312812e+02
-1.493738e+02
9.268631e+01
7.366477e+01
3.227776e+02
-8.909048e+02
2.905782e+02
3.467013e+02
2.988359e+02
3.273664e+02
2.811970e+02
-2.180915e+03
-2.059255e+03
8.519449e+01
7.281257e+01
8.762790e+01
8.428410e+01
1.055267e+02
8.403739e+01
1.124523e+02
1.277568e+02
1.580388e+02
1.410414e+02
1.718040e+02
-1.325261e+01
-2.279990e+03
3.639193e+02
2.527623e+02
2.357281e+02
2.776283e+02
1.425528e+03
1.360716e+03
-7.788136e+02
-7.657071e+02
1.193309e+03
-8.754315e+02
-9.319079e+02
-9.443850e+02
-1.257270e+03
-1.260958e+03
4.317764e+02
-7.868164e+01
-7.246052e+01
-8.973878e+02
-8.574851e+02
-9.465599e+02
-1.034423e+03
-9.980658e+02
-1.493252e+02
1.021656e+03
9.750992e+02
-5.836714e+02
-7.774184e+02
-6.646615e+02
-6.259929e+02
-5.360561e+02
-7.796327e+02
-4.201457e+02
-6.295802e+02
-6.819594e+02
-3.042312e+02
3.784412e+02
3.620163e+02
9.947376e+02
1.000546e+03
1.573207e+02
1.698231e+02
2.047323e+02
-1.038734e+02
1.412799e+01
-1.767300e+02
-8.115929e+02
-6.139368e+02
-6.243579e+02
-4.712646e+02
-6.562621e+02
-5.663156e+02
-6.048719e+02
-5.334032e+02
-5.512078e+02
-5.005138e+02
-5.078618e+02
-4.735979e+02
-4.785536e+02
-4.389586e+02
-4.195030e+02
-3.851748e+02
-3.928710e+02
-3.644742e+02
-3.686649e+02
-3.230865e+02
-3.301754e+02
-2.832327e+02
-3.058715e+02
-2.532673e+02
-3.091584e+02
-2.862794e+02
9.685674e+02
-4.596246e+01
2.135816e+00
8.040919e+00
-4.346453e+02
-4.556707e+02
1.261481e+01
7.789764e+00
7.893297e+00
1.161319e+01
1.114229e+01
1.740556e+01
1.919618e+01
2.068134e+01
2.322070e+01
2.249609e+01
1.853264e+01
-9.957805e+02
-1.000864e+03
-4.664353e+01
1.565833e+02
1.847831e+02
-8.059402e+02
-7.499506e+02
2.015924e+02
2.174178e+02
1.742656e+02
4.916634e+02
-8.424698e+02
2.722113e+02
1.313905e+01
2.416098e+02
1.032410e+02
-2.087942e+03
-1.967849e+03
2.811130e+02
-2.642813e+02
6.352521e+02
6.099865e+02
-2.220357e+02
-2.834500e+02
-2.709597e+02
-1.209101e+02
4.958020e+02
9.165044e+02
-1.907764e+03
-1.569497e+03
-1.753827e+03
9.830390e+02
5.733816e+02
-8.306726e+02
8.249946e+02
7.022542e+01
-1.574301e+01
-1.009834e+01
-6.654280e+00
5.459871e+02
-3.686112e+02
2.861273e+02
1.069222e+03
-9.441165e+02
-9.908423e+02
1.193594e+02
6.808941e+01
-5.285915e-01
3.503220e+02
3.336280e+02
3.340289e+02
3.139805e+02
3.052633e+02
2.435745e+02
2.780978e+02
2.482703e+02
1.576680e+02
3.958497e+02
-3.709494e+02
-8.754296e+02
1.309980e+02
-7.527033e+02
-4.532673e+02
-4.733902e+02
-4.419521e+02
8.312846e+02
2.078872e+01
2.244597e+01
2.467125e+02
-2.235817e+03
-2.935371e+02
-4.387773e+02
-5.118332e+01
-4.734918e+01
-6.639347e+01
-4.614368e+01
-1.892240e+01
-2.027639e+01
-1.681645e+01
-7.725932e+02
-7.143814e+02
2.546651e+01
-4.799063e+02
-4.964917e+02
-4.981449e+02
-5.180205e+02
-5.262740e+02
-5.417561e+02
-5.302894e+02
-5.471920e+02
-5.655647e+02
-5.790688e+02
-5.887322e+02
-5.998555e+02
-6.048169e+01
-5.430442e+02
1.446916e+03
3.478492e+01
2.094927e+02
-4.969231e+02
-9.763209e+02
-3.032086e+02
2.402119e+01
2.141139e+01
5.468271e+00
1.201249e+01
9.011493e+02
-7.656342e+00
-1.347119e+02
9.776940e+02
-2.271032e+02
8.721067e+01
5.316702e+02
-1.585613e+02
-1.051567e+03
2.916849e+02
-7.134487e+01
-1.253329e+02
7.768888e+02
1.134296e+03
3.512377e+02
1.166656e+03
-4.348421e+02
8.007804e+02
-1.742342e+03
-1.694691e+03
9.214549e+01
7.695233e+01
2.233093e+02
-5.765964e+02
8.001204e+02
7.821829e+02
-1.435097e+02
-2.175676e+02
-3.307558e+02
-4.821391e+02
2.112512e+02
2.417828e+02
2.327205e+02
2.614873e+02
2.572725e+02
2.843333e+02
2.819416e+02
3.106714e+02
-2.484474e+03
-2.584195e+03
-2.605753e+03
-2.744370e+03
-2.722022e+03
-2.905038e+03
-6.033607e+02
-3.968833e+02
-1.554434e+03
1.753971e+02
1.582969e+02
6.614952e+02
8.753870e+01
-1.373332e+03
-1.408708e+03
-1.373057e+03
-1.419875e+03
-1.473124e+03
-2.069620e+03
1.452916e+02
1.779032e+02
1.710947e+02
1.873592e+02
1.989962e+02
2.178465e+02
2.290528e+02
-2.241692e+02
-1.279732e+02
6.971559e+01
4.640768e+02
4.682671e+02
-8.676947e+02
-8.352543e+02
6.323797e+02
4.534287e+02
4.045711e+02
-4.259901e+01
2.336699e+02
3.601619e+02
2.168047e+02
3.232411e+02
-5.055118e+02
2.502515e+02
2.575014e+02
2.391295e+02
-4.695611e+02
1.396485e+03
1.256710e+03
-2.197899e+01
1.586019e+01
2.247442e+01
-1.544704e+03
-5.026375e+01
-1.136478e+02
-4.572886e+01
-1.065551e+03
-1.046813e+03
-1.477466e+01
3.274706e+02
7.936572e+01
1.011731e+02
1.823623e+02
2.190600e+02
-8.392551e+01
-8.247422e+01
-9.475331e+01
2.456350e+02
-7.291814e+01
9.480671e+02
1.614280e+03
1.696030e+03
1.634134e+03
1.738838e+03
1.625970e+03
1.758561e+03
1.513223e+03
1.276324e+03
1.743914e+03
1.847080e+03
1.886029e+03
1.928540e+03
1.951460e+03
1.986503e+03
2.042826e+03
1.987075e+03
2.081241e+03
2.184195e+03
2.220291e+03
2.144685e+03
2.224756e+03
2.187443e+03
2.091334e+03
2.180560e+03
2.089946e+03
2.302715e+03
2.160776e+03
2.060297e+03
2.113553e+03
2.006805e+03
2.045600e+03
1.942161e+03
2.157838e+03
1.968667e+03
1.861437e+03
1.830302e+03
1.755606e+03
1.902040e+03
1.572553e+03
1.775545e+03
1.677781e+03
1.670985e+03
1.592990e+03
1.606301e+03
1.524282e+03
1.503514e+03
1.444693e+03
1.379678e+03
1.365309e+03
1.419307e+03
1.246671e+03
1.248305e+03
1.530632e+03
1.970040e+03
1.049662e+03
1.077013e+03
1.960577e+03
1.246980e+03
2.256508e+03
1.096053e+03
1.045832e+03
1.152211e+03
1.068188e+03
1.045420e+03
1.048595e+03
1.015402e+03
9.664070e+02
9.653004e+02
9.028753e+02
9.105541e+02
8.659364e+02
8.607837e+02
8.322902e+02
8.187508e+02
8.016024e+02
1.080932e+03
1.015522e+03
-8.277142e+02
5.190680e+02
-2.459185e+02
-1.131258e+03
-8.716909e+02
-8.061041e+02
-7.735090e+02
-2.108503e+02
2.820319e+02
5.231991e+02
2.324915e+03
1.396924e+03
1.668763e+03
4.125796e+02
6.950501e+02
1.145170e+03
8.557992e+02
-1.266139e+03
-1.619096e+02
-2.781428e+02
-1.810709e+02
8.272191e+02
8.213221e+02
-2.308028e+01
4.609512e+02
-3.696813e+00
-4.035921e+00
1.268213e+03
1.312126e+03
-1.617449e+01
1.277643e+02
1.453726e+02
5.434768e+02
5.479709e+02
1.412544e+02
9.082938e+02
2.697678e+02
-2.842509e+03
-4.665796e+01
-1.740721e+02
1.336304e+00
8.453146e+02
8.104187e+02
4.782390e+02
5.019216e+02
-1.615069e+03
-2.037445e+03
7.051525e+02
1.564207e+03
-1.983269e+03
-1.868856e+03
-1.867086e+03
-1.768187e+03
-2.256155e+02
3.176328e+02
4.285988e+02
1.841604e+02
1.202669e+02
4.854431e+02
-2.094656e+03
3.102707e+02
3.372030e+02
3.331803e+02
3.619729e+02
3.579831e+02
7.050753e+01
-3.172668e+02
-2.747370e+02
1.351195e+02
-5.425423e+02
-4.909730e+02
-6.912519e+02
-7.931133e+02
-5.033477e+02
-5.395824e+02
-1.088238e+03
-1.892242e+02
-1.623632e+02
-1.762127e+02
-7.858648e+02
1.685124e+03
1.780194e+03
2.333261e+03
2.391965e+03
1.167927e+02
-4.747779e+02
-4.274278e+02
-4.647303e+02
-4.031199e+02
-3.815016e+02
-4.165940e+02
-3.468940e+02
-3.390861e+02
-1.067322e+01
-2.479029e+00
9.539296e+02
-1.449160e+02
-3.503188e+02
3.744478e+02
6.252717e+02
6.578924e+02
9.829252e+02
2.112370e+01
2.186391e+01
2.456128e+01
1.801073e+01
1.739872e+01
1.788989e+01
-3.967099e+02
-3.589046e+02
-6.180829e+02
-6.363485e+02
-1.694931e+02
-2.918283e+03
-3.107359e+03
6.675799e+02
-6.865904e+01
-2.503257e+01
-1.757280e+02
-1.133898e+03
-6.544229e+01
-1.760070e+03
-1.665786e+03
-1.675370e+03
-1.576237e+03
-1.587453e+03
-1.494814e+03
-1.557503e+03
-1.513209e+03
-1.419377e+03
-1.393456e+03
-1.302093e+03
-1.303038e+03
-1.257224e+03
4.152448e+00
2.031935e+00
-1.378393e+03
-1.330251e+03
-8.452036e+02
-8.169904e+02
-8.041294e+02
-7.763275e+02
-7.653525e+02
-7.493579e+02
-7.511455e+02
5.690861e+02
5.855414e+02
5.649216e+02
5.363073e+02
2.347099e+01
-4.052378e+02
-2.169727e+02
1.343037e+03
-2.029370e+03
2.052861e+01
-3.020994e+02
-2.927514e+02
-3.157550e+02
7.715046e+02
1.067721e+03
1.037987e+03
9.842902e+02
1.083987e+03
-7.860966e+02
-7.516749e+02
9.331375e+02
-7.443458e+02
-5.748111e+02
-5.813889e+02
-6.233248e+02
1.670708e+03
8.498138e+01
-3.523734e+00
-1.133502e+01
2.328285e+02
1.609227e+02
8.607568e+01
1.299417e+03
-6.093186e+02
2.656556e+02
1.295407e+02
1.511307e+02
4.090332e+02
-8.163663e+02
-8.483979e+02
-9.010323e+02
2.528047e+02
2.208252e+02
9.914306e+02
9.595428e+02
-5.265868e+01
5.998817e+02
5.973686e+02
4.367918e+02
-9.914106e+02
-1.035968e+03
-1.147343e+03
-5.196824e-01
-8.063553e+02
-7.523255e+02
-6.836668e+02
-6.728496e+02
-6.159529e+02
-6.086779e+02
-5.639119e+02
-5.796633e+02
-5.178668e+02
-5.195986e+02
-4.649525e+02
-4.644509e+02
-4.124438e+02
-4.131960e+02
-3.613221e+02
-3.673776e+02
-3.270564e+02
-3.273051e+02
-2.922048e+02
-2.908845e+02
-2.602524e+02
-2.549047e+02
-2.260007e+02
-2.198850e+02
-1.910815e+02
-1.287399e+03
-1.420473e+03
8.141625e+01
1.049579e+02
-5.475190e+01
1.166328e+02
-9.660574e+02
-1.019630e+03
-7.684953e+02
5.284565e+01
-1.409893e+03
6.622992e+02
6.431138e+02
5.888563e+02
7.000090e+02
6.253588e+02
-6.396562e+02
-5.662721e+02
-3.111477e+01
1.345463e+03
1.505927e+03
-1.226140e+01
-1.730362e+01
-1.694471e+03
-6.363837e+02
9.750544e+01
6.398167e+01
3.185093e+02
4.124677e+02
-1.619488e+01
2.951657e+00
-2.420407e+02
6.159632e+01
2.877483e+02
-6.393351e+02
8.223751e+02
5.204700e+02
5.371880e+02
6.892519e+02
6.790159e+02
-1.842544e+02
1.773808e+03
7.691094e+02
7.573645e+02
1.709751e+02
8.596684e+02
8.141593e+02
2.318679e+01
1.982245e+01
5.169925e+02
-7.893126e+02
-9.695105e+02
5.177198e+02
6.463100e+02
1.809147e+02
-1.648980e+03
9.897477e+02
9.268028e+02
9.210824e+02
8.725285e+02
1.058580e+03
8.760821e+02
8.139501e+02
7.972200e+02
7.408954e+02
7.088330e+02
6.940532e+02
7.268757e+02
6.878144e+02
6.957364e+02
6.612984e+02
-1.681641e+03
3.872807e+02
3.783358e+02
1.448344e+03
1.460014e+02
2.286034e+01
1.921808e+01
3.326890e+02
-7.520971e+02
-7.199967e+02
-7.217266e+02
-6.905052e+02
-7.219306e+02
-1.036068e+03
-7.171268e+02
1.159226e+02
-1.575125e+02
4.941514e+01
2.653400e+02
9.423699e+01
7.827156e+01
1.283307e+02
1.191412e+02
-1.672129e+03
4.418178e+02
-1.312990e+03
-2.480125e+02
-6.323948e+02
1.632947e+03
-5.712001e+02
-5.386633e+02
-7.876803e+02
2.857317e+01
3.024076e+01
2.583399e+01
3.089528e+01
-1.043973e+03
-5.769101e+02
2.337820e+01
9.307575e+02
7.740761e+02
-1.624718e+02
-1.793153e+02
-1.508367e+02
1.077277e+03
9.582544e+02
2.621056e+02
2.437344e+02
-3.380604e+01
-4.794555e+02
1.887859e+02
2.705674e+02
1.105876e+01
7.592307e+00
1.609976e+03
4.547531e+02
5.693066e+02
-7.003528e+02
1.815918e+01
3.881787e+02
1.387043e+02
1.058458e+03
1.009027e+03
1.350153e+02
5.672504e+02
-3.232428e+00
-2.027035e+01
-6.395884e+00
5.159604e+02
2.464559e+03
2.317205e+03
2.454328e+03
2.479849e+03
2.582155e+03
2.632738e+03
2.710862e+03
2.721828e+03
2.842431e+03
2.884656e+03
2.737073e+03
2.883132e+03
3.059891e+03
3.045955e+03
2.844771e+03
3.273523e+03
2.984011e+03
2.756378e+03
2.661637e+03
2.565057e+03
8.430390e+02
3.921673e+01
-1.490845e+02
-1.390595e+02
-2.541996e+01
-8.525617e+00
-4.220048e+01
-5.503792e+02
-6.717613e+02
-1.229453e+02
4.653598e+02
-1.714851e+03
-2.068624e+02
-2.041571e+02
-2.325680e+02
-2.335799e+02
-2.674729e+02
-2.497926e+02
-2.784872e+02
-2.722048e+02
-1.157060e+03
-1.106038e+03
-3.333070e+01
-2.616372e+01
1.510553e+01
-3.117532e+02
-2.821383e+02
2.077935e+02
-1.251477e+03
4.641654e+02
-6.944373e+02
-7.294816e+01
-1.759893e+02
-1.075073e+02
-1.311990e+03
-1.239688e+03
4.548264e+02
8.688436e+02
3.075021e+01
1.729151e+02
8.277112e+02
8.452200e+02
5.411235e+02
4.961113e+02
6.471657e+02
-6.291128e+01
6.110587e+01
6.830798e+01
-1.075419e+03
-1.328994e+03
-1.669555e+03
8.075372e+02
6.468768e+02
6.508593e+02
-5.960109e+02
-3.225806e+02
-2.784654e+02
-2.355255e+02
-2.294037e+02
2.670764e+02
6.726666e+02
6.440597e+02
7.290677e+02
7.430443e+02
-5.174352e+01
-6.398920e+01
-7.184335e+01
3.353567e+02
4.097845e+01
-3.929540e+02
-3.511370e+02
-8.511540e+02
-8.771726e+02
1.891757e+03
-7.264479e-01
2.828004e+00
5.816326e+02
2.201558e+01
2.330921e+01
6.228005e+02
3.156039e+02
9.579907e+02
-2.173425e+02
-1.214128e+03
-7.963853e+02
2.086470e+02
2.182657e+02
2.247776e+02
-4.261016e+02
7.355160e+01
5.299821e+01
5.357451e+01
-1.108647e+03
-1.153243e+02
-2.709299e+01
-4.405228e+01
-1.346510e+01
-1.320435e+01
-7.090382e-02
1.754225e+00
5.113060e+00
-3.949769e+01
-7.498774e+01
1.411353e+03
-1.065473e+03
9.599633e+01
8.140621e+01
-1.865120e+03
-2.745331e+02
-2.746721e+02
2.374462e+01
-6.218256e+02
-7.482172e+02
-1.642456e+03
-1.381115e+02
-1.726668e+02
1.685947e+02
4.414528e+01
3.277950e+01
1.102515e+03
-8.409612e+02
-1.349178e+03
1.471253e+02
6.803218e+02
1.202127e+03
1.121330e+03
1.080796e+03
-3.089245e+03
-2.872833e+03
-3.323218e+03
-3.303678e+03
4.757169e+02
8.145776e+02
1.857937e+01
-1.797272e+02
-1.815401e+02
-7.377286e+02
-2.827434e+02
-5.431465e+00
-1.880534e+01
-1.051527e+01
1.808485e+02
-8.679823e+02
-9.247474e+02
2.083981e+02
2.625237e+03
2.448967e+03
9.105189e+02
9.383716e+02
-6.239508e+02
-1.844562e+01
-5.251909e+02
-4.874915e+02
2.947284e+01
2.793245e+01
-8.714523e+01
-7.267642e+01
1.578568e+01
1.950023e+02
1.990747e+02
1.728589e+02
1.759376e+02
1.557638e+02
1.478310e+02
9.056875e+02
2.211228e+02
1.573290e+03
1.029422e+03
1.083618e+03
-1.473998e+03
1.415675e+02
1.339945e+02
5.147085e+02
-5.041577e+02
-1.330057e+03
-5.123647e+02
3.232234e+03
3.510898e+03
2.596464e+02
-1.220784e+03
9.248302e+02
-3.679423e+02
-3.202795e+02
8.817513e+02
8.268222e+02
-7.935411e+02
-2.910805e+01
4.092359e+01
2.293151e+02
2.138535e+02
-2.350718e+02
2.821746e+02
1.602700e+01
-3.591776e+03
2.702440e+02
3.260337e+02
3.449127e+02
3.208165e+02
1.361177e+03
1.425995e+03
1.353554e+03
-1.489667e+03
-1.031765e+03
-2.216284e+03
-1.699027e+03
-2.526727e+02
8.550894e+02
1.637883e+03
1.555185e+03
-1.858800e+01
-2.742485e+01
4.144591e+02
5.778644e+02
1.114933e+02
6.357605e+02
-2.591295e+02
6.918035e+02
-3.697569e+01
1.022632e+02
-4.072090e+01
-2.153818e+01
-9.733691e+02
-1.009637e+03
1.076953e+01
4.203282e+02
4.492109e+02
5.944096e+02
4.701170e+02
1.177976e+00
1.045773e+03
4.047942e+02
3.070929e+02
4.798818e+02
5.143065e+02
-5.251571e+02
9.765540e+02
1.132122e+03
2.850641e+02
2.580789e+02
-1.469321e+02
-1.056017e+03
-1.066772e+03
-1.627841e+01
-1.766528e+01
5.352230e+00
7.258852e+02
-6.044675e+02
-1.113601e+03
-4.642787e+02
6.222366e+02
8.383119e+02
6.089556e+02
-2.802230e+02
-3.584060e+02
-1.057491e+03
-1.032102e+03
-1.754023e+02
-2.145137e+02
8.799539e+02
8.467435e+02
-8.506056e+02
-8.350774e+02
3.813180e+02
3.738997e+02
3.371265e+02
1.312594e+02
1.316524e+02
1.238659e+02
1.121159e+02
8.091230e+01
6.043030e+01
5.405061e+01
5.469210e+01
3.626675e+01
7.126356e+02
-8.815884e+02
-8.834711e+02
6.452283e+02
1.148375e+02
1.957430e+02
2.518709e+03
1.901414e+01
1.735163e+01
4.188483e+02
3.979718e+02
-1.274090e+03
-4.846434e+01
9.373569e+02
1.031410e+03
3.473660e+03
3.057520e+02
3.200062e+01
-5.563557e+02
9.124080e+02
-2.654897e+03
-2.738094e+03
1.494946e+02
4.910115e+01
1.281673e+03
8.794074e+02
4.228796e+01
-8.565744e+02
9.566201e-01
2.474600e+03
2.312176e+03
1.839509e+02
2.297857e+03
2.157825e+03
4.684874e+02
-6.521404e+02
7.036590e+02
5.942140e+02
6.534876e+02
-1.507463e+03
-1.505164e+03
2.643813e+01
3.434474e+01
-1.170739e+02
-8.485976e+01
5.765807e+02
6.018766e+02
-1.978245e+02
9.075716e+02
8.497567e+02
9.467416e+02
8.750353e+02
2.670568e+02
2.947794e+02
1.224519e+03
5.401276e+02
4.728690e+02
-8.175698e+02
1.738188e+03
-9.921801e+02
-8.710009e+02
4.649650e+02
2.697685e+03
-6.157097e+02
-1.088372e+03
-1.108290e+03
-4.697058e+02
-4.149418e+02
-3.992445e+02
-2.994380e+03
-2.866029e+03
-8.953265e+02
-1.505992e+01
-1.205377e+01
1.186054e+02
9.608359e+02
-2.633187e+02
1.995482e+02
1.921336e+02
-7.526685e+02
7.452817e+01
9.627398e+01
-3.190275e+02
-3.328738e+02
2.809293e+01
3.382467e+01
4.588752e+01
4.608453e+01
4.968576e+02
-7.132134e+02
1.519939e+03
1.436863e+03
-2.974246e+00
-8.229297e+01
-8.392654e+01
-7.396228e+01
6.210579e+00
1.618785e+02
1.933219e+02
1.437336e+02
-1.193087e+03
-1.134343e+03
-1.138645e+02
-1.576770e+02
-9.117630e+01
-2.187249e+02
-1.619955e+02
-1.235704e+02
-1.196743e+02
-6.811769e+01
1.379037e+02
-1.498842e+02
1.137620e+02
1.203199e+01
1.855873e+01
2.264101e+01
1.457621e+03
1.388184e+03
-5.403426e+00
2.489265e+03
-6.586307e+02
-6.576093e+02
9.438619e+02
3.080444e+02
3.025793e+02
1.125012e+03
1.092079e+03
6.269941e+01
1.001238e+03
1.308422e+02
3.174851e+02
2.257033e+02
-3.558257e+03
-3.939958e+03
1.688167e+01
-1.237669e+03
-9.330256e+02
1.656035e+03
1.720981e+03
1.543524e+03
5.376886e+02
-1.368130e+03
-1.736761e+03
-2.628040e+03
-1.425307e+03
-2.483619e+03
-2.371548e+03
-2.550068e+03
-8.943723e+02
-9.000884e+02
-6.954964e+01
-7.792019e+01
-6.681276e+02
-1.040492e+03
-4.960997e+02
2.698166e+01
6.266655e+01
5.170627e+02
-3.923876e+02
-3.458176e+02
-3.099377e+02
-4.382857e+02
-3.016131e+02
-2.687027e+02
-2.738536e+01
8.854307e+02
-6.601290e+02
-2.252213e+01
-2.980648e+01
1.367019e+02
2.085129e+02
-3.186858e+02
-3.491233e+02
-1.769618e+03
2.849828e+00
3.723664e+01
5.179607e+01
5.745886e+02
5.198663e+02
1.048497e+01
4.889496e+01
-1.587822e+03
-1.590367e+03
1.142105e+03
1.195602e+03
9.428569e+02
1.215353e+03
1.387090e+03
9.113221e+02
9.602862e+02
9.607302e+02
-2.630369e+02
-1.013139e+03
-4.943953e+02
6.840825e+02
7.139765e+02
1.583626e+01
2.318890e+02
4.192119e+01
1.038151e+03
1.055947e+03
-5.051394e+02
3.769780e+03
-2.428487e+02
-2.216749e+02
-2.219302e+02
-5.267907e+02
-7.279243e+02
-3.487579e+03
-1.588380e+03
2.664924e+03
6.545985e+02
4.474222e+02
4.338820e+02
9.477242e+01
9.037310e+02
7.583153e+02
7.435907e+02
7.793661e+01
3.096766e+02
-1.906497e+02
6.039634e+00
-2.587480e+02
-2.857794e+02
-3.001262e+02
-2.657449e+02
2.656966e+02
2.725353e+02
-9.412823e+02
1.305358e+03
1.245650e+03
1.354084e+03
1.186360e+03
6.139103e+01
5.552807e+01
-9.149611e+02
-9.815859e+02
-1.024492e+03
-1.066088e+03
-9.324293e+01
2.218262e+02
2.636944e+02
-1.414573e+02
1.615101e+01
7.031945e+00
2.323212e+01
1.761192e+01
1.125753e+02
8.870421e+02
-1.403665e+03
8.643620e-01
2.395013e+02
-1.271101e+03
-1.284362e+03
-1.228277e+03
-9.740268e+02
8.737916e+02
1.732483e+03
1.057942e+03
1.167114e+03
1.134571e+03
1.542508e+03
1.561652e+03
-1.475896e+03
1.895331e+02
1.882069e+02
2.100606e+02
3.780389e+02
3.485114e+02
-5.456696e+02
-5.468567e+02
-5.121596e+02
5.395995e+01
2.710911e+01
-5.895378e+01
-6.099036e+01
-3.552185e+02
-3.218678e+02
-3.638991e+02
1.525355e+02
2.140228e+03
-4.477590e+01
-6.411616e+02
1.308462e+03
-5.635777e+02
5.970392e+02
3.093810e+02
3.225860e+02
3.344589e+02
3.466602e+02
-8.658978e+02
1.909128e+02
1.887704e+03
9.413927e+02
5.346921e+02
2.280327e+02
-1.102292e+03
-5.953194e+02
-1.204671e+03
-6.330356e+01
3.433982e+03
3.155503e+03
1.770035e+00
7.952097e+01
8.830466e+02
2.157791e+03
-7.186139e+02
5.053682e+01
5.802151e+02
6.879552e+02
-2.756103e+01
-1.704931e+01
6.509830e+02
6.190896e+02
6.133904e+02
6.522902e+01
6.171510e+01
-2.456910e+02
-2.675318e+02
-2.214406e+02
-6.215800e+00
3.340867e+01
9.871809e+01
8.603958e+01
7.013482e+01
-1.798580e+01
4.069592e+02
1.642833e+01
5.653610e+01
7.152074e-01
1.177927e+02
1.218117e+03
-3.276629e+02
-3.507801e+02
-1.621724e+03
4.283128e+02
-3.751077e+01
-4.846547e+01
-5.397517e+01
-7.505267e+01
-6.873578e+01
-5.264533e+01
-8.105239e+01
-9.239266e+01
1.445729e+03
3.605182e+02
1.135019e+02
1.109543e+02
1.337729e+02
-1.416515e+03
7.834573e+02
3.519565e+02
-4.229092e+02
-3.649166e+02
-4.275999e+02
-5.001292e+02
-4.422988e+02
-5.011292e+02
3.128040e+01
2.413315e+02
2.408605e+02
3.005303e+02
2.321212e+02
2.888020e+02
-2.041856e+02
3.646769e+02
3.914771e+02
-7.839517e+02
1.720366e+02
-7.961793e+02
-7.571809e+01
-7.792551e+01
-9.230256e+01
-9.423609e+01
8.187108e+01
7.198224e+01
-1.612825e+03
2.180668e+02
-7.537926e+02
-6.813964e+02
-6.894803e+02
-7.198615e+02
-6.597578e+02
-6.597376e+02
-6.318906e+02
7.738335e+02
-2.839885e+01
1.502042e+03
-6.509754e+02
1.972021e+01
-1.992481e+02
-1.373480e+02
-4.149033e+02
1.126107e+03
9.022123e-01
2.524859e+03
-5.230629e+02
-4.991069e+02
-4.889762e+02
-4.757503e+02
-4.663810e+02
-4.530804e+02
-4.443707e+02
-4.310082e+02
-4.227650e+02
-4.094321e+02
-4.016949e+02
-3.883794e+02
-3.809706e+02
-3.676620e+02
-3.607247e+02
-3.473815e+02
-3.458631e+02
-3.275680e+02
-3.266995e+02
-3.082411e+02
-3.069682e+02
-2.890507e+02
-2.866725e+02
-2.699575e+02
-2.673405e+02
-2.512700e+02
-2.485771e+02
-2.328589e+02
-2.299818e+02
-2.146787e+02
-2.115046e+02
-1.967182e+02
-1.933969e+02
-1.789449e+02
-1.754723e+02
-1.613409e+02
-1.581610e+02
-1.440434e+02
-1.415542e+02
-1.836412e+02
4.089268e+02
-1.952239e+01
-3.167212e+01
-2.588986e+01
-5.716177e+01
-1.369684e+03
1.008839e+02
-2.951695e+03
-2.791602e+03
-2.597090e+03
-3.034694e+03
-1.299792e+03
2.555263e+03
2.401549e+03
5.630142e+02
5.361485e+02
1.779460e+03
5.348293e+02
5.299226e+02
5.099235e+02
4.519710e+02
1.467210e+01
-5.379973e+02
1.264986e+02
2.103732e+02
2.459079e+02
-4.503381e+02
-3.304281e+01
-4.562437e+02
-5.003380e+02
-4.827170e+02
-5.125968e+02
1.269329e+03
1.202786e+03
-5.766978e+00
3.615731e+02
3.152080e+02
2.994856e+02
2.682873e+02
2.712819e+02
2.393590e+02
2.271722e+02
2.274100e+02
2.256578e+02
-1.251518e+03
8.523696e+02
8.864844e+02
-5.042892e+02
-5.378489e+02
-5.216719e+02
5.517736e+02
-8.788343e+02
-2.428985e+02
-2.520693e+03
3.452003e+01
2.620343e+01
9.608150e+00
3.415699e+01
5.034430e+01
8.234531e+01
-7.564090e+02
7.119263e+02
8.426346e+02
-1.850646e+02
3.808625e+02
-1.271782e+02
-3.735952e+01
2.847065e+02
2.614976e+02
-1.464334e+02
-1.610673e+02
-1.843329e+02
-1.237999e+02
-1.514503e+02
-1.365665e+02
-1.652262e+02
-1.446157e+03
8.179973e+02
-1.279544e+03
-2.944973e+03
-5.932562e+02
-4.373374e+00
2.712174e+01
-9.753363e-01
4.359410e+00
-7.771715e+00
-4.619066e+00
-1.380155e+01
-1.368634e+01
-2.465906e+01
1.816939e+02
-6.097078e+02
-6.183041e+02
-2.483872e+02
2.789141e+02
-3.611536e+02
-6.642221e+01
-5.415163e+02
-5.767174e+02
-4.958101e+02
-5.365407e+01
3.629254e+01
1.663342e+03
1.765686e+03
1.715446e+03
1.861458e+03
1.728465e+03
1.918680e+03
1.797768e+03
1.759307e+03
8.421073e+02
8.564087e+02
9.558160e+02
5.251462e+02
9.006764e+02
8.496946e+02
8.686834e+02
8.104721e+02
7.749699e+02
2.297164e+02
1.476886e+03
1.708190e+03
-5.743973e+02
-1.059036e+03
-1.106800e+03
-8.031460e+02
1.206435e+02
1.090061e+02
-1.930535e+02
-1.004209e+02
-9.385765e+01
-9.961670e+01
-4.508927e+01
-6.037477e+00
-9.598376e+01
8.795959e+02
-1.088876e+02
1.153874e+02
-4.066200e+01
1.121282e+03
6.802648e+02
6.460004e+02
2.511075e+02
2.483057e+02
-4.632709e+01
5.120357e+02
2.090330e+02
5.420856e+01
-2.932470e+01
-3.227209e+02
-3.306169e+02
1.858923e+01
2.048877e+01
-2.385888e+01
1.017797e+03
-1.086476e+03
-1.138898e+03
-1.034870e+03
3.862628e+01
-1.566170e+03
-1.560365e+03
4.599024e+02
-1.686377e+00
-9.743884e+02
-9.405346e+02
5.338568e+01
-8.563369e+01
-1.761973e+01
1.373138e+02
-1.389997e+03
-1.488035e+03
-1.008957e+03
2.975653e+02
2.606950e+02
-6.671703e+01
3.845567e+02
-1.263651e+03
5.223757e+02
1.696323e+02
1.699851e+02
2.892088e+02
-1.402005e+03
1.283758e+02
1.436035e+02
1.100308e+02
-4.962527e+02
4.129712e+02
3.909725e+02
1.414198e+03
-1.111423e+03
-1.157765e+03
1.013486e+03
1.098635e+03
1.619595e+02
6.120542e+02
-9.083094e+02
2.010727e+03
-3.377416e+02
5.545632e+02
-6.041035e+02
1.294521e+03
4.345425e+02
3.847745e+02
9.020568e+02
2.456409e+01
8.669577e+02
9.435331e+02
1.798256e+03
-1.160409e+03
-1.211036e+03
-1.421645e+02
-1.607691e+02
1.493800e+03
-3.326234e+02
2.760852e+02
2.983097e+02
2.413126e+02
-7.179379e+02
3.895959e+02
1.012382e+02
-1.327080e+03
4.377385e+02
2.825728e+02
6.735319e+00
-2.082735e+02
2.234490e+02
-2.078829e+02
3.635779e+03
3.347891e+03
2.862589e+02
3.160455e+02
-1.659317e+01
-1.322145e+01
-2.356027e+03
2.010645e+02
8.158347e+02
-1.372310e+03
1.247041e+03
-7.953162e+01
3.024010e+02
-4.095778e+02
1.915250e+01
1.103609e+03
2.385448e+02
2.522591e+02
7.756939e+02
2.129161e+01
3.130586e+02
-2.601540e+03
-2.426414e+03
-1.210527e+03
6.058570e+02
-5.747938e+02
-4.212670e+02
1.981878e+03
-7.492189e+02
1.469439e+03
-1.045150e+03
-1.164803e+03
2.452865e+03
4.661002e+01
5.338972e+01
3.543842e+01
4.255424e+01
3.308393e+01
2.929002e+02
2.533553e+02
6.668090e+02
-1.850649e+01
-1.566257e+03
-6.490772e+02
3.731872e+02
-2.112750e+03
2.508028e+02
5.701591e+02
6.061278e+02
6.197504e+02
5.086935e+02
5.221942e+02
-2.552371e+02
-4.163792e+01
-6.871882e+01
5.242133e+02
4.604731e+02
3.171055e+02
-8.668799e+02
-2.629724e+01
-3.427108e+02
-6.352191e+02
7.340715e+02
-9.732657e+02
1.591651e+03
-1.859318e+02
1.546209e+03
4.110660e+01
6.819075e+00
5.694310e+01
7.760173e+01
-2.285744e+01
-4.272168e+01
-1.258135e+03
-3.325966e+02
5.679698e+02
1.258041e+03
-3.526876e+00
-6.711058e-01
1.018356e+02
7.509576e+01
-1.110391e+03
6.041190e+02
-1.086418e+02
6.407858e+01
-1.787762e+02
1.642049e+02
1.418165e+02
-1.137248e+03
6.737657e+01
-1.020036e+03
3.009305e+01
-1.625591e+02
-1.425186e+02
-1.432826e+03
1.785683e+03
1.863537e+03
1.127046e+03
-8.087729e+01
-2.624096e+03
-4.432743e+02
-1.170691e+03
-1.119576e+02
-1.069468e+02
2.992057e+02
-2.449112e+02
5.070299e+02
4.833045e+02
-2.194633e+02
7.915036e+02
-4.736917e+01
9.808231e+02
5.634837e+01
3.286587e+01
2.508725e+01
6.919730e+02
-8.585205e+02
-2.754644e+03
-2.364106e+02
4.404766e+02
4.289700e+02
1.559967e+02
2.478206e+02
3.414359e+02
7.727352e+02
-2.716396e+02
-2.856620e+02
-3.567630e+02
-2.916528e+02
2.253760e+01
2.287117e+01
3.864030e+01
3.527372e+01
2.854853e+01
-1.701595e+03
-6.100372e+00
-1.094163e+02
4.488582e+02
1.713676e+03
1.493016e+03
4.907901e+02
4.857488e+02
1.108471e+01
-1.706232e+01
-6.971097e+02
-6.730409e+02
1.971778e+00
-6.821643e+02
4.238481e+01
5.437980e+01
1.316279e+03
1.811387e+02
6.625738e+02
-1.538253e+03
-1.041407e+03
2.689735e+01
3.777001e+01
1.668252e+02
-9.115252e+02
6.422535e+01
6.494594e+01
2.263666e+02
-3.364223e+02
-3.657311e+02
-3.949056e+02
-4.060283e+02
4.479030e+02
-2.423967e+03
-2.269720e+03
-2.237662e+03
-2.104301e+03
-1.311649e+03
-7.098704e+00
-1.205399e+03
-1.552830e+03
-8.814310e+00
9.694030e+01
8.235652e+01
1.542214e+01
4.690278e+01
-1.789191e+01
1.193167e+03
-1.509026e+03
-1.766072e+02
-1.319696e+02
5.782926e+02
2.076128e+00
-9.662895e+01
3.434524e+02
3.264232e+02
2.015537e+02
1.594532e+02
-1.330643e+02
-1.154120e+02
2.344198e+03
-5.837946e+02
-9.094358e+02
1.490264e+01
1.027218e+02
8.981073e+01
4.864159e+01
1.429264e+03
-2.129393e+03
-1.981430e+03
-1.918522e+03
-1.815007e+03
-5.630096e+02
-1.213256e+03
-1.384101e+03
-3.590240e+01
2.302740e+02
-4.317101e+02
-4.754352e+02
-4.763848e+02
-5.134867e+02
-5.133179e+02
-5.769317e+02
-3.260011e+01
-3.163626e+03
5.657616e+02
-3.289029e+02
7.745233e+02
7.876421e+02
7.534148e+02
7.836896e+02
7.297830e+02
-1.543029e+03
9.080645e+01
6.217625e+01
6.188271e+01
5.937335e+01
1.296817e+03
1.674199e+03
1.310166e+03
8.321517e+01
2.328066e+03
-5.736771e+02
-5.937295e+02
-6.071946e+02
-2.563562e+03
1.271435e+03
1.133803e+03
1.089810e+03
1.049386e+03
-8.965900e+02
-1.165358e+02
-1.862442e+03
-1.708702e+03
-1.669570e+03
-1.573545e+03
2.470656e+03
3.098391e+01
-4.769308e+02
4.375526e+02
-7.660338e+00
-2.599225e+01
-1.265975e+03
-1.837152e+03
-1.040763e+01
-7.359402e+00
9.784724e+00
-5.315847e+00
-3.584507e+01
4.935333e+02
4.825991e+02
4.519407e+01
2.582354e+02
1.815817e+02
-1.157390e+03
-3.194520e+01
3.160373e-02
5.861705e+01
3.172905e+01
1.105667e+03
-3.986391e+01
-2.256573e+02
-2.025826e+02
2.712193e+02
-3.889873e+02
1.092964e+03
1.030205e+03
9.878638e+02
9.529427e+02
9.831014e+02
9.809902e+02
-1.613495e+03
-1.492428e+03
9.792360e+02
-2.547651e+02
-8.293211e+02
1.078600e+03
9.088849e+02
1.034677e+03
-1.109302e+03
-1.326213e+03
1.169312e+02
-4.748011e+02
-2.300738e+02
8.449650e+02
8.251775e+02
-5.458281e+02
-4.330632e+02
1.640535e+03
3.151690e+01
-3.978947e+02
-3.701766e+02
4.096370e+01
-1.229962e+03
-1.211635e+03
-1.171565e+03
-1.177738e+03
-1.127749e+03
-1.124503e+03
-1.090643e+03
-1.058389e+03
-1.077454e+03
-1.081769e+03
-1.046149e+03
-1.031106e+03
-9.931027e+02
-9.850061e+02
-9.498689e+02
-9.265180e+02
-9.017874e+02
-1.209250e+03
-9.832129e+02
-1.416339e+02
-1.746546e+02
-1.121746e+02
-1.944993e+02
-3.003207e+02
-3.887481e+01
1.479306e+03
1.286069e+03
6.337517e+02
6.825131e+02
7.089316e+02
7.322607e+02
7.563374e+02
-6.723940e+02
-1.420585e+03
-1.175948e+03
2.162233e+02
9.790391e+02
-1.074803e+02
-1.120121e+02
-8.536086e+01
-9.231569e+02
-9.351224e+02
7.499491e+01
9.409566e+01
2.088022e+02
2.231693e+02
-9.082256e+02
-1.107410e+03
-7.014424e+02
-3.827760e+03
-4.285508e+03
-4.209259e+03
-2.788805e+01
-2.469119e+03
2.128431e+01
2.581095e+01
1.176156e+01
9.191934e+02
5.015464e+01
-2.210112e+02
9.730447e+02
9.750214e+02
-7.538218e+01
-8.362851e+01
-9.691876e+01
-1.017208e+02
-1.071120e+02
-1.186108e+02
-1.246024e+02
-1.444834e+02
-1.393516e+02
-1.482433e+02
-1.635343e+02
-1.654087e+02
-1.653726e+02
-1.849091e+02
-1.913808e+02
-2.047400e+02
-2.243264e+02
-2.292147e+02
-2.496697e+02
-2.529232e+02
-2.636428e+02
-2.820105e+02
-2.846521e+02
-2.877600e+02
-3.090587e+02
-3.175218e+02
-3.329675e+02
-3.436934e+02
-3.569829e+02
-3.698733e+02
-3.823086e+02
-3.874809e+02
-4.100170e+02
-4.129461e+02
-4.497836e+02
-4.347476e+02
-2.879733e+02
-3.791863e+02
-4.009382e+02
-2.065768e+02
-4.995334e+02
-4.955348e+02
-4.559456e+02
-2.173377e+02
-1.092274e+02
-1.016745e+02
-7.819515e+01
2.368880e+02
9.069002e+02
8.104121e+02
1.052924e+03
2.867728e+01
2.259952e+00
1.096250e+03
1.125290e+03
1.103506e+03
1.135179e+03
5.632404e+02
7.560444e+02
-3.329816e+01
5.413475e+02
-1.199079e+03
1.154054e+03
1.204514e+03
9.261947e+02
4.158754e+02
5.466781e+02
4.276592e+02
-8.307266e+02
-8.053692e+02
-7.459754e+02
-1.323383e+03
-1.279765e+03
-1.420356e+03
-1.211583e+03
-1.231219e+03
8.598595e+02
-3.400659e+02
-3.471990e+02
6.887970e+02
7.229941e+02
-1.000021e+02
6.129088e+01
6.799316e+02
7.289961e+02
-2.563930e+02
-1.149320e+02
-1.130302e+02
-4.902175e+02
-1.045083e+03
3.340788e+03
3.101284e+03
3.615154e+03
2.307178e+02
1.009298e+03
1.161608e+03
-5.555444e+02
-5.435148e+02
-5.123421e+02
-1.163795e+01
1.457874e+00
2.437110e+02
3.757106e+01
8.626395e+01
8.451555e+01
3.911027e+02
1.865155e+01
-8.107011e+00
9.902462e+02
-4.043161e+02
4.669266e+02
8.636268e+02
8.847482e+02
4.623967e+01
8.254145e+01
-1.489052e+03
1.342790e+03
1.233724e+03
-9.890116e+02
1.852297e+03
-6.970357e+02
-3.220092e+02
4.840992e+01
7.481093e+00
1.690608e+01
-1.814724e+02
9.949511e+01
-8.729635e+02
-8.691325e+02
-8.069841e+02
3.564200e+02
3.530237e+02
2.773855e+02
1.652331e+00
-6.473069e+02
-6.829057e+02
-1.304120e+02
1.769805e+01
1.869673e+01
-4.114855e+02
-5.113611e+02
-4.817848e+02
-6.705601e+02
-5.671610e+01
6.867645e+01
-1.021496e+02
-1.046536e+02
-1.244273e+02
1.696444e+02
2.121860e+02
5.429212e+02
5.779294e+02
-2.561811e+02
1.404200e+02
1.358281e+02
1.595899e+02
1.401299e+02
2.542617e+02
2.880728e+02
5.348183e+01
4.015039e+03
4.195242e+03
3.722987e+03
1.012281e+03
1.060707e+03
-9.597418e+00
-2.363185e+02
-8.545672e+02
-1.731144e+03
-1.845919e+03
1.003847e+03
6.275234e+02
6.318916e+02
6.614074e+02
-5.422808e+02
-2.675577e+02
8.522682e+01
9.071014e+01
7.827043e+01
-4.126867e+01
-4.174074e+01
-4.744775e+01
-8.341916e+01
-7.058919e+01
-4.924489e+01
3.707756e+02
3.499289e+02
3.332107e+02
3.107969e+02
2.895566e+02
-2.422212e+01
-3.814988e+01
-1.215192e+01
-9.467241e+02
-9.880481e+02
-1.029904e+02
1.132858e+03
1.154459e+03
4.564419e+02
4.681036e+02
4.406104e+02
-2.706213e+02
-1.812496e+02
-3.448695e+01
-8.959443e+01
-9.571228e+01
5.634250e+02
2.087965e+01
-9.192674e+02
-9.496110e+02
-9.722316e+02
-4.063560e+01
-3.035891e+02
1.211132e+02
-5.684215e+02
-5.857262e+02
1.975387e+02
-1.029077e+03
2.574420e+02
4.541305e+03
4.677420e+03
-3.574028e+02
5.988018e+02
-3.273494e+02
-9.625491e+02
-6.446321e+01
-8.797186e+01
-5.788591e+01
-5.625412e+01
5.681360e+02
-1.047568e+02
1.951915e+02
1.791768e+02
2.111304e+02
2.302299e+02
6.253714e+02
6.022232e+02
4.929907e+02
4.591699e+02
4.338121e+02
6.307899e+02
-1.518298e+03
-9.395298e+02
8.736811e+02
1.280798e+03
-6.309172e+02
-6.047715e+02
-6.051320e+02
-5.793023e+02
-5.776070e+02
-5.545956e+02
-5.780903e+02
-1.215220e+02
4.734468e+02
-2.984247e+01
9.244958e+02
7.931183e+02
-1.374862e+03
9.242646e+01
3.135679e+02
-5.834900e+02
-4.686159e+02
5.151773e+02
-1.226639e+02
-1.228910e+02
1.364153e+02
2.590074e+03
2.860113e+03
2.862579e+03
-7.957698e+02
-7.432385e+02
-7.167571e+02
-6.876054e+02
-6.976614e+02
-6.755168e+02
-6.316825e+02
-6.269953e+02
2.316374e+01
-9.244875e+02
1.075573e+03
3.177187e+02
3.380219e+02
3.437519e+02
3.663638e+02
-1.630223e+02
-2.597840e+02
-1.080773e+03
1.056924e+03
2.853550e+02
-9.819561e+01
1.020696e+01
7.148695e+02
6.776475e+02
9.686954e+02
6.872469e+01
-2.004525e+02
4.091699e+01
-4.791726e+03
-4.598519e+03
5.310911e+01
1.895189e+03
1.705480e+03
-7.327863e+02
2.305248e+02
2.370932e+02
7.748714e+02
-5.959030e+02
-6.003632e+02
-6.582697e+02
-1.263351e+03
3.697227e+02
3.514382e+02
-1.629641e+01
-2.351283e+01
-5.591624e+02
5.757847e+02
-1.499409e+03
-1.029827e+03
2.534243e+02
2.633995e+02
-1.175893e+03
-1.254785e+03
3.140840e+03
-5.933616e+02
4.176837e+01
-9.453109e+02
5.299317e+02
-9.295862e+02
-9.559563e+02
1.052971e+03
-3.450226e+03
7.430274e+00
4.038008e+03
3.424802e+02
9.380790e+02
-5.912819e+00
-5.114580e+00
1.176604e+02
3.553690e+02
-1.047344e+03
3.490678e+02
-5.643071e+02
-1.048549e+03
-2.824069e+01
-7.550035e+01
-1.270739e+03
-9.398851e+02
-1.077442e+03
-3.373329e+03
-9.782779e+02
9.552065e+02
9.169514e+02
1.014431e+03
-1.192275e+02
6.932557e+02
2.094330e+03
-1.054694e+02
1.084009e+02
1.216053e+03
2.936683e+03
2.851715e+03
2.418055e+03
2.521666e+02
2.925573e+02
-1.089998e+01
2.311364e+02
1.825456e+02
1.583200e+02
3.686222e+02
4.004899e+02
4.060125e+02
4.413854e+02
4.303705e+02
4.835261e+02
4.296495e+02
4.636496e+02
4.221414e+02
4.996730e+02
4.322233e+02
-2.168235e+00
-7.799827e+01
1.003750e+03
-4.489821e+02
-2.741829e+00
1.107236e+01
1.629982e+00
2.689019e+00
-8.768183e-01
1.744658e+01
8.638575e+01
-9.641114e+02
-2.637475e+03
8.937823e+02
3.041060e+02
3.300944e+02
-8.299090e+02
-8.022711e+02
5.874766e+02
6.298607e+02
1.219582e+02
-1.476752e+01
-7.528045e+00
9.134238e+00
3.640481e+02
-1.008008e+01
3.379186e+01
-5.104353e+02
-2.212276e+02
-2.714765e+02
-2.858757e+02
3.143602e+01
2.798920e+02
6.195175e+02
1.985540e+03
2.190702e+01
5.455601e+01
5.622555e+01
-2.850489e+02
-3.069091e+02
-9.360624e+01
-8.398678e+01
1.338277e+03
1.364372e+03
1.331066e+03
1.392471e+03
1.410420e+03
-4.229596e+02
-1.405124e+02
-1.885806e+02
-1.781292e+02
-1.584243e+02
4.180304e+01
9.227279e+00
-2.013132e+02
-2.410094e+02
-6.217311e+02
-7.330544e+02
-6.882693e+02
-7.440829e+02
-7.216320e+02
-7.386396e+02
-7.145859e+02
-7.754622e+02
-8.207829e+02
-6.699918e+02
-6.797587e+02
-6.901386e+02
-6.786821e+02
-6.084187e+02
-6.170000e+02
-2.313549e+02
-2.366589e+02
-2.667644e+02
-2.078207e+02
-1.810843e+02
-1.678303e+02
-1.371526e+02
-1.200828e+02
-1.171706e+02
-7.283173e+01
-1.371963e+02
-1.249506e+02
-1.531808e+02
-1.275186e+02
-5.071617e+02
-5.018510e+02
-5.573056e+02
-4.993207e+02
-4.585305e+02
-4.093368e+02
-4.122121e+02
-3.825856e+02
-3.666414e+02
-5.464292e+02
-5.145747e+02
-4.606939e+02
-4.663725e+02
-4.129280e+02
-5.197911e+02
-4.048213e+02
-3.653570e+02
-5.578709e+02
-5.604745e+02
-3.519396e+02
-3.565901e+02
-3.207846e+02
-8.564631e+02
-4.277163e+02
-4.679554e+02
-2.378013e+02
-2.013875e+02
-2.734905e+02
1.790628e+02
-3.099360e+02
-3.473941e+02
-2.511567e+02
5.998731e+02
2.227218e+03
2.276801e+03
-4.182439e+02
-4.548260e+02
-2.263117e+03
-2.319681e+03
-2.945503e+02
-2.955992e+02
-3.266916e+02
-3.010819e+02
-3.635859e+02
-9.930188e+02
8.010902e+01
-9.484523e+02
-5.309826e+02
-4.972997e+02
2.635859e+02
2.490728e+02
-1.495222e+03
1.287212e+02
-6.344305e+02
-1.074533e+02
1.507996e+00
1.580320e+01
1.027155e+01
-3.810653e+02
-3.600620e+02
8.469213e+01
8.996461e+01
-4.781491e+02
-1.397599e+03
4.412836e+02
-9.060207e+02
-8.643967e+02
1.328073e+03
-4.224028e+02
-2.411096e+03
-2.401414e+03
2.237203e+01
4.277417e+01
2.727028e+01
1.053992e+01
-2.980060e+01
-1.058867e+02
-4.675095e+01
-5.260914e+01
9.687729e+00
8.763548e+02
7.237402e+02
1.866719e+02
1.825890e+02
1.507590e+02
1.249472e+02
1.726050e+02
9.309327e+01
1.319004e+02
-6.062945e+00
7.501984e+02
1.245821e+02
5.452217e+01
1.020166e+02
8.156625e+01
1.301728e+02
1.009244e+02
1.707178e+02
1.040537e+02
7.550551e+01
1.087115e+02
4.831145e+01
2.165691e+01
-7.709489e+00
3.526405e+01
-2.136211e+01
7.702214e+00
5.253850e+01
-3.555057e+01
-2.822152e+01
2.146604e+02
2.580115e+03
1.579430e+03
1.536639e+03
1.803092e+03
1.731528e+03
1.817804e+03
2.417279e+03
2.072949e+03
2.883844e+03
1.911279e+03
2.016259e+03
2.123200e+03
2.020366e+03
1.852221e+03
2.032004e+03
4.105691e+01
-3.724287e+02
-4.146285e+02
-5.477998e+02
-5.219749e+02
-5.014411e+02
-4.977311e+01
-5.556083e+01
7.337992e+02
7.317098e+02
-5.100329e+02
-5.885509e+02
6.803013e+01
9.611885e+01
9.879828e+01
1.308526e+02
-8.560453e+01
2.493418e+02
9.716398e+02
1.220597e+02
1.304280e+02
-4.723817e+01
-8.821625e+01
-4.672419e+00
3.423097e+01
-6.908630e+01
-7.449177e+01
-9.434336e+01
-6.007754e+01
-1.448088e+03
-1.446956e+03
-9.962187e+02
-1.252463e+03
-1.295796e+03
9.459109e+02
-1.554852e+03
4.150586e+02
-5.894729e+02
1.688181e+03
4.515169e+02
1.155487e+03
1.090722e+03
1.208923e+03
-1.842184e+03
-1.833331e+03
-1.793126e+03
-1.859029e+03
-1.802924e+03
-1.916038e+03
-1.711792e+03
-1.958855e+03
-1.741299e+03
-1.832475e+03
-1.612094e+03
8.378380e+02
7.967539e+02
8.243994e+02
4.374310e+02
4.273555e+02
8.445634e+02
8.472489e+02
1.496513e+03
3.802091e+01
4.832834e+01
-3.587848e+02
2.738451e+02
-4.611989e+02
-3.318147e+02
-3.190386e+02
-4.357875e+02
-1.306283e+01
4.197586e+01
4.643618e+02
4.349796e+02
1.759189e+03
-8.020570e+01
1.358032e+01
-1.149816e+01
6.406567e+01
1.677296e+02
1.835548e+02
1.562411e+02
1.536025e+02
1.708146e+02
1.713781e+02
2.230107e+02
2.592479e+02
1.161060e+03
1.200122e+03
9.787647e+02
1.519323e+01
-4.806369e+02
-2.410958e+01
-2.177358e+01
9.438516e+00
1.095158e+03
2.680564e+02
4.858299e+02
-5.356067e+01
-6.889326e+02
-7.190526e+02
-7.538916e+02
-7.504121e+02
-6.863296e+02
-7.812978e+02
-1.607498e+02
-1.686831e+02
-1.842960e+02
-1.828094e+02
-2.036469e+02
-1.313790e+02
-2.030284e+02
-1.738281e+02
-4.397538e+02
-1.951923e+02
1.358987e+03
1.381080e+03
-2.731893e+02
-2.116427e+02
-2.232628e+02
-5.745087e+02
-3.919837e+02
-8.238762e+01
2.241949e+01
3.359203e+01
-3.741020e+02
-4.060926e+02
1.515170e+03
1.323972e+03
1.153254e+03
1.093284e+03
1.221263e+03
1.125236e+03
-7.045549e+02
-7.540585e+02
-8.177164e+02
-7.941083e+02
-4.068891e+02
1.838963e+03
1.355509e+03
2.027054e+03
1.920298e+03
-1.589487e+02
-1.775750e+02
-2.016505e+02
5.966961e+02
5.961737e+02
5.593871e+02
5.580863e+02
5.273229e+02
5.258355e+02
-1.103917e+03
-1.146651e+03
-9.197855e+02
1.191843e+02
1.413246e+02
1.522314e+02
-5.009727e+01
-1.343063e+03
-2.804638e+02
-2.224510e+02
-1.955438e+02
-1.400743e+02
-3.007475e+02
-1.750228e+03
-1.492955e+02
-1.381925e+02
-1.664066e+02
-1.702147e+02
1.717273e+03
1.811342e+03
-3.909861e+02
-4.120755e+02
-8.000461e+02
-6.032904e+01
3.581692e+02
3.834693e+02
3.987281e+02
5.533449e+02
3.307993e+02
1.172785e+03
4.796332e+02
1.240187e+01
-3.368775e+00
3.139168e+02
3.105359e+02
2.364142e+02
2.526675e+02
1.802781e+02
2.969630e+02
2.428613e+02
3.184889e+02
2.589558e+02
2.325568e+02
2.434329e+02
-1.239565e+03
5.904552e+02
-6.161842e+02
-6.148636e+02
-6.854884e+02
-5.049814e+02
9.600711e+02
1.432484e+03
8.377990e+02
8.455676e+02
8.138674e+02
-2.117369e+02
-2.467583e+02
-4.510163e+01
2.036828e+02
1.146238e+02
1.052720e+02
5.525664e+02
-3.009381e+02
-4.172786e+02
5.937164e+02
8.900422e+01
-1.485414e+01
-1.937472e+01
5.370651e+01
-2.590833e+03
3.059565e+01
2.077735e+01
-8.515117e+02
-8.822656e+02
4.032775e+02
3.040626e+02
-1.334626e+03
8.494716e+02
7.508858e+02
-4.817439e+01
-2.507638e+01
5.099426e+01
1.272331e+03
1.314104e+03
8.393729e+01
6.685601e+01
4.611172e+01
-1.515295e+01
5.351879e+01
-4.777212e+01
1.717584e+03
1.209325e+03
2.605710e+01
1.994513e+01
1.122775e+02
-2.681517e+01
2.322929e+02
-3.303060e+02
-2.143951e+03
4.497535e+02
4.467236e+02
4.831998e+02
4.555199e+02
-1.621860e+02
-1.804539e+02
1.610677e+03
-3.254343e+03
-3.052174e+01
-8.540449e+02
-8.542965e+02
3.807739e+03
-1.324713e+03
-1.949463e+02
-1.174437e+03
-1.601605e+01
4.924653e+01
-2.321499e+02
-7.714576e+02
-1.816319e+01
4.005298e+02
9.474645e+02
9.740529e+02
7.344750e+02
2.282539e+03
1.149362e+03
1.216463e+03
1.252446e+03
3.253244e+02
-1.557738e+02
5.004252e+01
-4.982071e+01
7.610704e+02
2.090182e+02
-3.246016e+02
-2.892430e+02
7.276166e+02
-6.510280e+02
-1.170761e+03
-1.904431e+03
2.703319e+02
2.707920e+02
-2.838959e+01
-8.312363e+01
-5.373479e+01
2.475784e+02
2.494334e+02
-1.891572e+03
-2.096718e+03
5.794270e+01
6.283207e+01
6.314796e+01
-9.047592e+02
7.337691e+02
7.837561e+02
7.488102e+02
7.975796e+02
7.609546e+02
7.168451e+02
7.404009e+02
6.359364e+02
7.079722e+02
5.891640e+02
5.877893e+02
-1.008671e+03
3.341854e+02
2.819322e+02
2.556633e+02
2.342171e+02
3.710796e+02
-1.169513e+03
-1.069910e+03
5.383928e+02
5.705599e+02
5.824666e+02
5.688457e+02
5.964552e+02
6.140370e+02
5.670926e+02
6.269779e+02
7.365498e+02
7.057351e+02
5.835361e+02
6.767320e+02
-1.115555e+03
2.838622e+02
5.829533e+02
5.093307e+02
2.144131e+02
-2.018763e+02
-6.603557e+02
-6.280176e+02
-2.570016e+02
-3.080368e+00
1.032791e+01
5.573125e+02
6.390008e+02
7.414432e+02
4.736937e+01
-8.397791e+01
-2.243303e+02
-2.976599e+02
4.002508e+01
-3.598973e+02
-4.792865e+02
-7.946386e+02
9.951158e+02
-9.958023e+02
-1.066146e+03
-1.153548e+03
1.407139e+03
-1.388903e+03
-3.572327e+02
1.699942e+03
-1.717150e+03
-9.604239e+01
2.162946e+03
-2.111901e+03
-2.362013e+03
5.777050e+02
-7.173988e+02
5.242034e+02
1.072255e+02
-1.146500e+02
4.952488e+02
-2.853932e+03
-3.149941e+03
-3.450974e+03
-3.561998e+03
-3.883151e+03
6.148323e+01
-2.668514e+02
2.017783e+03
2.018109e+03
2.150813e+03
-1.600900e+03
3.544584e+02
3.143850e+02
-4.718596e+03
2.843880e+03
-1.717988e+01
1.624564e+02
2.593906e+03
1.877749e+03
-9.140029e-01
8.685997e+01
1.018451e+02
3.382590e+02
9.576643e+01
9.816835e+01
-6.659079e+01
-7.030776e+01
6.434755e+02
-5.692857e+02
-1.227629e+00
7.398862e+02
-2.326705e+03
6.482549e+02
-3.927597e+02
1.297898e+03
-5.654043e+02
-1.376972e+03
3.779668e+02
-1.031729e+02
-2.874981e+02
1.085603e+02
-7.857085e+02
-3.864411e+01
-7.893193e+02
-2.217248e+02
-1.110994e+03
-7.967860e+02
-6.746263e+02
-1.157886e+01
-3.023784e+01
1.199466e+03
-1.509991e+02
1.054334e+03
1.864554e+02
-3.937144e+01
2.776774e+02
3.760843e+02
-3.826272e+01
2.772361e+02
4.440942e+01
-1.134825e+03
-8.805165e+01
1.459047e+03
1.584110e+03
9.332885e+02
-1.081699e+03
1.784492e+03
2.192522e+02
2.819308e+02
7.826441e+02
1.284866e+03
4.269840e+01
-3.641945e+02
1.088499e+03
6.322776e+02
7.409855e+02
7.393624e+02
7.836583e+02
3.896114e+02
-9.659481e+02
-1.089547e+03
1.052616e+03
7.246238e+02
-3.185809e+02
1.750739e+03
-3.415902e+02
-3.880391e+02
-1.779845e+03
8.863863e+02
-8.948900e+02
-8.799675e+02
1.729992e+03
2.399871e+02
-4.459441e+02
2.012994e+02
3.319229e+02
3.230113e+02
-1.868031e+02
5.379299e+02
1.442344e+01
-5.805886e+02
-1.590393e+03
6.586677e+02
7.180792e+01
6.781064e+02
7.020728e+02
8.792502e+01
9.756529e+01
1.906671e+03
-9.224017e+02
1.990634e+02
1.899940e+02
2.045290e+02
1.502664e+02
-1.823808e+02
1.313167e+03
2.828291e+02
3.849239e+02
4.077259e+02
4.262520e+02
1.747325e+02
3.624666e+02
-1.561564e+02
-1.877658e+03
-1.312277e+03
-8.554743e+01
-1.517126e+01
2.778433e+02
6.509014e+01
-3.039060e+02
2.031348e+02
2.023959e+02
2.037921e+02
1.419936e+02
2.200490e+02
1.404974e+02
-2.522668e+02
-3.502779e+02
-3.054589e+03
1.357276e+02
-1.371288e+02
-2.734286e+03
1.335654e+03
1.342815e+03
1.403867e+03
1.351543e+03
3.859773e+02
-1.669374e+03
1.084075e+02
-8.220117e+02
3.578627e+02
-1.002944e+03
-5.841676e+01
1.540541e+01
1.073435e+03
-1.579343e+01
7.805616e+02
4.562927e+02
1.119718e+02
5.243891e+01
9.434248e+01
1.230713e+03
8.741135e+02
3.620339e+02
3.861569e+02
1.562352e+03
1.447946e+03
-2.393366e+03
3.599747e+02
-1.075716e+03
-2.017381e+03
-8.690237e+02
1.165951e+03
-4.347990e+02
-5.392109e+02
-6.527127e+01
1.079638e+02
-1.466016e+03
-1.482081e+03
1.556314e+03
1.601348e+02
8.006264e+02
5.602175e+00
9.038019e+02
3.028354e+03
9.109983e+00
1.464774e+01
9.208489e+00
-1.545437e+03
-8.860268e+01
-6.351059e+02
-1.014035e+01
-3.164969e+02
5.811034e+01
-4.915259e+02
9.839951e-01
3.949106e+00
-3.742515e+02
-2.085450e+03
-1.320388e+03
-1.230786e+03
-7.971193e+01
-1.428235e+02
1.970176e+02
-1.504225e+02
-6.533405e+02
4.265374e+02
3.888571e+02
1.558594e+01
-3.058784e+02
3.027704e+02
3.846988e+02
-2.726440e+02
3.889947e-01
3.552152e+02
-8.640187e+01
7.902206e+02
1.022291e+03
8.539577e+02
-3.725740e+02
-1.155891e+02
-1.205445e+03
-1.213224e+02
-5.827080e+01
5.623246e+02
-1.571214e+00
-2.503813e+01
-3.939221e+01
-3.544323e+02
6.145921e+02
1.494149e+03
-1.928884e+02
-1.621664e+03
-1.586509e+03
7.025452e+01
1.125846e+03
3.007248e+02
-5.212106e+02
-8.226882e+02
4.252402e+02
-1.506325e+03
1.613753e+01
4.367006e+02
-6.182981e+02
2.751865e+01
8.427190e+02
3.231816e+01
-3.366690e+00
4.866709e+02
6.873024e+01
1.583574e+03
-7.980351e+02
-6.930407e+02
1.305258e+03
2.391462e+02
4.641681e+00
7.291870e+00
9.693486e+02
-1.012510e+03
2.008746e+02
3.228037e+01
2.620486e+01
-8.926681e+02
-1.776303e+03
5.061872e+01
1.439167e+02
3.109872e+03
4.223573e+03
8.237671e+02
-4.175012e+02
9.533840e+02
7.582395e+02
3.656476e+02
4.001114e+02
4.249578e+02
3.702381e+01
-2.009863e+03
3.608983e+02
1.605963e+03
1.709685e+03
-1.584217e+03
1.375902e+03
-1.228426e+03
-7.675618e+02
-7.378002e+02
-6.804086e+02
-6.285514e+02
6.695471e+02
-5.080703e+02
5.072005e+02
-4.634621e+02
-4.217077e+02
4.652323e+02
-3.138583e+02
-3.529912e+02
3.167095e+02
3.513459e+02
3.319963e+02
-2.793568e+02
-2.460915e+02
2.821576e+02
-1.793682e+02
-2.125844e+02
2.451888e+02
1.819495e+02
2.151402e+02
-1.049660e+02
1.655913e+02
1.348689e+02
-3.034713e+01
5.938040e+01
-1.511823e+01
-8.977920e+01
-1.013295e+02
-1.854563e+03
1.147007e+03
-1.047218e+03
2.288439e+03
4.555354e+02
-2.792344e+03
1.184846e+03
9.432776e+02
-1.200678e+03
-1.204425e+03
4.539573e+02
-1.157590e+01
2.719979e+03
5.680242e+01
-1.291312e+02
2.193241e+01
-2.511140e+02
-7.256746e+02
-7.533113e+02
-7.876192e+02
-7.902709e+02
-7.214437e+02
-2.072307e+01
3.986497e+02
-2.553677e+03
-4.960603e+02
-2.195753e+02
8.830985e+01
-1.552531e+03
7.282654e+02
-3.235732e+01
-1.106984e+01
-6.977810e+02
3.200086e+02
3.906674e+01
6.690304e+02
1.490071e+03
-4.092922e+02
4.950516e+01
-2.234558e+02
-3.611714e+01
3.213485e+03
2.805489e+02
2.016001e+01
1.026187e+03
1.579310e+02
-2.007214e+03
-3.500841e+01
-1.526327e+03
4.141864e+02
7.487644e+02
2.416174e+03
-1.314901e+03
3.049767e+02
-2.100173e+03
3.819381e+02
-4.792068e+01
3.448973e+02
-1.433975e+01
-6.906568e+02
-5.475189e+02
6.931613e+02
4.198924e+02
5.131230e+02
9.889241e+02
7.823358e+02
1.233969e+03
-1.538469e+02
-3.195703e+03
-2.439310e+01
8.062965e+02
8.697156e+02
1.608161e+02
1.075295e+03
5.682151e+02
-2.156147e+03
2.382653e+03
5.628890e+02
2.197219e+02
-1.071705e+02
-9.155327e+02
-1.037763e+03
-9.397516e+02
-3.476569e+02
-7.558112e+02
-1.218655e+02
1.753871e+03
-2.551271e+03
4.108808e+02
-5.980082e+02
5.366278e+02
-3.259664e+02
1.850729e+01
9.384038e+01
8.774161e+01
-5.922457e+02
7.928484e+02
-2.468393e+02
1.456324e+02
-1.461716e+02
-2.018767e+02
-1.707031e+02
-8.320399e+02
-8.191277e+02
-1.359629e+03
1.836357e+03
8.180482e+02
-7.152401e+02
-7.251363e+02
1.951260e+01
-2.534804e+02
-6.734979e+02
-5.449770e+02
-5.492689e+00
-5.996171e+02
-3.841606e+02
-4.544918e+02
-3.064386e+02
3.463301e+01
-5.362187e+02
-2.538986e+00
-8.930183e+02
1.248026e+03
-1.065757e+02
7.156848e+00
-7.837906e+02
-2.136310e+02
2.122668e+02
-9.222930e+02
-4.745273e+02
-6.437661e+02
9.787836e+01
9.106885e+02
8.275718e+02
1.604106e+01
6.917102e+02
-2.802268e+00
1.510281e+02
-1.088047e+03
-3.193894e+02
-2.438139e+02
6.870826e+02
-4.948420e+02
-3.194028e+01
-1.731291e+03
5.502089e+01
6.277544e+02
2.352645e+02
4.148807e+02
4.798808e+02
2.141764e+01
6.961781e+01
9.469430e+01
-4.602995e+02
-1.883684e+03
2.134259e+02
-2.173143e+00
-1.597538e+02
1.706299e+01
8.183343e-01
-1.727245e+03
-1.342929e+03
-1.795509e+03
-2.334153e+03
2.440251e+02
-2.905046e-01
1.718610e+01
7.048080e+01
-9.536601e+01
-8.345589e+01
1.142152e+03
1.164157e+03
-4.237992e+02
-5.588569e+02
-2.419908e+02
5.851284e+02
5.812099e+02
6.031614e+01
-1.210175e+03
-2.765588e+02
-6.784717e+02
-2.251329e+02
2.871437e+02
-3.478031e+02
-3.275607e+02
-3.861182e+02
2.079318e+02
-2.416872e+02
2.873409e+02
1.140340e+03
-7.841677e+02
-5.022645e+02
5.351532e+02
-5.910653e+02
4.354773e+02
-7.161467e+02
1.532075e+03
1.121397e+03
1.041123e+03
4.137197e+02
2.405646e+03
-1.476519e+03
-9.124700e+01
1.530963e+02
1.346361e+03
1.588638e+03
3.984076e+02
3.750555e+02
-1.065896e+02
4.072379e+02
9.735719e+02
1.498684e+03
-1.304273e+03
-8.598482e+02
1.477545e+02
9.342966e+02
6.807734e+02
4.519599e+02
1.078576e+02
8.999031e+02
-1.954653e+03
-8.854777e+02
1.822898e+02
5.514254e+02
-6.793083e+02
-5.840985e+02
-6.062899e+02
-7.972078e+02
5.311535e+02
8.990701e+01
-1.558781e+02
-4.661200e+02
-2.739075e+02
5.450678e+02
-8.471963e+02
2.069690e+02
1.653884e+02
-6.882953e+02
1.035012e+02
7.131400e+01
-1.801232e+02
6.387768e+02
4.931542e+02
4.749891e+02
-3.625392e+02
8.884600e+02
-6.315670e-01
-4.273656e+01
3.020172e+02
-6.763703e+00
2.113764e+01
4.807532e+00
2.186803e+01
7.407717e+00
7.751622e+02
-3.163874e+02
-5.996812e+00
-1.928306e+01
4.144456e+01
1.126249e+01
-1.218600e+03
7.228241e+02
-1.139541e+02
-4.576309e+02
1.199398e+01
2.872199e+02
-3.011975e+02
1.076295e+02
-2.304317e+03
1.240026e+02
7.372045e+02
9.850808e+02
1.357198e+03
4.177620e+02
-1.137423e+02
5.397094e+02
7.548936e+01
-8.015246e+01
3.930542e+01
-2.119709e+02
-1.752130e+01
-4.640933e+02
6.385160e+02
4.140005e+00
9.854312e+02
-4.318736e+02
-8.244700e+02
-4.930672e+02
4.671396e+01
-2.204936e+01
2.279130e+03
3.081525e+03
1.450001e+02
5.072302e+02
4.853970e+02
-9.323137e+02
-8.940242e+01
4.883696e+02
-1.143848e+02
-3.821039e+02
-9.267420e+01
2.987439e+02
-8.466563e+01
-4.056667e+02
2.394856e+01
3.883623e+02
1.580747e+03
1.423056e+03
7.262378e+02
1.497170e+02
-4.135206e+02
2.160455e+01
-6.913864e+01
-4.619254e+02
2.468131e+02
-1.742991e+01
-1.208144e+03
-1.447515e+01
1.638979e+03
7.389686e+02
-2.522297e+03
-4.790985e+01
-4.246982e+02
1.739496e+02
8.531874e+02
4.089416e+02
2.222551e+03
8.318766e+01
1.554628e+03
-2.006101e+03
-4.961644e+02
-1.940482e+02
-4.459067e+02
4.005912e+02
-7.927035e+01
-1.665749e+00
-2.314488e+02
-1.575944e+01
-1.273057e+02
5.150932e+02
6.219146e+02
-4.151314e+02
-7.483005e+02
8.611792e+02
4.628607e+02
1.477488e+03
-2.711906e+02
5.319830e+01
-2.757185e+02
5.582320e+01
-3.212910e+02
-1.149080e+02
5.640293e+01
-6.105097e+01
1.570121e+02
-1.210111e+03
1.273384e+02
1.228917e+03
1.053669e+02
-3.908198e+02
-4.595131e+00
3.170459e+02
1.782001e+03
7.059139e+02
-1.173716e+02
-5.668507e+01
-2.357075e+03
8.494810e+02
1.327974e+03
-1.105390e+02
7.548918e+02
1.466681e+03
-1.328257e+03
2.678378e+02
-4.337993e+02
-1.918754e+03
-4.753951e+02
2.154427e+02
4.130923e+02
6.873689e+01
5.088817e+02
4.089638e+02
2.073717e+02
-4.637262e+02
1.215638e+02
-1.570358e+03
1.836947e+01
1.165733e+02
4.554381e+02
-9.198630e+02
9.285900e+02
-1.216628e+03
-1.675607e+03
-3.518880e+01
2.606595e+03
1.823682e+02
2.644659e+01
1.419720e+02
7.033449e+02
7.519058e+02
1.870451e+02
3.673248e+01
1.705643e+02
-5.048934e+02
-5.103975e+01
1.839592e+02
-2.469817e+02
-4.569047e+02
-4.499672e+02
6.077339e+01
-1.553533e+02
3.949702e+01
2.384984e+02
-1.568193e+03
3.388227e+03
-7.519936e+00
-1.337741e+03
5.583374e+02
4.654390e+02
-1.367038e+02
-9.513123e+02
-5.542929e+02
-1.224906e+02
5.303411e+02
2.064112e+01
9.492030e+01
-2.465357e+02
-9.602660e+00
2.422004e+01
-1.094764e+03
-8.905137e+02
1.377733e+02
9.688195e+02
-1.446562e+01
-2.487123e+03
5.050947e+01
8.828524e+02
2.371237e+02
6.891565e+00
-4.931194e+02
5.327371e+02
-1.872260e+02
-1.433399e+02
-7.923737e+02
-6.041195e+01
5.220855e+02
-1.796331e+02
-1.041401e+03
1.105094e+03
1.674437e+01
3.503450e+02
6.726652e+01
2.569180e+01
2.102189e+02
-1.157942e+03
7.589387e+02
3.359044e+01
-7.433168e+02
9.332956e+02
5.522534e+02
-1.306621e+02
1.697273e+03
5.301686e+02
3.009070e+02
2.223504e+01
-2.073283e+02
7.859972e+01
7.742261e+02
-1.930534e+02
-1.685553e+03
3.679871e+02
-8.904410e+02
1.996835e+02
-1.449292e+02
-6.917439e+02
2.961271e+02
5.330623e+02
3.551689e+02
4.965765e+02
-5.567787e+02
-7.241393e+02
7.668014e+02
3.037989e+02
1.472595e+03
-7.115786e+01
-8.589979e+02
-3.806891e+02
4.464145e+02
-7.159191e+02
-1.731443e+02
-8.595305e+02
-8.144896e+02
-8.930931e+02
1.846593e+02
-1.839775e+01
4.513547e+02
-1.141006e+03
5.321252e+02
2.721952e+02
3.212774e+02
-7.573459e+02
-3.821944e+03
-5.885280e+01
1.153684e+03
-3.427298e+01
-1.305273e+03
1.346969e+03
-1.306942e+03
5.970965e+00
1.485992e+02
9.732576e+02
5.604322e+02
5.483368e+03
-1.234790e+02
5.192972e+02
-1.149833e+02
1.365878e+03
1.991183e+02
-3.090665e+02
1.802322e+03
5.811336e+02
-5.329934e+03
4.949152e+02
-4.813725e+02
-1.001133e+03
3.197013e+02
6.085457e+02
1.559393e+03
-6.017665e+02
1.394342e+02
-1.154093e+02
2.931753e+02
-1.112873e+03
2.542051e+02
7.008085e+02
7.475806e+02
-6.505929e+02
-8.283548e+02
-6.295700e+01
1.008860e+03
-2.158127e+03
-6.307372e+01
3.872458e+01
1.476534e+03
-2.430679e+02
1.023316e+02
2.705829e+01
-6.146195e+02
4.984608e+01
3.511674e+02
4.902888e+02
-8.043514e+02
7.083209e+01
4.014091e+02
6.629149e+01
4.045304e+01
4.789059e+01
2.588722e+01
1.408309e+03
6.083679e+02
-1.331332e+03
-7.104689e+02
1.928908e+02
-1.645973e+03
-1.757754e+03
9.136283e+02
-7.281024e+02
-1.605794e+02
1.148410e+03
-1.829952e+01
2.134184e+02
8.424927e+00
1.621950e+03
1.538522e+03
4.266225e+02
3.728203e+02
1.590754e+02
1.465204e+02
3.499248e+01
2.884397e+02
4.731486e+03
-2.797980e+02
-7.006752e+02
6.309666e+02
6.236247e+02
-1.085581e+02
1.068103e+02
8.845829e+02
4.270302e+02
6.475020e+01
3.715928e+02
-1.998168e+03
-1.123654e+03
2.578321e+03
2.324219e+01
-3.435500e+02
-4.260892e+01
2.793014e+02
1.464878e+03
-3.664117e+02
-2.671091e+02
-1.256455e+03
-3.209716e+02
7.521935e+01
-3.443921e+02
-1.051523e+03
-8.961790e+01
-8.643346e+02
1.496414e+02
-1.471605e+03
-7.762337e+02
-2.391779e+03
-5.534348e+02
-3.175149e+02
2.826060e+03
-1.752008e+01
2.870354e+01
-6.582885e+02
7.927696e+01
-3.347206e+03
-3.333183e+02
-8.055384e+02
3.517515e+02
-7.534017e+02
1.396285e+03
3.014093e+02
-1.405958e+02
-1.351450e+03
-2.413304e+02
-2.553850e+03
2.742122e+01
4.633823e+02
-6.714308e+02
4.506977e+01
2.443370e+02
9.096759e+02
3.642085e+02
-2.806091e+02
-6.248400e+00
-3.229265e+02
7.536670e+02
-6.939821e+02
-3.844971e+02
-6.184302e+02
1.070571e+02
3.816779e+02
-4.564867e+02
-7.286564e+01
-7.650356e+01
5.517940e+02
2.495909e+03
-7.426881e+01
1.242888e+03
1.360065e+03
-1.442166e+03
2.267086e+03
-7.964301e+00
2.487408e+02
-9.441076e+02
-4.550276e+02
3.167880e+01
-1.058200e+03
-8.075341e+02
-1.816396e+02
-1.252047e+03
2.234279e+00
1.287802e+02
-6.822370e+02
-7.305530e+02
4.774830e+01
-4.602961e+02
1.539593e+03
1.317805e+03
5.991874e+02
-1.450361e+02
-7.806972e+02
-1.130042e+03
-6.507431e+02
-7.533677e+02
-6.277898e+02
-1.592406e+03
-7.328401e+01
-2.269060e+03
3.263720e+02
-4.437021e+01
-4.139408e+02
5.895917e+02
-5.054690e+02
-2.134875e+02
1.332194e+03
9.649754e+01
-1.667517e+03
2.986386e+02
-9.934526e+02
-1.455900e+03
1.414434e+02
-8.749439e+01
6.086158e+01
1.798956e+03
1.134960e+03
3.026698e+01
4.781258e+01
-1.421899e+03
-3.473343e+02
7.558055e+02
4.244136e+02
-6.173982e+02
-8.530628e+02
-1.346052e+03
3.921121e+02
-3.079302e+02
6.577441e+02
-2.369902e+00
-1.178848e+02
-1.106152e+02
-7.451110e+00
-3.198907e+02
4.065743e+02
2.557131e+01
1.182201e+03
4.053239e+02
5.763921e+02
-3.605277e+02
3.293433e+01
-8.320632e+02
2.921404e+02
1.303856e+02
2.551976e+02
-2.255450e+01
-9.231296e+01
9.138105e+01
1.835904e+02
-1.313367e+02
2.222013e+03
1.356436e+02
-8.770088e+02
2.837434e+01
7.363734e+00
-4.336532e+02
8.856517e+02
-2.121615e+03
1.863589e+03
5.673026e+01
-2.877628e+02
-9.315335e+01
1.884603e+02
3.670893e+01
-1.163525e+03
9.731237e+02
1.268894e+03
-1.527782e+02
-2.013721e+01
2.025577e+01
2.322647e+02
-1.045178e+03
-1.342730e+02
4.534452e+02
1.887424e+01
3.152655e+02
1.310332e+03
-4.433944e+02
-1.030237e+03
8.155553e+02
4.617038e+02
-2.074741e+02
1.183428e+03
-3.153275e+02
1.525295e+03
-4.526984e+02
2.106557e+01
1.946641e+03
1.466763e+03
7.145364e+02
-1.535126e+03
9.849556e+01
3.021357e+01
8.763816e+02
6.058375e+02
2.648271e+01
1.835637e+03
-2.000395e+03
-2.127317e+03
-8.247706e+02
-3.529744e+02
2.563321e+03
-2.618296e+02
-2.572685e+02
1.581610e+02
1.910183e+03
1.003454e+03
-3.841471e+01
1.528838e+02
1.292720e+03
8.665209e+01
-3.835670e+02
-1.347226e+03
-2.268512e+01
1.842743e+01
7.830120e+01
3.762004e+01
-6.565901e+02
-1.072180e+03
9.185953e+01
-4.105485e+02
1.208637e+03
-2.715533e+02
-4.553386e+02
2.383616e+03
-2.924224e+02
1.070792e+03
2.059330e+03
3.579482e+02
-3.740113e+02
2.121715e+03
3.919852e+01
2.312980e+02
1.180878e+03
2.865182e+01
-7.295166e+01
-2.521854e+02
3.609031e+01
-4.982096e+02
1.962333e+03
4.499438e+01
-1.098967e+02
-6.526935e+02
-1.284021e+03
-6.933220e+02
-8.629206e+01
-2.666451e+00
-2.198398e+02
-1.636703e+02
4.411689e+02
4.232953e+02
-1.764490e+02
-3.065787e+02
4.234875e+02
2.328351e+01
6.654360e+02
-9.809182e+01
-1.254260e+02
1.465779e+03
-1.804887e+01
2.262635e+03
-3.049085e+02
1.189958e+03
-2.590818e+02
-1.986202e+02
5.881024e+02
4.546564e+02
3.044212e+01
-5.938457e+02
-1.254164e+02
1.491535e+02
4.296744e+01
2.110539e+02
2.859395e+01
-2.422840e+02
-1.872558e+03
-9.945840e+02
2.041710e+01
-6.349654e+02
2.352184e+02
6.600880e+01
2.270409e+03
1.946907e+01
-1.408291e+02
-1.375302e+02
3.932366e+02
-1.427183e+03
-1.345989e+02
-6.242523e+02
-1.198050e+03
2.192549e+03
7.338894e+02
7.859182e+02
3.345506e+02
-7.078163e+01
-9.068677e+01
-1.118522e+03
-1.139598e+02
6.178264e+02
8.355263e+02
-2.483479e+02
1.245007e+02
1.163047e+02
2.076236e+02
-2.054756e+03
1.966962e+02
-1.753829e+03
4.607595e+01
1.225703e+03
1.453336e+03
-5.854230e+02
-9.148340e+02
-5.341256e+01
2.219065e+03
-1.527904e+03
-1.142207e+02
-9.088913e+01
2.044525e+03
9.977554e+02
-1.570898e+03
6.846217e+01
-1.503959e+03
6.958445e+02
3.816472e+00
8.066418e+02
1.908028e+02
1.148046e+03
-2.247035e+02
1.786386e+02
2.273234e+02
5.724875e+01
-2.022388e+01
7.164475e+02
-1.120668e+03
4.448039e+02
-1.257816e+02
1.062595e+03
-1.166293e+03
1.268317e+02
-2.116925e+02
-4.192146e+02
8.168372e+02
-2.765225e+02
7.238310e+00
-2.063418e+02
1.620725e+03
8.342143e+02
8.069708e+02
7.001239e+02
-3.109823e+02
8.162540e+02
-2.747579e+01
-2.865827e+03
-2.841496e+03
-5.953607e+02
-3.459504e+00
7.252544e+02
-2.513623e+01
6.796225e+02
-1.350496e+02
-1.285686e+03
-1.549810e+02
1.120551e+02
-1.251234e+02
3.412523e+03
-5.646581e+02
1.541649e+01
-1.892590e+02
4.737667e+01
4.282611e+02
9.110504e+02
1.650208e+01
1.055966e+03
5.009522e+01
-1.653842e+03
4.053038e+01
2.065386e+03
-9.907879e+01
2.482968e+02
-5.009930e+01
1.791402e+02
7.780305e+02
-1.080737e+02
-2.662773e+03
-9.916770e+02
-1.650605e+02
-1.176133e+02
-6.039771e+02
9.813901e+01
8.719529e+02
1.516557e+03
2.393314e+02
1.685196e+02
3.753131e+01
-3.306526e+02
-1.532913e+03
-2.452482e+02
-1.238740e+03
9.995150e+02
4.730483e+02
1.341233e+02
8.514417e+01
-3.883152e+02
-7.707131e+02
-1.587229e+03
2.290338e+01
6.528346e+02
1.030397e+02
-1.122272e+02
7.681176e+02
-1.129542e+01
2.613226e+02
2.385739e+03
7.265476e+02
-1.525739e+03
1.142062e+03
4.837832e+02
2.110896e+02
-2.005051e+03
-1.520936e+02
9.217563e+02
1.010162e+02
3.813156e+02
-6.963757e+02
-2.940349e+02
-8.441525e+02
9.742480e+01
-1.052582e+03
9.663768e+02
1.590892e+03
3.674122e+02
3.754966e+01
7.605690e+02
1.469783e+02
-1.486832e+02
-2.367279e+02
4.417981e+01
-1.988499e+01
-3.824289e+02
-1.229000e+03
-1.529886e+01
2.621873e+03
5.888109e+02
-1.698853e+03
6.357181e+01
5.038869e+03
1.145147e+02
-1.233143e+03
-1.570211e+02
-5.520698e+02
4.057173e+02
3.973345e+01
-5.304278e+02
-6.464939e+02
8.720554e+01
-2.346516e+03
9.492977e+01
-1.453829e+03
3.619086e+00
3.483883e+00
-4.288819e+01
1.002897e+03
-3.343656e+02
-1.452734e+03
-7.780558e+01
-6.132849e+02
-9.040434e+01
1.449179e+03
2.828796e+01
3.492595e+02
6.675489e+03
8.704856e+01
-6.450412e+01
-5.252399e+02
-7.995994e+02
2.617170e+02
-3.118663e+02
1.281476e+02
3.781625e+03
-1.152341e+02
-8.579984e+01
-1.934011e+03
-2.033108e+02
-1.662879e+01
-2.425707e+01
-1.044407e+03
-4.357512e+03
9.805228e+02
-1.518177e+02
3.026011e+01
-1.761966e+03
-1.032255e+03
3.243653e+03
-6.746924e+03
-5.776168e+02
-1.131092e+03
5.808230e+02
2.238969e+03
-2.061105e+02
-2.900470e+03
1.619083e+03
-1.152008e+02
-1.450810e+02
7.352748e+00
9.567087e+02
4.373688e+02
4.618105e+02
-1.883869e+03
-4.999083e+02
-1.043966e+01
1.918905e+03
-8.647973e+01
-8.608743e+02
-1.708454e+02
9.381585e+02
1.095990e+02
-1.395587e+02
6.043146e+02
2.408368e+02
-2.754046e+01
-1.128827e+03
-1.334976e+03
5.188038e+02
-1.060887e+03
-3.867339e+01
-1.597914e+01
-2.549722e+03
-6.486929e+01
-1.207574e+03
-5.728869e+02
6.455687e+02
-4.157781e+02
-1.218845e+02
9.399551e+02
1.672899e+02
7.724252e+01
-8.336268e+02
-3.302693e+02
-3.276499e+02
4.329620e+01
4.498475e+01
-1.499543e+03
8.348554e+01
-9.135828e+00
4.265138e+02
-1.190425e+03
-8.014874e+01
-5.250822e+02
-2.531690e+02
-5.343799e+02
4.345280e+01
4.593174e+02
-1.145042e+02
3.021724e+02
3.147776e+01
-2.920380e+02
-9.178478e+01
5.960821e+02
7.979100e+02
1.041907e+03
-7.844355e+01
1.019918e+03
2.207893e+02
9.022278e+02
-8.804211e+02
1.204211e+03
1.133519e+03
4.880700e+02
5.324637e+02
-3.551136e+02
-2.266593e+02
9.547818e+01
1.805517e+02
-3.633195e+03
-8.417241e+02
-8.747263e+02
8.429855e+02
-1.363876e+03
1.514617e+02
4.347396e+02
4.731150e+01
1.996927e+03
-2.246212e+02
-5.052834e+02
4.458864e+01
9.188311e+02
2.246839e+02
-1.969786e+02
-2.423213e+01
-5.017302e+02
2.275425e+02
2.322509e+03
4.471093e+00
-1.088769e+03
-1.513643e+03
-4.818633e+02
2.714016e+02
-3.929451e+01
4.397417e+01
-2.376991e+03
-1.831028e+02
-6.323419e+02
1.223605e+02
-1.649090e+03
-7.297719e+01
-3.734283e+02
-9.504788e+01
-3.053419e+03
-1.870339e+03
3.493361e+01
7.304501e+02
1.256778e+03
-6.264438e+01
-4.412360e+01
-1.032092e+02
-4.034189e+03
-1.124505e+03
-1.813920e+03
-6.221829e+01
-1.372340e+02
-4.594273e+02
-3.347516e+01
-6.921616e+01
-7.423040e+01
1.053560e+03
-9.891772e+01
6.097381e+01
-1.549419e+03
-9.510741e+02
-4.162877e+02
1.307992e+00
-1.142649e+03
-4.549910e+02
1.179663e+03
8.612179e+02
-8.170583e+02
4.230150e+02
9.102922e+02
-8.632875e+02
-6.119956e+02
4.813546e+02
1.038169e+03
-6.320049e+00
-7.536759e+02
-1.848701e+02
-4.377876e+02
1.086121e+03
-2.559530e+01
4.034992e+01
-3.839996e+02
-1.254026e+02
-5.377571e+01
-8.173535e+02
1.094799e+03
6.076030e+01
2.900635e+02
-1.603398e+03
2.706979e+02
1.969649e+02
6.192420e+02
-8.034203e+02
-2.424749e+03
1.084165e+03
-4.959277e+02
-8.359912e+01
-8.067606e+02
-4.902021e+02
1.538503e+02
-1.359875e+03
-6.275114e+00
-3.915546e+03
-1.467588e+03
-5.744776e+01
1.242099e+03
-2.007913e+02
1.001446e+02
5.554584e+01
3.668596e+01
-6.012181e+02
1.071813e+02
4.295581e+03
2.006293e+03
1.512968e+02
-9.080615e+02
-6.090097e+01
-6.749146e+02
-9.340885e+02
-8.838180e+01
1.206347e+03
3.065400e+03
1.209272e+03
1.918849e+01
-1.326878e+03
-9.157081e+01
-5.720777e+02
6.981536e+00
1.900573e+02
1.201585e+03
1.605360e+02
-2.041844e+02
1.089045e+03
-1.977817e+02
2.997387e+02
-1.953133e+03
