-9.208432e+00
-8.430784e+00
-4.577737e+02
-1.274929e+02
-1.135930e+02
-8.396023e+01
-6.877742e+01
-5.849319e+01
-5.097919e+01
-4.530398e+01
-4.080700e+01
-3.715930e+01
-3.413901e+01
-3.159016e+01
-2.941902e+01
-2.752221e+01
-2.586071e+01
-2.438540e+01
-2.307368e+01
-2.187928e+01
-2.079944e+01
-1.980259e+01
-1.890585e+01
-1.806040e+01
-1.729049e+01
-1.657554e+01
-1.591230e+01
-1.529402e+01
-1.471991e+01
-1.418708e+01
-1.369143e+01
-1.323097e+01
-1.280468e+01
-1.240887e+01
-1.204158e+01
-1.170203e+01
-1.138920e+01
-1.110102e+01
-1.083684e+01
-1.059356e+01
-1.037146e+01
-1.017006e+01
-9.987106e+00
-9.821406e+00
-9.677686e+00
-9.546307e+00
-9.429694e+00
-9.336161e+00
-9.255262e+00
-9.203879e+00
-9.186070e+00
-9.206583e+00
-9.286963e+00
-9.464421e+00
-8.822299e+00
-8.885138e+00
-8.769144e+00
-8.514574e+00
-8.587036e+00
-8.594171e+00
-8.593738e+00
-8.763968e+00
-8.760271e+00
-8.980641e+00
-9.112753e+00
-9.188344e+00
-9.218553e+00
-9.408596e+00
-9.603815e+00
-9.753848e+00
-9.895640e+00
-9.936482e+00
-9.905317e+00
-1.036902e+01
-9.542180e+00
-9.274394e+00
-9.275349e+00
-9.188652e+00
-9.122646e+00
-9.036409e+00
-9.009772e+00
-8.975261e+00
-8.891470e+00
-8.804047e+00
-8.725904e+00
-8.663049e+00
-8.617356e+00
-8.536830e+00
-8.619602e+00
-8.468194e+00
-8.275978e+00
-7.292791e+00
-7.629429e+00
-7.556533e+00
-7.794813e+00
-7.795435e+00
-7.936992e+00
-8.066979e+00
-8.247523e+00
-8.418448e+00
-8.447754e+00
-8.577704e+00
-8.804688e+00
-8.856477e+00
-8.991183e+00
-9.088467e+00
-9.191397e+00
-9.220092e+00
-9.343815e+00
-8.845794e+00
-8.661368e+00
-8.273897e+00
-8.525870e+00
-8.493200e+00
-8.496358e+00
-8.494528e+00
-8.494846e+00
-8.436995e+00
-8.350582e+00
-8.262839e+00
-8.148293e+00
-8.018589e+00
-7.871314e+00
-7.706828e+00
-7.523514e+00
-7.320584e+00
-7.100225e+00
-6.855470e+00
-6.593187e+00
-6.304133e+00
-5.990997e+00
-5.651615e+00
-5.285204e+00
-4.889633e+00
-4.461851e+00
-4.001492e+00
-3.506923e+00
-2.971646e+00
-2.398124e+00
-1.782926e+00
-1.121630e+00
-4.013255e-01
3.706051e-01
1.207337e+00
2.114786e+00
3.107265e+00
4.191318e+00
5.382112e+00
6.691892e+00
8.167427e+00
9.827681e+00
1.171474e+01
1.389713e+01
1.645946e+01
1.946672e+01
2.310065e+01
2.760965e+01
3.328937e+01
4.084068e+01
5.090811e+01
6.636393e+01
9.520433e+01
1.108129e+02
4.411452e+02
2.421522e+02
8.318993e+01
5.893245e+01
4.179764e+01
3.138463e+01
2.475836e+01
1.984507e+01
1.611300e+01
1.326653e+01
1.089578e+01
8.959335e+00
7.310303e+00
5.909508e+00
4.703836e+00
3.638091e+00
2.710475e+00
1.882401e+00
1.137253e+00
4.585385e-01
-1.444784e-01
-6.903877e-01
-1.194725e+00
-1.664361e+00
-2.089395e+00
-2.486617e+00
-2.852508e+00
-3.190234e+00
-3.508262e+00
-3.806072e+00
-4.083296e+00
-4.343737e+00
-4.588651e+00
-4.819082e+00
-5.036096e+00
-5.241722e+00
-5.436583e+00
-5.620526e+00
-5.794694e+00
-5.960263e+00
-6.117672e+00
-6.267353e+00
-6.409992e+00
-6.545969e+00
-6.675811e+00
-6.800051e+00
-6.918573e+00
-7.032079e+00
-7.140947e+00
-7.245356e+00
-7.345688e+00
-7.442231e+00
-7.535135e+00
-7.624482e+00
-7.711015e+00
-7.794679e+00
-7.875790e+00
-7.954393e+00
-8.030822e+00
-8.105308e+00
-8.178039e+00
-8.249219e+00
-8.319028e+00
-8.387561e+00
-8.455014e+00
-8.521552e+00
-8.587385e+00
-8.652640e+00
-8.717515e+00
-8.782090e+00
-8.846512e+00
-8.910886e+00
-8.975371e+00
-9.040222e+00
-9.105498e+00
-9.171252e+00
-9.237933e+00
-9.305485e+00
-9.373919e+00
-9.443551e+00
-9.514799e+00
-9.587549e+00
-9.662088e+00
-9.738703e+00
-9.817212e+00
-9.898317e+00
-9.981954e+00
-1.006842e+01
-1.015798e+01
-1.025089e+01
-1.034737e+01
-1.044787e+01
-1.055183e+01
-1.066046e+01
-1.077425e+01
-1.089308e+01
-1.101739e+01
-1.114723e+01
-1.128313e+01
-1.142577e+01
-1.157552e+01
-1.173303e+01
-1.189891e+01
-1.207330e+01
-1.225737e+01
-1.245146e+01
-1.265657e+01
-1.287417e+01
-1.310487e+01
-1.334968e+01
-1.361016e+01
-1.388721e+01
-1.418437e+01
-1.450227e+01
-1.483856e+01
-1.520631e+01
-1.560640e+01
-1.603247e+01
-1.649373e+01
-1.699827e+01
-1.754949e+01
-1.815733e+01
-1.882739e+01
-1.957275e+01
-2.039955e+01
-2.133443e+01
-2.239397e+01
-2.360035e+01
-2.499766e+01
-2.666807e+01
-2.860551e+01
-3.096642e+01
-3.383469e+01
-3.747975e+01
-4.255091e+01
-4.890639e+01
-5.947742e+01
-7.580016e+01
-9.667896e+01
-2.616338e+02
-8.877051e+00
-9.597448e+00
-8.172675e+00
-1.038933e+01
-7.394889e+00
-1.134246e+01
-6.483270e+00
-7.580789e+00
-1.011932e+01
-1.156857e+01
-6.100769e+00
-1.259481e+01
-5.318725e+00
-3.654175e+00
-1.428778e+01
-3.335262e+00
-1.434666e+01
-1.685461e+01
-1.430617e+00
3.465614e-01
-1.806890e+01
-8.848571e+00
-8.022891e+00
-9.651338e+00
5.420793e+00
-2.302849e+01
2.381793e+00
-2.005001e+01
-9.232395e+00
-8.531749e+00
-9.056793e+00
-8.623739e+00
1.363074e+01
-3.161970e+01
-9.419707e+00
-8.184889e+00
8.271661e+00
-2.590408e+01
-1.083559e+01
-6.971476e+00
-1.000898e+01
-7.770159e+00
-8.984908e+00
-8.525018e+00
2.693753e+01
-4.467103e+01
1.732867e+01
-3.566962e+01
-8.979132e+00
-8.648756e+00
-9.831938e+00
-1.078346e+01
-6.805621e+00
-4.739348e+00
-1.301219e+01
-7.857083e+00
-1.642392e+00
-1.589977e+01
-1.542529e+01
3.402122e-01
-2.530545e+00
-1.351926e+01
-4.470587e+00
-1.200235e+01
-5.864108e+00
-9.559374e+00
-8.094470e+00
-5.238715e+01
3.411207e+01
4.976688e+01
-6.655846e+01
-8.895256e+00
-8.725904e+00
-1.046585e+01
-7.247685e+00
-5.456487e+00
-1.219947e+01
3.073098e+00
-2.079918e+01
-9.577822e+00
-8.132674e+00
9.790246e+00
-2.748921e+01
-9.175966e+00
-8.290248e+00
1.936708e+01
-3.698367e+01
8.017196e+01
-9.879241e+01
-9.525797e+00
-8.139677e+00
-9.069558e+00
-8.968558e+00
-8.587733e+00
-8.725909e+00
6.138116e+01
-7.937082e+01
1.212382e+01
5.528356e+00
-2.966604e+01
-2.307731e+01
-1.861245e+01
-1.302362e+01
-4.958964e+00
-6.181260e+00
-1.104664e+01
-1.164826e+01
-6.733795e+00
-1.063309e+01
-7.197142e+00
-1.019273e+01
-7.592358e+00
-9.829579e+00
-7.931206e+00
-9.453746e+00
-8.316439e+00
-9.089050e+00
-8.672950e+00
-9.117776e+00
-8.603164e+00
1.567664e+02
-1.745856e+02
-9.248903e+00
-8.383780e+00
-9.400039e+00
-9.385126e+00
-9.408239e+00
-9.352504e+00
-9.328303e+00
-9.223151e+00
-9.180535e+00
-9.350032e+00
-9.321033e+00
-9.378701e+00
-9.392401e+00
-9.441392e+00
-9.448255e+00
-9.504352e+00
-9.506683e+00
-9.568312e+00
-9.563616e+00
-9.632414e+00
-9.621687e+00
-9.697413e+00
-9.679035e+00
-9.762413e+00
-9.736521e+00
-9.826985e+00
-9.792622e+00
-9.889691e+00
-9.847221e+00
-9.950718e+00
-9.899505e+00
-1.000511e+01
-9.948803e+00
-1.005926e+01
-9.994499e+00
-1.011681e+01
-1.003790e+01
-1.016634e+01
-1.007671e+01
-1.021079e+01
-1.011066e+01
-1.024889e+01
-1.013830e+01
-1.028236e+01
-1.016354e+01
-1.030951e+01
-1.017822e+01
-1.032953e+01
-1.018768e+01
-1.034191e+01
-1.019021e+01
-1.034731e+01
-1.018561e+01
-1.034453e+01
-1.017172e+01
-1.002066e+01
-9.994186e+00
-9.849552e+00
-9.811761e+00
-1.033305e+01
-9.672694e+00
-9.624788e+00
-9.492868e+00
-9.433818e+00
-9.309814e+00
-9.240599e+00
-9.365156e+00
-9.163908e+00
-9.287516e+00
-9.079378e+00
-9.201009e+00
-8.992015e+00
-9.108580e+00
-8.894019e+00
-9.000168e+00
-8.780645e+00
-8.879424e+00
-8.888822e+00
-8.665071e+00
-8.780191e+00
-8.545225e+00
-8.660983e+00
-8.419038e+00
-8.510804e+00
-8.271353e+00
-8.181429e+00
-8.038464e+00
-7.946726e+00
-7.806083e+00
-7.713652e+00
-7.578149e+00
-7.482868e+00
-7.347935e+00
-8.318886e+00
-8.612904e+00
-7.254733e+00
-7.090524e+00
-7.137506e+00
-6.918500e+00
-8.385172e+00
-8.758446e+00
-6.383013e+00
-6.278413e+00
-8.533831e+00
-8.910257e+00
-6.861229e+00
-5.876752e+00
-6.047688e+00
-8.738814e+00
-9.057096e+00
-5.821306e+00
-5.875319e+00
-8.890615e+00
-9.132450e+00
-6.353712e+00
-5.365265e+00
-9.013598e+00
-9.271944e+00
-5.378926e+00
-5.476052e+00
-5.129338e+00
-5.154725e+00
-4.918045e+00
-4.685737e+00
-4.563860e+00
-4.363787e+00
-9.135955e+00
-9.361984e+00
-4.301218e+00
-4.085891e+00
-5.880040e+00
-9.254175e+00
-9.480684e+00
-4.056166e+00
-3.812410e+00
-3.896655e+00
-3.595598e+00
-3.741456e+00
-3.403134e+00
-1.050933e+01
-9.375558e+00
-9.599182e+00
-9.986396e+00
-3.607095e+00
-3.240927e+00
-9.494581e+00
-9.716562e+00
-3.823832e+00
-3.536125e+00
-3.103557e+00
-9.610890e+00
-9.832565e+00
-9.938244e+00
-1.005707e+01
-1.016194e+01
-1.028421e+01
-1.038650e+01
-1.051341e+01
-1.061634e+01
-1.074714e+01
-1.085285e+01
-1.098524e+01
-1.108791e+01
-1.122812e+01
-1.133147e+01
-1.147898e+01
-1.159341e+01
-1.174829e+01
-1.186526e+01
-1.202880e+01
-1.214335e+01
-1.232913e+01
-1.249044e+01
-1.264804e+01
-1.298156e+01
-1.300276e+01
-1.356215e+01
-1.348246e+01
-1.405074e+01
-1.406005e+01
-1.443972e+01
-1.456989e+01
-1.481176e+01
-1.499911e+01
-1.518286e+01
-1.540692e+01
-3.550421e+00
-3.022582e+00
-2.706042e+00
-2.553316e+00
-2.313270e+00
-2.114819e+00
-1.457750e+01
-1.283047e+01
-1.137293e+01
-1.041038e+01
-3.499830e+00
-1.554051e+01
-1.580827e+01
-1.525132e+01
-1.926085e+00
-1.681044e+00
-9.392330e+00
-9.505373e+00
-9.283019e+00
-9.396283e+00
-9.183142e+00
-1.588928e+01
-1.619632e+01
-9.843429e+00
-9.292045e+00
-9.089647e+00
-1.045595e+01
-1.545052e+00
-1.256600e+00
-1.456516e+00
-9.818107e-01
-1.243079e+00
-7.257154e-01
-9.971365e-01
-4.710181e-01
-9.194434e+00
-8.993344e+00
-1.394972e+01
-1.204282e+01
-1.095134e+01
-1.621850e+01
-1.658386e+01
-1.650562e+01
-1.694027e+01
-1.681093e+01
-1.728394e+01
-1.710720e+01
-1.762422e+01
-1.740417e+01
-1.795385e+01
-7.576339e-01
-2.077951e-01
-1.771786e+01
-1.829799e+01
-1.194321e+00
-9.097266e+00
-8.895117e+00
7.579416e-02
3.774375e-01
-5.137046e-01
-1.804809e+01
-1.865659e+01
-1.653672e+01
-8.999289e+00
-8.802212e+00
-1.839784e+01
-1.781843e+01
-1.904135e+01
6.233225e-01
9.790961e-01
-1.810656e+01
-8.904263e+00
-9.093079e+00
-8.718217e+00
-3.946875e+00
-3.744303e+00
-4.123705e+00
-3.926913e+00
-4.281232e+00
-4.095124e+00
-4.423081e+00
-4.259618e+00
-4.566467e+00
-4.425246e+00
-4.733273e+00
-4.601420e+00
-4.904880e+00
-1.880256e+01
-1.947263e+01
1.169452e+00
1.587071e+00
-1.970827e+01
-2.017698e+01
-8.999842e+00
-9.180656e+00
-9.416943e+00
-4.779438e+00
-5.072386e+00
-1.030162e+01
-1.924615e+01
-8.616173e+00
-8.530821e+00
-9.085238e+00
-9.265939e+00
1.714022e+00
2.200262e+00
2.010838e+00
2.690641e+00
2.463615e+00
3.194784e+00
2.959017e+00
3.727545e+00
3.490437e+00
-2.039461e+01
-2.091010e+01
-4.961483e+00
-5.245504e+00
-4.662561e+00
-5.350561e+00
-5.513746e+00
-5.614474e+00
-5.770873e+00
-5.866545e+00
-6.014772e+00
-4.099549e+00
-3.898643e+00
-4.512251e+00
-4.468366e+00
-4.927949e+00
-4.693750e+00
-4.974704e+00
-4.761661e+00
-5.042760e+00
-4.833839e+00
-5.102947e+00
-4.914000e+00
-5.179187e+00
-5.009952e+00
-5.267351e+00
-5.116030e+00
-5.366073e+00
-4.850895e+00
4.302463e+00
-5.232307e+00
-5.474464e+00
-5.603291e+00
-5.702710e+00
-5.830059e+00
-5.919504e+00
-6.044785e+00
-6.125460e+00
-6.248892e+00
-6.321878e+00
-6.443023e+00
-6.508878e+00
-6.628839e+00
-6.684373e+00
-6.805080e+00
-6.857783e+00
-6.974800e+00
-7.023146e+00
-7.136936e+00
-7.175571e+00
-7.291392e+00
-7.323541e+00
-7.439298e+00
-7.464722e+00
-7.578777e+00
-7.598704e+00
-7.710225e+00
-7.725029e+00
-7.835378e+00
-7.844831e+00
-7.953902e+00
-7.622137e+00
-7.957745e+00
-8.064128e+00
-7.074641e+00
-6.194208e+00
-8.429369e+00
-8.063360e+00
-8.166929e+00
4.073426e+00
4.932693e+00
-9.171588e+00
-9.345350e+00
-1.050246e+01
-1.068047e+01
-5.928444e+00
-6.163479e+00
-4.858008e+00
-4.554363e+00
-2.109499e+01
-2.167768e+01
2.248556e+00
-5.358951e+00
-8.160734e+00
-8.260879e+00
-8.067040e+00
4.696110e+00
3.829668e+00
5.625675e+00
-9.371073e+00
-9.256046e+00
-9.421921e+00
-9.089902e+00
-6.087501e+00
-6.316530e+00
-1.067996e+01
-1.085977e+01
-6.107929e+00
-4.766895e+00
-4.456291e+00
-6.690709e+00
-2.180376e+01
-2.247173e+01
-2.231268e+01
4.496224e+00
-2.317374e+01
-2.301266e+01
-9.332832e+00
-9.493955e+00
-9.650809e+00
4.419283e+00
3.546692e+00
-8.162591e+00
-8.076223e+00
-7.418597e+00
-9.588437e+00
-9.657619e+00
-9.755853e+00
-9.824653e+00
-9.926384e+00
-9.994759e+00
-1.010070e+01
-1.016801e+01
-6.247149e+00
-6.464231e+00
-1.027872e+01
-1.034562e+01
-1.046189e+01
-1.052861e+01
-1.065005e+01
-1.071718e+01
-1.084384e+01
-1.091234e+01
-1.104480e+01
-1.111442e+01
-1.125318e+01
-1.132674e+01
-1.147006e+01
-1.154678e+01
-1.169634e+01
-1.177425e+01
-1.193293e+01
-1.201471e+01
-1.218094e+01
-1.226575e+01
-1.244067e+01
-1.252495e+01
-1.271336e+01
-1.280033e+01
-1.300001e+01
-1.308988e+01
-2.392760e+01
-2.378200e+01
-1.086382e+01
-1.104656e+01
-4.667427e+00
-4.363599e+00
-7.265928e+00
-9.193201e+00
-9.257513e+00
-8.896006e+00
-1.330263e+01
-1.341774e+01
-2.475634e+01
-2.462721e+01
-1.006256e+01
-1.316966e+01
-1.351096e+01
-1.232506e+01
-1.161420e+01
-1.020904e+01
-2.249818e+01
-9.715420e+00
-1.099369e+01
-8.344402e+00
-8.239960e+00
4.077974e+00
3.215262e+00
-2.567229e+01
-2.554723e+01
-2.446049e+01
-8.167835e+00
-8.091214e+00
-6.400271e+00
-6.603050e+00
-1.105320e+01
-1.124013e+01
-1.122146e+01
-1.141981e+01
-1.138907e+01
-1.159511e+01
-1.154947e+01
-1.176442e+01
-1.170040e+01
-1.191963e+01
-1.184009e+01
-1.206403e+01
-1.196717e+01
-1.219708e+01
-1.208019e+01
-1.231269e+01
-1.217668e+01
-1.241246e+01
-1.225506e+01
-1.249087e+01
-1.203292e+01
-1.266322e+01
-1.274069e+01
-1.209320e+01
-1.188401e+01
-4.586326e+00
-4.281162e+00
1.692350e+00
2.131975e+00
1.518006e+00
1.829689e+00
1.175483e+00
-2.176185e+01
-2.669069e+01
-2.533435e+01
-2.421800e+01
-9.083471e+00
-9.153265e+00
1.281357e+00
5.863740e-01
-6.674713e+00
-6.801155e+00
-1.326832e+01
-1.359099e+01
3.682076e+00
2.832749e+00
-1.384072e+01
-1.392107e+01
-4.048255e+00
-3.960141e+00
-2.227000e+01
-2.149358e+01
4.635351e+00
-1.143502e+01
-1.197601e+01
-1.293209e+01
-1.300994e+01
-8.186517e+00
-8.111397e+00
-6.743045e+00
-6.933755e+00
-5.965857e+00
-6.209185e+00
-1.192674e+01
-1.173101e+01
-4.549774e+00
-4.514164e+00
-8.256640e+00
-7.725073e+00
-6.997817e+00
-7.113975e+00
-1.613394e+01
-1.637253e+01
-2.579734e+01
6.086258e-01
-1.572855e-02
1.245392e+00
-9.218622e+00
-2.501256e+01
-2.387679e+01
-3.715865e+00
-3.621200e+00
3.229796e+00
2.398433e+00
-1.336092e+01
-6.778231e+00
-1.418625e+01
-1.430019e+01
-2.178219e+01
-2.098350e+01
-8.983226e+00
-9.056116e+00
-7.067646e+00
-7.237195e+00
-7.282038e+00
-7.399742e+00
-1.593563e+01
-1.609284e+01
-1.175687e+01
-1.157636e+01
2.054861e+00
1.634400e+00
1.337221e+00
9.346994e-01
6.698425e-01
3.139994e-01
1.267789e-01
-4.390012e-01
-8.200062e+00
-8.132564e+00
-8.046556e+00
-8.078984e+00
-7.991456e+00
-8.032998e+00
-7.946707e+00
-7.997700e+00
-7.912026e+00
-5.312652e+00
-3.364116e+00
-6.070407e+00
-6.313901e+00
-9.854288e+00
1.190419e+00
-7.446696e+00
-7.557885e+00
-1.205192e+01
-4.612184e+00
-2.459232e+01
-2.344023e+01
-2.583781e+01
-1.455827e+01
-1.467691e+01
-1.436807e+01
-1.478120e+01
-1.505870e+01
-1.518528e+01
-2.098509e+01
-2.020410e+01
-1.487004e+01
-1.528826e+01
-1.687538e+01
-1.158451e+01
-1.142019e+01
-1.561804e+01
-1.573240e+01
-1.077218e+01
-7.359795e+00
-1.086150e+01
-8.893059e+00
-8.963692e+00
-7.599935e+00
-7.711130e+00
-7.484041e+00
-1.177263e+01
-7.971382e+00
-7.887808e+00
-8.051157e+00
-2.185054e+01
-8.812362e+00
-5.865875e-01
-9.643589e-01
-1.114786e+00
-1.457787e+00
-1.605029e+00
-1.917928e+00
-1.796346e+00
-2.229669e+00
-3.139800e-01
-2.144341e+00
-2.553175e+00
-1.000416e+01
-4.805333e+00
-4.750764e+00
-5.022578e+00
-4.988603e+00
-5.240299e+00
-6.203442e+00
-6.182530e+00
-8.977626e+00
-8.160874e+00
-7.822298e+00
-7.801810e+00
-7.728440e+00
-1.553313e+01
-1.553698e+01
-1.141202e+01
-1.126055e+01
-7.761102e+00
-7.862484e+00
-7.815799e+00
-7.960290e+00
-8.009035e+00
-8.101075e+00
-1.318630e+01
-2.019942e+01
-1.948316e+01
-1.130477e+00
-2.531699e+01
-2.671160e+01
-9.491200e+00
-2.337839e+00
-6.182387e+00
-6.421106e+00
-1.141500e+01
-3.257323e+00
-2.982945e+00
-1.607979e+01
-1.620960e+01
-1.154466e+01
-1.540799e+01
-3.537338e+00
-3.169671e+00
-3.466107e+00
-3.102261e+00
-3.412090e+00
-3.048447e+00
-7.716098e+00
-7.629267e+00
-1.519842e+00
-7.916829e+00
-8.730379e+00
-8.641411e+00
-1.957703e+01
-1.891334e+01
-1.881724e+01
-1.829458e+01
-8.032299e+00
-8.105522e+00
-6.548270e+00
-6.651357e+00
-1.350121e+01
-9.570146e+00
-9.120401e+00
-9.027310e+00
-2.503166e+00
-2.887579e+00
-6.774159e+00
-6.874238e+00
-7.634943e+00
-7.530148e+00
-5.218588e+00
-5.454707e+00
-3.116143e+00
-1.655339e+01
-1.672073e+01
-1.336544e+01
-1.369544e+01
-2.607455e+01
-2.758523e+01
-8.151608e+00
-8.238248e+00
-3.374503e+00
-3.012587e+00
-1.635451e+01
-6.757087e+00
-6.982635e+00
-1.163081e+01
-7.527007e+00
-7.424425e+00
-1.500982e+01
-1.517364e+01
-1.492247e+01
-1.711392e+01
-1.727329e+01
-1.686406e+01
-1.742203e+01
-1.786202e+01
-1.802665e+01
-1.123856e+01
-1.110071e+01
-1.111318e+01
-1.096709e+01
-8.411914e+00
-1.754389e+01
-1.815998e+01
-8.094003e+00
-9.175450e+00
-9.084908e+00
-8.942394e+00
-9.002166e+00
-9.136639e+00
-9.052538e+00
-9.180941e+00
-9.096536e+00
-9.218146e+00
-9.137141e+00
-9.019726e+00
-9.061197e+00
-9.170409e+00
-9.095244e+00
-9.194515e+00
-9.119346e+00
-9.026611e+00
-9.054369e+00
-8.964431e+00
-8.996751e+00
-9.079768e+00
-8.909717e+00
-9.023008e+00
-9.102158e+00
-2.720531e+00
-2.876446e+00
-1.836315e+01
-1.778685e+01
-2.282915e+01
-1.094307e+01
-1.082301e+01
-2.872181e+00
-3.227915e+00
-3.248461e+00
-3.564648e+00
-2.493125e+00
-8.155477e+00
-4.844808e+00
-7.797887e+00
-8.160725e+00
-8.559239e+00
-7.430179e+00
-7.318467e+00
-1.819534e+01
-1.353955e+01
-1.388116e+01
-9.044382e+00
-9.117881e+00
-9.181095e+00
-9.187777e+00
-3.589574e+00
-3.882844e+00
-3.884982e+00
-4.181351e+00
-5.446646e+00
-5.667768e+00
-5.237948e+00
-8.155956e+00
-9.398738e+00
-6.865456e+00
-7.091959e+00
-8.568310e+00
-8.470394e+00
-7.332885e+00
-7.211165e+00
-7.813462e-01
-8.293143e+00
-8.373482e+00
-8.321484e+00
-8.449632e+00
-8.400020e+00
-8.521889e+00
-8.575034e+00
-8.642489e+00
-8.699401e+00
-8.762039e+00
-1.078749e+01
-1.068084e+01
-9.628952e+00
-3.357564e+00
-2.996238e+00
-1.780839e+01
-1.727546e+01
-2.678279e+01
-2.532686e+01
-2.843788e+01
-2.925981e+01
-3.029625e+01
-3.102151e+01
-3.236357e+01
-3.301728e+01
-3.468851e+01
-3.518870e+01
-3.727472e+01
-3.754656e+01
-4.010369e+01
-3.530467e+01
-1.459204e+01
-1.440808e+01
-1.070546e+01
-1.057554e+01
1.035333e+00
3.935414e-01
-7.317632e+00
-7.235590e+00
-7.102475e+00
-8.175058e+00
-3.725077e+00
-8.207636e+00
-4.182207e+00
-4.458078e+00
-4.485184e+00
-4.738288e+00
-1.763428e+01
-1.826253e+01
-7.539887e+00
-8.822912e+00
-8.881126e+00
-3.732336e+01
-3.501979e+01
-4.019281e+00
-1.725492e+01
-1.676397e+01
-1.677581e+01
-1.630204e+01
-1.629383e+01
-1.585811e+01
-1.370717e+01
-1.337371e+01
-1.405636e+01
-6.977154e+00
-7.200809e+00
-6.752193e+00
-8.705307e+00
-2.715971e+00
-1.659460e+01
-6.992649e+00
-1.279691e+01
-1.305847e+01
-1.282790e+01
-1.308240e+01
-1.282857e+01
-1.307474e+01
-1.279386e+01
-1.335429e+01
-1.333697e+01
-4.791598e+00
-5.021096e+00
-4.976471e+00
-5.237818e+00
-5.205848e+00
-5.444884e+00
-5.428596e+00
-5.645120e+00
-5.627761e+00
-5.830766e+00
-5.867134e+00
-6.036425e+00
-6.016236e+00
-1.582492e+01
-3.695363e+00
-3.741908e+00
-8.947413e+00
-9.000635e+00
-8.869745e+00
-8.821057e+00
-5.679373e+00
-5.876622e+00
-5.682167e+00
-1.542639e+01
-1.544117e+01
-8.868440e+00
-2.899440e+00
-8.216342e+00
-8.224410e+00
-1.054059e+01
-1.044732e+01
-8.324893e+00
-9.077391e+00
-9.124563e+00
-9.051565e+00
-9.165327e+00
-9.243767e+00
-9.279468e+00
-9.357176e+00
-9.394100e+00
-9.471538e+00
-9.509333e+00
-9.590127e+00
-9.625811e+00
-9.717207e+00
-9.746947e+00
-9.844623e+00
-9.868601e+00
-9.972632e+00
-9.993164e+00
-1.010330e+01
-1.012077e+01
-1.023725e+01
-1.025189e+01
-1.037496e+01
-1.038690e+01
-1.051693e+01
-1.052626e+01
-1.066188e+01
-1.067062e+01
-1.081332e+01
-1.082017e+01
-1.097140e+01
-1.097453e+01
-1.113496e+01
-1.113765e+01
-1.130677e+01
-1.130696e+01
-1.148533e+01
-1.148274e+01
-1.167262e+01
-1.166860e+01
-2.586143e+01
-2.446290e+01
-7.137732e+00
-1.422011e+01
-1.402705e+01
-2.530071e+00
-9.255683e+00
-9.253978e+00
-9.189622e+00
-9.248982e+00
-3.699513e+00
-4.011297e+00
-8.218040e+00
-7.089815e+00
-7.312376e+00
-1.186828e+01
-1.186290e+01
-1.005033e+01
-7.659094e+00
-8.453941e+00
-6.091137e+00
-1.777689e+01
-6.241299e+00
-7.204534e+00
-7.430109e+00
-7.327985e+00
-7.549251e+00
-3.730949e+01
-3.527658e+01
-8.352765e+00
-8.407340e+00
-8.300581e+00
-8.362386e+00
-8.186811e+00
-8.245823e+00
-8.066695e+00
-8.120054e+00
-7.937250e+00
-7.987444e+00
-7.798431e+00
-8.162526e+00
-3.378164e+01
-6.021973e+00
-7.654830e+00
-7.769511e+00
-7.668690e+00
7.250676e-01
1.230143e-01
-1.534801e+01
-1.498661e+01
9.285257e-01
-1.424415e+01
-1.442551e+01
-1.462712e+01
-1.849782e+01
-2.075517e+01
-5.301475e+00
-1.040188e+01
-1.032058e+01
-1.768514e+01
-1.710253e+01
-1.832370e+01
-1.894053e+01
-1.901811e+01
-1.059084e+01
-1.215713e+00
-1.591949e+00
-1.386943e+01
-1.368921e+01
-1.404299e+01
-1.382071e+01
-1.349548e+01
-1.365738e+01
-1.328092e+01
-1.336647e+01
-1.358764e+01
-1.306549e+01
-5.890025e+00
-6.077051e+00
-2.466835e+00
-2.640737e+00
-8.048954e+00
-7.964947e+00
-7.875646e+00
-9.533210e+00
-9.096314e+00
-1.001217e+01
-1.358814e+01
-1.290284e+01
-1.352236e+01
-1.281744e+01
-1.335027e+01
-1.276285e+01
-1.312233e+01
-1.268341e+01
-1.285921e+01
-1.254931e+01
-1.264210e+01
-1.226959e+01
-1.224825e+01
-1.212203e+01
-1.180539e+01
-1.072998e+01
-1.268343e+01
-1.218664e+01
-1.116547e+01
-1.141143e+01
-1.075746e+01
-1.055659e+01
-1.061335e+01
-1.036372e+01
-1.044823e+01
-1.113437e+01
-2.299684e+00
-9.312645e+00
-8.274015e+00
-8.285888e+00
-1.207409e+01
-1.206795e+01
-8.772974e+00
-8.731779e+00
-8.780357e+00
-8.697175e+00
-8.745913e+00
-8.669040e+00
-8.717406e+00
-8.646516e+00
-8.694297e+00
-8.629020e+00
-8.761076e+00
-1.481602e+01
-1.503494e+01
-9.380292e+00
-7.848834e+00
-7.654194e+00
-1.353162e+01
-1.320285e+01
-7.614394e+00
-7.463007e+00
-7.988774e+00
-5.932524e+00
-1.717454e+01
-6.315055e+00
-8.887774e+00
-6.435756e+00
-7.281662e+00
-3.600065e+01
-3.379804e+01
-6.177937e+00
-1.052169e+01
-4.035604e+00
-4.323721e+00
-1.036022e+01
-1.026290e+01
-1.022425e+01
-1.028039e+01
-6.054309e+00
-3.041794e+00
-2.483559e+01
-2.352222e+01
-2.322379e+01
-2.823018e+00
-5.111179e+00
-1.256319e+01
-2.974037e+00
-8.268603e+00
-8.228473e+00
-9.187374e+00
-9.239579e+00
-6.401706e+00
-1.129568e+01
-6.899159e+00
-2.032587e+00
-1.833384e+01
-1.904233e+01
-7.198516e+00
-8.420010e+00
-9.324267e+00
-6.088119e+00
-6.265905e+00
-6.262968e+00
-6.439522e+00
-6.444068e+00
-6.608064e+00
-6.608432e+00
-6.766122e+00
-6.768849e+00
-6.918886e+00
-1.165548e+01
-1.768137e+01
-8.018133e+00
-1.364653e+01
-1.229459e+01
-1.228369e+01
-1.229268e+01
-2.618031e+00
-8.574762e+00
-8.565073e+00
-7.111617e+00
-3.862385e+01
-1.096373e+01
-1.186371e+01
-1.026682e+01
-1.019578e+01
-1.023691e+01
-1.012208e+01
-1.007383e+01
-1.001029e+01
-8.182229e+00
-1.486944e+01
-1.455035e+01
-9.348685e+00
-1.252363e+01
-1.250778e+01
-1.275861e+01
-1.274569e+01
-1.301161e+01
-1.299695e+01
-1.272040e+01
-1.296795e+01
-1.326045e+01
-1.322980e+01
-1.353890e+01
-1.350529e+01
-1.033357e+01
-1.286304e+01
2.215035e+00
-9.424796e+00
-6.923278e+00
-7.064703e+00
-1.460644e+01
-1.105125e+01
-8.736994e+00
-8.799779e+00
-8.329038e+00
-8.344123e+00
-1.272823e+00
-9.330115e+00
-1.018793e+01
-3.319976e+00
-1.049825e+01
-8.083518e+00
-4.718226e+00
-1.038764e+01
-1.634975e+01
-6.747659e+00
-9.409954e+00
-9.601944e+00
-2.133807e+00
-1.568198e+00
-7.065950e+00
-7.201802e+00
-7.204919e+00
-7.334254e+00
-2.238156e+01
-2.186013e+01
-8.247834e+00
-8.354145e+00
-7.759874e+00
-1.330245e+01
-2.238470e+00
-1.713188e+00
-9.766933e+00
-1.026047e+01
-1.096198e+01
-1.226904e+01
-7.436116e+00
-7.279432e+00
-7.302239e+00
-7.113438e+00
-7.132843e+00
-6.941470e+00
-6.960049e+00
-6.762398e+00
-3.961723e+01
-4.303419e+01
-4.223869e+01
-4.642856e+01
-4.677538e+01
-5.110327e+01
-1.190066e+01
-1.088221e+01
-2.219539e+01
-7.855500e+00
-8.095217e+00
-3.728620e+00
-9.007585e+00
-1.858633e+01
-1.901205e+01
-1.836637e+01
-1.876036e+01
-1.940058e+01
-2.632620e+01
-8.075112e+00
-7.886176e+00
-7.088000e+00
-6.967692e+00
-6.964369e+00
-6.832892e+00
-6.841911e+00
-1.050296e+01
-9.805967e+00
-7.954088e+00
-4.952356e+00
-5.199174e+00
-1.710488e+01
-1.657069e+01
-4.932387e+00
-6.618196e+00
-6.459763e+00
-9.309463e+00
-6.535965e+00
-7.339573e+00
-7.461845e+00
-7.469386e+00
-7.583948e+00
-6.698851e+00
-6.721089e+00
-6.869772e+00
-1.230937e+01
3.371096e+00
2.553072e+00
-9.062929e+00
-8.677320e+00
-8.720634e+00
-2.406661e+01
-9.143333e+00
-9.918753e+00
-9.755139e+00
-1.522942e+01
-1.546588e+01
-9.089052e+00
-6.275300e+00
-8.474340e+00
-8.357284e+00
-8.431150e+00
-8.320586e+00
-8.392888e+00
-8.289010e+00
-8.497096e+00
-7.023660e+00
-9.403614e+00
2.572520e-01
2.731270e+00
3.605538e+00
3.040710e+00
3.952678e+00
3.317046e+00
4.268798e+00
3.549352e+00
2.653551e+00
4.544378e+00
5.311428e+00
5.649365e+00
6.456601e+00
6.886942e+00
7.741387e+00
8.265351e+00
9.172625e+00
9.839307e+00
1.077346e+01
1.160920e+01
1.257131e+01
1.363199e+01
1.458806e+01
1.306372e+01
1.516377e+01
1.376455e+01
1.679513e+01
1.554467e+01
1.408239e+01
1.569691e+01
1.409783e+01
1.568695e+01
1.417793e+01
1.751449e+01
1.574362e+01
1.382497e+01
1.270134e+01
1.212813e+01
8.424378e+00
4.757050e+00
1.219427e+01
1.066414e+01
1.063048e+01
9.293435e+00
9.279772e+00
8.047677e+00
8.212238e+00
7.040155e+00
6.910261e+00
5.970090e+00
5.864761e+00
4.991224e+00
5.138658e+00
4.226292e+00
8.739923e+00
4.315028e+00
3.456929e+00
1.227674e+01
4.895052e+00
1.241197e+01
3.496259e+00
2.684426e+00
2.796798e+00
1.970214e+00
2.025856e+00
1.268938e+00
1.227375e+00
5.797970e-01
5.502217e-01
-5.450356e-02
-6.795537e-02
-6.352949e-01
-6.322837e-01
-1.159780e+00
-1.153158e+00
-1.641345e+00
2.678872e+00
1.975268e+00
-1.355359e+01
-5.112046e+00
-1.140493e+01
-2.029523e+01
-1.562570e+01
-1.534001e+01
-1.578403e+01
-1.014677e+01
-6.565572e+00
-4.553990e+00
1.463101e+01
4.043174e-01
9.960819e+00
-5.066640e+00
-2.629964e+00
-5.240829e-01
-3.078303e+00
-1.888563e+01
-1.004446e+01
-1.085397e+01
-1.089531e+01
-1.835152e+00
-1.269112e+00
-9.276866e+00
-5.272978e+00
-9.303499e+00
-9.287270e+00
5.257606e+00
-2.282499e-01
-8.277026e+00
-8.045417e+00
-7.907103e+00
-5.793918e+00
-5.928220e+00
-8.199415e+00
-7.595271e+00
-7.703239e+00
-5.076457e+01
-9.275514e+00
-1.071064e+01
-9.061568e+00
-1.684873e+00
-2.109135e+00
-4.884927e+00
-4.664705e+00
-2.513855e+01
-2.669932e+01
-1.770326e+00
8.749808e+00
-3.406119e+01
-3.203971e+01
-3.195911e+01
-3.026936e+01
-9.995418e+00
-6.568879e+00
-5.792850e+00
-7.360707e+00
-7.853377e+00
-5.429082e+00
-3.162368e+01
-6.756506e+00
-6.572161e+00
-6.574639e+00
-6.380894e+00
-6.380118e+00
-7.858678e+00
-1.127261e+01
-1.066337e+01
-8.101185e+00
-1.186317e+01
-1.198155e+01
-1.311459e+01
-1.466017e+01
-1.259448e+01
-1.143992e+01
-1.299230e+01
-1.038200e+01
-1.058552e+01
-1.069620e+01
-1.521341e+01
1.094578e+01
1.257438e+01
1.312766e+01
1.554950e+01
-7.960193e+00
-1.257552e+01
-1.251640e+01
-1.272656e+01
-1.242303e+01
-1.223959e+01
-1.261740e+01
-1.212217e+01
-1.196449e+01
-9.227018e+00
-9.268208e+00
-2.196923e+00
-9.724519e+00
-1.134983e+01
-5.897133e+00
-4.081120e+00
-3.781330e+00
-7.484755e-02
-8.617277e+00
-8.559970e+00
-8.504587e+00
-8.506708e+00
-8.306168e+00
-8.366378e+00
-1.178483e+01
-1.159073e+01
-1.383438e+01
-1.379953e+01
-9.927499e+00
-5.026792e+01
-5.625759e+01
-4.354244e+00
-1.015173e+01
-8.256732e+00
-1.007933e+01
-1.968068e+01
-9.425534e+00
-3.064063e+01
-2.899342e+01
-2.868078e+01
-2.751388e+01
-2.729097e+01
-2.619752e+01
-2.769251e+01
-2.603802e+01
-2.501359e+01
-2.512898e+01
-2.403946e+01
-2.406261e+01
-2.309554e+01
-9.955082e+00
-9.901290e+00
-1.812069e+01
-1.776699e+01
-1.652920e+01
-1.604357e+01
-1.608072e+01
-1.559277e+01
-1.563137e+01
-1.519009e+01
-1.521781e+01
-4.301374e+00
-4.593435e+00
-4.631110e+00
-4.880148e+00
-8.334742e+00
-1.121040e+01
-1.058935e+01
-1.517910e-01
-3.312651e+01
-8.614369e+00
-1.182546e+01
-1.169122e+01
-1.196280e+01
-2.760931e+00
-2.426360e+00
-2.614030e+00
1.246172e+00
2.005574e+00
-1.548966e+01
-1.507425e+01
-3.212519e+00
-1.478432e+01
-1.355520e+01
-1.439338e+01
-1.411101e+01
1.124262e+01
-8.303867e+00
-9.400027e+00
-9.410030e+00
-6.649689e+00
-6.756871e+00
-7.353288e+00
-2.027998e-01
-1.318037e+01
-6.777636e+00
-7.998520e+00
-7.811831e+00
-6.986478e+00
-1.702761e+01
-1.750817e+01
-1.822495e+01
-7.264438e+00
-7.418575e+00
1.902444e+00
1.259478e+00
-9.248830e+00
-5.659212e+00
-5.804958e+00
-5.024081e+00
-1.525682e+01
-1.568254e+01
-1.600620e+01
-9.352394e+00
-1.335374e+01
-1.303780e+01
-1.288875e+01
-1.274062e+01
-1.258969e+01
-1.244801e+01
-1.230284e+01
-1.216242e+01
-1.202875e+01
-1.189488e+01
-1.176588e+01
-1.163910e+01
-1.151326e+01
-1.139658e+01
-1.127073e+01
-1.116045e+01
-1.104024e+01
-1.093152e+01
-1.081593e+01
-1.071109e+01
-1.059846e+01
-1.049667e+01
-1.038681e+01
-1.028744e+01
-1.018079e+01
-1.828116e+01
-1.891699e+01
-8.361345e+00
-8.266756e+00
-8.185012e+00
-8.170387e+00
-1.829562e+01
-1.899153e+01
-1.462420e+01
-7.290523e+00
-2.489859e+01
-5.524357e+00
-5.682702e+00
-5.953049e+00
-5.384937e+00
-5.839252e+00
-1.414403e+01
-1.268147e+01
-1.019039e+01
5.883401e+00
4.913840e+00
-8.106531e+00
-8.135701e+00
-2.224131e+01
-1.371189e+01
-8.325977e+00
-8.488664e+00
-6.406514e+00
-7.582722e+00
-9.944707e+00
-9.844575e+00
-7.717014e+00
-7.207525e+00
-7.310474e+00
-1.386657e+01
-1.441054e+00
-6.639086e+00
-6.485133e+00
-4.930856e+00
-5.161152e+00
-1.008086e+01
1.297092e+01
-2.083310e+00
-2.546586e+00
-7.942934e+00
-6.657912e-01
-1.183732e+00
-9.794556e+00
-9.746902e+00
-7.211348e+00
-1.593623e+01
-1.626965e+01
-5.114399e+00
-5.376874e+00
-6.665926e+00
-2.134535e+01
-1.309114e+00
-1.771537e+00
-1.999643e+00
-2.243942e+00
-9.036709e-01
-2.410036e+00
-2.842645e+00
-2.792484e+00
-3.272250e+00
-3.068744e+00
-3.442903e+00
-3.257191e+00
-3.612056e+00
-3.444052e+00
-3.782794e+00
-2.141164e+01
-6.181454e+00
-6.177647e+00
1.031459e+00
-7.918614e+00
-8.774057e+00
-8.832584e+00
-6.574514e+00
-1.520220e+01
-1.481061e+01
-1.490935e+01
-1.453864e+01
-1.639738e+01
-1.680283e+01
-1.442863e+01
-8.111372e+00
-9.978069e+00
-8.570955e+00
-6.384552e+00
-8.203249e+00
-8.308747e+00
-8.306270e+00
-8.424515e+00
-2.870554e+01
-4.822120e+00
-1.754257e+01
-1.066768e+01
-1.346394e+01
8.849824e+00
-1.392273e+01
-1.367814e+01
-1.492745e+01
-8.616858e+00
-8.662036e+00
-8.449720e+00
-8.443006e+00
-1.547737e+01
-1.418226e+01
-8.609972e+00
1.126093e+00
-3.471787e+00
-1.056496e+01
-1.066253e+01
-1.046364e+01
1.173237e+00
1.912832e+00
-6.762395e+00
-6.914468e+00
-1.023829e+01
-1.306860e+01
-7.197467e+00
-7.362361e+00
-8.380503e+00
-8.374688e+00
7.856904e+00
-5.259702e+00
-5.009799e+00
-1.392000e+01
-8.395490e+00
-6.191845e+00
-7.972687e+00
-1.851042e+00
2.019318e+00
-8.202764e+00
-6.104321e+00
-8.049623e+00
-8.085587e+00
-7.993742e+00
-4.415282e+00
1.370648e+01
1.156276e+01
1.632892e+01
1.837154e+01
1.948170e+01
2.170596e+01
2.325897e+01
2.567239e+01
2.800272e+01
3.048459e+01
2.722299e+01
3.176276e+01
3.620995e+01
3.690918e+01
3.190755e+01
4.295342e+01
3.574149e+01
3.087867e+01
2.774968e+01
2.727619e+01
-7.073610e+00
-8.989095e+00
-9.032284e+00
-8.932273e+00
-8.975317e+00
-8.880618e+00
-9.069443e+00
-1.296088e+01
-1.427626e+01
-9.765898e+00
-6.623617e+00
-2.184940e+01
-1.080629e+01
-1.075528e+01
-1.091350e+01
-1.085095e+01
-1.102208e+01
-1.095048e+01
-1.112295e+01
-1.104000e+01
-2.299706e+01
-2.212989e+01
-8.039621e+00
-7.940878e+00
-8.912036e+00
-1.121828e+01
-1.112245e+01
-6.843147e+00
-2.298848e+01
-5.429639e+00
-1.461134e+01
-9.315608e+00
-9.763385e+00
-9.838584e+00
-2.235319e+01
-2.253291e+01
-6.923142e+00
-4.318285e+00
-8.731948e+00
-7.739257e+00
-2.176706e+00
-1.767738e+00
-4.574880e+00
-5.334650e+00
-5.584823e+00
-1.039677e+01
-8.452620e+00
-8.407625e+00
-1.737377e+01
-2.532119e+01
-2.694501e+01
-1.651647e+00
-3.943082e+00
-5.011643e+00
-1.386680e+01
-1.181044e+01
-1.155978e+01
-1.142158e+01
-1.131435e+01
-7.203924e+00
-3.650511e+00
-3.967371e+00
-4.143596e+00
-3.853550e+00
-9.320966e+00
-9.427908e+00
-9.463305e+00
-6.578299e+00
-9.179040e+00
-1.175391e+01
-1.157334e+01
-1.596484e+01
-1.644106e+01
6.059613e+00
-8.992244e+00
-9.010045e+00
-3.756658e+00
-8.422298e+00
-8.452558e+00
-4.464437e+00
-6.761192e+00
1.821400e+00
-1.018658e+01
-1.953617e+01
-1.509226e+01
-7.773388e+00
-7.011313e+00
-7.060365e+00
-1.258875e+01
-7.420603e+00
-7.502823e+00
-7.556143e+00
-1.592198e+01
-9.709003e+00
-9.013147e+00
-9.102229e+00
-9.211418e+00
-9.171389e+00
-9.246721e+00
-9.303725e+00
-9.275324e+00
-1.027843e+01
-1.045801e+01
6.828980e-01
-1.877443e+01
-8.340972e+00
-8.428871e+00
-2.724441e+01
-1.094508e+01
-1.101333e+01
-8.795863e+00
-1.228620e+01
-1.564675e+01
-2.167289e+01
-9.707757e+00
-1.006164e+01
-7.763873e+00
-9.691515e+00
-9.652335e+00
3.992578e+00
-1.368773e+01
-2.051476e+01
-8.106043e+00
-3.824483e+00
6.967110e-01
-2.221366e+00
-2.412737e+00
-5.450708e+01
-4.809964e+01
-6.243883e+01
-6.308362e+01
-4.566618e+00
-4.096120e+00
-8.126733e+00
-1.115610e+01
-1.107331e+01
-1.522920e+01
-1.060218e+01
-9.481847e+00
-9.497095e+00
-9.463582e+00
-7.627955e+00
-1.802338e+01
-1.881020e+01
-7.557685e+00
2.869546e+01
2.460579e+01
5.373674e-01
7.601603e-01
-1.416499e+01
-9.877328e+00
-1.343094e+01
-1.324307e+01
-8.645433e+00
-8.716839e+00
-9.576710e+00
-9.601221e+00
-8.437034e+00
-7.147537e+00
-7.200681e+00
-7.278808e+00
-7.334814e+00
-7.404798e+00
-7.462883e+00
3.531419e-01
-7.877497e+00
3.028716e+00
-2.828590e+00
-2.659772e+00
-2.211867e+01
-6.905054e+00
-6.973145e+00
-7.819180e+00
-7.807984e+00
-1.782088e+01
-1.176600e+01
4.129384e+01
5.046046e+01
-6.820622e+00
-2.414702e+01
-2.142310e-01
-1.104430e+01
-1.114005e+01
-7.327605e-01
-1.246017e+00
-1.320143e+01
-8.171760e+00
-8.564243e+00
-7.256046e+00
-7.407847e+00
-1.078064e+01
-6.658735e+00
-8.378332e+00
-7.175083e+01
-7.607522e+00
-7.218685e+00
-7.082788e+00
-7.341787e+00
4.013978e+00
3.153362e+00
4.708692e+00
-1.916068e+01
-1.568903e+01
-2.851622e+01
-2.882948e+01
-1.164167e+01
-2.020626e+00
1.138350e+01
9.892678e+00
-9.291568e+00
-9.381019e+00
-6.297250e+00
-6.327927e+00
-8.240274e+00
-4.214347e+00
-1.175356e+01
-3.302895e+00
-9.168390e+00
-8.411620e+00
-7.998307e+00
-7.891008e+00
-1.823486e+01
-1.889505e+01
-8.402950e+00
-6.519082e+00
-6.365546e+00
-6.165537e+00
-6.207913e+00
-1.008551e+01
1.127278e+00
-5.971766e+00
-5.969578e+00
-6.182310e+00
-5.965481e+00
-1.301125e+01
-1.562218e+00
-1.582885e+00
-6.812116e+00
-6.942511e+00
-1.052399e+01
-1.964042e+01
-2.035558e+01
-8.951080e+00
-8.900926e+00
-9.332075e+00
-2.452187e+00
-1.354726e+01
-1.614273e+01
-1.189525e+01
-4.504062e+00
-3.309546e+00
-3.422049e+00
-1.085007e+01
-1.104159e+01
-2.195011e+01
-2.114860e+01
-9.978543e+00
-1.008673e+01
-2.304275e+00
-2.656426e+00
-1.681024e+01
-1.638676e+01
-5.215997e+00
-5.382032e+00
-6.602484e+00
-7.525246e+00
-7.586107e+00
-7.640994e+00
-7.702570e+00
-8.271542e+00
-8.369814e+00
-8.500916e+00
-8.459891e+00
-8.585544e+00
-2.863665e+00
-1.613277e+01
-1.575980e+01
-5.371638e+00
-7.121022e+00
-7.744209e+00
1.406889e+01
-7.648173e+00
-7.688668e+00
-6.883296e+00
-7.013036e+00
-1.722297e+01
-7.960686e+00
-2.141615e+00
-1.685453e+00
5.030575e+01
-6.193247e+00
-8.539103e+00
-1.244179e+01
-1.900046e+00
-4.608036e+01
-4.928087e+01
-7.832862e+00
-8.638312e+00
-4.604155e-01
-1.680334e+00
-9.726350e+00
-1.673577e+01
-9.297558e+00
2.598088e+01
2.247236e+01
-7.835157e+00
2.141637e+01
1.943096e+01
-5.553354e+00
-1.449014e+01
-3.302115e+00
-5.986567e+00
-5.709205e+00
-2.613010e+01
-2.497079e+01
-8.547879e+00
-8.518358e+00
-9.610205e+00
-9.686132e+00
-5.222171e+00
-5.001158e+00
-1.027997e+01
-8.529029e-01
-1.338702e+00
-9.709721e-01
-1.449321e+00
-6.549116e+00
-6.404268e+00
-1.003656e+00
-5.635293e+00
-6.553312e+00
-1.606043e+01
1.316402e+01
-2.092518e+01
-1.442761e+01
-5.986076e+00
2.024056e+01
-1.366938e+01
-1.812619e+01
-1.880839e+01
-1.304105e+01
-1.281507e+01
-1.265097e+01
-5.090612e+01
-4.491602e+01
-1.584616e+01
-9.161014e+00
-9.120461e+00
-8.045321e+00
3.521847e-01
-1.069743e+01
-7.569589e+00
-7.551182e+00
-1.563324e+01
-7.139484e+00
-7.173714e+00
-1.130978e+01
-1.140503e+01
-9.696442e+00
-9.609366e+00
-9.560009e+00
-9.526205e+00
-6.182741e+00
-1.469370e+01
9.845134e+00
8.528802e+00
-7.840445e+00
-9.544530e+00
-1.025934e+01
-1.016494e+01
-8.821853e+00
-7.916934e+00
-7.908546e+00
-8.014436e+00
-2.145797e+01
-2.153962e+01
-9.792889e+00
-1.020965e+01
-9.400868e+00
-1.120847e+01
-1.098950e+01
-1.083559e+01
-1.077556e+01
-1.060052e+01
-7.846877e+00
-7.948447e+00
-8.312581e+00
-8.805768e+00
-8.860233e+00
-8.752810e+00
1.296667e+00
9.276577e-01
-9.222647e+00
2.405426e+01
-1.410465e+01
-1.374527e+01
-1.961568e-01
-5.607554e+00
-5.738735e+00
-2.205907e+00
-2.430415e+00
-8.370126e+00
-1.086593e+00
-6.842352e+00
-7.154194e+00
-7.313673e+00
-6.968429e+01
-8.381261e+01
-8.802702e+00
-1.729461e+01
-1.630644e+01
7.735593e+00
8.667191e+00
6.899123e+00
-5.663773e+00
-2.704523e+01
-2.899583e+01
-3.100511e+01
-3.130026e+01
-3.340630e+01
-3.403981e+01
-3.665703e+01
-1.862342e+01
-1.775963e+01
-9.235117e+00
-9.376544e+00
-1.425680e+01
-1.983487e+01
-1.324221e+01
-8.472574e+00
-8.506456e+00
-5.822613e+00
-1.065039e+01
-1.046329e+01
-1.099205e+01
-1.229309e+01
-1.026026e+01
-1.054614e+01
-1.030611e+01
-7.444080e-01
-1.419643e+01
-9.570045e+00
-9.591166e+00
-8.093600e+00
-7.658794e+00
-1.165945e+01
-1.189347e+01
-2.288084e+01
-8.725056e+00
-8.644918e+00
-8.478233e+00
-5.178086e+00
-5.415024e+00
-8.892222e+00
-8.914619e+00
-2.083984e+01
-2.112340e+01
1.018238e+00
1.715155e+00
2.717590e+00
2.508189e+00
3.608727e+00
3.629268e-01
-1.388485e+00
-7.416042e-01
-1.107617e+01
-1.589843e+01
-1.367996e+01
-4.236219e+00
-3.946606e+00
-7.781395e+00
-7.326037e+00
-9.574044e+00
-2.888376e+00
-2.651182e+00
-1.390929e+01
6.122232e+01
-1.006539e+01
-1.016181e+01
-1.058763e+01
-1.361675e+01
-1.394978e+01
-6.933063e+01
-2.052653e+01
3.025586e+01
-4.519839e+00
-5.750066e+00
-5.768914e+00
-8.405455e+00
-2.348028e-01
-3.551595e+00
-3.649742e+00
-8.490717e+00
-6.774377e+00
-1.110643e+01
-7.613718e+00
-1.084401e+01
-1.090164e+01
-1.107643e+01
-1.094425e+01
-7.144777e+00
-7.061082e+00
-1.499908e+01
8.334369e+00
7.192184e+00
7.345571e+00
6.141083e+00
-9.472543e+00
-9.443483e+00
-1.677557e+01
-1.742209e+01
-1.733463e+01
-1.791208e+01
-9.697841e+00
-7.123974e+00
-6.868561e+00
-8.830235e+00
-8.786124e+00
-8.833272e+00
-8.748052e+00
-8.793001e+00
-8.310574e+00
-2.030620e+00
-1.864838e+01
-8.029374e+00
-7.463837e+00
-2.389894e+01
-2.389099e+01
-2.263183e+01
-1.562085e+01
3.425239e+00
4.615829e+00
4.425559e+00
5.746899e+00
5.843455e+00
5.558923e+00
7.036957e+00
-2.078214e+01
-7.805808e+00
-7.905216e+00
-7.809176e+00
-7.130892e+00
-7.280071e+00
-1.245305e+01
-1.240185e+01
-1.219423e+01
-9.615461e+00
-8.440107e+00
-9.163101e+00
-9.191241e+00
-1.124563e+01
-1.123872e+01
-1.144382e+01
-8.085605e+00
1.994281e+01
-8.105767e+00
-1.392517e+01
7.015216e-01
-1.263873e+01
-6.038977e+00
-6.435811e+00
-6.261346e+00
-6.307340e+00
-6.121803e+00
-1.542149e+01
-6.575414e+00
1.451638e+01
8.731971e-01
-4.849552e+00
-7.542697e+00
-2.148347e+01
-1.444910e+01
-2.107314e+01
-9.131763e+00
4.679174e+01
3.745166e+01
-9.364328e+00
-7.995132e+00
-1.708402e-01
1.871494e+01
-1.383897e+01
-8.422222e+00
-5.297242e+00
-3.394945e+00
-9.096405e+00
-9.028075e+00
-3.847829e+00
-4.156717e+00
-4.268816e+00
-8.519009e+00
-8.572761e+00
-1.066476e+01
-1.064388e+01
-1.047324e+01
-9.166532e+00
-8.661456e+00
-8.242844e+00
-8.319026e+00
-8.440768e+00
-9.327231e+00
-6.396584e+00
-8.269487e+00
-8.304557e+00
-8.877215e+00
-7.476270e+00
3.169304e+00
-1.145212e+01
-1.165775e+01
-2.196014e+01
-5.781327e+00
-9.366202e+00
-9.473843e+00
-9.464241e+00
-9.573139e+00
-9.568559e+00
-9.573117e+00
-9.680800e+00
-9.680946e+00
2.407159e+00
-6.404470e+00
-8.089404e+00
-8.055376e+00
-7.937226e+00
-2.311340e+01
-1.952958e+00
-6.349876e+00
-1.164781e+01
-1.187240e+01
-1.185152e+01
-1.208286e+01
-1.204937e+01
-1.229007e+01
-8.693216e+00
-5.998798e+00
-6.095232e+00
-5.865201e+00
-6.192694e+00
-5.993425e+00
-9.947743e+00
-6.079059e+00
-5.937511e+00
-1.608052e+01
-7.403308e+00
-1.688795e+01
-9.256764e+00
-9.280418e+00
-9.350967e+00
-9.366441e+00
-8.521960e+00
-8.611048e+00
-2.177362e+01
-6.984573e+00
-1.530895e+01
-1.404928e+01
-1.367179e+01
-1.396549e+01
-1.339355e+01
-1.330448e+01
-1.305319e+01
-1.735802e+00
-9.009993e+00
2.201509e+00
-1.448783e+01
-8.784549e+00
-1.123891e+01
-1.094782e+01
-1.300042e+01
1.542905e-01
-1.012218e+01
2.003301e+01
-1.213430e+01
-1.194374e+01
-1.199914e+01
-1.176204e+01
-1.181444e+01
-1.159033e+01
-1.163870e+01
-1.142690e+01
-1.147152e+01
-1.127106e+01
-1.131194e+01
-1.112250e+01
-1.115927e+01
-1.098002e+01
-1.101386e+01
-1.084380e+01
-1.087574e+01
-1.071331e+01
-1.075027e+01
-1.058927e+01
-1.062099e+01
-1.046878e+01
-1.048853e+01
-1.035111e+01
-1.036721e+01
-1.023818e+01
-1.025232e+01
-1.012966e+01
-1.013969e+01
-1.002421e+01
-1.002954e+01
-9.921577e+00
-9.923617e+00
-9.821883e+00
-9.820300e+00
-9.724570e+00
-9.722359e+00
-9.630210e+00
-9.629771e+00
-9.819966e+00
-6.384164e+00
-9.126429e+00
-9.077487e+00
-9.076230e+00
-9.027786e+00
-1.915841e+01
-7.750709e+00
-5.418001e+01
-5.112116e+01
-4.631287e+01
-5.767136e+01
-1.742519e+01
2.448989e+01
2.159763e+01
-4.296385e+00
-4.565230e+00
4.569457e+00
-6.215242e+00
-6.357669e+00
-4.832633e+00
-5.745729e+00
-8.826296e+00
-1.328239e+01
-6.936064e+00
-6.798520e+00
-6.957518e+00
-1.213567e+01
-9.045705e+00
-1.224009e+01
-1.249042e+01
-1.242169e+01
-1.268165e+01
-7.099632e-01
-1.215023e+00
-9.350637e+00
-7.215217e+00
-7.444969e+00
-7.505792e+00
-7.661056e+00
-7.145077e+00
-7.528249e+00
-7.877752e+00
-7.064171e+00
-7.456544e+00
-1.688967e+01
-7.830761e-01
-4.011345e-01
-1.259378e+01
-1.287468e+01
-1.274516e+01
-4.724743e+00
-1.568732e+01
-1.077086e+01
-3.859807e+01
-8.366639e+00
-8.447777e+00
-1.000496e+01
-9.878462e+00
-9.908838e+00
-9.780013e+00
-1.598636e+01
-2.608981e+00
-2.231466e+00
-1.021776e+01
-5.995259e+00
-9.539503e+00
-9.971578e+00
-7.356318e+00
-7.469349e+00
-9.908156e+00
-9.754659e+00
-9.969544e+00
-9.815985e+00
-1.002540e+01
-9.870033e+00
-1.007212e+01
-2.385934e+01
-1.705618e+00
-1.805653e+01
-4.614933e+01
-1.338502e+01
-9.130456e+00
-8.447218e+00
-8.385295e+00
-8.531595e+00
-8.354270e+00
-8.441755e+00
-8.483729e+00
-8.391217e+00
-8.421460e+00
-7.091154e+00
-1.305092e+01
-1.415818e+01
-1.029119e+01
-7.572366e+00
-1.183368e+01
-9.430865e+00
-1.326682e+01
-1.355813e+01
-1.297173e+01
-9.490641e+00
-8.655854e+00
7.580425e+00
8.517334e+00
7.404375e+00
8.307074e+00
7.146816e+00
7.987387e+00
6.796881e+00
9.683030e+00
-3.418633e+00
-3.570037e+00
-3.335878e+00
-5.460217e+00
-2.243724e+00
-2.626912e+00
-2.511177e+00
-2.841989e+00
-3.006667e+00
-7.335561e+00
6.917131e+00
9.269284e+00
-1.324548e+01
-1.766279e+01
-1.819562e+01
-1.481203e+01
-7.657474e+00
-6.767573e+00
-1.053668e+01
-1.026218e+01
-1.016097e+01
-1.024936e+01
-9.892708e+00
-9.808565e+00
-9.979140e+00
-2.449429e+00
-9.446158e+00
-7.776174e+00
-9.021383e+00
6.873063e+00
-2.265910e+00
-2.622500e+00
-6.628206e+00
-6.654328e+00
-7.789808e+00
-5.309259e+00
-7.169738e+00
-7.741570e+00
-9.399399e+00
-1.239491e+01
-1.226122e+01
-8.460999e+00
-8.514514e+00
-8.458039e+00
-2.459451e+00
-1.808677e+01
-1.871785e+01
-1.741362e+01
-9.285776e+00
-2.573939e+01
-2.687739e+01
-5.357017e+00
-8.309272e+00
-2.021747e+01
-1.993556e+01
-7.612444e+00
-9.295586e+00
-8.839543e+00
-8.047057e+00
-2.032536e+01
-2.020879e+01
-1.965457e+01
-6.393736e+00
-6.553453e+00
-9.214878e+00
-5.864914e+00
-1.709608e+01
-4.305068e+00
-8.016593e+00
-7.993074e+00
-6.472592e+00
-2.393768e+01
-7.918451e+00
-7.790305e+00
-8.029278e+00
-1.413632e+01
-6.560946e+00
-6.704703e+00
7.231802e+00
-1.849051e+01
-1.873187e+01
-8.120264e-01
-2.266940e-01
-7.710130e+00
-5.991834e+00
-1.696011e+01
1.731350e+01
-1.064906e+01
-5.505521e+00
-1.550105e+01
2.262892e+00
-6.784837e+00
-6.810306e+00
8.982635e-02
-8.594912e+00
-1.295280e+00
-1.462726e+00
6.064217e+00
-1.908345e+01
-1.928723e+01
-1.072778e+01
-1.081910e+01
1.683427e+00
-1.046394e+01
-6.731031e+00
-7.457046e+00
-7.604739e+00
-1.522597e+01
-6.999777e+00
-8.390229e+00
-2.289357e+01
-5.958933e+00
-6.756787e+00
-8.310331e+00
-1.100014e+01
-6.308580e+00
-1.097019e+01
5.726583e+01
4.715452e+01
-6.499120e+00
-6.308867e+00
-7.816016e+00
-8.387043e+00
-3.284696e+01
-6.506175e+00
-2.455064e+00
-2.248007e+01
3.709915e+00
-1.056424e+01
-6.555162e+00
-1.182537e+01
-8.235829e+00
-8.988884e-02
-7.252834e+00
-7.098138e+00
-3.759905e+00
-8.736346e+00
-6.964957e+00
-4.746825e+01
-4.334144e+01
-1.970183e+01
-5.080939e+00
-1.512999e+01
-1.211252e+01
1.752017e+01
-1.602277e+01
1.899279e+00
-1.964599e+01
-1.955672e+01
2.156831e+01
-8.444902e+00
-8.422962e+00
-8.495278e+00
-8.408243e+00
-8.472560e+00
-7.006753e+00
-7.178410e+00
-1.955385e+00
-8.946538e+00
-2.136459e+01
-1.400635e+01
-6.617146e+00
-2.927754e+01
-6.893604e+00
-3.718597e+00
-3.867732e+00
-3.590907e+00
-4.070901e+00
-3.821017e+00
-1.022314e+01
-9.664917e+00
-9.691810e+00
-5.459286e+00
-5.458321e+00
-5.445696e+00
-1.529359e+01
-1.038172e+01
-1.149523e+01
-1.387226e+01
-2.077403e+00
-1.899195e+01
6.066350e+00
-1.140647e+01
6.031079e+00
-8.645957e+00
-8.886587e+00
-8.521249e+00
-8.394971e+00
-8.430348e+00
-8.452579e+00
-1.985098e+01
-1.138201e+01
-4.732071e+00
-9.091516e-01
-9.372487e+00
-9.422024e+00
-8.429175e+00
-8.232163e+00
-1.635636e+01
-4.798547e+00
-9.737271e+00
-9.496023e+00
-1.148957e+01
-7.911381e+00
-8.124844e+00
-1.844106e+01
-8.614441e+00
-2.176957e+01
-8.778774e+00
-9.889519e+00
-9.781544e+00
-2.368280e+01
7.546758e+00
6.306898e+00
-1.834201e+00
-1.063476e+01
-3.713118e+01
-1.150650e+01
-1.950680e+01
-1.036634e+01
-9.662537e+00
-6.933581e+00
-1.043396e+01
-5.878394e+00
-6.060093e+00
-1.001894e+01
-3.874475e+00
-7.923343e+00
9.426788e-01
-8.471582e+00
-8.717775e+00
-8.760247e+00
-4.322156e+00
-1.761745e+01
-4.319877e+01
-1.018857e+01
-5.563833e+00
-5.641688e+00
-7.859830e+00
-7.098542e+00
-6.602093e+00
-3.622227e+00
-1.077423e+01
-1.079914e+01
-1.098713e+01
-1.044144e+01
-8.664112e+00
-8.654660e+00
-8.606005e+00
-8.649214e+00
-8.605532e+00
-2.345206e+01
-9.469724e+00
-9.375887e+00
-4.335572e+00
3.263786e+00
8.445280e+00
-4.794023e+00
-5.522402e+00
-8.882738e+00
-8.932635e+00
-1.390197e+01
-1.427412e+01
-8.954858e+00
-1.443941e+01
-8.627852e+00
-8.552876e+00
-1.666783e-01
-7.728981e+00
-3.661116e+00
-2.060244e+01
-1.812143e+01
-8.731385e+00
-8.659405e+00
-7.236062e+00
-1.655740e+01
-9.419065e+00
-9.421256e+00
-7.455947e+00
-1.172668e+01
-1.194341e+01
-1.212964e+01
-1.216441e+01
-4.548556e+00
-4.241079e+01
-3.996037e+01
-4.016612e+01
-3.732434e+01
-2.140267e+01
-9.809758e+00
-2.110993e+01
-2.692692e+01
-9.037236e+00
-7.011542e+00
-7.200934e+00
-7.394593e+00
-7.392286e+00
-7.609010e+00
-1.501372e+00
-1.965811e+01
-9.834575e+00
-9.834609e+00
-5.394941e+00
-8.921479e+00
-9.614095e+00
-5.693548e+00
-5.856618e+00
-7.509041e+00
-7.803815e+00
-9.551130e+00
-9.458713e+00
2.133717e+01
-1.327839e+01
-1.546986e+01
-7.583103e+00
-7.697834e+00
-7.801315e+00
-8.497631e+00
5.082516e+00
-3.711522e+01
-3.488427e+01
-3.472789e+01
-3.270288e+01
-1.314115e+01
-1.887225e+01
-1.840807e+01
-9.631716e+00
-7.276145e+00
-1.088402e+01
-1.113518e+01
-1.222807e+01
-1.207486e+01
-1.228841e+01
-1.250989e+01
-8.972661e+00
-5.344492e+01
-5.349336e+00
-1.067321e+01
-3.247419e+00
-3.344376e+00
-3.757518e+00
-3.447860e+00
-3.150519e+00
-2.011466e+01
-9.119364e+00
-9.181424e+00
-9.233887e+00
-9.213136e+00
8.521090e+00
8.321789e+00
8.388411e+00
-9.631725e+00
1.926202e+01
-1.357227e+01
-1.383726e+01
-1.385555e+01
-4.108453e+01
6.257431e+00
5.177893e+00
4.989942e+00
4.108006e+00
-1.567043e+01
-1.099671e+01
-3.277168e+01
-3.089142e+01
-3.074455e+01
-2.909422e+01
2.647200e+01
-8.764177e+00
-1.169734e+01
-5.537180e+00
-9.113078e+00
-9.145237e+00
-1.751028e+01
-3.136546e+01
-9.314126e+00
-9.261915e+00
-9.257877e+00
-9.231984e+00
-9.202478e+00
-6.455102e+00
-6.576750e+00
-8.607171e+00
-7.586355e+00
-7.626794e+00
-1.655916e+01
-8.903796e+00
-1.014777e+01
-9.954974e+00
-8.629743e+00
-5.990685e-01
-7.771137e+00
-1.069540e+01
-1.061713e+01
-6.817803e+00
-1.104921e+01
4.299063e+00
3.305861e+00
3.089155e+00
2.359580e+00
2.020249e+00
1.435279e+00
-2.927923e+01
-2.767541e+01
1.565080e+00
-1.198469e+01
-1.629777e+01
-3.938518e-01
-2.272478e-01
-9.208051e-01
-2.110591e+01
-2.193895e+01
-7.892428e+00
-1.234669e+01
-9.813188e+00
-2.780123e+00
-3.060350e+00
-1.296178e+01
-1.137830e+01
5.834400e+00
-7.795958e+00
-1.254369e+01
-1.094093e+01
-8.578478e+00
-1.656375e+01
-1.676996e+01
-1.623483e+01
-1.645696e+01
-1.593180e+01
-1.619128e+01
-1.567673e+01
-1.586869e+01
-1.544731e+01
-1.523175e+01
-1.499150e+01
-1.520895e+01
-1.474975e+01
-1.456365e+01
-1.433210e+01
-1.417322e+01
-1.395288e+01
-1.694508e+01
-1.511740e+01
-9.893727e+00
-1.012731e+01
-9.703747e+00
-1.027268e+01
-1.151328e+01
-9.505211e+00
5.326656e+00
2.432801e+00
-5.903652e+00
-5.598598e+00
-5.419808e+00
-5.164092e+00
-5.104414e+00
-1.476280e+01
-2.229193e+01
-1.702760e+01
-7.547861e+00
-8.223178e-01
-9.796582e+00
-9.796262e+00
-9.783214e+00
-1.833938e+01
-1.745293e+01
-7.752137e+00
-9.014036e+00
-7.387815e+00
-7.506275e+00
-1.413635e+01
-1.781890e+01
-1.455654e+01
-7.794863e+01
-9.772141e+01
-9.703907e+01
-8.078376e+00
-4.725757e+01
-9.739830e+00
-8.327405e+00
-8.818029e+00
-7.260805e-01
-8.604027e+00
-1.119189e+01
-1.440671e+00
-1.567502e+00
-9.438864e+00
-9.519603e+00
-9.578048e+00
-9.663472e+00
-9.710373e+00
-9.807938e+00
-9.854065e+00
-9.956466e+00
-9.910334e+00
-1.000408e+01
-1.010896e+01
-1.015194e+01
-1.026498e+01
-1.030241e+01
-1.042498e+01
-1.046391e+01
-1.059186e+01
-1.063330e+01
-1.076361e+01
-1.080502e+01
-1.094145e+01
-1.098240e+01
-1.112661e+01
-1.116760e+01
-1.131903e+01
-1.136011e+01
-1.151955e+01
-1.156184e+01
-1.173043e+01
-1.177278e+01
-1.195228e+01
-1.199504e+01
-1.218426e+01
-1.222667e+01
-1.242631e+01
-1.247378e+01
-1.126938e+01
-1.190252e+01
-1.203878e+01
-1.038693e+01
-1.266835e+01
-1.262469e+01
-1.271385e+01
-1.071249e+01
-1.015100e+01
-1.022918e+01
-1.006580e+01
-7.131363e+00
-1.573440e+00
-1.901777e+00
-1.172836e+00
-8.812029e+00
-8.891266e+00
-4.331601e-01
5.884882e-02
-2.394236e-01
1.807691e-01
-5.112368e+00
-3.832351e+00
-9.157089e+00
-2.597260e+00
-1.639925e+01
-1.958226e+00
-1.696405e+00
-1.991647e+00
-4.183248e+00
-3.551841e+00
-3.779230e+00
-1.490950e+01
-1.465935e+01
-1.429372e+01
-2.728110e+01
-2.611484e+01
-2.639028e+01
-2.562309e+01
-2.499795e+01
-8.097840e-01
-1.158434e+01
-1.147901e+01
-3.410907e+00
-3.025583e+00
-9.626133e+00
-8.555647e+00
-4.977890e+00
-4.478893e+00
-1.002807e+01
-9.814766e+00
-9.829933e+00
-1.144324e+01
-1.730943e+01
4.023197e+01
3.203033e+01
5.252411e+01
-7.320026e+00
-3.087572e+00
5.676319e-01
-1.306104e+01
-1.295175e+01
-1.267985e+01
-8.793030e+00
-8.860364e+00
-8.096248e+00
-8.736295e+00
-8.378475e+00
-8.303789e+00
-6.764870e+00
-9.081705e+00
-9.176883e+00
-3.324899e+00
-1.252088e+01
-5.510927e+00
-6.559417e-01
-2.300958e-01
-7.675074e+00
-9.924758e+00
-1.904583e+01
9.543260e+00
7.904917e+00
-1.682509e+01
1.519142e+01
-1.483299e+01
-1.118897e+01
-7.703101e+00
-8.279658e+00
-8.345108e+00
-9.440447e+00
-7.053353e+00
-1.372602e+01
-1.361887e+01
-1.336120e+01
-4.843334e+00
-5.018370e+00
-5.477746e+00
-8.386938e+00
-1.428942e+01
-1.464799e+01
-9.679451e+00
-8.469635e+00
-8.529225e+00
-1.339579e+01
-1.292393e+01
-1.185534e+01
-1.413165e+01
-9.218950e+00
-8.285584e+00
-9.688549e+00
-9.815871e+00
-9.919748e+00
-7.963023e+00
-7.742502e+00
-4.903509e+00
-4.698265e+00
-1.060461e+01
-8.050258e+00
-8.120332e+00
-8.091977e+00
-8.182642e+00
-6.802840e+00
-6.660452e+00
-8.635668e+00
7.320455e+01
7.705227e+01
6.221977e+01
-2.861253e+00
-2.346012e+00
-8.986679e+00
-1.110469e+01
-1.667599e+01
-2.246607e+01
-2.351881e+01
-2.231803e-01
-4.766305e+00
-4.860665e+00
-4.598735e+00
-1.364502e+01
-1.039288e+01
-9.776913e+00
-9.656714e+00
-9.779095e+00
-8.288226e+00
-8.448749e+00
-8.282364e+00
-8.415081e+00
-8.624210e+00
-8.259723e+00
-6.946495e+00
-6.976727e+00
-7.104004e+00
-7.247833e+00
-7.387190e+00
-8.476796e+00
-8.583470e+00
-8.335967e+00
-1.617681e+01
-1.663268e+01
-9.533430e+00
-1.825990e-01
2.508598e-01
-5.528657e+00
-5.562447e+00
-5.796639e+00
-1.187484e+01
-1.157981e+01
-7.938041e+00
-8.048318e+00
-8.105252e+00
-4.009948e+00
-8.274905e+00
-1.927814e+01
-1.948346e+01
-1.960329e+01
-9.123055e+00
-1.038251e+01
-8.218671e+00
-1.261237e+01
-1.282814e+01
-7.559479e+00
-1.707991e+01
-6.692930e+00
9.406436e+01
9.881497e+01
-1.161288e+01
-6.929967e+00
-1.211788e+01
-1.675254e+01
-8.086194e+00
-8.174419e+00
-8.189744e+00
-9.449700e+00
-3.195307e+00
-9.791026e+00
-7.913656e+00
-8.002640e+00
-7.824520e+00
-7.711377e+00
-4.068236e+00
-4.347940e+00
-6.032690e+00
-6.243035e+00
-6.426235e+00
-5.793222e+00
-1.976091e+01
-1.755381e+01
-7.443906e-01
3.035543e+00
-1.294269e+01
-1.271857e+01
-1.281706e+01
-1.250146e+01
-1.258086e+01
-1.230396e+01
-1.238725e+01
-1.071106e+01
-5.259281e+00
-9.311429e+00
-2.444729e+00
-2.927448e+00
-2.296071e+01
-8.269270e+00
-7.245655e+00
-1.384959e+01
-1.233743e+01
-2.283945e+00
-1.034239e+01
-1.031264e+01
-7.751347e+00
3.039398e+01
3.563198e+01
3.716242e+01
-1.316687e+01
-1.298682e+01
-1.265828e+01
-1.279344e+01
-1.249185e+01
-1.233821e+01
-1.219426e+01
-1.256868e+01
-8.709663e+00
-1.764737e+01
-6.220216e-01
-6.346236e+00
-6.140713e+00
-6.112997e+00
-5.928990e+00
-9.228497e+00
-1.084379e+01
-1.771228e+01
-1.946055e+00
-6.941034e+00
-9.607809e+00
-8.975154e+00
-4.428344e+00
-4.561714e+00
-1.233217e-01
-8.549247e+00
-1.019862e+01
-8.704820e+00
-1.346839e+02
-1.098837e+02
-8.625168e+00
1.507291e+01
1.300183e+01
-1.420395e+01
-7.725577e+00
-7.587476e+00
-2.385363e+00
-1.361023e+01
-1.354000e+01
-1.318206e+01
-2.034578e+01
-6.846336e+00
-7.018300e+00
-8.962019e+00
-8.993951e+00
-1.173561e+01
-5.473926e+00
-2.521071e+01
-1.694473e+01
-7.450643e+00
-7.329751e+00
-2.153591e+01
-2.039417e+01
4.257545e+01
-1.395567e+01
-7.064318e+00
-1.894466e+01
-5.698943e+00
-1.883494e+01
-1.955771e+01
1.362402e+00
-6.363508e+01
-8.024360e+00
6.992007e+01
-6.187859e+00
-6.696683e-01
-9.023082e+00
-8.963255e+00
-8.308328e+00
-6.043743e+00
-1.560631e+01
-7.239610e+00
-1.322408e+01
-2.035317e+01
-1.066520e+01
-1.085000e+01
-2.185108e+01
-1.510909e+01
-1.740708e+01
-6.679664e+01
-1.626877e+01
-3.531658e+00
-3.546914e+00
-3.118480e+00
-1.063881e+01
-3.000835e+00
2.010581e+01
-1.056245e+01
-7.459335e+00
-1.522129e+00
3.023953e+01
2.571739e+01
2.671727e+01
-7.428997e+00
-7.209465e+00
-9.075768e+00
-6.920764e+00
-6.388739e+00
-6.347711e+00
-5.967824e+00
-5.742834e+00
-5.708563e+00
-5.511866e+00
-5.554975e+00
-5.263539e+00
-5.270519e+00
-5.355253e+00
-5.610183e+00
-5.159842e+00
-5.683330e+00
-9.592967e+00
-9.488323e+00
-9.583262e-01
-1.250904e+01
-9.446219e+00
-9.496781e+00
-9.463122e+00
-9.538258e+00
-9.525678e+00
-9.491114e+00
-8.258557e+00
-2.195441e+01
-4.030244e+01
-2.487973e+00
-6.485436e+00
-6.370144e+00
-1.503468e+01
-1.464261e+01
-6.156003e+00
-5.550200e+00
-7.826383e+00
-8.949229e+00
-8.917022e+00
-8.836918e+00
-7.971325e+00
-8.923623e+00
-9.935278e+00
-1.164176e+01
-1.095303e+01
-1.124243e+01
-1.119241e+01
-9.239130e+00
-6.603081e+00
-3.289689e+00
7.001605e+00
-8.430057e+00
-8.538500e+00
-8.420316e+00
-1.066168e+01
-1.081252e+01
-9.565313e+00
-9.500947e+00
1.343299e+00
1.067644e+00
4.115947e-01
1.759363e+00
1.445413e+00
-1.233008e+01
-9.651207e+00
-9.558857e+00
-9.667234e+00
-9.895974e+00
-8.731441e+00
-8.978923e+00
-1.013583e+01
-1.039068e+01
-1.369366e+01
-1.398495e+01
-1.422712e+01
-1.425069e+01
-1.452900e+01
-1.395426e+01
-1.446019e+01
-1.479916e+01
-1.481525e+01
-1.372125e+01
-1.345485e+01
-1.365057e+01
-1.336693e+01
-1.319179e+01
-1.322457e+01
-1.048577e+01
-1.058987e+01
-1.080093e+01
-1.038289e+01
-1.017702e+01
-1.007911e+01
-9.880343e+00
-9.780639e+00
-9.687291e+00
-9.564034e+00
-9.780800e+00
-9.578973e+00
-9.975661e+00
-9.866698e+00
-1.216255e+01
-1.228993e+01
-1.258625e+01
-1.245303e+01
-1.202025e+01
-1.176277e+01
-1.190701e+01
-1.162970e+01
-1.151468e+01
-1.163396e+01
-1.151963e+01
-1.126632e+01
-1.139947e+01
-1.115606e+01
-1.165326e+01
-1.101854e+01
-1.091757e+01
-1.177468e+01
-1.193707e+01
-1.064872e+01
-1.078719e+01
-1.069902e+01
-1.402374e+01
-1.226858e+01
-1.252240e+01
-1.012362e+01
-9.918300e+00
-1.033307e+01
-7.982068e+00
-1.055500e+01
-1.078378e+01
-1.017901e+01
-7.694024e+00
1.045349e+01
1.109483e+01
-1.128253e+01
-1.153690e+01
-3.139201e+01
-3.002946e+01
-1.092085e+01
-1.101217e+01
-1.123756e+01
-1.110802e+01
-1.138447e+01
-1.605904e+01
-7.856191e+00
-1.482471e+01
-1.333958e+01
-1.248451e+01
-7.205159e+00
-6.976561e+00
-2.154505e+01
-7.976629e+00
-1.345988e+01
-1.018299e+01
-8.092952e+00
-7.951675e+00
-7.963832e+00
-1.064937e+01
-1.061076e+01
-8.471133e+00
-8.459184e+00
-1.294764e+01
-1.845500e+01
-6.437599e+00
-1.572513e+01
-1.510878e+01
3.720415e+00
-1.163451e+01
-3.652892e+01
-3.512848e+01
-9.490495e+00
-9.460357e+00
-9.560279e+00
-9.606909e+00
-9.603422e+00
-9.720147e+00
-9.916226e+00
-9.992797e+00
-7.878804e+00
-3.914328e+00
-4.027363e+00
-7.674446e+00
-7.783088e+00
-7.959406e+00
-7.866774e+00
-7.607330e+00
-8.011696e+00
-8.193782e+00
-7.844867e+00
-4.292251e+00
-8.212964e+00
-8.637718e+00
-8.386693e+00
-8.546307e+00
-8.319448e+00
-8.434268e+00
-8.203511e+00
-8.320419e+00
-8.545663e+00
-8.432086e+00
-8.665130e+00
-8.776532e+00
-8.891969e+00
-8.782913e+00
-9.005812e+00
-8.904275e+00
-8.663770e+00
-9.014453e+00
-9.048103e+00
-8.087860e+00
1.685182e+01
1.412007e+01
1.167220e+01
1.129168e+01
1.183134e+01
1.702717e+01
2.044493e+01
1.653591e+01
2.463397e+01
8.851732e+00
1.062788e+01
9.591345e+00
1.068177e+01
1.181770e+01
1.136591e+01
-9.275798e+00
-1.123651e+01
-1.105304e+01
-1.231592e+01
-1.205393e+01
-1.189544e+01
-9.129563e+00
-9.149016e+00
-2.215308e+00
-2.264502e+00
-1.187755e+01
-1.212632e+01
-8.590619e+00
-8.656653e+00
-8.764482e+00
-8.545517e+00
-8.615279e+00
-7.178713e+00
-2.978246e+00
-7.538302e+00
-7.426790e+00
-8.902951e+00
-9.167356e+00
-9.079266e+00
-8.811894e+00
-9.297461e+00
-9.489326e+00
-9.378592e+00
-9.189974e+00
-2.004830e+01
-1.966073e+01
-1.610602e+01
-1.938721e+01
-1.990791e+01
7.376741e-01
-2.900049e+01
-6.010790e+00
-1.293222e+01
5.356312e+00
-5.761241e+00
7.382927e-01
-3.445633e-01
1.417977e+00
-2.654224e+01
-2.782522e+01
-2.788339e+01
-2.915198e+01
-2.919130e+01
-2.908010e+01
-2.800288e+01
-3.051097e+01
-2.932423e+01
-3.076712e+01
-2.291052e+01
-4.078704e+00
-4.674164e+00
-4.551782e+00
-6.777357e+00
-6.882224e+00
-2.817851e+00
-2.925078e+00
2.745070e+00
-9.276754e+00
-9.201863e+00
-1.081883e+01
-7.488543e+00
-1.275868e+01
-1.119671e+01
-1.126110e+01
-1.112559e+01
-8.341950e+00
-9.356406e+00
-5.605923e+00
-5.832025e+00
9.522065e+00
-1.111045e+01
-9.390770e+00
-9.412138e+00
-8.498886e+00
-6.990560e+00
-6.875938e+00
-7.040869e+00
-6.944301e+00
-6.766140e+00
-6.840579e+00
-6.713403e+00
-6.569847e+00
3.448808e-01
1.117643e+00
-1.432588e+00
-8.242300e+00
-1.312810e+01
-9.410996e+00
-9.234159e+00
-8.827210e+00
2.864470e+00
-7.535626e+00
-4.985942e+00
-9.554816e+00
-1.357353e+01
-1.385907e+01
-1.436465e+01
-1.416674e+01
-1.343599e+01
-1.462043e+01
-1.024716e+01
-1.038254e+01
-1.044348e+01
-1.052650e+01
-1.059269e+01
-1.032119e+01
-1.051036e+01
-1.035034e+01
-1.236686e+01
-1.042414e+01
3.121959e+00
4.032469e+00
-1.050388e+01
-1.047962e+01
-1.061864e+01
-1.316392e+01
-1.146987e+01
-9.294208e+00
-8.200027e+00
-8.159480e+00
-1.184405e+01
-1.208103e+01
1.930474e+00
1.433493e+00
7.575818e-01
9.643674e-01
5.205864e-01
2.062381e-03
-1.431752e+01
-1.470221e+01
-1.506440e+01
-1.496104e+01
-1.181058e+01
5.926714e+00
4.833238e+00
7.248814e+00
7.523904e+00
-9.961194e+00
-1.014536e+01
-1.029213e+01
-3.881461e+00
-3.813018e+00
-4.147867e+00
-4.205811e+00
-4.463614e+00
-4.423608e+00
-1.661263e+01
-1.831404e+01
-1.528007e+01
-8.189037e+00
-8.057303e+00
-8.152222e+00
-9.325472e+00
-1.819035e+01
-1.022956e+01
-1.000580e+01
-9.855103e+00
-1.003828e+01
-1.119771e+01
-3.443412e+01
-9.636449e+00
-9.553203e+00
-9.727705e+00
-9.718100e+00
9.886421e+00
1.101880e+01
-1.108458e+01
-1.123225e+01
-1.578980e+01
-9.379690e+00
-6.076371e+00
-5.885885e+00
-6.098582e+00
-5.593884e+00
-6.323894e+00
-1.692548e+00
-4.857675e+00
-8.822052e+00
-8.938297e+00
-6.680061e+00
-6.590261e+00
-7.514163e+00
-7.477184e+00
-7.327908e+00
-7.465590e+00
-7.336859e+00
-7.197382e+00
-7.626281e+00
-7.666551e+00
-7.743604e+00
-2.097540e+01
-3.712208e+00
-1.273475e+01
-1.290056e+01
-1.305274e+01
-1.260014e+01
-7.050542e-01
2.456545e+00
-1.204844e+00
-1.127984e+00
-1.635766e+00
-1.030945e+01
-1.086554e+01
-8.221695e+00
-7.502597e+00
-9.514275e+00
-9.550447e+00
-5.436028e+00
-1.337364e+01
-1.478310e+01
-4.365436e+00
-9.913435e+00
-7.754796e+00
-7.523479e+00
-7.385674e+00
-5.013450e+01
-8.505640e+00
-8.088544e+00
-1.534539e+01
-1.539083e+01
-6.667499e+00
-6.768817e+00
-2.534391e+01
-2.576751e+00
-2.873996e+00
-9.084848e+00
-9.167855e+00
-8.858889e+00
7.951357e-02
1.300109e-01
-8.655285e+00
-8.551650e+00
-8.590516e+00
-8.993695e+00
-8.696707e+00
-9.347832e+00
5.015959e+00
1.092030e+00
-8.774805e+00
-8.816878e+00
-8.050731e+00
-9.095651e+00
-7.224732e+00
-1.124835e+01
-2.744395e+01
-6.212049e+00
-5.913155e+00
-5.378807e+00
-5.733444e+00
-9.723001e+00
-9.844014e+00
1.133205e+01
-5.894119e+01
-8.481702e+00
-1.706005e+01
-1.698588e+01
5.962812e+01
-2.376523e+01
-1.100210e+01
-1.724416e+01
-9.939061e+00
-7.897386e+00
-1.205318e+01
-1.414674e+01
-9.488855e+00
-5.002634e+00
3.888701e-01
8.854256e-01
-2.600566e+00
1.589454e+01
-1.373509e+00
-1.124403e+00
-8.989639e-01
-6.463855e+00
-9.879691e+00
-9.579654e+00
-9.616092e+00
-3.550894e+00
-7.774421e+00
-1.152898e+01
-1.110805e+01
-3.602384e+00
-1.502365e+01
-1.866819e+01
-3.048319e+01
-6.886077e+00
-7.033714e+00
-7.782278e+00
-7.883976e+00
-7.669188e+00
-6.424700e+00
-6.302113e+00
-2.762320e+01
-2.876805e+01
-8.643418e+00
-8.559748e+00
-8.019580e+00
-1.769180e+01
-5.243539e+00
-4.915568e+00
-5.071413e+00
-4.720588e+00
-4.858994e+00
-5.211122e+00
-4.987733e+00
-5.209131e+00
-4.965549e+00
-5.509531e+00
-5.381835e+00
-1.478761e+01
-7.363904e+00
-7.592876e+00
-7.733572e+00
-7.836431e+00
-6.894597e+00
-2.135412e+01
-2.045036e+01
-4.974166e+00
-4.703197e+00
-4.567978e+00
-4.734303e+00
-4.438538e+00
-4.264624e+00
-4.624995e+00
-4.330884e+00
-4.230476e+00
-4.004457e+00
-3.898639e+00
-4.151569e+00
-1.777175e+01
-6.543254e+00
-4.563134e+00
-4.901574e+00
-7.967316e+00
-1.068707e+01
-1.469458e+01
-1.501116e+01
-1.053462e+01
-8.916291e+00
-7.955778e+00
-4.456746e+00
-4.346459e+00
-3.550889e+00
-1.006709e+01
-1.051555e+01
-1.255500e+01
-1.268106e+01
-7.063681e+00
-1.379164e+01
-1.532511e+01
-1.404965e+01
4.073060e+00
-2.187579e+01
-2.290583e+01
-2.436779e+01
1.152950e+01
-2.922982e+01
-1.229246e+01
1.599453e+01
-3.422699e+01
-8.236862e+00
2.295624e+01
-4.042794e+01
-4.340620e+01
-5.296111e+00
-1.431733e+01
-6.462852e+00
-9.105980e+00
-8.520948e+00
-6.313363e+00
-5.734428e+01
-6.267518e+01
-7.265577e+01
-8.031166e+01
-8.909002e+01
-9.049164e+00
-1.126069e+01
1.681190e+01
1.630299e+01
1.914999e+01
-2.734562e+01
-6.449148e+00
-6.499117e+00
-1.415010e+02
3.374655e+01
-9.214540e+00
-7.768161e+00
2.429692e+01
1.394945e+01
-9.328893e+00
-7.450937e+00
-7.100670e+00
-5.931896e+00
-7.977133e+00
-7.891929e+00
-9.385902e+00
-9.433437e+00
-3.104522e+00
-1.664685e+01
-9.315452e+00
-2.648671e+00
-3.956614e+01
-4.251533e+00
-1.103659e+01
2.760436e+00
-1.350984e+01
-2.525141e+01
-7.028983e+00
-9.536539e+00
-1.026258e+01
-8.438874e+00
-1.573570e+01
-9.132385e+00
-1.561878e+01
-1.130740e+01
-1.570720e+01
-1.493986e+01
-1.420427e+01
-8.976180e+00
-9.271170e+00
2.085598e+00
-9.701812e+00
-8.023543e-02
-7.567880e+00
-9.254436e+00
-6.552712e+00
-6.585617e+00
-9.216985e+00
-7.204017e+00
-7.839919e+00
-1.946698e+01
-1.035292e+01
6.927366e+00
2.753274e+00
1.024340e+00
-1.605752e+01
5.686804e+00
-5.929757e+00
-7.418301e+00
-2.091618e+00
2.072838e+00
-8.697946e+00
-1.206295e+01
-2.136061e+00
-4.956977e+00
-3.080334e+00
-2.902787e+00
-2.671001e+00
-6.517897e+00
-2.066787e+01
-2.284771e+01
-6.865362e-01
-2.940201e+00
-1.159178e+01
1.126557e+01
-1.254236e+01
-1.195979e+01
-2.877192e+01
-1.207031e+00
-1.614149e+01
-1.706180e+01
4.164353e+00
-6.696050e+00
-1.112433e+01
-7.852688e+00
-6.232924e+00
-6.226356e+00
-1.028757e+01
-5.737219e+00
-8.859632e+00
-1.413059e+01
-2.103754e+01
-3.363372e+00
-8.431855e+00
-4.483728e+00
-4.687451e+00
-8.068438e+00
-8.091741e+00
1.236718e+01
-1.615947e+01
-7.419283e+00
-7.545888e+00
-7.401406e+00
-7.682722e+00
-1.022613e+01
-4.158922e-01
-6.379682e+00
-6.329289e+00
-6.114061e+00
-5.967897e+00
-7.706321e+00
-6.273065e+00
-1.186600e+01
-2.626180e+01
-2.052633e+01
-9.257092e+00
-9.173693e+00
-6.729293e+00
-8.458699e+00
-1.130184e+01
-7.267686e+00
-7.197956e+00
-7.338843e+00
-7.486173e+00
-7.049175e+00
-7.533446e+00
-1.067625e+01
-1.168003e+01
-5.621747e+01
-8.276783e+00
-7.332126e+00
-4.509826e+01
2.805967e+00
3.396309e+00
4.028084e+00
4.023504e+00
-6.769791e+00
-2.366166e+01
-8.183512e+00
-1.552448e+01
-6.691113e+00
-1.710370e+01
-8.601638e+00
-7.455211e+00
-8.383759e-01
-9.201468e+00
-2.086443e+00
-5.477220e+00
-8.176980e+00
-8.661405e+00
-9.428033e+00
-1.297862e+00
-4.081098e+00
-6.388057e+00
-6.207927e+00
5.134127e+00
3.911398e+00
-4.000047e+01
-6.383140e+00
-1.975807e+01
-2.824029e+01
-1.726620e+01
-2.407674e-01
-1.167221e+01
-1.302956e+01
-9.440929e+00
-8.136191e+00
-2.326423e+01
-2.402899e+01
3.290172e+00
-7.203840e+00
-3.320094e+00
-1.039548e+01
-2.887307e+00
3.393636e+01
-8.788185e+00
-7.899318e+00
-8.643936e+00
-2.490421e+01
-9.712865e+00
-1.373718e+01
-8.982336e+00
-1.119482e+01
-8.345334e+00
-1.244077e+01
-8.313526e+00
-8.885597e+00
-1.231392e+01
-2.804737e+01
-1.926744e+01
-1.848965e+01
-9.556514e+00
-1.004384e+01
-7.698607e+00
-1.005550e+01
-1.362317e+01
-5.477508e+00
-5.690470e+00
-8.806774e+00
-1.103492e+01
-6.444270e+00
-5.682745e+00
-1.067210e+01
-9.549370e+00
-6.254549e+00
-9.671611e+00
-1.812433e+00
2.674183e+00
-1.337699e+00
-1.144215e+01
-9.957239e+00
-2.265045e+01
-9.886074e+00
-9.801925e+00
-4.846611e+00
-8.321860e+00
-9.697389e+00
-9.070640e+00
-1.078336e+01
-4.218749e+00
1.369360e+00
-9.820264e+00
-2.099045e+01
-2.048514e+01
-8.879502e+00
-2.004955e+00
-7.090877e+00
-1.224033e+01
-1.657363e+01
-5.474326e+00
-2.497529e+01
-9.291442e+00
-5.079001e+00
-1.313429e+01
-8.368283e+00
-4.469882e+00
-8.714958e+00
-9.446433e+00
-5.816143e+00
-8.276005e+00
2.432885e+00
-1.625568e+01
-1.439494e+01
1.063879e-01
-6.975793e+00
-8.970405e+00
-8.876591e+00
5.720347e-01
-2.047342e+01
-6.842018e+00
-8.486158e+00
-8.533567e+00
-1.724474e+01
-3.044800e+01
-8.542484e+00
-7.621618e+00
4.512189e+01
9.650780e+01
-3.263110e+00
-1.207074e+01
-1.875630e+00
-4.079162e+00
-6.181522e+00
-6.075775e+00
-5.857557e+00
-9.402379e+00
-3.233987e+01
-5.541041e+00
6.706800e+00
8.987690e+00
-2.440019e+01
3.255994e+00
-1.925207e+01
-1.405980e+01
-1.378216e+01
-1.325565e+01
-1.280920e+01
-4.717374e+00
-1.181655e+01
-6.026785e+00
-1.148540e+01
-1.118938e+01
-6.331810e+00
-1.049025e+01
-1.073555e+01
-7.294078e+00
-7.084740e+00
-7.139598e+00
-1.028726e+01
-1.009929e+01
-7.480540e+00
-9.739450e+00
-9.915081e+00
-7.690047e+00
-8.013296e+00
-7.846881e+00
-9.371811e+00
-8.094057e+00
-8.247313e+00
-9.019759e+00
-8.603265e+00
-8.949048e+00
-9.299123e+00
-9.372039e+00
-2.408602e+01
3.797063e+00
-1.742862e+01
2.298586e+01
-5.726136e+00
-5.187449e+01
6.895886e+00
-1.094315e+00
-1.929473e+01
-1.716910e+01
-5.096139e+00
-1.035168e+01
2.788771e+01
-9.591054e+00
-1.089457e+01
-9.840341e+00
-1.153419e+01
-1.498180e+01
-1.537843e+01
-1.571061e+01
-1.587092e+01
-1.503656e+01
-1.013584e+01
-5.848807e+00
-4.518967e+01
-1.345866e+01
-1.106592e+01
-8.392634e+00
-2.037119e+01
-3.354781e+00
-9.223581e+00
-9.181516e+00
-1.439610e+01
-6.757436e+00
-9.017897e+00
-3.916217e+00
8.056184e+00
-1.213542e+01
-8.553513e+00
-1.047880e+01
-8.238000e+00
4.199175e+01
-7.098295e+00
-8.826969e+00
3.872781e+00
-8.214171e+00
-3.673286e+01
-9.601178e+00
-2.080198e+01
-6.644754e+00
-2.188426e+00
1.837962e+01
-2.102939e+01
-6.577182e+00
-3.339621e+01
-5.840725e+00
-9.274339e+00
-7.841974e+00
-8.891021e+00
-1.465652e+01
-1.327596e+01
-3.795770e+00
-6.129220e+00
-7.071025e+00
1.172641e+00
-1.631140e+00
1.674133e+00
-1.090619e+01
-6.060187e+01
-8.133468e+00
-3.983877e+00
-3.772796e+00
-8.088616e+00
-2.245635e+00
-3.247076e+00
-3.341283e+01
1.714509e+01
-5.492185e+00
-7.635334e+00
-1.006104e+01
-1.422468e+01
-1.898224e+01
-1.459654e+01
-1.095360e+01
-1.493239e+01
-1.063328e+01
6.352580e+00
-4.311736e+01
-6.531373e+00
-1.384919e+01
-6.234734e+00
-1.081914e+01
-8.810479e+00
-8.168655e+00
-7.636784e+00
-1.587082e+01
-2.895233e+00
-1.051688e+01
-8.137529e+00
-9.942376e+00
-1.021430e+01
-9.335259e+00
-1.658127e+01
-1.670601e+01
-2.112721e+01
4.942581e+00
-2.059367e+00
-1.370419e+01
-1.357732e+01
-8.559345e+00
-1.039239e+01
-1.253847e+01
-1.288627e+01
-9.393934e+00
-1.202198e+01
-1.149676e+01
-1.185388e+01
-1.175471e+01
-8.078771e+00
-1.196139e+01
-8.317468e+00
-1.588072e+01
2.803208e+00
-9.546874e+00
-8.862259e+00
-1.318518e+01
-1.057657e+01
-7.883688e+00
-1.700963e+01
-1.118795e+01
-1.278488e+01
-8.065981e+00
-1.277437e-01
-2.400371e+00
-8.469636e+00
-2.670085e+00
-9.127284e+00
-7.584952e+00
-1.881750e+01
-1.051162e+01
-9.917627e+00
-3.476154e+00
-1.258697e+01
-9.081370e+00
-2.677221e+01
-8.504665e+00
-4.147915e+00
-7.547616e+00
-5.986850e+00
-5.710876e+00
-1.011078e+01
-8.506201e+00
-7.365067e+00
-1.255022e+01
-2.402920e+01
-7.701091e+00
-9.387644e+00
-9.131840e+00
-8.398442e+00
-9.250287e+00
-2.319070e+01
-1.798677e+01
-2.289767e+01
-3.050065e+01
-8.211870e+00
-8.747362e+00
-8.585030e+00
-8.297749e+00
-9.530942e+00
-9.463253e+00
1.854591e+00
5.013009e-01
-1.156117e+01
-1.356196e+01
-1.086036e+01
-4.007169e+00
-5.183731e+00
-8.085368e+00
-1.769095e+01
-1.095979e+01
-1.407110e+01
-1.067879e+01
-6.934383e+00
-1.111546e+01
-1.119989e+01
-1.163597e+01
-6.979318e+00
-1.004150e+01
-6.614458e+00
5.914227e+00
-1.609236e+01
-1.204151e+01
-5.084812e+00
-1.288453e+01
-5.485045e+00
-1.503170e+01
1.710848e+00
-7.307293e-01
2.379447e+00
-5.490303e+00
2.401328e+01
-2.636928e+01
-8.227931e+00
-7.085633e+00
6.145103e+00
9.511097e+00
-6.002771e+00
-7.106560e+00
-9.675999e+00
-6.877921e+00
-3.009826e+00
4.093125e+00
-2.392735e+01
-1.386771e+01
-7.357823e+00
-2.163176e+00
-5.551404e+00
-6.296656e+00
-7.588989e+00
-8.459024e-01
-3.345314e+01
-1.772025e+01
-6.438207e+00
-4.715854e+00
-1.321292e+01
-1.335277e+01
-1.353315e+01
-1.477161e+01
-5.584672e+00
-8.191574e+00
-9.551349e+00
-1.291270e+01
-1.143090e+01
-6.066247e+00
-1.546676e+01
-7.219701e+00
-7.495031e+00
-1.445570e+01
-7.964150e+00
-9.102360e+00
-1.083838e+01
-3.656818e+00
-5.361227e+00
-5.506563e+00
-1.168816e+01
-2.301079e-02
-9.785429e+00
-1.004781e+01
-6.201929e+00
-8.991717e+00
-7.731415e+00
-8.943874e+00
-8.676428e+00
-8.833442e+00
-1.673400e+00
-1.140418e+01
-8.270685e+00
-9.197035e+00
-8.513960e+00
-8.787737e+00
-1.673938e+01
-3.077227e+00
-9.682602e+00
-1.206129e+01
-8.175646e+00
-6.645808e+00
-1.139054e+01
-7.868493e+00
-3.239030e+01
-9.434280e+00
-3.482271e+00
-1.854118e+00
7.337189e-01
-5.214171e+00
-9.762721e+00
-4.084896e+00
-9.514279e+00
-1.066874e+01
-9.758536e+00
-1.132967e+01
-9.781694e+00
-1.235743e+01
-4.130981e+00
-1.004910e+01
4.760653e+00
-1.319671e+01
-1.633378e+01
-1.438308e+01
-9.155790e+00
-8.476027e+00
1.939446e+01
3.954450e+01
-8.171507e+00
-5.946670e+00
-6.109802e+00
-1.837404e+01
-1.048229e+01
-5.061193e+00
-8.724458e+00
-1.162257e+01
-9.317840e+00
-6.794856e+00
-7.900963e+00
-1.117601e+01
-7.877081e+00
-6.851943e+00
9.772261e+00
4.704523e+00
-2.784118e+00
-9.751766e+00
-1.166288e+01
-8.589723e+00
-9.420103e+00
-1.167488e+01
-7.525150e+00
-9.129892e+00
-2.004568e+01
-9.426289e+00
6.141711e+00
-2.096907e+00
-3.704438e+01
-9.362631e+00
-1.134211e+01
-7.682332e+00
-2.990080e+00
-6.499033e+00
9.251098e+00
-8.366125e+00
7.629962e+00
-3.030603e+01
-1.285054e+01
-1.083129e+01
-1.237776e+01
-5.788968e+00
-1.006684e+01
-8.927677e+00
-1.012226e+01
-9.165490e+00
-9.878625e+00
-4.968112e+00
-2.966159e+00
-1.231829e+01
-1.558200e+01
-6.055486e-01
-6.277838e+00
2.003289e+00
-1.014277e+01
-8.570382e+00
-1.108003e+01
-8.501419e+00
-1.146772e+01
-7.930781e+00
-8.390469e+00
-9.163420e+00
-7.760041e+00
-2.022201e+01
-7.743194e+00
1.183232e+00
-8.386233e+00
-1.185309e+01
-8.930365e+00
-6.808963e+00
5.144971e+00
-4.209253e+00
-1.047255e+01
-9.321489e+00
-3.976734e+01
-1.258223e+00
6.901401e+00
-9.452328e+00
-2.635333e+00
4.446507e+00
-1.936565e+01
-7.103240e+00
-1.200742e+01
-2.472421e+01
-1.273125e+01
-7.405592e+00
-6.007852e+00
-7.491918e+00
-5.085832e+00
-6.655091e+00
-7.994908e+00
-1.152235e+01
-8.342979e+00
-2.695126e+01
-1.025992e+01
-8.202172e+00
-5.661839e+00
-1.833507e+01
-2.225797e+00
-2.049534e+01
-2.254856e+01
-9.408776e+00
2.334124e+01
-8.093733e+00
-8.735155e+00
-8.118633e+00
-3.574158e+00
-3.592703e+00
-7.109786e+00
-8.812837e+00
-8.000537e+00
-1.275367e+01
-1.007614e+01
-7.603417e+00
-1.088358e+01
-1.218913e+01
-1.214380e+01
-8.576972e+00
-1.005930e+01
-9.957911e+00
-7.642531e+00
-2.111150e+01
5.107842e+01
-8.326617e+00
-2.297498e+01
-2.902931e+00
3.383366e+00
-8.244011e+00
-1.438945e+01
-1.219582e+01
-9.517662e+00
-5.181023e+00
-8.431208e+00
-7.814716e+00
-1.078641e+01
-9.727684e+00
-8.717695e+00
-1.543515e+01
-1.718596e+01
-7.852699e+00
4.603513e-01
-9.706413e+00
-4.244315e+01
-9.398875e+00
6.207602e-01
-5.135598e+00
-9.551965e+00
-1.250041e+01
-5.555820e+00
-1.040091e+01
-8.182690e+00
-1.421987e+01
-7.480364e+00
-4.960268e+00
-1.023784e+01
-1.501290e+01
-1.787270e+00
-8.555561e+00
-3.881756e+00
-8.365314e+00
-8.565295e+00
-7.341593e+00
-1.936151e+01
-3.615225e+00
-8.764895e+00
-1.396650e+01
-2.177385e+00
-4.298640e+00
-1.047420e+01
6.588586e+00
-5.772879e+00
-6.401123e+00
-8.774306e+00
-1.054074e+01
-1.013951e+01
-2.478990e+00
-1.047986e+01
-2.594739e+01
-6.633906e+00
-1.591029e+01
-7.510103e+00
-1.014767e+01
-1.394889e+01
-6.453636e+00
-4.715129e+00
-6.279232e+00
-5.439185e+00
-1.489619e+01
-1.483348e+01
-4.575428e+00
-6.016046e+00
5.585274e+00
-9.224805e+00
-1.459518e+01
-1.181847e+01
-7.729194e+00
-1.309281e+01
-1.045212e+01
-1.557169e+01
-1.654523e+01
-1.402607e+01
-6.574615e+00
-8.316045e+00
-6.419819e+00
-2.367896e+01
-5.062782e+00
-6.976756e+00
-6.286622e+00
-1.233511e+01
-8.156599e+01
-8.222165e+00
5.360483e-01
-9.140168e+00
-2.046763e+01
3.767274e+00
-1.762255e+01
-9.070861e+00
-7.928713e+00
-3.606995e-01
-4.026378e+00
1.401407e+02
-9.527524e+00
-5.198683e+00
-1.036136e+01
1.184685e-01
-7.862731e+00
-1.140864e+01
1.513915e+01
-4.126348e+00
-1.552070e+02
-4.315961e+00
-1.259885e+01
-2.177051e+01
-7.457688e+00
-3.919537e+00
6.258778e+00
-1.385583e+01
-7.895823e+00
-8.079016e+00
-6.939078e+00
-2.431035e+01
-7.320102e+00
-3.946941e+00
-2.317115e+00
-1.449361e+01
-1.545002e+01
-9.822276e+00
2.615435e+00
-3.627449e+01
-9.320315e+00
-8.479452e+00
8.577740e+00
-1.078284e+01
-6.828129e+00
-8.702000e+00
-1.470860e+01
-9.170990e+00
-6.094284e+00
-1.030937e+00
-1.614195e+01
-8.482282e+00
-5.395239e+00
-8.465753e+00
-8.593899e+00
-7.613118e+00
-8.514284e+00
6.580598e+00
-4.563761e+00
-1.986884e+01
-1.455474e+01
-7.727678e+00
-2.277578e+01
-3.242561e+01
-2.544856e+00
-1.289772e+01
-1.043588e+01
6.509828e+00
-9.249446e+00
-7.165875e+00
-8.895612e+00
6.765455e+00
2.048788e+00
-5.913724e+00
-5.905383e+00
-7.210831e+00
-8.128665e+00
-8.681307e+00
-6.852991e+00
1.229920e+02
-1.097391e+01
-1.248938e+01
-4.101445e+00
-4.317070e+00
-9.491541e+00
-8.858220e+00
-6.175332e-01
-5.892831e+00
-7.565953e+00
-6.258793e+00
-2.987486e+01
-1.871309e+01
2.650603e+01
-8.950076e+00
-1.145586e+01
-7.760600e+00
-6.939501e+00
1.138104e+01
-1.082457e+01
-1.089287e+01
-1.727964e+01
-1.086371e+01
-7.922994e+00
-1.135189e+01
-2.059389e+01
-9.608311e+00
-1.382461e+01
-7.858548e+00
-2.467535e+01
-1.439615e+01
-4.171471e+01
-1.274426e+01
-1.119055e+01
3.936248e+01
-9.069958e+00
-7.443664e+00
-1.312574e+01
-8.250126e+00
-6.663151e+01
-1.049079e+01
-1.647375e+01
-6.775459e+00
-1.540371e+01
7.360042e+00
-4.353736e+00
-1.001457e+01
-2.263711e+01
-1.068894e+01
-4.794663e+01
-8.692918e+00
-5.325607e+00
-1.447265e+01
-8.119545e+00
-7.779549e+00
-3.412012e+00
-6.388255e+00
-1.049220e+01
-8.246884e+00
-1.140287e+01
-2.746236e+00
-1.347507e+01
-1.130847e+01
-1.732675e+01
-8.091639e+00
-5.573171e+00
-1.230902e+01
-8.787714e+00
-1.129274e+01
-5.691555e+00
2.111795e+01
-9.756324e+00
1.014155e+01
3.999580e-01
-2.907943e+01
2.132820e+01
-9.443030e+00
-7.104006e+00
-1.597621e+01
-1.217104e+01
-8.197950e+00
-1.808048e+01
-1.350379e+01
-1.060206e+01
-1.747838e+01
-8.856254e+00
-8.219339e+00
-1.434236e+01
-1.381692e+01
-8.347042e+00
-1.258369e+01
2.356483e+00
3.239767e+00
-4.412546e+00
-9.891679e+00
-1.431470e+01
-1.804608e+01
-1.216418e+01
-1.447837e+01
-1.417451e+01
-2.210697e+01
-9.248165e+00
-3.923447e+01
-6.468040e+00
-8.689365e+00
-1.359802e+01
-5.281169e+00
-1.144228e+01
-1.048435e+01
6.278492e+00
-8.131783e+00
-2.809625e+01
-6.644507e+00
-1.683515e+01
-1.977564e+01
-7.329214e+00
-8.757596e+00
-9.116367e+00
9.564668e+00
-1.207952e+00
-8.738865e+00
-8.232447e+00
-2.362713e+01
-1.117003e+01
-3.950637e+00
-6.620160e+00
-1.405170e+01
-1.495938e+01
-2.082494e+01
-5.693328e+00
-1.036740e+01
-5.116982e+00
-8.271150e+00
-9.764263e+00
-9.824520e+00
-9.431033e+00
-1.110972e+01
-2.942851e+00
-8.597322e+00
6.613654e-01
-6.051594e+00
-5.495787e+00
-1.181540e+01
-8.212016e+00
-1.507732e+01
-6.742601e+00
-8.245583e+00
-6.914416e+00
-8.404783e+00
-9.783243e+00
-8.164834e+00
-7.704754e+00
-1.046163e+01
2.295100e+01
-9.592322e+00
-1.995514e+01
-8.644886e+00
-8.258979e+00
-1.156500e+01
-2.498178e+00
-3.644140e+01
1.063125e+01
-8.509374e+00
-1.102864e+01
-8.238300e+00
-7.460399e+00
-8.680167e+00
-1.665008e+01
1.994526e+00
2.021562e+00
-1.018809e+01
-9.145082e+00
-9.648253e+00
-7.251724e+00
-1.958599e+01
-1.003612e+01
-6.544226e+00
-8.227103e+00
-6.761224e+00
-4.133019e-01
-1.167483e+01
-1.750356e+01
-3.109786e+00
-5.277512e+00
-1.001483e+01
2.186960e-01
-1.176452e+01
2.604529e+00
-1.237636e+01
-9.023635e+00
1.417345e+01
9.919669e+00
-4.070387e+00
-2.145250e+01
-6.695460e+00
-8.674788e+00
-2.788230e+00
-5.161469e+00
-8.722160e+00
5.660409e+00
-3.472867e+01
-3.950018e+01
-1.459840e+01
-1.160491e+01
3.210630e+01
-1.063790e+01
-1.013926e+01
-7.824784e+00
8.277683e+00
3.417995e-01
-9.501956e+00
-9.670740e+00
-6.526199e-01
-9.435937e+00
-1.071938e+01
-2.121374e+01
-1.039694e+01
-8.796273e+00
-8.202085e+00
-7.327558e+00
-1.412073e+01
-1.653387e+01
-8.483588e+00
-1.084181e+01
-7.743303e-01
-1.078872e+01
-1.108027e+01
1.906479e+01
-1.034005e+01
4.834120e+00
1.154790e+01
-5.755435e+00
-1.092258e+01
1.014370e+01
-8.692905e+00
-6.997521e+00
-1.394410e+00
-8.770208e+00
-9.747850e+00
-1.067129e+01
-9.532259e+00
-1.133458e+01
7.130299e+00
-8.033527e+00
-9.587329e+00
-1.278459e+01
-2.030402e+01
-1.517246e+01
-9.299197e+00
-8.888533e+00
-1.049396e+01
-1.004491e+01
-5.672467e+00
-5.669863e+00
-1.018466e+01
-1.101591e+01
-5.834447e+00
-8.834854e+00
-4.646601e+00
-9.373834e+00
-9.899250e+00
4.595595e+00
-9.629647e+00
2.128614e+01
-1.057335e+01
5.295989e+00
-1.020938e+01
-1.033609e+01
-4.438016e+00
-6.666765e+00
-8.703722e+00
-1.169230e+01
-1.040788e+01
-7.711792e+00
-9.378009e+00
-7.396228e+00
-8.336147e+00
-1.011299e+01
-3.255757e+01
-1.869531e+01
-8.801931e+00
-1.427295e+01
-6.979532e+00
-8.335607e+00
1.716343e+01
-8.752559e+00
-1.007844e+01
-9.902354e+00
-5.483159e+00
-2.197579e+01
-1.115307e+01
-1.376936e+01
-2.599276e+01
9.815725e+00
-4.186580e+00
-3.536016e+00
-5.234220e+00
-9.712611e+00
-8.175447e+00
-1.635828e+01
-9.431098e+00
-5.182897e+00
-3.044687e+00
-1.062201e+01
-7.445150e+00
-9.466506e+00
-7.345402e+00
-3.186716e+01
-6.663319e+00
-3.098326e+01
-9.494836e+00
8.248351e+00
1.510397e+00
-1.201613e+01
-1.560555e+01
-9.300719e+00
1.744726e+01
-1.975653e+01
-9.880780e+00
-9.121497e+00
1.397950e+01
1.399256e+00
-2.028350e+01
-8.593693e+00
-2.361386e+01
-4.381730e+00
-8.899743e+00
-2.534929e+00
-7.539362e+00
4.376319e+00
-1.001610e+01
-5.870777e+00
-5.683597e+00
-9.219741e+00
-8.438650e+00
-3.163765e+00
-2.062243e+01
-6.788903e+00
-9.665963e+00
1.790327e-01
-1.680961e+01
-8.248923e+00
-9.922034e+00
-1.217025e+01
-3.370658e+00
-1.031138e+01
-9.452961e+00
-9.917183e+00
6.010312e+00
-1.972597e+00
-3.002835e+00
-4.847745e+00
-1.082728e+01
-3.233353e+00
-9.576887e+00
-5.540138e+01
-4.058331e+01
-1.344833e+01
-8.919148e+00
-4.121076e+00
-9.880137e+00
-3.571860e+00
-9.512556e+00
-1.938426e+01
-9.646410e+00
-6.368167e+00
-9.852792e+00
6.177384e+01
-1.380072e+01
-8.819035e+00
-9.823672e+00
-8.645894e+00
-4.777890e+00
2.843791e+00
-8.804200e+00
3.514993e+00
-9.215854e+00
-2.926305e+01
-8.517799e+00
1.742153e+01
-9.822114e+00
-7.117294e+00
-1.052974e+01
-7.284512e+00
-3.298158e+00
-9.855539e+00
-3.954318e+01
-1.716922e+01
-9.660898e+00
-8.047686e+00
-1.214424e+01
-7.559648e+00
-3.658146e+00
5.270642e+00
-7.219683e+00
-6.842886e+00
-8.840574e+00
-1.296953e+01
-2.787945e+01
-1.226735e+01
-1.702751e+01
1.462463e+00
-6.675322e+00
-6.718822e+00
-9.793519e+00
-1.198086e+01
-1.421735e+01
-2.500028e+01
-9.356663e+00
-3.769835e+00
-9.682259e+00
-9.672455e+00
-4.722959e+00
-8.856296e+00
-6.155335e+00
2.109383e+01
-4.218540e+00
-2.001157e+01
-2.054189e+00
-5.011960e+00
-7.131892e+00
-3.187915e+01
-9.335971e+00
3.369484e-01
-7.045498e+00
-6.237107e+00
-1.482745e+01
-1.041540e+01
-1.527127e+01
-9.420540e+00
-1.562262e+01
-1.606317e+00
1.319144e+01
-4.633884e+00
-8.673680e+00
-2.942306e+00
-8.273607e+00
-9.925282e+00
-1.076723e+01
-9.211629e+00
-8.431851e+00
-1.164900e+01
-1.893389e+01
-8.880953e+00
3.352581e+01
-4.581852e+00
-2.683756e+01
-7.225578e+00
1.357790e+02
-7.991991e+00
-1.957202e+01
-9.778282e+00
-1.306157e+01
-5.294154e+00
-7.311872e+00
-1.207299e+01
-1.637217e+01
-8.900049e+00
-4.078527e+01
-9.186905e+00
-1.920474e+01
-8.897283e+00
-8.917975e+00
-7.643329e+00
2.604931e+00
-1.178070e+01
-2.652419e+01
-9.414560e+00
-1.231282e+01
-1.009753e+01
5.337482e+00
-7.402438e+00
-6.488258e+00
3.224656e+02
-7.651408e+00
-9.680883e+00
-1.282797e+01
-1.448892e+01
-7.292303e+00
-1.052326e+01
-7.804113e+00
5.808806e+01
-1.114935e+01
-9.550281e+00
-3.186526e+01
-1.033469e+01
-9.211960e+00
-9.014676e+00
-1.680119e+01
-1.089128e+02
-3.129945e+00
-9.635110e+00
-9.676196e+00
-2.712497e+01
-1.596695e+01
4.331028e+01
-3.428473e+02
-1.527270e+01
-1.630121e+01
-4.560343e+00
1.967600e+01
-1.055337e+01
-5.595185e+01
7.367701e+00
-9.703269e+00
-9.924342e+00
-9.309546e+00
-1.970387e+00
-5.749778e+00
-5.457984e+00
-3.146770e+01
-1.314730e+01
-9.055482e+00
1.760308e+01
-8.043545e+00
-1.511665e+01
-1.009046e+01
-1.946731e+00
-8.374828e+00
-9.939967e+00
-1.669886e+00
-7.683605e+00
-7.588804e+00
-2.232484e+01
-1.799109e+01
-4.553648e+00
-2.258512e+01
-8.971339e+00
-8.976998e+00
-4.336686e+01
-9.661632e+00
-1.757280e+01
-1.357041e+01
-3.978729e+00
-1.382874e+01
-9.933542e+00
1.819698e+00
-7.648060e+00
-7.649638e+00
-1.483084e+01
-1.153778e+01
-1.061921e+01
-8.625118e+00
-8.520984e+00
-2.023770e+01
-7.759713e+00
-9.183987e+00
-5.076372e+00
-1.852682e+01
-9.495830e+00
-1.337684e+01
-1.027959e+01
-1.361370e+01
-1.019550e+01
-3.418420e+00
-1.014011e+01
-7.209113e+00
-8.200402e+00
-1.159433e+01
-8.235330e+00
-5.213159e+00
-3.124245e+00
-4.892293e-01
-9.496990e+00
-1.007791e+00
-6.463413e+00
-7.894961e-02
-1.560013e+01
-1.847225e+00
-1.547202e-01
-5.010093e-01
-6.351297e+00
-1.080207e+01
-1.006963e+01
-9.439272e+00
-7.277163e+00
-7.591340e+01
-1.641674e+01
-1.510363e+01
-1.131097e+00
-2.542501e+01
-7.995611e+00
-5.664744e+00
-9.168429e+00
1.237854e+01
-9.722109e+00
-1.186038e+01
-8.754194e+00
-1.382097e+00
-6.527059e+00
-1.049823e+01
-1.042687e+01
-1.291363e+01
-7.391165e+00
2.579741e+01
-9.276617e+00
-2.103736e+01
-1.946289e+01
-1.168828e+01
-6.972417e+00
-7.727493e+00
-8.558618e+00
-3.786948e+01
-1.169409e+01
-1.234469e+01
-8.074221e+00
-2.172039e+01
-9.707375e+00
-1.091944e+01
-9.559690e+00
-6.003711e+01
-3.200773e+01
-7.279181e+00
-2.831259e+00
1.758638e+00
-9.357836e+00
-8.598455e+00
-9.461738e+00
-8.729307e+01
-1.604156e+01
-3.390889e+01
-9.543637e+00
-9.948855e+00
-1.152124e+01
-9.635555e+00
-9.983773e+00
-1.007972e+01
-9.445423e-01
-1.025189e+01
-9.976905e+00
-3.071676e+01
-1.799734e+01
-1.121252e+01
-8.324109e+00
-2.038713e+01
-1.280714e+01
-1.651615e-01
-7.692454e-01
-1.529627e+01
-6.574572e+00
-2.092427e+00
-1.495481e+01
-1.308430e+01
-5.326702e+00
-1.083111e+00
-8.874834e+00
-1.481552e+01
-9.595325e+00
-1.136392e+01
1.049244e+00
-9.077901e+00
-8.699710e+00
-1.091696e+01
-9.493801e+00
-1.075172e+01
-1.610140e+01
1.857138e+00
-7.728341e+00
-7.088696e+00
-2.097598e+01
-6.489940e+00
-7.625759e+00
-4.286052e+00
-1.475862e+01
-3.493334e+01
-4.754766e-01
-1.285618e+01
-9.355586e+00
-1.335346e+01
-1.251843e+01
-1.296691e+01
-2.246482e+01
-9.148528e+00
-1.080205e+02
-1.890417e+01
-9.597200e+00
1.323470e+00
-1.032662e+01
-9.539165e+00
-9.114541e+00
-8.578800e+00
-1.408934e+01
-8.264676e+00
7.955688e+01
1.303212e+01
-8.233330e+00
-1.560551e+01
-1.000975e+01
-1.477573e+01
-1.568524e+01
-9.411038e+00
-1.635414e+00
4.450927e+01
-1.182024e+00
-8.908708e+00
-1.779487e+01
-9.279986e+00
-1.295479e+01
-8.988868e+00
-7.418854e+00
-3.342750e-01
-7.406564e+00
-1.036166e+01
-5.834201e-01
-1.077605e+01
-7.347799e+00
-3.279362e+01
