-1.162390e+01
-1.094190e+01
-7.077819e+02
-2.924518e+02
-2.776997e+02
-2.290542e+02
-1.977968e+02
-1.750860e+02
-1.571525e+02
-1.423902e+02
-1.300475e+02
-1.189319e+02
-1.092013e+02
-1.003623e+02
-9.237467e+01
-8.513980e+01
-7.849484e+01
-7.258579e+01
-6.711938e+01
-6.225416e+01
-5.803723e+01
-5.401756e+01
-5.167076e+01
-4.807516e+01
-4.638525e+01
-4.517990e+01
-4.432431e+01
-4.303348e+01
-4.162806e+01
-3.996919e+01
-4.016761e+01
-4.082298e+01
-4.208104e+01
-3.760842e+01
-1.254555e+01
-1.844617e+01
-2.267509e+01
-2.048578e+01
-1.806640e+01
-1.808927e+01
-1.801069e+01
-1.565217e+01
-1.302187e+01
-1.390052e+01
-1.036741e+01
-1.157851e+01
-9.854922e+00
-9.346414e+00
-6.484754e+00
-7.481210e+00
-7.752899e+00
-4.627966e+00
-6.978828e+00
-9.076979e+00
-6.155892e+00
-5.355350e+00
-7.666896e+00
-5.384265e+00
-8.079378e+00
-7.687230e+00
-7.621320e+00
-8.977275e+00
-9.354810e+00
-1.071652e+01
-1.135130e+01
-1.166074e+01
-1.169962e+01
-1.236371e+01
-1.353657e+01
-1.477610e+01
-1.606541e+01
-1.608843e+01
-1.643493e+01
-1.644514e+01
-1.740030e+01
-1.768421e+01
-1.739115e+01
-1.590135e+01
-1.435188e+01
-1.429840e+01
-1.562528e+01
-1.357131e+01
-1.152928e+01
-1.069254e+01
-1.173653e+01
-8.497487e+00
-7.651179e+00
-7.055172e+00
-5.617576e+00
-6.095198e+00
-7.717809e+00
-6.635230e+00
-6.519086e+00
-6.518019e+00
-6.673054e+00
-7.607447e+00
-8.435297e+00
-9.399616e+00
-1.038573e+01
-1.104243e+01
-1.105963e+01
-1.156641e+01
-1.272388e+01
-1.325278e+01
-1.418658e+01
-1.546438e+01
-1.685285e+01
-1.781523e+01
-1.686352e+01
-1.531805e+01
-1.644365e+01
-1.779259e+01
-1.920754e+01
-1.596659e+01
-1.658715e+01
-1.612082e+01
-1.552006e+01
-1.459511e+01
-1.479400e+01
-1.177620e+01
-1.186867e+01
-1.260749e+01
-9.644197e+00
-8.772851e+00
-7.262874e+00
-6.437975e+00
-5.704239e+00
-3.632782e+00
-2.311305e+00
-7.710882e-01
4.092025e-01
5.294577e+00
1.950770e+01
1.971127e+01
2.010666e+01
1.367335e+01
1.109553e+01
1.859292e+01
1.997311e+01
2.051243e+01
2.107322e+01
2.312439e+01
2.546164e+01
2.789566e+01
3.114387e+01
3.489507e+01
3.926161e+01
4.417661e+01
4.956676e+01
5.546723e+01
6.210971e+01
6.940336e+01
7.731125e+01
8.612495e+01
9.595440e+01
1.068705e+02
1.196152e+02
1.338403e+02
1.518195e+02
1.750769e+02
2.056104e+02
2.533389e+02
2.734134e+02
6.846399e+02
4.435679e+02
2.371590e+02
1.978108e+02
1.634931e+02
1.396566e+02
1.226218e+02
1.091672e+02
9.835129e+01
8.949993e+01
8.196252e+01
7.552260e+01
6.995158e+01
6.504633e+01
6.068475e+01
5.672026e+01
5.312572e+01
4.981042e+01
4.672617e+01
4.384653e+01
4.117073e+01
3.867496e+01
3.632037e+01
3.410660e+01
3.203475e+01
3.008190e+01
2.824363e+01
2.651104e+01
2.486376e+01
2.329730e+01
2.181171e+01
2.039505e+01
1.904159e+01
1.774779e+01
1.650801e+01
1.531689e+01
1.417180e+01
1.307023e+01
1.200989e+01
1.098560e+01
9.995287e+00
9.036985e+00
8.108127e+00
7.206776e+00
6.330924e+00
5.478160e+00
4.648710e+00
3.840025e+00
3.050049e+00
2.278209e+00
1.522955e+00
7.828195e-01
5.739225e-02
-6.547939e-01
-1.355243e+00
-2.045916e+00
-2.726306e+00
-3.396389e+00
-4.056924e+00
-4.708666e+00
-5.352453e+00
-5.989515e+00
-6.621064e+00
-7.247173e+00
-7.868906e+00
-8.486774e+00
-9.101691e+00
-9.714231e+00
-1.032513e+01
-1.093477e+01
-1.154368e+01
-1.215239e+01
-1.276153e+01
-1.337232e+01
-1.398486e+01
-1.459953e+01
-1.521811e+01
-1.584038e+01
-1.646619e+01
-1.709756e+01
-1.773456e+01
-1.837911e+01
-1.902985e+01
-1.968966e+01
-2.035703e+01
-2.103473e+01
-2.172272e+01
-2.242205e+01
-2.313384e+01
-2.385900e+01
-2.459897e+01
-2.535426e+01
-2.612437e+01
-2.691304e+01
-2.772300e+01
-2.855335e+01
-2.940644e+01
-3.028282e+01
-3.118430e+01
-3.211384e+01
-3.307308e+01
-3.406437e+01
-3.508986e+01
-3.615218e+01
-3.725406e+01
-3.839875e+01
-3.958973e+01
-4.083199e+01
-4.212835e+01
-4.348227e+01
-4.490001e+01
-4.638605e+01
-4.794931e+01
-4.960069e+01
-5.132198e+01
-5.317128e+01
-5.512887e+01
-5.720164e+01
-5.940088e+01
-6.174801e+01
-6.425314e+01
-6.693072e+01
-6.979389e+01
-7.287124e+01
-7.618378e+01
-7.978908e+01
-8.374273e+01
-8.810749e+01
-9.302434e+01
-9.867024e+01
-1.051399e+02
-1.127073e+02
-1.215933e+02
-1.323068e+02
-1.458733e+02
-1.625668e+02
-1.862590e+02
-2.200230e+02
-2.539511e+02
-4.689735e+02
-1.182260e+01
-1.826488e+01
-5.491751e+00
-2.460970e+01
8.413473e-01
-3.121867e+01
7.274509e+00
-7.000768e+00
-1.647848e+01
-2.780140e+01
6.399452e+00
-3.873612e+01
1.447381e+01
2.358252e+01
-4.450643e+01
2.213546e+01
-4.824746e+01
-6.010008e+01
3.444644e+01
3.216472e+01
-5.510336e+01
-1.291625e+01
-1.131680e+01
-1.196100e+01
4.963866e+01
-7.153212e+01
5.057879e+01
-7.359882e+01
-1.505194e+01
-8.683563e+00
-1.580241e+01
-7.624804e+00
7.754464e+01
-1.018216e+02
-8.960407e+00
-1.332671e+01
7.149645e+01
-9.452958e+01
-2.786630e+01
3.932048e+00
-2.167345e+01
-2.106625e+00
-1.691582e+01
-7.431050e+00
1.171983e+02
-1.400665e+02
9.886634e+01
-1.237353e+02
-8.193823e+00
-1.617614e+01
-1.336728e+01
-2.298406e+01
1.636465e+00
1.790696e+01
-4.386032e+01
-8.373409e+00
2.677838e+01
-4.906502e+01
-5.363179e+01
4.216306e+01
2.906661e+01
-4.387740e+01
1.924212e+01
-3.531091e+01
1.119751e+01
-1.504990e+01
-7.855569e+00
-1.650362e+02
1.409651e+02
1.714192e+02
-1.921856e+02
-9.437681e+00
-1.306184e+01
-2.072142e+01
-3.272883e+00
2.590891e+01
-4.293088e+01
4.072393e+01
-6.391874e+01
-9.071486e+00
-1.302288e+01
6.445120e+01
-8.747360e+01
-8.046612e+00
-1.557781e+01
9.597925e+01
-1.187225e+02
2.311014e+02
-2.563789e+02
-1.372103e+01
-9.309047e+00
-1.473504e+01
-1.282461e+01
-8.787906e+00
-9.409896e+00
1.953167e+02
-2.187073e+02
8.354243e+01
6.220332e+01
-1.062157e+02
-8.482246e+01
-6.780711e+01
-4.118066e+01
1.652346e+01
9.206195e+00
-2.930806e+01
-3.317514e+01
5.587316e+00
-2.633294e+01
2.313511e+00
-2.311616e+01
-6.840770e-01
-2.021779e+01
-3.452663e+00
-1.701187e+01
-6.754155e+00
-1.375652e+01
-9.958157e+00
-1.127623e+01
-1.189130e+01
3.310636e+02
-3.591478e+02
-1.188228e+01
-1.085151e+01
-1.267965e+01
-1.280233e+01
-1.357606e+01
-1.283773e+01
-1.331809e+01
-1.273496e+01
-1.383943e+01
-1.283101e+01
-1.343952e+01
-1.304841e+01
-1.332558e+01
-1.345066e+01
-1.373907e+01
-1.348452e+01
-1.290046e+01
-1.419126e+01
-1.448154e+01
-1.524275e+01
-1.563518e+01
-1.554976e+01
-1.582929e+01
-1.644515e+01
-1.627383e+01
-1.684249e+01
-1.804080e+01
-1.882351e+01
-1.827842e+01
-1.866109e+01
-1.910634e+01
-2.030264e+01
-2.022646e+01
-2.104415e+01
-2.064558e+01
-2.229735e+01
-2.143535e+01
-2.247063e+01
-2.267052e+01
-2.290601e+01
-2.201788e+01
-2.302495e+01
-2.207680e+01
-2.314161e+01
-2.215503e+01
-2.330089e+01
-2.222841e+01
-2.339132e+01
-2.225007e+01
-2.344063e+01
-2.222932e+01
-2.344021e+01
-2.216120e+01
-2.338880e+01
-2.202752e+01
-2.085338e+01
-2.062561e+01
-1.949814e+01
-1.918604e+01
-2.327914e+01
-1.809710e+01
-1.770738e+01
-1.666810e+01
-1.619265e+01
-1.521654e+01
-1.466149e+01
-1.565088e+01
-1.405531e+01
-1.502934e+01
-1.338672e+01
-1.439768e+01
-1.271570e+01
-1.326909e+01
-1.167180e+01
-1.339975e+01
-1.189704e+01
-1.180566e+01
-1.181928e+01
-1.020610e+01
-1.122578e+01
-8.834482e+00
-9.771762e+00
-7.424850e+00
-8.345559e+00
-5.586485e+00
-5.085102e+00
-3.323867e+00
-2.938586e+00
-1.079013e+00
-5.380468e-01
9.178164e-01
1.293683e+00
3.351860e+00
-6.989463e+00
-9.767561e+00
4.169491e+00
5.180162e+00
6.045251e+00
8.170872e+00
-8.222645e+00
-1.079103e+01
7.850531e+00
1.012911e+01
-9.491409e+00
-1.231995e+01
7.361447e+00
9.752130e+00
1.215077e+01
-1.104062e+01
-1.425210e+01
1.135031e+01
1.379078e+01
-1.234569e+01
-1.474666e+01
1.307803e+01
1.559194e+01
-1.313178e+01
-1.591762e+01
1.412203e+01
1.685450e+01
1.791968e+01
1.946035e+01
2.047842e+01
2.185257e+01
2.264479e+01
2.443950e+01
-1.421220e+01
-1.665661e+01
2.472101e+01
2.631743e+01
1.469554e+01
-1.505206e+01
-1.744644e+01
2.588003e+01
2.764376e+01
2.775878e+01
2.956344e+01
2.923075e+01
3.126344e+01
-2.465754e+01
-1.589031e+01
-1.770872e+01
-2.204550e+01
3.068951e+01
3.323885e+01
-1.644839e+01
-1.792432e+01
2.718603e+01
3.221659e+01
3.503844e+01
-1.651901e+01
-1.900296e+01
-1.999501e+01
-2.031922e+01
-2.155452e+01
-2.098967e+01
-2.282898e+01
-2.283104e+01
-2.489148e+01
-2.494613e+01
-2.709854e+01
-2.712415e+01
-2.964993e+01
-2.968119e+01
-3.242439e+01
-3.244948e+01
-3.561873e+01
-3.564579e+01
-3.893592e+01
-3.876351e+01
-4.218189e+01
-4.190603e+01
-4.504976e+01
-4.535248e+01
-4.806930e+01
-4.897102e+01
-5.095794e+01
-5.232899e+01
-5.365486e+01
-5.531551e+01
-5.660375e+01
-5.800877e+01
-5.884452e+01
-6.026436e+01
-6.013975e+01
-6.256061e+01
3.375073e+01
3.657036e+01
3.687064e+01
3.844730e+01
3.862937e+01
4.046328e+01
-5.886614e+01
-4.487348e+01
-2.929569e+01
-1.940254e+01
3.455476e+01
-6.274059e+01
-6.384115e+01
-6.087340e+01
4.070309e+01
4.271360e+01
-1.538048e+01
-1.512512e+01
-1.423524e+01
-1.463473e+01
-1.358494e+01
-6.336902e+01
-6.493025e+01
-1.939243e+01
-1.419807e+01
-1.280651e+01
-2.441891e+01
4.237505e+01
4.451838e+01
4.473766e+01
4.716149e+01
4.677601e+01
4.900054e+01
4.976829e+01
5.129599e+01
-1.369007e+01
-1.219903e+01
-5.230506e+01
-4.182501e+01
-2.948272e+01
-6.472477e+01
-6.694302e+01
-6.760462e+01
-6.901674e+01
-6.957662e+01
-7.099299e+01
-7.184642e+01
-7.348272e+01
-7.436161e+01
-7.631303e+01
5.089941e+01
5.290022e+01
-7.662496e+01
-7.866207e+01
4.403317e+01
-1.307472e+01
-1.151659e+01
5.252542e+01
5.477317e+01
5.303654e+01
-7.954992e+01
-8.138286e+01
-6.593983e+01
-1.295608e+01
-1.174069e+01
-8.173619e+01
-7.926186e+01
-8.273834e+01
5.418863e+01
5.646561e+01
-7.468840e+01
-1.182543e+01
-1.291098e+01
-1.095701e+01
3.136279e+01
3.097148e+01
2.662416e+01
2.449538e+01
1.949636e+01
1.723010e+01
1.365543e+01
1.332035e+01
1.073890e+01
1.083405e+01
9.109209e+00
9.113991e+00
7.349553e+00
-8.318169e+01
-8.831410e+01
5.550786e+01
5.798577e+01
-8.565405e+01
-8.608542e+01
-1.177084e+01
-1.308419e+01
-1.649748e+01
7.933151e+00
6.799224e+00
-2.552071e+01
-8.687208e+01
-1.054472e+01
-9.814174e+00
-1.308893e+01
-1.376318e+01
5.637796e+01
5.876869e+01
5.920821e+01
6.258295e+01
6.521730e+01
6.458386e+01
6.638845e+01
6.770995e+01
6.935330e+01
-8.493881e+01
-8.851014e+01
5.041355e+00
2.279059e+00
8.114892e+00
5.459682e+00
4.972762e-01
4.389246e+00
-1.951535e+00
3.918279e+00
-5.122013e+00
2.500332e+01
2.624563e+01
2.436277e+01
2.574874e+01
2.228221e+01
2.335040e+01
2.176852e+01
2.050148e+01
1.477388e+01
1.825874e+01
1.690605e+01
1.761110e+01
1.586608e+01
1.699756e+01
1.538748e+01
1.629868e+01
1.472027e+01
1.791399e+01
7.056237e+01
1.557684e+01
1.404182e+01
1.317633e+01
1.254441e+01
1.165071e+01
1.108307e+01
1.016943e+01
9.655640e+00
8.731901e+00
8.264952e+00
7.331514e+00
6.915189e+00
5.969846e+00
5.627430e+00
4.662768e+00
4.335831e+00
3.384834e+00
3.097623e+00
2.162631e+00
1.911013e+00
9.749935e-01
8.117345e-01
-1.545258e-01
-2.004205e-01
-1.369518e+00
-5.276391e-01
-1.991748e+00
-1.232700e+00
-2.939887e+00
-3.533507e+00
-4.301568e+00
6.435688e-01
-4.964242e+00
-5.747204e+00
2.738095e+00
9.244798e+00
-9.180219e+00
-5.405626e+00
-6.188404e+00
7.223622e+01
7.353756e+01
-1.423950e+01
-1.519728e+01
-2.459372e+01
-2.597717e+01
1.263030e+01
1.290349e+01
1.049737e+01
9.305434e+00
-8.762918e+01
-9.065621e+01
5.624616e+01
1.481098e+01
-6.365256e+00
-7.082823e+00
-5.685953e+00
7.492611e+01
7.419515e+01
7.677693e+01
-1.571022e+01
-1.481032e+01
-1.541057e+01
-1.370185e+01
7.824435e+00
6.898210e+00
-2.596986e+01
-2.735868e+01
2.586225e+00
1.638078e+01
1.568211e+01
1.211770e+01
-8.848648e+01
-9.157157e+01
-9.365906e+01
6.879721e+01
-9.473634e+01
-9.675521e+01
-1.498333e+01
-1.611310e+01
-1.855973e+01
7.517333e+01
6.982995e+01
-6.605718e+00
-6.071879e+00
6.309520e-01
-1.653689e+01
-1.725958e+01
-1.794081e+01
-1.840534e+01
-1.910839e+01
-1.957350e+01
-2.058473e+01
-2.074972e+01
6.070904e+00
4.746036e+00
-2.177094e+01
-2.193641e+01
-2.295664e+01
-2.314041e+01
-2.357796e+01
-2.436483e+01
-2.476621e+01
-2.561349e+01
-2.611315e+01
-2.688448e+01
-2.722195e+01
-2.819585e+01
-2.833410e+01
-2.951059e+01
-2.939827e+01
-3.118352e+01
-2.964939e+01
-3.246106e+01
-3.034882e+01
-3.311800e+01
-3.106889e+01
-3.438294e+01
-3.206611e+01
-3.631599e+01
-3.323962e+01
-3.672265e+01
-9.801761e+01
-9.998476e+01
-2.742512e+01
-2.882276e+01
1.470578e+01
1.615388e+01
1.114005e+00
-1.429531e+01
-1.481523e+01
-1.165693e+01
-3.453634e+01
-3.640614e+01
-1.014124e+02
-1.032950e+02
-2.100671e+01
-3.839702e+01
-4.095075e+01
-3.413256e+01
-3.004121e+01
-2.109295e+01
-8.920833e+01
-1.769816e+01
-2.622821e+01
-8.526283e+00
-8.172910e+00
7.817548e+01
8.500922e+01
-1.050088e+02
-1.066810e+02
-1.049246e+02
-6.598229e+00
-6.777987e+00
4.969651e+00
3.609591e+00
-2.875535e+01
-3.030501e+01
-3.010506e+01
-3.162422e+01
-3.134021e+01
-3.286072e+01
-3.250082e+01
-3.404009e+01
-3.357555e+01
-3.509675e+01
-3.456223e+01
-3.607453e+01
-3.545418e+01
-3.697099e+01
-3.625036e+01
-3.774393e+01
-3.692971e+01
-3.841415e+01
-3.750189e+01
-3.895471e+01
-3.608098e+01
-3.992952e+01
-4.042736e+01
-3.657419e+01
-3.520992e+01
1.544285e+01
1.703089e+01
5.436706e+01
5.512953e+01
5.241020e+01
5.196045e+01
4.940501e+01
-8.613787e+01
-1.087569e+02
-1.081777e+02
-1.057399e+02
-1.342779e+01
-1.399112e+01
5.169524e+01
4.771896e+01
3.782977e+00
2.394106e+00
-3.928428e+01
-4.106090e+01
2.698313e+01
4.228148e+01
-4.202359e+01
-4.276472e+01
1.773422e+01
1.864939e+01
-8.652897e+01
-8.352776e+01
8.180846e+01
-3.165036e+01
-3.547525e+01
-4.149657e+01
-4.194924e+01
-6.602700e+00
-6.904632e+00
3.064570e+00
1.784656e+00
1.308442e+00
3.547807e-01
-3.562863e+01
-3.431852e+01
2.192286e+01
1.592704e+01
-8.418870e+00
-2.512553e+00
1.262975e+00
5.722561e-01
-6.347195e+01
-6.438238e+01
-1.029570e+02
4.382967e+01
3.531301e+01
4.898508e+01
-1.437547e+01
-1.083737e+02
-1.092257e+02
1.903077e+01
2.030090e+01
3.341318e+01
2.785938e+01
-4.002677e+01
4.804046e+00
-4.254047e+01
-4.449025e+01
-8.357436e+01
-8.067452e+01
-1.263158e+01
-1.322066e+01
1.000241e+00
-1.335248e-01
-5.385350e-01
-1.223643e+00
-6.246315e+01
-6.337213e+01
-3.465608e+01
-3.342680e+01
4.315576e+01
2.670992e+01
3.464347e+01
2.903561e+01
2.273426e+01
3.102579e+01
3.986460e+01
3.672926e+01
-6.526701e+00
-8.064600e+00
-6.450296e+00
-7.350813e+00
-6.379268e+00
-6.798854e+00
-6.579420e+00
-7.146356e+00
-7.431441e+00
1.449846e+01
2.033455e+01
1.978299e+00
2.229427e-01
-1.577748e+01
4.114470e+01
-1.685922e+00
-2.327230e+00
-2.894463e+01
1.488457e+01
-1.104513e+02
-7.186578e+01
-1.134102e+02
-4.338871e+01
-4.603569e+01
-4.510794e+01
-4.725415e+01
-4.699852e+01
-4.881118e+01
-8.042988e+01
-7.749001e+01
-4.759947e+01
-4.961182e+01
-7.262252e+01
-3.370905e+01
-3.241493e+01
-5.091221e+01
-5.155511e+01
-2.272521e+01
-8.538229e-01
-2.747451e+01
-1.191261e+01
-1.248253e+01
-2.656682e+00
-3.373800e+00
-2.065752e+00
-3.495081e+01
-8.163604e+00
-7.505316e+00
-8.288450e+00
-8.352656e+01
-1.126602e+01
3.048113e+01
3.582182e+01
3.221359e+01
3.399840e+01
3.277454e+01
3.212277e+01
3.208835e+01
3.037219e+01
3.766974e+01
3.051455e+01
2.891244e+01
-1.902603e+01
1.436911e+01
1.479505e+01
1.331612e+01
1.364816e+01
1.225328e+01
8.794555e+00
9.166209e+00
-1.267203e+01
-6.827212e+00
-5.977862e+00
-5.040141e+00
-3.485476e+00
-6.142626e+01
-6.295266e+01
-3.237201e+01
-3.170725e+01
-3.809771e+00
-4.440028e+00
-4.028627e+00
-5.058161e+00
-5.476631e+00
-6.071791e+00
-3.293024e+01
-7.649810e+01
-7.387938e+01
5.031340e+01
-9.084917e+01
-1.172443e+02
-1.450341e+01
3.027539e+01
1.626961e+00
-1.594563e-01
-2.596952e+01
2.195786e+01
2.229894e+01
-5.316527e+01
-5.373512e+01
-3.303370e+01
-5.024385e+01
2.091584e+01
2.270396e+01
2.141292e+01
2.319331e+01
2.181334e+01
2.357637e+01
-3.562759e+00
-3.800344e+00
4.114122e+01
-4.664703e+00
-1.060806e+01
-9.900474e+00
-7.259457e+01
-6.914936e+01
-7.173430e+01
-6.515286e+01
-8.785720e+00
-8.787875e+00
-1.678536e-02
4.163674e-02
-3.466726e+01
-1.862990e+01
-1.374451e+01
-1.299955e+01
2.890133e+01
2.736737e+01
-2.007893e-01
-9.972814e-01
-4.105113e+00
-2.523957e+00
1.253599e+01
1.120218e+01
1.764556e+01
-5.492382e+01
-5.609243e+01
-3.370119e+01
-3.526584e+01
-7.492793e+01
-9.444096e+01
-6.495122e+00
-7.067091e+00
2.216424e+01
2.392019e+01
-5.086480e+01
-1.984978e-01
-1.957823e+00
-3.311480e+01
-3.108749e+00
-1.312449e+00
-5.813659e+01
-5.504738e+01
-6.202564e+01
-5.601492e+01
-5.875417e+01
-5.663904e+01
-5.896703e+01
-6.089798e+01
-6.156620e+01
-3.044807e+01
-3.357750e+01
-2.956780e+01
-3.134045e+01
-8.188141e+00
-5.978463e+01
-6.228252e+01
-9.167082e+00
-1.419626e+01
-1.347746e+01
-1.232050e+01
-1.291601e+01
-1.410506e+01
-1.328445e+01
-1.461586e+01
-1.335237e+01
-1.376739e+01
-1.476551e+01
-1.363238e+01
-1.330154e+01
-1.391141e+01
-1.342125e+01
-1.425802e+01
-1.351596e+01
-1.297497e+01
-1.308894e+01
-1.253805e+01
-1.263789e+01
-1.324522e+01
-1.212590e+01
-1.267974e+01
-1.313021e+01
1.921363e+01
1.712108e+01
-6.316502e+01
-6.143219e+01
-9.171821e+01
-2.766300e+01
-2.675525e+01
2.725935e+01
2.581508e+01
2.585231e+01
2.437202e+01
2.871407e+01
-7.326136e+00
2.087758e+01
-7.053446e+00
-9.358675e+00
-9.621785e+00
-2.244816e+00
-3.981728e-01
-6.986107e+01
-3.489014e+01
-3.648110e+01
-1.280350e+01
-1.311256e+01
-1.367780e+01
-1.338081e+01
2.433939e+01
2.293230e+01
2.288143e+01
2.150569e+01
1.142620e+01
1.015103e+01
1.261945e+01
-9.613488e+00
-1.447976e+01
-4.435686e-01
-1.845432e+00
-9.308472e+00
-8.533581e+00
-1.050160e+00
5.204443e-01
5.172680e+01
-7.514285e+00
-8.054666e+00
-7.624206e+00
-8.574631e+00
-8.158250e+00
-9.077577e+00
-9.509284e+00
-9.991242e+00
-1.043936e+01
-1.089961e+01
-2.699503e+01
-2.553797e+01
-1.331076e+01
2.243378e+01
2.418359e+01
-6.105677e+01
-5.938113e+01
-9.134611e+01
-8.855124e+01
-9.236830e+01
-1.252322e+02
-1.065243e+02
-1.256859e+02
-1.314697e+02
-1.279991e+02
-1.337388e+02
-1.356420e+02
-1.412422e+02
-1.428381e+02
-1.505678e+02
-1.355483e+02
-4.581062e+01
-5.287208e+01
-2.597084e+01
-2.443350e+01
3.227875e+01
3.144115e+01
-4.705408e-01
-2.449306e-01
1.322730e+00
-6.681659e+00
2.179439e+01
-6.945291e+00
2.150736e+01
2.015572e+01
2.006365e+01
1.879211e+01
-6.034038e+01
-6.292593e+01
-4.307144e+00
-1.136533e+01
-1.180602e+01
-1.417565e+02
-1.341633e+02
2.813816e+01
-5.886648e+01
-5.736482e+01
-5.780123e+01
-5.588159e+01
-5.622908e+01
-5.438750e+01
-3.659105e+01
-3.468101e+01
-3.888264e+01
-3.423527e-01
-1.686049e+00
1.234909e+00
-1.045109e+01
2.505964e+01
-6.409784e+01
-3.180866e+00
-4.080491e+01
-4.224658e+01
-4.104301e+01
-4.241697e+01
-4.112915e+01
-4.243339e+01
-4.105591e+01
-4.381251e+01
-4.374764e+01
1.861070e+01
1.741308e+01
1.752651e+01
1.621778e+01
1.624183e+01
1.500879e+01
1.494846e+01
1.376695e+01
1.372488e+01
1.254129e+01
1.275132e+01
1.174743e+01
1.142432e+01
-5.393380e+01
2.076298e+01
2.828922e+01
-1.229933e+01
-1.271584e+01
-1.177059e+01
-1.164886e+01
9.911623e+00
8.922677e+00
1.026776e+01
-5.256784e+01
-5.289224e+01
-1.175188e+01
2.696315e+01
-9.807157e+00
-9.577804e+00
-2.359115e+01
-2.270565e+01
-9.553174e+00
-1.327128e+01
-1.365593e+01
-1.312839e+01
-1.400627e+01
-1.455924e+01
-1.488479e+01
-1.541990e+01
-1.576357e+01
-1.628170e+01
-1.664193e+01
-1.717288e+01
-1.752523e+01
-1.811551e+01
-1.843339e+01
-1.904798e+01
-1.933689e+01
-1.997848e+01
-2.025205e+01
-2.091799e+01
-2.117837e+01
-2.186913e+01
-2.211735e+01
-2.283383e+01
-2.307034e+01
-2.381362e+01
-2.403900e+01
-2.480284e+01
-2.502705e+01
-2.581627e+01
-2.603240e+01
-2.685375e+01
-2.705258e+01
-2.790998e+01
-2.810891e+01
-2.899663e+01
-2.918575e+01
-3.010691e+01
-3.028493e+01
-3.124817e+01
-3.142137e+01
-9.044484e+01
-8.570783e+01
1.056602e+00
-5.767688e+01
-4.815528e+01
2.832548e+01
-1.397570e+01
-1.351154e+01
-1.335929e+01
-1.344829e+01
2.095572e+01
1.937844e+01
-1.016518e+01
-4.121887e-01
-1.510726e+00
-3.241742e+01
-3.258717e+01
-2.123541e+01
-3.361508e+00
-8.449153e+00
9.466252e+00
-6.048237e+01
6.536632e+00
-2.024382e-01
-1.590270e+00
-2.109183e-01
-1.821556e+00
-1.388558e+02
-1.312285e+02
-7.981940e+00
-8.017134e+00
-7.176024e+00
-7.681176e+00
-6.282151e+00
-6.764623e+00
-5.341550e+00
-5.776520e+00
-4.328482e+00
-4.736379e+00
-3.243338e+00
-1.019451e+01
-1.202684e+02
7.456309e+00
-3.316190e+00
-3.623108e+00
-2.643594e+00
3.062653e+01
2.928918e+01
-5.198081e+01
-5.072253e+01
5.026967e+01
-3.861408e+01
-4.155401e+01
-4.070737e+01
-6.278508e+01
-8.077174e+01
1.604743e+01
-2.174269e+01
-2.093867e+01
-6.078204e+01
-5.834201e+01
-6.340156e+01
-6.564510e+01
-6.617643e+01
-2.516390e+01
4.199684e+01
3.974392e+01
-4.807834e+01
-4.204761e+01
-4.789175e+01
-5.390926e+01
-5.034406e+01
-5.126763e+01
-4.937285e+01
-4.404374e+01
-5.004077e+01
-4.774292e+01
8.674176e+00
7.719922e+00
1.874547e+01
1.739825e+01
-6.812660e+00
-6.124170e+00
-4.860540e+00
-1.691466e+01
-1.350926e+01
-2.053888e+01
-5.009783e+01
-4.622839e+01
-4.871252e+01
-4.677588e+01
-4.770831e+01
-4.555942e+01
-4.577013e+01
-4.350633e+01
-4.391949e+01
-4.158862e+01
-4.152939e+01
-3.925026e+01
-3.962680e+01
-3.711934e+01
-3.734085e+01
-3.460660e+01
-3.505261e+01
-3.321583e+01
-3.338324e+01
-3.131773e+01
-3.150367e+01
-2.857033e+01
-2.899301e+01
-2.673242e+01
-2.687240e+01
-2.897658e+01
2.079727e+01
-1.683506e+01
-9.934884e+00
-9.753649e+00
-3.362431e+01
-3.379518e+01
-1.123691e+01
-1.125100e+01
-1.138125e+01
-1.094450e+01
-1.117185e+01
-1.070972e+01
-1.087411e+01
-1.059474e+01
-1.067291e+01
-1.053316e+01
-1.106688e+01
-4.503235e+01
-4.366978e+01
-1.390853e+01
-3.644491e+00
-2.111112e+00
-3.715271e+01
-3.484054e+01
-1.790627e+00
-6.134279e-01
-4.968987e+00
3.120083e+00
-5.811607e+01
1.320698e+01
-1.184803e+01
1.437408e+01
-1.259658e+00
-1.345360e+02
-1.273242e+02
1.188735e+01
-2.419578e+01
1.949310e+01
1.799734e+01
-2.259970e+01
-2.296883e+01
-2.565213e+01
-2.426433e+01
3.047352e+00
1.545874e+01
-8.720264e+01
-8.286066e+01
-8.153411e+01
1.707912e+01
2.168427e+01
-4.515392e+01
2.646085e+01
-7.418238e+00
-1.050934e+01
-1.345687e+01
-1.355376e+01
1.224857e+01
-2.932900e+01
-8.276989e-02
1.996843e+01
-6.372887e+01
-6.656351e+01
-1.409348e-01
-8.490981e+00
-1.384380e+01
7.484017e+00
6.563891e+00
6.766439e+00
5.662064e+00
5.831832e+00
4.780804e+00
4.587128e+00
3.750606e+00
3.546236e+00
2.736580e+00
-3.096482e+01
-5.964787e+01
-4.938449e+00
-4.523529e+01
-3.488906e+01
-3.503926e+01
-3.468338e+01
2.771257e+01
-1.035244e+01
-1.031502e+01
-6.066430e+00
-1.427890e+02
-2.663078e+01
-3.282021e+01
-2.005645e+01
-1.946310e+01
-2.023731e+01
-1.903566e+01
-1.767949e+01
-1.732549e+01
-1.034763e+01
-5.001677e+01
-4.888634e+01
-1.275364e+01
-3.617958e+01
-3.630793e+01
-3.748480e+01
-3.762844e+01
-3.885513e+01
-3.899388e+01
-3.772928e+01
-3.908187e+01
-4.039827e+01
-4.048323e+01
-4.185324e+01
-4.192943e+01
-2.079532e+01
-4.109252e+01
6.320728e+01
-1.253291e+01
2.526333e+00
1.751041e+00
-4.726308e+01
-2.894627e+01
-1.078389e+01
-1.107243e+01
-9.938362e+00
-9.759679e+00
4.221527e+01
-1.430106e+01
-2.257987e+01
3.498771e+01
-2.455387e+01
-5.856304e+00
1.511571e+01
-2.408553e+01
-6.738795e+01
5.575466e+00
-1.607585e+01
-1.511517e+01
2.969841e+01
4.626039e+01
1.934799e+00
9.921990e-01
7.879688e-01
5.909017e-02
-6.318967e+01
-6.120095e+01
-6.736809e+00
-7.576078e+00
-4.522511e+00
-4.353007e+01
2.894557e+01
3.105520e+01
-1.872722e+01
-2.234517e+01
-2.717409e+01
-3.519166e+01
-3.874678e-01
8.336258e-01
6.472791e-01
2.114317e+00
1.993330e+00
3.457329e+00
3.309342e+00
4.886990e+00
-1.474170e+02
-1.577022e+02
-1.537863e+02
-1.651881e+02
-1.689000e+02
-1.778949e+02
-3.499034e+01
-2.441637e+01
-9.560604e+01
-6.295936e+00
-6.487816e+00
2.105220e+01
-1.351233e+01
-8.340782e+01
-8.469027e+01
-8.231273e+01
-8.213274e+01
-8.406368e+01
-9.194667e+01
-6.153176e+00
-4.977832e+00
1.489451e+00
3.194599e+00
4.280434e+00
3.033405e+00
3.142929e+00
-2.467331e+01
-1.868009e+01
-5.658252e+00
1.377987e+01
1.614084e+01
-5.862302e+01
-5.632574e+01
2.072012e+01
4.928515e+00
5.951493e+00
-1.517891e+01
5.775475e+00
-1.535696e-01
-8.553482e-01
-1.076837e+00
-1.746029e+00
1.400284e+01
7.255434e+00
6.732371e+00
-3.768540e+01
6.280335e+01
5.586988e+01
-1.325412e+01
-1.062586e+01
-1.069977e+01
-9.573918e+01
-1.379480e+01
-2.072380e+01
-1.744070e+01
-5.025671e+01
-4.829408e+01
-1.367649e+01
6.341953e+00
-8.673505e+00
-7.778669e+00
-8.287595e+00
-7.429671e+00
-7.923386e+00
-7.104659e+00
-8.748262e+00
-5.127946e+00
-1.550972e+01
3.971945e+01
4.188380e+01
4.248684e+01
4.822322e+01
5.009195e+01
5.026660e+01
5.382645e+01
5.122140e+01
4.790813e+01
5.483007e+01
5.724351e+01
5.882315e+01
6.077152e+01
6.320890e+01
6.270495e+01
6.809492e+01
6.109125e+01
7.252755e+01
6.404878e+01
7.584994e+01
1.024563e+02
8.097870e+01
1.052995e+02
9.966360e+01
1.052482e+02
1.011342e+02
1.097563e+02
1.063550e+02
1.012175e+02
1.061162e+02
1.004571e+02
1.042401e+02
9.830407e+01
1.111690e+02
1.016358e+02
9.532258e+01
9.254546e+01
8.938987e+01
6.164040e+01
5.586333e+01
9.120412e+01
8.532014e+01
8.391681e+01
7.991572e+01
7.887218e+01
7.497658e+01
7.518934e+01
7.051086e+01
7.052060e+01
6.621746e+01
6.656508e+01
6.232090e+01
6.137807e+01
5.773614e+01
6.907260e+01
5.414685e+01
5.009739e+01
9.598360e+01
6.301591e+01
8.075095e+01
4.838779e+01
4.577723e+01
4.871214e+01
4.555182e+01
4.604427e+01
4.308528e+01
4.264458e+01
4.032125e+01
3.993333e+01
3.771483e+01
3.739339e+01
3.526663e+01
3.501481e+01
3.299722e+01
3.277261e+01
3.087237e+01
4.682259e+01
4.360541e+01
-5.252044e+01
1.633541e+01
-3.353908e+01
-7.560558e+01
-5.897283e+01
-5.406090e+01
-5.516819e+01
-2.469158e+01
7.484812e+00
1.978720e+01
8.637896e+01
3.839841e+01
8.207830e+01
1.235669e+01
2.574144e+01
4.857322e+01
3.345546e+01
-7.872264e+01
-2.110388e+01
-2.732398e+01
-2.744633e+01
3.017866e+01
3.241857e+01
-1.472977e+01
1.192733e+01
-1.365578e+01
-1.365497e+01
5.870852e+01
2.782937e+01
-1.070076e+01
-5.197264e+00
-4.114728e+00
4.806060e+00
4.671496e+00
-6.559944e+00
-1.984719e+00
-2.627396e+00
-1.798603e+02
-1.499513e+01
-2.607846e+01
-1.256983e+01
3.097414e+01
2.904289e+01
1.826899e+01
1.933762e+01
-8.848198e+01
-9.345407e+01
3.010598e+01
7.753951e+01
-1.290936e+02
-1.220505e+02
-1.208576e+02
-1.156617e+02
-2.299032e+01
6.552521e+00
1.199589e+01
6.340373e-01
-4.063956e+00
1.435771e+01
-1.246621e+02
4.862323e+00
6.325794e+00
6.177193e+00
7.698520e+00
7.631286e+00
-2.502535e+00
-2.861419e+01
-2.466669e+01
-5.144063e+00
-3.480384e+01
-4.046331e+01
-4.667675e+01
-5.623000e+01
-3.073361e+01
-3.529951e+01
-4.551478e+01
-2.080083e+01
-2.543487e+01
-2.745405e+01
-5.114612e+01
8.596764e+01
9.211110e+01
8.258716e+01
8.974055e+01
-3.485834e+00
-3.984856e+01
-3.966197e+01
-4.081924e+01
-3.941082e+01
-3.845362e+01
-4.044577e+01
-3.750194e+01
-3.595013e+01
-1.378852e+01
-1.353611e+01
3.824689e+01
-1.852212e+01
-3.105771e+01
8.481304e+00
1.952632e+01
2.106125e+01
3.795648e+01
-1.059965e+01
-1.036161e+01
-1.013196e+01
-1.037695e+01
-9.531453e+00
-9.644063e+00
-3.482553e+01
-3.245383e+01
-4.336508e+01
-4.344278e+01
-2.235150e+01
-1.714259e+02
-1.889517e+02
9.997586e+00
-1.981901e+01
-1.093583e+01
-2.062951e+01
-6.852803e+01
-1.587916e+01
-1.158619e+02
-1.098504e+02
-1.097937e+02
-1.041665e+02
-1.043618e+02
-9.902556e+01
-1.028375e+02
-9.935475e+01
-9.437694e+01
-9.327918e+01
-8.904182e+01
-8.530110e+01
-8.142102e+01
-1.616496e+01
-1.586659e+01
-6.240537e+01
-7.243755e+01
-5.646027e+01
-5.430945e+01
-5.417008e+01
-5.226899e+01
-5.214700e+01
-5.038610e+01
-5.024213e+01
1.788113e+01
1.657118e+01
1.662574e+01
1.527553e+01
-9.367461e+00
-3.406648e+01
-2.362713e+01
2.846938e+01
-1.273462e+02
-1.039183e+01
-3.616944e+01
-3.492510e+01
-3.700668e+01
2.683475e+01
1.929539e+01
2.073960e+01
4.333865e+01
4.631881e+01
-5.462481e+01
-5.276117e+01
1.456182e+01
-4.848958e+01
-4.171654e+01
-4.805549e+01
-4.703850e+01
8.516740e+01
-7.234123e+00
-1.442853e+01
-1.488589e+01
5.121991e+00
5.665563e+00
-2.112676e+00
5.515630e+01
-4.049880e+01
3.320019e+00
-6.766484e+00
-5.495321e+00
7.805816e-01
-5.708310e+01
-5.843639e+01
-6.126384e+01
9.672241e-01
-2.255271e-01
4.274144e+01
4.079277e+01
-1.440948e+01
6.739428e+00
7.015028e+00
1.766925e+01
-4.313279e+01
-4.614461e+01
-5.393159e+01
-1.369802e+01
-3.792405e+01
-3.498504e+01
-3.273193e+01
-3.305189e+01
-3.097898e+01
-3.183703e+01
-2.973284e+01
-2.939296e+01
-2.839058e+01
-2.784755e+01
-2.691614e+01
-2.639424e+01
-2.552637e+01
-2.490820e+01
-2.379982e+01
-2.368423e+01
-2.291417e+01
-2.269917e+01
-2.189358e+01
-2.160921e+01
-2.087582e+01
-2.054714e+01
-1.980475e+01
-1.941219e+01
-1.877559e+01
-5.733936e+01
-5.615958e+01
-7.594955e+00
-6.840520e+00
-6.291602e+00
-6.052540e+00
-6.392050e+01
-6.671748e+01
-4.934909e+01
-2.628639e+00
-9.479684e+01
9.008361e+00
1.007790e+01
7.561325e+00
1.309955e+01
1.097898e+01
-4.492035e+01
-3.778036e+01
-1.893922e+01
6.657707e+01
6.317111e+01
-9.931627e+00
-1.018458e+01
-9.847081e+01
-4.594505e+01
-7.839534e+00
-8.998345e+00
5.207523e+00
-1.558773e+00
-1.675461e+01
-1.554774e+01
-2.874610e+00
1.155241e+00
-2.584243e+00
-4.673619e+01
3.128669e+01
5.027716e+00
6.029790e+00
1.527618e+01
1.399281e+01
-1.823202e+01
9.135066e+01
2.887639e+01
2.701819e+01
-6.270452e+00
3.464035e+01
3.241639e+01
-1.447885e+01
-1.448069e+01
5.823071e-01
-5.617112e+01
-6.035640e+01
1.398154e+01
1.276759e+01
5.743021e+00
-9.064392e+01
4.074612e+01
3.906533e+01
3.798755e+01
3.755730e+01
4.375256e+01
3.664975e+01
3.520797e+01
3.640151e+01
3.068217e+01
2.846363e+01
2.861814e+01
2.769447e+01
2.538962e+01
2.543637e+01
2.371516e+01
-6.368042e+01
8.927251e+00
8.916191e+00
5.692970e+01
-6.612719e+00
-1.087072e+01
-1.120630e+01
5.971115e+00
-5.259190e+01
-5.089982e+01
-5.121188e+01
-4.959614e+01
-5.512098e+01
-7.173784e+01
-3.833996e+01
-5.721579e+00
-1.720429e+01
-9.568139e+00
9.525798e-01
-6.359036e+00
-7.191859e+00
-8.902237e+00
-8.832787e+00
-1.085325e+02
1.857283e+01
-5.279214e+01
-2.843725e+01
-4.822210e+01
8.023612e+01
-4.610810e+01
-4.520732e+01
-5.745283e+01
-1.003109e+01
-1.009759e+01
-9.759633e+00
-9.433326e+00
-4.282441e+01
-4.696736e+01
-1.044270e+01
3.964915e+01
3.277129e+01
-2.508021e+01
-2.843050e+01
-2.453779e+01
4.346733e+01
4.639436e+01
5.860717e+00
4.708512e+00
-1.942624e+01
-3.847086e+01
1.454380e+00
2.351567e+00
-9.781629e+00
-9.806142e+00
7.632629e+01
1.547260e+01
1.697927e+01
-5.085940e+01
-9.887558e+00
9.172865e+00
-4.574883e+00
2.206523e+01
4.443580e+01
-7.537350e+00
8.427126e+00
-9.277319e+00
-1.011261e+01
-9.159280e+00
2.047754e+01
8.453600e+01
7.832946e+01
9.189316e+01
9.634708e+01
1.006194e+02
1.063112e+02
1.097848e+02
1.221200e+02
1.217078e+02
1.413810e+02
1.380149e+02
1.502229e+02
1.590184e+02
1.641426e+02
1.535068e+02
1.769720e+02
1.638352e+02
1.512060e+02
1.430618e+02
1.389257e+02
2.093514e+00
-1.266567e+01
-1.303434e+01
-1.223151e+01
-1.259937e+01
-1.182274e+01
-1.337068e+01
-4.410792e+01
-5.402972e+01
-1.882033e+01
9.294641e+00
-7.132857e+01
-2.791825e+01
-2.732140e+01
-2.838263e+01
-2.787884e+01
-2.919519e+01
-2.852264e+01
-2.978968e+01
-2.907430e+01
-7.742664e+01
-7.449875e+01
-1.056599e+01
-9.790998e+00
-1.183848e+01
-3.038287e+01
-2.959166e+01
5.603765e+00
-8.481046e+01
1.258010e+01
-4.976992e+01
-1.491553e+01
-2.001474e+01
-2.112882e+01
-7.879365e+01
-7.971629e+01
9.319694e+00
2.749029e+01
-1.062613e+01
-5.445396e+00
2.906515e+01
3.095157e+01
1.644109e+01
1.274050e+01
1.156343e+01
-2.129715e+01
-8.354680e+00
-7.997179e+00
-7.021443e+01
-8.942020e+01
-9.455593e+01
3.166595e+01
2.299666e+01
7.280410e+00
-4.609968e+01
-3.674437e+01
-3.299746e+01
-3.856708e+01
-3.370971e+01
-2.995311e+00
2.436986e+01
2.277610e+01
1.950435e+01
2.100294e+01
-1.536580e+01
-1.622802e+01
-1.651234e+01
6.216570e+00
-1.205619e+01
-3.363155e+01
-3.104818e+01
-5.431796e+01
-5.644857e+01
5.154438e+01
-1.245302e+01
-1.232341e+01
2.010406e+01
-9.615698e+00
-1.001385e+01
2.009089e+01
4.833622e+00
4.172425e+01
-1.909122e+01
-6.772941e+01
-5.028024e+01
-3.633670e+00
3.806844e+00
3.074230e+00
-3.969125e+01
-3.231684e+00
-4.081110e+00
-4.577239e+00
-4.442322e+01
-1.750673e+01
-1.294153e+01
-1.368793e+01
-1.391168e+01
-1.370454e+01
-1.339094e+01
-1.345572e+01
-1.332351e+01
-1.977679e+01
-2.209411e+01
5.912957e+01
-7.176744e+01
-7.343900e+00
-8.061479e+00
-1.135942e+02
-2.827990e+01
-2.870926e+01
-1.113808e+01
-3.154588e+01
-5.196011e+01
-9.361166e+01
-1.984195e+01
-2.174516e+01
-2.909777e+00
-1.311627e+01
-1.356049e+01
5.968242e+01
-4.129348e+01
-8.334041e+01
-6.271328e+00
1.664506e+01
5.288238e+01
2.348126e+01
2.755572e+01
-1.707222e+02
-1.515562e+02
-1.945450e+02
-2.067632e+02
1.972880e+01
1.280212e+01
-8.797345e+00
-2.786959e+01
-2.865610e+01
-5.004370e+01
-2.095822e+01
-1.497959e+01
-1.563337e+01
-1.490903e+01
-3.977854e+00
-5.983045e+01
-6.290201e+01
-5.043625e+00
1.431970e+02
1.320093e+02
3.796857e+01
3.933888e+01
-4.479524e+01
-1.661989e+01
-4.420231e+01
-4.335470e+01
-1.011282e+01
-1.061205e+01
-1.742839e+01
-1.764723e+01
-9.424219e+00
2.158692e+00
3.777155e+00
8.284268e-03
1.763497e+00
-1.759134e-01
-8.077570e-01
3.654162e+01
-4.284972e+00
7.022950e+01
2.022654e+01
3.098019e+01
-7.767417e+01
2.490533e+00
2.259519e+00
-3.493715e+00
-3.258630e+00
-5.258817e+01
-2.771195e+01
1.604329e+02
1.859429e+02
5.031650e+00
-8.133582e+01
3.726469e+01
-2.351010e+01
-2.313160e+01
3.421961e+01
3.199207e+01
-3.834046e+01
-1.076155e+01
-9.650124e+00
1.059491e+00
-1.084353e-01
-2.720576e+01
6.190334e+00
-9.928239e+00
-2.222622e+02
-2.215032e+00
1.302893e+00
2.264809e+00
4.122340e-01
5.996575e+01
5.642754e+01
6.320079e+01
-7.878977e+01
-4.071107e+01
-9.896809e+01
-1.002768e+02
-4.140751e+01
2.897193e+01
8.272487e+01
7.768873e+01
-1.474450e+01
-1.579546e+01
6.985599e+00
7.037914e+00
-6.887923e+00
2.135547e+01
-4.200204e+01
2.573150e+01
-1.386073e+01
-8.860671e+00
-1.068190e+01
-9.247810e+00
-6.409216e+01
-6.677350e+01
-9.556282e+00
6.072101e+00
7.075626e+00
8.063059e+00
8.076760e+00
-1.718811e+01
4.202506e+01
9.989764e+00
1.263617e+01
9.822916e+00
1.501868e+01
-3.865998e+01
4.044876e+01
2.193711e+01
-9.990711e-01
9.954137e+00
-2.583964e+01
-6.834368e+01
-7.151619e+01
-1.268206e+01
-1.271338e+01
-1.341448e+01
2.716518e+01
-4.500539e+01
-4.397872e+01
-2.756422e+01
1.986801e+01
2.519963e+01
2.457682e+01
-2.575816e+01
-3.288712e+01
-7.318428e+01
-7.072172e+01
-1.728456e+01
-1.856039e+01
2.887261e+01
2.719494e+01
-5.566827e+01
-5.457315e+01
1.702387e+01
1.599522e+01
6.040931e+00
-1.169624e+00
-1.553692e+00
-2.453609e+00
-3.345725e+00
-6.893034e+00
-7.342662e+00
-8.545985e+00
-8.149614e+00
-9.347479e+00
2.884681e+01
-5.294986e+01
-5.208321e+01
9.672991e+00
4.078974e-01
-5.499666e+00
8.600705e+01
-6.165961e+00
-6.504023e+00
6.821857e+00
6.466751e+00
-5.726740e+01
-1.064206e+01
2.144006e+01
2.244592e+01
1.959327e+02
1.452179e+01
-9.421222e+00
-2.979760e+01
3.074249e+01
-1.679050e+02
-1.750785e+02
-3.775895e+00
-1.000230e+01
5.315835e+01
2.975030e+01
-1.338095e+01
-5.804011e+01
-1.353704e+01
1.325652e+02
1.230735e+02
-6.308332e+00
1.223562e+02
1.144885e+02
1.148523e+01
-4.638746e+01
2.603045e+01
1.124236e+01
1.474069e+01
-9.889438e+01
-9.464751e+01
-9.690046e+00
-9.377062e+00
-1.979070e+01
-1.599002e+01
1.395136e+01
1.519790e+01
-1.931988e+01
3.336390e+01
3.132491e+01
3.314503e+01
3.102621e+01
8.752826e+00
8.310664e+00
4.710365e+01
1.155699e+01
7.582673e+00
-5.667639e+01
8.788381e+01
-6.891429e+01
-3.844277e+01
1.516919e+01
1.029150e+02
-4.555444e+01
-6.560812e+01
-7.012283e+01
-4.250906e+01
-4.145243e+01
-4.070840e+01
-1.575230e+02
-1.438570e+02
-5.420163e+01
-1.388504e+01
-1.352605e+01
-5.379343e+00
3.902221e+01
-2.135819e+01
-1.395371e+00
-1.218813e+00
-5.167765e+01
-3.024033e-02
-1.215554e-01
-3.095232e+01
-3.172595e+01
-1.394188e+01
-1.332577e+01
-1.259535e+01
-1.244505e+01
3.034045e+00
-5.061839e+01
7.075484e+01
6.664736e+01
-8.321853e+00
-1.714398e+01
-2.092468e+01
-1.990405e+01
-1.155158e+01
-4.093154e+00
-3.872721e+00
-4.698775e+00
-7.589077e+01
-7.658928e+01
-1.857338e+01
-2.082811e+01
-1.717904e+01
-2.946948e+01
-2.829587e+01
-2.591095e+01
-2.550749e+01
-2.325838e+01
-4.962660e+00
-4.467475e+00
-8.709054e+00
-1.133123e+01
-1.120478e+01
-1.079331e+01
6.257858e+01
5.996946e+01
-1.375293e+01
1.323478e+02
-4.498594e+01
-4.345489e+01
3.645526e+01
1.792410e+01
1.708875e+01
3.962747e+01
3.973705e+01
-8.267398e+00
3.012289e+01
2.830830e+00
2.537622e+00
-7.085554e-01
-2.003710e+02
-2.308048e+02
-1.119219e+01
-4.815798e+01
-5.629463e+01
7.883244e+01
8.250636e+01
7.520268e+01
4.514227e+00
-9.537524e+01
-1.012803e+02
-1.066078e+02
-1.080209e+02
-1.133398e+02
-1.156675e+02
-1.223238e+02
-6.138940e+01
-5.791711e+01
-1.436890e+01
-1.539174e+01
-4.819680e+01
-6.964660e+01
-4.337592e+01
-9.555504e+00
-8.002303e+00
1.044095e+01
-3.188425e+01
-2.920039e+01
-2.844613e+01
-3.472972e+01
-2.650213e+01
-2.581155e+01
-1.963470e+01
3.546640e+01
-4.802504e+01
-1.596322e+01
-1.644062e+01
-7.539658e+00
-4.657548e+00
-3.504525e+01
-3.599130e+01
-8.035538e+01
-1.076091e+01
-1.069133e+01
-9.650130e+00
1.602875e+01
1.458202e+01
-1.176270e+01
-1.006011e+01
-9.780105e+01
-1.004755e+02
4.335874e+01
4.618459e+01
4.949322e+01
4.928731e+01
5.282447e+01
4.065997e+01
4.420677e+01
4.332191e+01
-2.966049e+01
-4.536148e+01
-4.487116e+01
1.936244e+01
2.087363e+01
-7.188579e+00
5.084175e-01
-1.266007e+01
3.387171e+01
3.938329e+01
-4.545694e+01
2.190530e+02
-2.389082e+01
-2.324128e+01
-2.450260e+01
-4.507563e+01
-4.663608e+01
-2.218505e+02
-5.248934e+01
1.442578e+02
1.785147e+01
6.255785e+00
1.149217e+01
-7.779216e+00
3.672393e+01
2.253711e+01
2.239944e+01
-8.499110e+00
4.748848e+00
-2.903760e+01
-6.150575e+00
-2.745019e+01
-2.781538e+01
-2.911477e+01
-2.808243e+01
-8.659140e+00
-7.562955e+00
-4.049396e+01
6.333577e+01
5.990358e+01
6.264193e+01
5.656792e+01
-1.156754e+01
-1.168541e+01
-6.738093e+01
-6.681115e+01
-6.726316e+01
-7.100682e+01
-1.838076e+01
2.220234e+00
-7.561214e+00
-1.141192e+01
-1.104777e+01
-1.143205e+01
-1.071685e+01
-1.108280e+01
-6.997851e+00
2.616517e+01
-3.779819e+01
-8.976442e+00
2.428744e+00
-8.476215e+01
-8.525058e+01
-8.095762e+01
-6.399126e+01
5.272326e+01
5.645255e+01
5.636118e+01
6.038176e+01
6.024716e+01
6.034133e+01
6.469838e+01
-9.160624e+01
-3.071783e+00
-3.672852e+00
-2.910989e+00
4.002134e+00
3.930494e+00
-3.650185e+01
-3.649838e+01
-3.530203e+01
-1.242906e+01
-9.690298e+00
-1.413684e+01
-1.443204e+01
-3.154166e+01
-2.997761e+01
-3.139753e+01
-7.339829e+00
1.131394e+02
-1.120502e+01
-4.665347e+01
5.727009e+01
-3.784024e+01
1.555543e+01
8.007512e+00
9.287011e+00
8.778406e+00
1.009068e+01
-5.223144e+01
5.760202e+00
9.910712e+01
4.303792e+01
1.789656e+01
-3.902739e+00
-7.258476e+01
-4.773204e+01
-7.841032e+01
-1.356921e+01
1.647231e+02
1.437067e+02
-1.369327e+01
-5.628979e+00
3.515258e+01
1.139670e+02
-3.562833e+01
-8.461818e+00
1.385684e+01
2.271103e+01
-1.332817e+01
-1.285065e+01
2.328538e+01
2.171415e+01
2.115201e+01
-8.807417e+00
-9.194873e+00
-2.560965e+01
-2.475648e+01
-2.381039e+01
-1.467380e+01
-1.014623e+01
-6.759442e+00
-7.363173e+00
-8.325644e+00
-1.475238e+01
8.511480e+00
-9.484755e+00
-8.003639e+00
-1.180761e+01
-1.551552e+00
5.688969e+01
-3.670795e+01
-3.626439e+01
-9.824513e+01
1.594269e+01
-1.583287e+01
-1.621230e+01
-1.895329e+01
-1.862041e+01
-1.382071e+01
-1.727625e+01
-2.039972e+01
-1.839498e+01
5.360794e+01
7.515360e+00
-5.464165e+00
-5.163674e+00
-4.240676e+00
-8.975505e+01
3.913609e+01
1.206965e+00
-3.204612e+01
-3.747134e+01
-3.378856e+01
-2.904962e+01
-3.549630e+01
-3.777309e+01
-1.028609e+01
1.261396e+01
1.222910e+01
1.454406e+01
1.127166e+01
1.382046e+01
-2.107818e+01
1.053547e+01
1.135707e+01
-5.368359e+01
8.119431e-01
-5.514970e+01
-1.490099e+01
-1.517518e+01
-1.566607e+01
-1.589025e+01
-9.723584e+00
-1.077775e+01
-7.630765e+01
3.133678e+00
-5.282479e+01
-4.500214e+01
-4.340299e+01
-4.491375e+01
-4.194548e+01
-4.182470e+01
-4.046669e+01
2.982255e+01
-1.283838e+01
4.561340e+01
-4.618316e+01
-1.103395e+01
-2.817934e+01
-2.828763e+01
-4.217101e+01
4.038486e+01
-1.752978e+01
1.117516e+02
-3.525998e+01
-3.412851e+01
-3.415793e+01
-3.303065e+01
-3.305402e+01
-3.197260e+01
-3.198413e+01
-3.094715e+01
-3.094632e+01
-2.995080e+01
-2.993752e+01
-2.898355e+01
-2.895430e+01
-2.803749e+01
-2.799893e+01
-2.711619e+01
-2.707852e+01
-2.621805e+01
-2.621941e+01
-2.534700e+01
-2.532028e+01
-2.448565e+01
-2.439250e+01
-2.363162e+01
-2.352319e+01
-2.279852e+01
-2.267996e+01
-2.198151e+01
-2.184587e+01
-2.117691e+01
-2.102527e+01
-2.038384e+01
-2.021768e+01
-1.960157e+01
-1.942010e+01
-1.882842e+01
-1.865901e+01
-1.807021e+01
-1.791257e+01
-1.976666e+01
1.151067e+01
-1.384085e+01
-1.429809e+01
-1.382912e+01
-1.525365e+01
-6.502607e+01
-3.900746e+00
-1.885942e+02
-1.774653e+02
-1.648609e+02
-1.941925e+02
-7.505098e+01
1.338867e+02
1.249231e+02
1.770209e+01
1.629308e+01
4.295698e+01
5.368312e+00
6.051636e+00
1.505744e+01
1.220866e+01
-1.137774e+01
-4.009628e+01
2.279987e+00
3.027096e+00
1.991825e+00
-3.696432e+01
-1.325730e+01
-3.695976e+01
-3.871345e+01
-3.856889e+01
-4.076812e+01
4.426228e+01
3.138842e+01
-1.402700e+01
5.780144e+00
3.344223e+00
1.516317e+00
9.478652e-01
2.444214e+00
3.472905e-01
-1.582610e+00
1.177182e+00
-1.869739e-01
-6.386399e+01
3.382847e+01
3.347653e+01
-3.942673e+01
-4.126442e+01
-4.045392e+01
1.862917e+01
-6.110748e+01
-2.697028e+01
-1.370787e+02
-8.996821e+00
-9.465592e+00
-1.620569e+01
-1.454257e+01
-1.416894e+01
-1.209308e+01
-5.347391e+01
2.601802e+01
3.027293e+01
-2.226140e+01
1.083269e+01
-1.733234e+01
-1.773399e+01
5.476023e-01
-2.976244e-01
-2.027570e+01
-2.113391e+01
-1.978729e+01
-1.915583e+01
-2.061502e+01
-1.956061e+01
-2.125731e+01
-9.079627e+01
3.213881e+01
-6.339535e+01
-1.474273e+02
-4.425177e+01
-1.304627e+01
-9.238858e+00
-1.015532e+01
-9.787173e+00
-1.042968e+01
-1.020434e+01
-1.068485e+01
-1.066299e+01
-1.126433e+01
2.282170e+00
-3.259114e+01
-4.456243e+01
-2.004729e+01
-1.032255e+00
-3.476631e+01
-1.619761e+01
-3.980339e+01
-4.134858e+01
-3.826119e+01
-1.685669e+01
-1.000590e+01
8.088092e+01
8.447279e+01
8.247088e+01
8.572312e+01
8.379730e+01
8.686117e+01
8.359396e+01
8.636347e+01
1.402608e+01
1.260674e+01
1.408531e+01
4.158254e+00
3.675919e+01
3.479805e+01
3.525043e+01
3.346064e+01
3.346248e+01
3.901530e-01
7.269768e+01
8.943202e+01
-4.331878e+01
-6.984942e+01
-7.246369e+01
-4.006911e+01
-2.161992e+00
3.526981e+00
-2.340219e+01
-2.163539e+01
-2.089262e+01
-2.164759e+01
-1.803855e+01
-1.596043e+01
-2.011937e+01
2.863387e+01
-1.643712e+01
-3.590238e+00
-1.437273e+01
6.477748e+01
2.738127e+01
2.653768e+01
4.128921e+00
3.817899e+00
-9.638427e+00
1.264544e+01
4.730741e-01
-5.643283e+00
-1.559322e+01
-4.013775e+01
-3.956562e+01
-9.987013e+00
-1.017416e+01
-1.124146e+01
3.997743e+01
-6.399557e+01
-6.660474e+01
-6.116364e+01
-1.218959e+01
-9.793368e+01
-1.020636e+02
1.503142e+01
-1.021101e+01
-6.693171e+01
-6.469085e+01
-4.806464e+00
-1.484282e+01
-1.194328e+01
-8.013977e+00
-7.080224e+01
-6.989923e+01
-6.672371e+01
8.518730e+00
1.129922e+01
-1.470671e+01
1.199212e+01
-7.431388e+01
1.747364e+01
-5.300652e+00
-5.030108e+00
4.968796e+00
-9.092097e+01
-4.052830e+00
-3.057283e+00
-4.935227e+00
-4.591953e+01
6.089745e+00
5.124356e+00
6.978683e+01
-7.208149e+01
-7.414058e+01
4.254344e+01
4.552491e+01
-2.484110e+00
9.137571e+00
-5.872443e+01
1.055340e+02
-2.528250e+01
1.264186e+01
-5.043277e+01
4.904083e+01
4.058693e+00
4.135848e+00
3.452659e+01
-8.790772e+00
3.307522e+01
3.280056e+01
8.148990e+01
-7.710871e+01
-8.012918e+01
-2.561914e+01
-2.698802e+01
6.493078e+01
-2.680941e+01
5.538661e+00
-4.303662e-01
-1.277509e+00
-4.981209e+01
4.087905e+00
-7.544058e+00
-8.720973e+01
9.083620e+00
3.476092e+00
-9.544057e+00
-2.921865e+01
9.329398e+00
-2.880407e+01
2.103449e+02
1.879057e+02
4.668939e+00
5.850025e+00
-8.745049e+00
-1.062383e+01
-1.116670e+02
6.856167e+00
2.470667e+01
-8.106354e+01
5.273948e+01
-2.316505e+01
6.844444e+00
-3.457880e+01
-9.108434e+00
4.280894e+01
1.121709e+00
2.298253e+00
1.265867e+01
-1.085233e+01
5.051472e+00
-1.643246e+02
-1.546945e+02
-7.550693e+01
1.508382e+01
-4.957833e+01
-4.454351e+01
9.866945e+01
-5.323649e+01
6.483212e+01
-6.965987e+01
-6.982214e+01
1.248966e+02
-8.604532e+00
-8.467599e+00
-9.289019e+00
-8.659180e+00
-8.477881e+00
1.236541e+00
4.648456e-01
2.783763e+01
-1.299520e+01
-9.553370e+01
-4.730691e+01
5.953066e+00
-1.005407e+02
4.349175e+00
2.344645e+01
2.268328e+01
2.369296e+01
2.173057e+01
2.243347e+01
-2.291078e+01
-1.679158e+01
-1.785277e+01
1.848562e+01
1.675867e+01
1.851510e+01
-5.207339e+01
-2.040692e+01
-3.227144e+01
-4.647280e+01
2.866336e+01
-6.473553e+01
7.169835e+01
-2.999723e+01
6.929889e+01
-1.009160e+01
-1.173762e+01
-8.966836e+00
-7.942387e+00
-1.109126e+01
-1.229573e+01
-7.738685e+01
-3.139750e+01
1.868088e+01
2.708573e+01
-1.392178e+01
-1.401438e+01
-8.340976e+00
-6.090761e+00
-4.508928e+01
1.827256e+01
-1.874125e+01
-1.155196e+01
-3.108665e+01
-3.902259e+00
-5.326091e+00
-6.613920e+01
-9.719754e+00
-7.140188e+01
-1.105103e+01
-1.550243e+01
-1.665703e+01
-8.524041e+01
8.868767e+01
8.669548e+01
2.138559e+01
-2.365572e+01
-1.239345e+02
-3.090622e+01
-7.446015e+01
-2.260982e+01
-1.806879e+01
3.518679e+00
-2.306728e+01
1.040925e+01
9.304118e+00
-2.133625e+01
1.130833e+01
-1.037056e+01
4.079660e+01
-8.528215e+00
-1.043420e+01
-1.077957e+01
1.925179e+01
-6.125925e+01
-1.385074e+02
-1.840100e+01
1.374750e+01
1.314319e+01
-4.045292e+00
2.340736e+00
1.028394e+01
2.395248e+01
-2.681787e+01
-2.695545e+01
-2.837057e+01
-2.452832e+01
-1.064592e+01
-1.053091e+01
-9.606235e+00
-9.801944e+00
-9.946730e+00
-1.031153e+02
-1.641357e+01
-1.673433e+01
2.016992e+01
5.564068e+01
7.454091e+01
1.506795e+01
1.142765e+01
-1.176295e+01
-1.308700e+01
-4.636033e+01
-4.804597e+01
-1.231611e+01
-4.660895e+01
-9.806920e+00
-9.212096e+00
5.345036e+01
-2.660109e+00
2.408139e+01
-9.020580e+01
-7.286497e+01
-1.062693e+01
-1.005481e+01
1.136006e+00
-5.391557e+01
-1.115625e+01
-1.092885e+01
2.832567e+00
-3.516158e+01
-3.615563e+01
-3.743187e+01
-3.740882e+01
1.924678e+01
-1.543956e+02
-1.450837e+02
-1.407995e+02
-1.345090e+02
-7.720788e+01
-1.566769e+01
-7.404783e+01
-9.569032e+01
-1.312773e+01
4.431800e-01
-1.148068e+00
-4.439633e+00
-3.293641e+00
-7.014721e+00
3.744042e+01
-5.647353e+01
-2.055457e+01
-1.937672e+01
1.364010e+01
-1.206802e+01
-1.648127e+01
1.399473e+01
1.301188e+01
-9.296127e-01
-3.138101e+00
-1.756839e+01
-1.680333e+01
1.236354e+02
-4.350444e+01
-4.713354e+01
-5.542394e+00
-3.367310e+00
-4.542192e+00
-8.103388e+00
5.950718e+01
-1.370024e+02
-1.277728e+02
-1.191573e+02
-1.150196e+02
-4.267549e+01
-7.573243e+01
-5.340676e+01
-1.627974e+01
1.628589e+00
-3.235914e+01
-3.514875e+01
-3.695781e+01
-3.777841e+01
-3.929329e+01
-4.176807e+01
-1.378727e+01
-1.642293e+02
2.070323e+01
-2.619434e+01
2.406035e+01
2.393498e+01
2.224485e+01
2.378460e+01
2.420548e+01
-5.738180e+01
-9.316528e+00
-1.095542e+01
-1.099531e+01
-1.101092e+01
6.947711e+01
6.959699e+01
6.859720e+01
-1.112152e+01
1.180439e+02
-4.124766e+01
-4.261452e+01
-4.287225e+01
-1.349047e+02
5.880114e+01
5.342214e+01
5.165246e+01
4.895395e+01
-3.535887e+01
-2.827065e+01
-1.212472e+02
-1.103724e+02
-1.027356e+02
-9.821358e+01
1.288642e+02
-1.039446e+01
-3.295853e+01
1.738689e+01
-1.341013e+01
-1.454407e+01
-5.016687e+01
-1.089875e+02
-1.438700e+01
-1.414546e+01
-1.342628e+01
-1.427245e+01
-1.571590e+01
3.630009e+00
4.637914e+00
-9.628902e+00
-9.093345e-01
-2.098979e+00
-4.633707e+01
-1.378366e+01
-1.784547e+01
-1.443832e+01
-9.678689e+00
3.049582e+01
-8.552087e+00
-2.632448e+01
-2.579959e+01
4.786667e+00
-2.798855e+01
5.056373e+01
4.647294e+01
4.453466e+01
4.251082e+01
3.958157e+01
3.850933e+01
-1.058107e+02
-9.409749e+01
4.681520e+01
-4.312826e+01
-5.645167e+01
3.798364e+01
3.816482e+01
3.565548e+01
-7.524961e+01
-8.177016e+01
-3.842617e+00
-3.795202e+01
-1.921380e+01
3.425475e+01
3.351221e+01
-4.226143e+01
-3.093263e+01
7.545343e+01
-6.674702e+00
-3.861523e+01
-2.805573e+01
-7.819513e+00
-6.719914e+01
-7.294328e+01
-6.781036e+01
-7.136359e+01
-6.683023e+01
-6.906083e+01
-6.648970e+01
-6.653849e+01
-6.631721e+01
-6.291359e+01
-6.221998e+01
-6.351954e+01
-6.026384e+01
-5.661295e+01
-5.610318e+01
-5.045117e+01
-5.096912e+01
-7.450238e+01
-6.230504e+01
-1.985643e+01
-2.166760e+01
-1.836013e+01
-2.284272e+01
-3.345809e+01
-1.625381e+01
6.832447e+01
5.420680e+01
1.508883e+01
1.870257e+01
1.854199e+01
2.245024e+01
2.254800e+01
-4.753642e+01
-8.111815e+01
-4.954860e+01
-3.489282e+00
3.560191e+01
-1.604868e+01
-1.974357e+01
-2.045751e+01
-5.928029e+01
-5.528279e+01
-4.546071e+00
-8.878164e+00
-8.561231e+00
-2.611262e+00
-5.620074e+01
-7.163024e+01
-4.632631e+01
-2.138677e+02
-2.502161e+02
-2.682549e+02
-5.462886e+00
-1.513945e+02
-1.417913e+01
-8.699710e+00
-1.131263e+01
3.089580e+01
-9.511725e+00
-3.439489e+01
3.335438e+01
3.331290e+01
-1.588414e+01
-1.641902e+01
-1.689474e+01
-1.744688e+01
-1.784780e+01
-1.847079e+01
-1.886942e+01
-1.951259e+01
-1.911784e+01
-1.992451e+01
-2.057163e+01
-2.095464e+01
-2.164066e+01
-2.199069e+01
-2.272321e+01
-2.308476e+01
-2.383690e+01
-2.421862e+01
-2.496280e+01
-2.534515e+01
-2.611101e+01
-2.649007e+01
-2.728460e+01
-2.766298e+01
-2.848233e+01
-2.886077e+01
-2.970691e+01
-3.009048e+01
-3.097292e+01
-3.135298e+01
-3.227458e+01
-3.265542e+01
-3.360968e+01
-3.398825e+01
-3.497573e+01
-3.537771e+01
-2.806257e+01
-3.186156e+01
-3.305936e+01
-2.237401e+01
-3.631299e+01
-3.595473e+01
-3.670841e+01
-2.452549e+01
-2.141290e+01
-2.189456e+01
-2.008350e+01
-9.560613e-03
2.894406e+01
2.897712e+01
2.801511e+01
-1.177110e+01
-1.192492e+01
4.527585e+01
4.725177e+01
4.676593e+01
4.895980e+01
1.649801e+01
2.223619e+01
-1.383184e+01
2.491584e+01
-5.007969e+01
4.438789e+01
4.704138e+01
3.093912e+01
2.053595e+01
2.319645e+01
2.126660e+01
-5.022467e+01
-4.002734e+01
-3.814510e+01
-8.957080e+01
-8.674541e+01
-9.032612e+01
-8.288362e+01
-8.344329e+01
3.258024e+01
-3.297277e+01
-3.234597e+01
2.534073e+01
2.708188e+01
-1.730320e+01
-9.926496e+00
2.155437e+01
2.498810e+01
-2.083546e+01
-1.929086e+01
-1.944312e+01
-3.556891e+01
-6.886474e+01
1.508866e+02
1.326774e+02
1.755107e+02
-1.149133e+00
3.491997e+01
4.997414e+01
-4.230369e+01
-4.164297e+01
-3.999656e+01
-1.177611e+01
-1.152973e+01
-5.704727e+00
-1.111522e+01
-8.899906e+00
-8.612946e+00
5.023135e+00
-1.290638e+01
-1.454521e+01
2.728149e+01
-3.998178e+01
1.418948e+01
3.482665e+01
3.607060e+01
-5.443705e+00
-1.332863e+01
-6.868375e+01
6.638658e+01
5.997622e+01
-5.860266e+01
9.307783e+01
-4.821891e+01
-2.794871e+01
-5.681921e+00
-9.837519e+00
-9.848556e+00
-1.628776e+01
4.268467e-01
-5.212061e+01
-4.553943e+01
-4.697338e+01
1.953588e+01
2.020255e+01
1.633664e+01
-9.805360e+00
-4.823139e+01
-4.976986e+01
-1.587226e+01
-9.753166e+00
-1.003085e+01
-4.341669e+01
-3.765442e+01
-3.303245e+01
-4.408704e+01
-1.432141e+01
-7.435896e+00
-1.875643e+01
-1.933845e+01
-2.041979e+01
-6.967673e+00
-5.348428e+00
2.077354e+01
2.269208e+01
-2.686651e+01
-5.120335e+00
-5.532339e+00
-5.159513e+00
-5.896625e+00
2.731798e+00
3.120099e+01
-9.350180e+00
2.484741e+02
2.269382e+02
2.058404e+02
3.848538e+01
4.171958e+01
-1.317470e+01
-3.008708e+01
-5.881917e+01
-7.767759e+01
-7.998859e+01
3.162855e+01
1.650009e+01
1.632958e+01
1.776188e+01
-4.525201e+01
-2.137052e+01
-1.190174e+01
-1.102310e+01
-1.218621e+01
-1.204821e+01
-1.205338e+01
-1.220956e+01
-1.443895e+01
-1.389361e+01
-1.213405e+01
3.206734e+00
3.263385e+00
2.376813e+00
1.389291e+00
5.567616e-01
-1.134348e+01
-1.219561e+01
-1.051451e+01
-5.618448e+01
-5.830306e+01
-1.831593e+01
4.828230e+01
5.023134e+01
1.335002e+01
1.312959e+01
1.203182e+01
-4.257011e+01
-3.174614e+01
-1.002735e+01
-1.309544e+01
-1.355238e+01
2.223711e+01
-9.063041e+00
-6.312094e+01
-6.484577e+01
-6.613148e+01
-1.549334e+01
-2.341182e+01
-6.310498e+00
-4.217267e+01
-4.353885e+01
-1.319151e+00
-6.038864e+01
3.429161e+00
2.718089e+02
2.567655e+02
-3.054135e+01
3.080200e+00
-3.842709e+01
-6.543288e+01
-1.192284e+01
-1.373935e+01
-1.219386e+01
-1.429174e+01
2.411779e+01
-1.907264e+01
-3.538584e+00
-4.261991e+00
-2.813812e+00
-2.140460e+00
2.213642e+01
2.068977e+01
9.170440e+00
8.191151e+00
7.038366e+00
1.033474e+01
-7.176974e+01
-6.126194e+01
3.549889e+01
5.682842e+01
-4.025717e+01
-3.899942e+01
-3.917157e+01
-3.777464e+01
-3.784796e+01
-3.660910e+01
-3.754863e+01
-2.497061e+01
1.534467e+01
-1.512443e+01
3.258698e+01
2.557816e+01
-8.752238e+01
-7.623720e+00
1.630022e+00
-4.253704e+01
-3.826513e+01
2.507826e+01
-2.304475e+01
-2.322793e+01
-2.406038e+00
1.324537e+02
1.574845e+02
1.475217e+02
-4.855489e+01
-4.354639e+01
-3.934488e+01
-3.819331e+01
-3.354497e+01
-3.625684e+01
-3.392569e+01
-3.443828e+01
-1.071078e+01
-6.124466e+01
4.555354e+01
5.511031e+00
6.757068e+00
7.043861e+00
8.019907e+00
-1.460683e+01
-2.573711e+01
-6.311635e+01
4.263850e+01
3.532864e+00
-1.699690e+01
-1.189037e+01
1.800254e+01
2.363718e+01
3.814187e+01
-8.923667e+00
-2.143914e+01
-1.050571e+01
-3.302063e+02
-2.657452e+02
-9.587461e+00
9.838907e+01
7.950893e+01
-4.763038e+01
-2.033978e+00
-1.393966e+00
2.629907e+01
-4.511371e+01
-4.479425e+01
-4.157980e+01
-8.039708e+01
4.162659e+00
3.261461e+00
-1.253763e+01
-1.284880e+01
-3.876834e+01
2.068425e+01
-9.023025e+01
-6.784028e+01
-2.343564e+00
-1.688458e+00
-7.708120e+01
-7.351764e+01
1.752362e+02
-4.672484e+01
-7.975399e-01
-6.415238e+01
1.149009e+01
-5.970593e+01
-6.154487e+01
4.917042e+01
-1.855788e+02
-8.763381e+00
2.087411e+02
6.290088e+00
3.543354e+01
-1.284780e+01
-1.239515e+01
-6.839072e+00
1.097986e+01
-6.659216e+01
1.729753e+00
-4.312118e+01
-6.892774e+01
-2.215205e+01
-2.451717e+01
-8.306216e+01
-6.127688e+01
-6.258910e+01
-1.932429e+02
-5.744560e+01
2.973817e+01
1.970093e+01
2.266627e+01
-2.437952e+01
2.437972e+01
1.039318e+02
-2.361277e+01
-6.516980e-01
4.868107e+01
1.276450e+02
1.176098e+02
1.212796e+02
-3.229375e+00
-2.465740e+00
-1.315375e+01
2.922106e+00
6.826709e+00
5.991594e+00
7.635652e+00
8.986222e+00
9.323442e+00
1.033788e+01
1.016285e+01
1.179887e+01
1.173161e+01
1.126559e+01
1.014857e+01
1.283142e+01
1.156151e+01
-1.469888e+01
-1.667256e+01
4.203878e+01
-3.572525e+01
-1.416722e+01
-1.394630e+01
-1.398670e+01
-1.420163e+01
-1.458497e+01
-1.340200e+01
-6.997053e+00
-7.856704e+01
-1.311678e+02
3.585790e+01
7.511260e+00
8.190296e+00
-5.039967e+01
-4.883271e+01
1.135665e+01
1.843850e+01
-4.400362e+00
-1.338431e+01
-1.216782e+01
-1.145850e+01
-4.758584e+00
-1.219030e+01
-1.496428e+01
-3.791157e+01
-2.958181e+01
-3.097120e+01
-3.045498e+01
-1.524448e+01
6.669400e+00
2.468065e+01
6.036624e+01
-1.011877e+01
-9.084795e+00
-8.151778e+00
-2.516071e+01
-2.617710e+01
-1.722951e+01
-1.671685e+01
5.942417e+01
6.002351e+01
5.764787e+01
6.049847e+01
6.269092e+01
-4.534504e+01
-1.782394e+01
-1.722202e+01
-1.806416e+01
-1.968440e+01
-1.088896e+01
-1.247237e+01
-2.144929e+01
-2.326916e+01
-4.972664e+01
-5.151552e+01
-5.288795e+01
-5.360577e+01
-5.480136e+01
-5.192473e+01
-5.434499e+01
-5.623422e+01
-5.789932e+01
-5.026874e+01
-4.873523e+01
-4.972378e+01
-4.779446e+01
-4.496504e+01
-4.687760e+01
-2.034031e+01
-2.134035e+01
-2.218554e+01
-2.024501e+01
-1.982838e+01
-1.841920e+01
-1.709025e+01
-1.597776e+01
-1.623979e+01
-1.407048e+01
-1.709997e+01
-1.555104e+01
-1.795442e+01
-1.720767e+01
-2.857820e+01
-2.906457e+01
-3.043894e+01
-2.981401e+01
-2.809414e+01
-2.640189e+01
-2.788354e+01
-2.661304e+01
-2.532581e+01
-3.199462e+01
-2.874821e+01
-2.679050e+01
-2.675854e+01
-2.517205e+01
-2.818494e+01
-2.473967e+01
-2.334324e+01
-3.134245e+01
-3.153731e+01
-2.233433e+01
-2.339637e+01
-2.227590e+01
-5.576223e+01
-3.437550e+01
-3.597630e+01
-2.214369e+01
-2.054414e+01
-2.372274e+01
-5.944663e+00
-2.534601e+01
-2.701320e+01
-2.086087e+01
-2.394030e+00
7.471900e+01
7.655444e+01
-2.474323e+01
-3.193880e+01
-1.051287e+02
-1.036491e+02
-2.235857e+01
-2.319344e+01
-2.399972e+01
-2.385129e+01
-2.449084e+01
-6.567121e+01
-4.976407e+00
-4.029662e+01
-4.372412e+01
-3.641637e+01
3.642751e+00
2.866027e+00
-9.232483e+01
-4.585189e+00
-4.197543e+01
-2.166447e+01
-9.303851e+00
-7.880007e+00
-8.268566e+00
-2.945617e+01
-2.695046e+01
-8.243669e+00
-8.033347e+00
-4.195074e+01
-5.106185e+01
7.266303e+00
-5.409030e+01
-5.171408e+01
5.213851e+01
-2.638788e+01
-1.403146e+02
-1.169582e+02
-1.328850e+01
-1.223540e+01
-1.318695e+01
-1.407629e+01
-1.672673e+01
-1.891465e+01
-1.773836e+01
-1.846131e+01
-7.817281e+00
1.585797e+01
2.081101e+01
-3.938587e+00
-3.952858e+00
-5.219634e+00
-4.602465e+00
-2.747951e+00
-6.022757e+00
-7.151039e+00
-8.534300e+00
1.056598e+01
-8.378278e+00
-9.566314e+00
-6.908437e+00
-8.237013e+00
-5.921803e+00
-7.177140e+00
-5.543450e+00
-5.642375e+00
-8.295924e+00
-8.150314e+00
-9.499025e+00
-1.036322e+01
-1.124205e+01
-1.119749e+01
-1.287281e+01
-1.270283e+01
-9.049618e+00
-1.263999e+01
-1.315521e+01
-6.498192e+00
9.371265e+01
8.689727e+01
7.978492e+01
7.970359e+01
7.957011e+01
9.504391e+01
1.042248e+02
9.507883e+01
1.142861e+02
8.857398e+01
9.322875e+01
9.454313e+01
9.136912e+01
9.383948e+01
9.554754e+01
-1.197564e+01
-3.476643e+01
-3.163621e+01
-3.639372e+01
-3.508253e+01
-3.412212e+01
-1.397700e+01
-1.421613e+01
2.766479e+01
2.722774e+01
-3.910000e+01
-4.128095e+01
-9.566868e+00
-1.004933e+01
-1.089675e+01
-9.179174e+00
-9.683342e+00
1.685387e+00
3.723623e+01
-1.983275e+00
-1.261607e+00
-1.163534e+01
-1.416983e+01
-1.414861e+01
-1.067608e+01
-1.442263e+01
-1.398007e+01
-1.542598e+01
-1.433641e+01
-8.741629e+01
-9.042058e+01
-4.494454e+01
-8.226215e+01
-8.005753e+01
4.677466e+01
-1.020121e+02
1.020361e+01
-3.916083e+01
7.791314e+01
1.026649e+01
4.291023e+01
3.917732e+01
4.575049e+01
-1.101213e+02
-1.124626e+02
-1.108589e+02
-1.152985e+02
-1.136611e+02
-1.162723e+02
-1.088724e+02
-1.199577e+02
-1.111360e+02
-1.167031e+02
-9.868622e+01
2.929316e+01
2.614721e+01
2.648880e+01
6.081033e+00
3.408098e+00
2.685778e+01
2.679644e+01
6.784924e+01
-1.222558e+01
-1.157722e+01
-2.824782e+01
-1.930668e-01
-3.892497e+01
-3.005858e+01
-3.047154e+01
-2.943418e+01
-1.061760e+01
-1.205325e+01
1.329013e+01
1.162567e+01
8.790503e+01
-2.614623e+01
-1.325410e+01
-1.449123e+01
-9.031671e+00
2.264487e+00
3.717076e+00
2.136400e+00
2.830516e+00
3.902651e+00
4.177800e+00
5.792350e+00
9.349343e+00
4.917416e+01
5.193417e+01
4.152597e+01
-9.298462e+00
-3.892445e+01
-1.545378e+01
-1.440582e+01
-1.145142e+01
4.923657e+01
-2.936047e+00
1.383001e+01
-1.811582e+01
-4.325535e+01
-4.474288e+01
-4.685536e+01
-4.630609e+01
-4.294933e+01
-4.823252e+01
-2.297272e+01
-2.551402e+01
-2.470513e+01
-2.529138e+01
-2.584283e+01
-2.335146e+01
-2.509623e+01
-2.371762e+01
-3.864067e+01
-2.423533e+01
5.233112e+01
5.574321e+01
-2.464342e+01
-2.454538e+01
-2.566117e+01
-4.315686e+01
-3.042256e+01
-1.538220e+01
-8.813824e+00
-8.371034e+00
-3.139942e+01
-3.276053e+01
4.246678e+01
4.268806e+01
4.005587e+01
4.118515e+01
3.871556e+01
3.701776e+01
-5.423508e+01
-5.602634e+01
-5.852040e+01
-5.780174e+01
-3.437779e+01
5.991208e+01
5.641246e+01
6.427157e+01
6.553955e+01
-2.035747e+01
-2.180751e+01
-2.295293e+01
1.919793e+01
1.967859e+01
1.797157e+01
1.754029e+01
1.632603e+01
1.670517e+01
-7.011490e+01
-7.458318e+01
-4.087209e+01
-6.647112e+00
-5.682206e+00
-6.303530e+00
-1.491999e+01
-8.186773e+01
-2.433812e+01
-2.235838e+01
-2.148370e+01
-1.993021e+01
-2.750437e+01
-1.176356e+02
-1.827229e+01
-1.775088e+01
-1.901680e+01
-1.913358e+01
8.455371e+01
8.927724e+01
-2.900652e+01
-2.997301e+01
-5.204119e+01
-1.581818e+01
7.913362e+00
9.063960e+00
7.991880e+00
1.246578e+01
7.352960e+00
2.399915e+01
1.398731e+01
-1.135339e+01
-1.225271e+01
-4.448437e-01
2.909191e+00
-1.927125e+00
-1.550203e+00
-5.178073e-01
-1.343237e+00
-4.376215e-01
3.856572e-01
-2.599227e+00
-2.974481e+00
-3.318051e+00
-7.955409e+01
2.049405e+01
-3.128178e+01
-3.188800e+01
-3.318958e+01
-3.952343e+01
5.200607e+01
4.694614e+01
3.307370e+01
3.379551e+01
3.208087e+01
-2.434349e+01
-2.662795e+01
-1.183419e+01
-9.271067e-01
-8.920790e+00
-9.794493e+00
1.272246e+01
-4.458499e+01
-4.601898e+01
1.803998e+01
-1.392962e+01
-7.022754e+00
-5.806843e+00
-2.817097e+00
-1.544451e+02
-9.732223e+00
-8.549548e+00
-6.038002e+01
-6.061427e+01
5.093063e+00
4.541382e+00
-9.000504e+01
2.067176e+01
2.404403e+01
-1.643399e+01
-1.489241e+01
-7.746776e+00
5.517168e+01
5.649650e+01
-6.470367e+00
-7.639151e+00
-8.880298e+00
-1.385617e+01
-8.543719e+00
-1.563305e+01
7.812609e+01
4.534552e+01
-1.071768e+01
-1.069635e+01
-4.735712e+00
-1.335871e+01
-6.534116e+00
-3.018419e+01
-9.582069e+01
1.306844e+01
1.466144e+01
1.661123e+01
1.468268e+01
-1.705317e+01
-1.833109e+01
7.502473e+01
-1.755028e+02
-1.155871e+01
-5.793013e+01
-5.745087e+01
1.932322e+02
-8.392763e+01
-2.781376e+01
-5.079927e+01
-1.692543e+01
-6.011824e+00
-4.439243e+01
-5.334984e+01
-1.607428e+01
1.792319e+01
3.879237e+01
4.030224e+01
2.630961e+01
1.059157e+02
2.401058e+01
2.394167e+01
2.480706e+01
7.414591e+00
-1.706510e+01
-1.283021e+01
-1.661236e+01
2.936687e+01
-4.960673e+00
-3.100369e+01
-2.868471e+01
2.862783e+01
-4.849140e+01
-6.416016e+01
-1.188890e+02
2.190750e+00
1.370406e+00
-8.478800e+00
-1.140040e+01
-8.072790e+00
8.406763e+00
1.202649e+01
-1.138219e+02
-1.173503e+02
-1.002511e+01
-9.983895e+00
-6.313028e+00
-6.109222e+01
1.805952e+01
2.248254e+01
1.693341e+01
2.158739e+01
1.673252e+01
1.230872e+01
1.175760e+01
8.869101e+00
8.898540e+00
6.875775e+00
5.972764e+00
-5.578894e+01
1.616334e+00
-3.718139e-01
-1.018134e+00
-2.710044e+00
4.128917e+00
-7.520163e+01
-7.218151e+01
1.715696e+01
1.876101e+01
1.957906e+01
1.872109e+01
2.039889e+01
2.122788e+01
1.905109e+01
2.176797e+01
1.619731e+01
2.800766e+01
2.710495e+01
3.059104e+01
-7.240073e+01
4.291459e+00
1.954142e+01
1.764909e+01
-3.552562e+00
-2.675199e+01
-4.904644e+01
-4.999538e+01
-2.689011e+01
-1.209588e+01
-8.364030e+00
2.570488e+01
2.718510e+01
3.023966e+01
-1.613987e+01
-2.290068e+01
-4.712715e+01
-4.244613e+01
-1.352933e+00
-4.419533e+01
-4.747791e+01
-3.707299e+01
4.440510e+01
-6.745340e+01
-7.391944e+01
-7.944689e+01
7.028395e+01
-9.336910e+01
-3.871903e+01
8.553599e+01
-1.100862e+02
-1.446505e+01
1.065379e+02
-1.283796e+02
-1.434042e+02
1.757286e+01
-5.681230e+01
6.704195e+00
-8.613932e+00
-1.605098e+01
3.160654e+00
-1.716615e+02
-1.934470e+02
-2.168239e+02
-2.207185e+02
-2.535647e+02
-1.075164e+01
-3.139785e+01
1.066998e+02
1.059017e+02
1.126256e+02
-1.034514e+02
-3.245006e+00
-1.522346e+01
-3.296355e+02
1.569192e+02
-1.422147e+01
-3.183090e+00
1.314260e+02
9.767252e+01
-1.368344e+01
-2.982152e+00
2.754941e-01
1.182279e+01
-5.115909e+00
-4.437041e+00
-1.611610e+01
-1.620905e+01
2.570373e+01
-5.167711e+01
-1.363221e+01
3.479956e+01
-1.474503e+02
1.129635e+01
-2.898582e+01
5.801930e+01
-4.458257e+01
-9.048593e+01
6.204712e+00
-1.833942e+01
-2.253837e+01
-8.575016e+00
-5.324420e+01
-1.380801e+01
-5.451114e+01
-3.518872e+01
-5.895979e+01
-4.455979e+01
-4.832154e+01
-1.243907e+01
-1.529079e+01
3.724213e+01
-1.933320e+01
5.063754e+01
-1.196744e+00
-1.586090e+01
5.884836e+00
6.230852e+00
-1.451121e+01
2.058958e-01
-6.050450e+00
-7.463426e+01
-2.168793e+01
7.021736e+01
6.649286e+01
3.827884e+01
-6.777899e+01
8.280069e+01
1.279944e+01
-2.637871e+00
3.045487e+01
5.142743e+01
-1.057297e+01
-3.708668e+01
4.276268e+01
1.619261e+01
2.753382e+01
2.795771e+01
2.966820e+01
1.187245e+01
-6.613828e+01
-7.605327e+01
3.732241e+01
2.731052e+01
-3.385448e+01
8.707960e+01
-4.113685e+01
-3.598515e+01
-1.024212e+02
3.309687e+01
-6.452672e+01
-5.876547e+01
3.906214e+01
4.833460e+00
-2.685111e+01
-2.243368e+00
9.735478e+00
9.897643e+00
-1.965890e+01
1.990986e+01
-1.149830e+01
-5.206461e+01
-7.285476e+01
2.262033e+01
-8.518057e+00
8.678744e+00
1.660800e+01
-4.713234e+00
-4.829337e+00
9.461556e+01
-6.544785e+01
-6.674736e-02
-1.099832e+00
2.480983e-02
-2.160601e+00
-2.223749e+01
3.472845e+01
7.744112e+00
8.082247e+00
9.636013e+00
1.067865e+01
-2.534037e+00
6.908314e+00
-2.960537e+01
-1.111271e+02
-7.174701e+01
-1.467492e+01
-1.386683e+01
-2.858555e+00
-8.380080e+00
-3.110686e+01
-2.463270e+00
1.757594e+00
2.053301e+00
1.443663e+00
3.308628e+00
-1.842681e+00
-2.598265e+01
-3.054984e+01
-1.922228e+02
-7.233287e+00
2.661611e-01
-1.514571e+02
5.985498e+01
6.087650e+01
6.373989e+01
6.186271e+01
3.930931e+00
-1.017185e+02
-6.262285e+00
-5.230156e+01
1.002995e+01
-6.732734e+01
-1.332706e+01
-4.921832e+00
4.528399e+01
-1.433443e+01
3.018716e+01
1.124134e+01
-6.235055e+00
-9.315064e+00
-9.595965e+00
4.703168e+01
3.054579e+01
7.672062e+00
8.967876e+00
7.214416e+01
6.581679e+01
-1.502102e+02
9.985285e+00
-6.905040e+01
-1.195609e+02
-5.679346e+01
5.016141e+01
-3.708434e+01
-4.227713e+01
-1.439625e+01
-5.861359e+00
-9.239517e+01
-9.326098e+01
6.996488e+01
8.022615e-01
3.133167e+01
-1.960912e+01
3.542968e+01
1.389477e+02
-1.112500e+01
-7.827799e+00
-1.084249e+01
-9.926826e+01
-1.853331e+01
-3.629785e+01
-1.261604e+01
-3.000735e+01
-7.794941e+00
-3.853801e+01
-6.467876e+00
-1.189918e+01
-3.795687e+01
-9.731282e+01
-8.316373e+01
-7.797341e+01
-1.658503e+01
-2.106198e+01
-2.245152e+00
-2.123100e+01
-3.649861e+01
1.066652e+01
9.563259e+00
-1.118039e+01
-2.869248e+01
5.454355e+00
1.379287e+01
-2.593180e+01
-1.491192e+01
-2.978591e+00
-1.747166e+01
2.923634e+01
4.520825e+01
3.386221e+01
-3.204273e+01
-2.042521e+01
-8.051307e+01
-2.022007e+01
-1.802838e+01
1.520706e+01
-1.019337e+01
-1.640436e+01
-1.352595e+01
-2.620685e+01
2.133403e+01
4.176984e+01
-1.956173e+01
-5.911775e+01
-6.411257e+01
-1.180246e+01
3.452864e+01
-3.148675e+00
-3.529190e+01
-5.607616e+01
1.093762e+01
-9.688376e+01
-1.324050e+01
1.286533e+01
-4.056897e+01
-9.498169e+00
2.187227e+01
-1.052086e+01
-1.466703e+01
3.320752e+00
-7.327566e+00
3.675710e+01
-5.532873e+01
-5.103018e+01
3.219110e+01
3.926421e+00
-1.219311e+01
-1.178201e+01
4.061916e+01
-6.886525e+01
2.611707e+00
-9.540158e+00
-9.912508e+00
-5.980757e+01
-1.148500e+02
-9.093363e+00
-4.097823e+00
1.643333e+02
2.523772e+02
1.531757e+01
-3.341463e+01
3.887053e+01
2.742745e+01
9.547072e+00
1.016629e+01
1.165888e+01
-1.222883e+01
-1.143231e+02
1.541451e+01
6.623442e+01
7.243001e+01
-8.942996e+01
5.396482e+01
-7.046519e+01
-4.674190e+01
-4.527583e+01
-4.246224e+01
-3.996229e+01
1.785793e+01
-3.421952e+01
1.018070e+01
-3.214768e+01
-3.022967e+01
8.247327e+00
-2.537225e+01
-2.712237e+01
1.586233e+00
3.123446e+00
2.415508e+00
-2.384748e+01
-2.238859e+01
1.336813e-01
-1.948494e+01
-2.092555e+01
-1.454512e+00
-4.140794e+00
-2.753609e+00
-1.629651e+01
-4.821772e+00
-6.141787e+00
-1.312503e+01
-9.328246e+00
-1.247998e+01
-1.564927e+01
-1.617250e+01
-6.705216e+01
5.268244e+01
-6.954849e+01
1.213213e+02
1.023563e+01
-1.743191e+02
5.708039e+01
3.048011e+01
-6.954498e+01
-7.468744e+01
1.719886e+01
-1.966241e+01
1.421535e+02
-1.225182e+01
-2.719824e+01
-1.479805e+01
-4.065826e+01
-5.133723e+01
-5.293183e+01
-5.436648e+01
-5.481447e+01
-5.134679e+01
-1.815242e+01
9.467744e+00
-1.626154e+02
-4.416550e+01
-3.183324e+01
-8.479252e+00
-9.298984e+01
3.078758e+01
-1.461362e+01
-1.353807e+01
-4.668961e+01
4.743165e+00
-1.275044e+01
2.281278e+01
7.430541e+01
-3.320798e+01
-9.148771e+00
-2.450999e+01
-1.101446e+01
1.785856e+02
2.264259e+00
-1.162887e+01
4.636483e+01
-6.376920e+00
-1.210465e+02
-1.636119e+01
-9.208802e+01
7.905147e-01
2.796309e+01
1.153816e+02
-8.331194e+01
6.080123e+00
-1.293401e+02
1.234580e+01
-1.379230e+01
-3.794928e+00
-1.252275e+01
-4.965677e+01
-4.026009e+01
2.529268e+01
8.036996e+00
1.535722e+00
3.424589e+01
3.067014e+01
4.393381e+01
-2.755262e+01
-2.036511e+02
-1.036269e+01
1.180626e+01
1.431376e+01
-4.965764e+00
1.907051e+01
2.560471e+01
-1.301088e+02
9.372583e+01
1.402205e+01
-4.748792e+00
-2.249055e+01
-4.297133e+01
-6.553253e+01
-5.929928e+01
-3.226149e+01
-5.288690e+01
-2.454655e+01
8.043401e+01
-1.594806e+02
6.508183e-01
-4.321961e+01
8.982843e+00
-2.236579e+01
-1.124966e+01
-6.057802e+00
-9.245046e-01
-5.086376e+01
3.395496e+01
-2.367146e+01
-7.123839e+00
-1.965982e+01
-2.158748e+01
-1.545445e+01
-5.580074e+01
-5.671305e+01
-8.572660e+01
5.154305e+01
3.154085e+01
-4.436885e+01
-4.939955e+01
-1.044296e+01
-2.041934e+01
-4.508548e+01
-3.226655e+01
-1.406291e+01
-2.779640e+01
-3.213806e+01
-3.913859e+01
-3.401186e+01
-8.009918e+00
-3.552798e+01
-1.001143e+01
-6.168927e+01
4.937383e+01
-1.710860e+01
-1.171746e+01
-3.692634e+01
-2.187940e+01
-4.126201e+00
-5.477127e+01
-3.211950e+01
-4.637039e+01
-5.938724e+00
3.692471e+01
2.791348e+01
-9.124292e+00
2.536775e+01
-1.306067e+01
-1.542157e+00
-6.492588e+01
-2.432807e+01
-2.000503e+01
2.259995e+01
-4.012296e+01
-1.447757e+01
-1.067719e+02
-8.788888e+00
1.623145e+01
-3.370415e+00
1.055725e+01
2.703520e+00
-1.676951e+01
-9.028819e+00
-2.220961e+00
-3.937722e+01
-8.442551e+01
-3.105569e+00
-1.404467e+01
-1.383216e+01
-9.645062e+00
-1.356592e+01
-1.046157e+02
-7.985228e+01
-7.132962e+01
-1.048171e+02
-6.590161e+00
-1.075199e+01
-1.026087e+01
-7.448671e+00
-1.627671e+01
-1.596883e+01
4.487562e+01
4.073536e+01
-3.578183e+01
-4.155183e+01
-2.774314e+01
1.919142e+01
5.391855e+00
-4.624137e+00
-5.618219e+01
-2.738598e+01
-3.740635e+01
-2.637858e+01
3.500853e+00
-2.817857e+01
-2.994282e+01
-3.324283e+01
3.369793e+00
-2.125625e+01
4.374350e+00
5.436925e+01
-5.396406e+01
-3.413859e+01
1.390434e+01
-3.920728e+01
1.141929e+01
-5.112374e+01
2.761930e+01
1.854531e+01
5.237460e+01
1.499321e+01
1.285979e+02
-9.803084e+01
-1.461946e+01
1.282001e+00
6.548462e+01
8.036682e+01
1.057717e+01
1.458223e+00
-1.811342e+01
1.277004e+00
1.738274e+01
5.881842e+01
-9.011045e+01
-3.969473e+01
1.771377e-01
3.879255e+01
1.412059e+01
1.461466e+00
-2.448362e+00
3.583587e+01
-1.248822e+02
-6.203888e+01
6.596493e+00
1.882939e+01
-3.314139e+01
-4.387106e+01
-4.512059e+01
-5.323941e+01
1.336750e+01
-6.876053e+00
-2.149917e+01
-4.191788e+01
-3.852461e+01
4.804254e+00
-5.990999e+01
1.784539e+00
2.808447e-02
-4.931972e+01
-4.731855e+00
-1.025150e+01
-2.897527e+01
2.499016e+01
1.488783e+01
1.380841e+01
-3.389165e+01
3.635845e+01
-1.560598e+01
-1.841462e+01
9.897034e+00
-1.263323e+01
-6.770096e+00
-1.212119e+01
-1.070666e+01
-1.175621e+01
3.026160e+01
-2.877038e+01
-1.025324e+01
-1.422886e+01
-8.724373e+00
-1.134951e+01
-4.918251e+01
2.428251e+01
-1.559870e+01
-3.398627e+01
-9.221732e+00
4.526587e+00
-3.189166e+01
-4.023248e+00
-1.097740e+02
-8.039067e+00
1.732622e+01
3.999667e+01
5.927922e+01
1.656640e+01
-1.808582e+01
1.843851e+01
-1.106227e+01
-2.388003e+01
-1.378140e+01
-2.920892e+01
-1.595445e+01
-3.832534e+01
2.257545e+01
-1.673188e+01
5.649949e+01
-4.285175e+01
-5.440056e+01
-4.617709e+01
-1.153631e+01
-1.121098e+01
1.181211e+02
1.718192e+02
-5.653789e+00
1.031889e+01
9.309553e+00
-6.284091e+01
-2.267570e+01
1.381721e+01
-1.056302e+01
-3.305008e+01
-1.777503e+01
4.625773e+00
-1.087261e+01
-2.884594e+01
-7.164450e+00
4.769870e+00
7.969520e+01
6.479297e+01
2.451977e+01
-1.037771e+01
-3.160184e+01
-1.033420e+01
-1.603972e+01
-3.194647e+01
-4.066651e+00
-1.360471e+01
-7.810563e+01
-1.450706e+01
6.092904e+01
4.018368e+01
-1.219924e+02
-1.580663e+01
-2.987965e+01
-2.228220e+00
2.691728e+01
8.507431e+00
7.097341e+01
-7.732597e+00
7.347856e+01
-1.206046e+02
-3.693727e+01
-2.977208e+01
-3.458714e+01
8.818257e+00
-1.968572e+01
-1.226646e+01
-2.293512e+01
-1.377249e+01
-1.883237e+01
1.746199e+01
2.561149e+01
-3.853633e+01
-5.128702e+01
3.395892e+01
8.266121e+00
6.418724e+01
-2.167424e+01
-9.525280e+00
-2.688393e+01
-9.105866e+00
-2.927516e+01
-1.325303e+01
-8.283706e+00
-1.442794e+01
-2.925698e+00
-7.795436e+01
-3.962925e+00
5.399631e+01
-7.381079e+00
-3.213926e+01
-1.207605e+01
7.871838e+00
5.680267e+01
2.592388e+01
-2.327437e+01
-1.533704e+01
-1.350540e+02
3.369054e+01
6.387029e+01
-1.660571e+01
2.873721e+01
5.831374e+01
-6.699994e+01
2.203940e+00
-3.589182e+01
-8.042563e+01
-3.695767e+01
-1.640394e-01
1.045606e+01
-3.803695e+00
1.261303e+01
5.808919e+00
-4.387326e+00
-2.690590e+01
-6.954453e+00
-1.045980e+02
-1.850950e+01
-7.987609e+00
1.277696e+01
-6.224681e+01
3.070658e+01
-7.330983e+01
-1.008404e+02
-1.653731e+01
1.273206e+02
-3.906165e+00
-1.063772e+01
-5.970185e+00
2.424608e+01
2.995348e+01
2.087699e+00
-1.025457e+01
-4.428728e+00
-3.725569e+01
-1.892390e+01
-2.321448e+00
-2.563120e+01
-3.703417e+01
-3.660517e+01
-9.249930e+00
-2.015143e+01
-1.501488e+01
-4.188343e+00
-7.360901e+01
1.920383e+02
-1.039062e+01
-8.649114e+01
2.468403e+01
5.424128e+01
-1.607689e+01
-4.938865e+01
-3.642190e+01
-1.601398e+01
2.114417e+01
-9.341254e+00
-4.122209e+00
-2.490068e+01
-1.562198e+01
-1.068627e+01
-6.120949e+01
-6.021750e+01
-3.305714e+00
3.934680e+01
-1.544532e+01
-1.572106e+02
-1.182415e+01
3.532862e+01
1.644577e+01
-1.446784e+01
-3.894452e+01
4.255733e+00
-2.237595e+01
-1.592117e+01
-3.748967e+01
-1.301440e+00
1.742932e+01
-2.136641e+01
-5.365434e+01
4.482213e+01
-1.026989e+01
1.966086e+01
-7.740331e+00
-1.007777e+01
-3.213918e-01
-7.362688e+01
1.388511e+01
-1.093794e+01
-4.575142e+01
3.755213e+01
2.097322e+01
-2.385169e+01
7.920855e+01
1.138342e+01
8.722272e+00
-1.097025e+01
-2.341562e+01
-1.534854e+01
3.010356e+01
-2.305160e+01
-1.006192e+02
8.998087e+00
-5.058676e+01
-2.042988e+00
-2.011592e+01
-3.763151e+01
5.232128e+00
1.529388e+01
8.737221e+00
1.636826e+01
-4.763999e+01
-4.845079e+01
2.571973e+01
1.134669e+01
6.623308e+01
-1.488246e+01
-3.940620e+01
-3.176720e+01
-3.096291e+00
-4.120452e+01
-2.647641e+01
-5.224788e+01
-5.571915e+01
-4.465490e+01
6.361585e+00
-1.076204e+01
1.743290e+00
-7.844069e+01
1.893798e+01
2.800525e+00
6.120211e+00
-4.175883e+01
-2.510550e+02
-1.246048e+01
4.634000e+01
-1.560550e+01
-8.212485e+01
5.965672e+01
-7.811059e+01
-1.252914e+01
-4.965172e+00
3.543745e+01
1.890494e+01
3.045844e+02
-1.711384e+01
1.873964e+01
-2.260226e+01
4.996569e+01
-5.419126e+00
-3.219408e+01
8.493713e+01
2.169346e+01
-3.237374e+02
2.083608e+01
-3.985383e+01
-6.975375e+01
-6.451437e-01
2.268527e+01
6.362190e+01
-4.305152e+01
-3.984997e+00
-1.387725e+01
3.505071e+00
-7.588004e+01
-7.494118e-01
1.248892e+01
2.695786e+01
-4.583228e+01
-5.058157e+01
-1.658998e+01
5.065693e+01
-1.235043e+02
-1.509650e+01
-8.384311e+00
7.277796e+01
-2.590385e+01
2.385010e+00
-1.048249e+01
-4.832742e+01
-1.140485e+01
7.293854e+00
2.791169e+01
-5.450220e+01
-8.649406e+00
1.563370e+01
-8.560363e+00
-9.496585e+00
-5.116507e+00
-9.901451e+00
6.976935e+01
2.315635e+01
-8.370276e+01
-5.014455e+01
-3.662597e+00
-1.002684e+02
-1.070329e+02
3.647996e+01
-3.599571e+01
-2.430456e+01
5.245583e+01
-1.429279e+01
1.640907e-01
-1.176816e+01
7.739582e+01
6.773282e+01
9.113730e+00
8.288689e+00
9.289541e-01
-4.490714e+00
-1.010965e+01
2.101068e+00
3.025800e+02
-2.388115e+01
-4.097713e+01
2.212974e+01
2.440786e+01
-1.543643e+01
-8.154362e+00
3.562426e+01
1.119981e+01
-4.353851e+00
7.584044e+00
-1.201355e+02
-7.572807e+01
1.231658e+02
-1.131902e+01
-2.974524e+01
-9.188710e+00
3.597126e+00
7.228025e+01
-3.164054e+01
-2.270687e+01
-7.639131e+01
-3.082704e+01
-5.332019e+00
-2.522043e+01
-7.311571e+01
-1.761444e+01
-4.549431e+01
-3.667961e+00
-9.413186e+01
-4.754862e+01
-1.520550e+02
-3.109050e+01
-2.482886e+01
1.487165e+02
-1.496072e+01
-3.863892e+00
-4.587017e+01
-6.979446e+00
-2.161542e+02
-2.483625e+01
-5.523472e+01
4.053340e+00
-5.116896e+01
6.801762e+01
2.048350e+01
-2.102120e+01
-8.673132e+01
-2.162224e+01
-1.547525e+02
-1.032863e+01
1.532319e+01
-4.651693e+01
-7.746677e+00
-2.667602e+00
1.754144e+01
7.864873e+00
-2.126938e+01
-1.012955e+01
-2.925667e+01
2.842201e+01
-4.827744e+01
-3.077800e+01
-5.292497e+01
-5.672723e+00
1.463230e+01
-2.960555e+01
-1.418551e+01
-2.693273e+01
1.224997e+01
1.226197e+02
-1.867333e+01
7.503888e+01
5.769734e+01
-9.529645e+01
1.197570e+02
-1.435817e+01
2.351579e+00
-5.579983e+01
-2.876739e+01
-8.593120e+00
-6.904485e+01
-4.216569e+01
-2.575593e+01
-7.725550e+01
-1.183559e+01
-7.560683e+00
-4.903378e+01
-5.120733e+01
-7.460760e+00
-3.552835e+01
6.604996e+01
5.861793e+01
2.044067e+01
-1.985013e+01
-5.455347e+01
-6.534105e+01
-3.751822e+01
-5.517222e+01
-4.446897e+01
-9.696883e+01
-1.731409e+01
-1.453404e+02
6.147972e+00
-1.260378e+01
-4.395255e+01
5.566850e+00
-3.177788e+01
-2.076505e+01
6.355350e+01
-5.754103e+00
-1.064851e+02
6.086810e+00
-6.626568e+01
-6.651547e+01
-4.288774e-01
-1.482950e+01
-1.080658e+01
7.598447e+01
2.284120e+01
-1.055957e+01
-7.645118e+00
-9.039110e+01
-2.973362e+01
2.204780e+01
6.381231e+00
-4.359080e+01
-5.886172e+01
-7.663720e+01
9.682610e+00
-2.459585e+01
7.230935e+00
-9.931841e+00
-1.830178e+01
-1.944570e+01
-1.471591e+01
-2.760982e+01
2.332576e+01
-9.558209e+00
5.149832e+01
1.008779e+01
1.340929e+01
-2.776575e+01
-8.095749e+00
-5.857975e+01
5.273562e+00
-6.287940e+00
3.992134e+00
-1.178515e+01
-1.910284e+01
-6.994734e+00
-3.149519e+00
-2.526653e+01
1.098405e+02
-9.103248e+00
-6.083950e+01
-9.990343e+00
-9.409440e+00
-3.269537e+01
2.878265e+01
-1.368640e+02
8.991735e+01
-1.048596e+01
-2.689206e+01
-1.451620e+01
-1.210413e+00
-9.754548e+00
-7.236110e+01
4.724477e+01
4.876623e+01
-1.999905e+01
-1.386857e+01
-1.396183e+01
1.172447e+00
-6.908300e+01
-2.118956e+01
1.963855e+00
-8.809455e+00
5.605293e+00
2.503355e+01
-3.351618e+01
-7.570871e+01
2.540874e+01
1.260558e+01
-1.759461e+01
5.154879e+01
-3.420854e+01
6.721013e+01
-3.855257e+01
-1.160679e+01
8.793053e+01
7.386882e+01
1.126149e+01
-9.393889e+01
1.950296e+00
-1.016364e+01
3.492929e+01
1.495992e+01
-1.039028e+01
4.085327e+01
-1.296256e+02
-1.284079e+02
-4.956398e+01
-2.693567e+01
1.305392e+02
-2.570247e+01
-2.267176e+01
-3.369380e+00
9.472525e+01
3.867360e+01
-1.606943e+01
-9.292333e+00
2.632172e+01
-1.006881e+01
-2.696889e+01
-7.720139e+01
-2.019342e+01
-1.114314e+01
-5.923532e+00
-3.190191e+00
-4.773674e+01
-4.645767e+01
-9.031376e+00
-2.952690e+01
2.907881e+01
-2.552927e+01
-3.238029e+01
1.165967e+02
-2.425258e+01
4.942278e+01
1.009006e+02
1.329578e+01
-2.714176e+01
9.616698e+01
-1.017954e+01
1.344779e+00
2.387785e+01
-1.032414e+01
-1.836053e+01
-2.457889e+01
-1.270157e+01
-3.525639e+01
5.015971e+01
-7.381958e+00
-1.503060e+01
-4.495852e+01
-7.379155e+01
-4.935158e+01
-1.553046e+01
-1.218432e+01
-2.339642e+01
-2.029561e+01
1.285168e+01
1.318272e+01
-2.127623e+01
-2.856318e+01
1.192926e+01
-1.145699e+01
1.782735e+01
-1.605967e+01
-2.022487e+01
6.665705e+01
-1.532234e+01
1.074432e+02
-2.119207e+01
5.502139e+01
-2.302057e+01
-2.232125e+01
2.020634e+01
2.518082e+00
-1.041419e+01
-3.892734e+01
-2.389815e+01
-2.844005e+00
-1.212341e+01
1.927064e-02
-8.829275e+00
-2.228096e+01
-1.226091e+02
-5.673831e+01
-1.100348e+01
-4.782829e+01
3.552023e+00
-7.158689e+00
1.116543e+02
-1.074329e+01
-1.862191e+01
-1.928789e+01
1.075276e+01
-8.093189e+01
-2.889007e+01
-4.601393e+01
-8.169210e+01
7.306432e+01
1.005614e+01
2.372753e+01
1.896969e+01
-1.810544e+01
-1.379488e+01
-6.996730e+01
-1.670813e+01
1.533570e+01
3.341404e+01
-2.562347e+01
-1.513496e+00
-9.173021e+00
-4.188451e+00
-1.247754e+02
4.183013e+00
-1.150546e+02
-1.222464e+01
5.855129e+01
6.391754e+01
-3.518178e+01
-6.247728e+01
-1.510120e+01
1.121932e+02
-9.501947e+01
-2.084058e+01
-1.399854e+01
8.967729e+01
4.184101e+01
-5.275014e+01
-9.162228e+00
-8.566646e+01
1.929225e+01
-1.192703e+01
2.738442e+01
-1.085650e+00
5.154107e+01
-2.151294e+01
7.974691e+00
1.597012e+01
-1.101941e+01
-1.106900e+01
2.657792e+01
-7.248030e+01
2.921492e+00
-1.616749e+01
3.777300e+01
-4.615635e+01
-6.452039e+00
-2.088496e+01
-3.729416e+01
2.506762e+01
-2.379111e+01
-1.387037e+01
-2.071416e+01
7.378455e+01
2.794299e+01
2.555295e+01
9.230472e+00
-2.714140e+01
2.524850e+01
-1.575548e+01
-1.739180e+02
-1.330095e+02
-4.435107e+01
-1.234324e+01
2.071889e+01
-1.687268e+01
2.465975e+01
-1.757237e+01
-8.328220e+01
-1.848730e+01
3.516839e+00
-1.799807e+01
1.970926e+02
-4.587311e+01
-1.146504e+01
-1.996796e+01
-9.815489e+00
1.860349e+01
4.190905e+01
-1.120413e+01
4.797414e+01
-1.158814e+01
-1.089167e+02
-8.117051e+00
1.070531e+02
-1.939072e+01
2.336137e+00
-2.148582e+01
-1.126198e+00
3.163766e+01
-1.995735e+01
-1.301704e+02
-5.896616e+01
-1.885864e+01
-1.313736e+01
-3.140338e+01
-2.553874e+00
1.315064e+01
7.028104e+01
5.293937e+00
4.344546e+00
-1.149876e+01
-4.282420e+01
-1.010710e+02
-4.533854e+01
-4.942378e+01
4.273595e+01
4.636622e+00
3.913102e+00
-1.230986e+01
-3.629625e+01
-4.708938e+01
-9.032826e+01
-1.279488e+01
2.361662e+01
-1.047244e+01
-1.770695e+01
1.016319e+01
-1.268690e+01
1.294552e+01
1.095150e+02
2.061270e+01
-9.242052e+01
2.059921e+01
1.387416e+01
2.585006e+00
-1.240388e+02
-1.519651e+01
3.815315e+01
4.602922e-01
8.749615e+00
-4.797663e+01
-2.456685e+01
-4.275302e+01
-9.762240e+00
-6.658026e+01
2.772524e+01
7.807079e+01
2.079124e+01
-1.009161e+01
2.526963e+01
-7.442079e+00
-2.014345e+01
-2.681514e+01
-1.171493e+01
-1.105289e+01
-3.351660e+01
-7.735886e+01
-1.293139e+01
1.371628e+02
1.942982e+01
-9.621536e+01
-1.516225e+00
3.465576e+02
-4.577327e+00
-7.102645e+01
-2.027786e+01
-4.224783e+01
1.170276e+01
-2.385820e+00
-3.540633e+01
-5.209557e+01
-9.199875e+00
-1.355599e+02
-9.244032e+00
-4.872528e+01
-1.194109e+01
-1.230913e+01
-7.926274e+00
4.420937e+01
-3.508575e+01
-9.643700e+01
-1.549733e+01
-4.184009e+01
-2.076500e+01
6.655950e+01
-3.952578e+00
6.908487e+00
5.322317e+02
-3.309083e+00
-1.776460e+01
-4.088934e+01
-4.851016e+01
1.676339e+01
-2.535905e+01
-3.114080e+00
1.871734e+02
-2.928316e+01
-1.680727e+01
-1.221153e+02
-2.328605e+01
-1.442483e+01
-1.412530e+01
-5.065399e+01
-2.876613e+02
1.810225e+01
-1.911622e+01
-1.342456e+01
-9.880435e+01
-6.680037e+01
1.583739e+02
-5.534263e+02
-4.838560e+01
-4.723021e+01
2.325664e+01
1.171681e+02
-2.523533e+01
-1.705297e+02
6.745667e+01
-1.832244e+01
-2.005619e+01
-1.368487e+01
3.208356e+01
1.256575e+01
1.463662e+01
-1.101054e+02
-4.291095e+01
-1.347206e+01
9.246746e+01
-1.256724e+01
-4.208705e+01
-2.136937e+01
3.146800e+01
-7.941836e+00
-2.029479e+01
2.783579e+01
-1.613228e+00
-7.251221e+00
-7.786212e+01
-5.055528e+01
1.620083e+01
-7.393317e+01
-1.560250e+01
-1.257575e+01
-1.450807e+02
-1.820827e+01
-5.156515e+01
-4.483437e+01
2.254612e+01
-4.420656e+01
-2.031637e+01
4.095611e+01
-1.929032e+00
-4.287388e+00
-5.021593e+01
-3.286768e+01
-2.606021e+01
-9.722915e+00
-8.089036e+00
-9.145900e+01
-4.383688e+00
-1.386530e+01
1.277389e+01
-7.666852e+01
-1.634723e+01
-4.020494e+01
-1.978041e+01
-4.127489e+01
-1.700398e+01
2.277647e+01
-2.145605e+01
4.576090e-01
-8.498562e+00
-3.428322e+01
-1.424467e+01
2.247653e+01
3.273417e+01
3.556578e+01
-1.646632e+01
3.571465e+01
7.173386e+00
3.692040e+01
-6.120744e+01
2.878423e+01
4.905567e+01
2.823377e+01
9.011287e+00
-2.730711e+01
-1.872328e+01
-9.728118e+00
9.576409e-01
-2.375206e+02
-5.826945e+01
-5.207809e+01
3.200072e+01
-8.719401e+01
-5.493290e+00
1.334386e+01
-1.151000e+01
9.713608e+01
-1.853418e+01
-3.419501e+01
-1.067617e+01
3.024916e+01
1.064616e+01
-2.485771e+01
-2.087080e+01
-3.778544e+01
-4.337131e+00
1.166459e+02
-1.391920e+01
-7.143209e+01
-3.278763e+01
-3.311148e+01
1.168713e+00
-8.692741e+00
-8.439173e+00
-1.265382e+02
-3.181689e+01
-3.229169e+01
-6.099296e+00
-7.568946e+01
-1.848050e+01
-2.812998e+01
-1.723127e+01
-1.833501e+02
-1.199239e+02
-2.591859e+00
2.552776e+01
5.143240e+01
-1.533129e+01
-1.250096e+01
-1.783932e+01
-2.308365e+02
-4.765838e+01
-1.110407e+02
-1.631280e+01
-2.040907e+01
-3.206902e+01
-1.634135e+01
-1.889600e+01
-1.976682e+01
4.409384e+01
-2.221975e+01
-1.490200e+01
-1.003728e+02
-5.646305e+01
-3.008326e+01
-1.038404e+01
-7.144170e+01
-4.140254e+01
3.030920e+01
3.477962e+01
-5.964222e+01
6.417318e+00
3.024423e+01
-4.083532e+01
-4.478160e+01
1.993832e+01
3.625081e+01
-1.176324e+01
-4.885407e+01
-1.757185e+01
-3.106889e+01
3.554179e+01
-1.438917e+01
-1.062127e+01
-2.848692e+01
-1.720897e+01
-2.348989e+01
-5.593503e+01
5.074648e+01
-5.235517e+00
1.146872e+00
-6.942746e+01
6.919179e+00
-2.905235e+00
2.099569e+01
-4.906384e+01
-1.176713e+02
4.655588e+01
-3.734718e+01
-1.724630e+01
-4.197282e+01
-3.899510e+01
-5.046447e+01
-8.316967e+01
-1.371548e+01
-2.677305e+02
-5.418119e+01
-1.767712e+01
4.675205e+01
-2.247496e+01
-9.788368e+00
-1.103878e+01
-9.371227e+00
-4.362719e+01
-6.736187e+00
2.242614e+02
9.752893e+01
-6.420827e+00
-5.398569e+01
-1.915936e+01
-4.745255e+01
-5.504032e+01
-1.503764e+01
4.209923e+01
1.628389e+02
4.959021e+01
-1.199025e+01
-5.142633e+01
-1.714261e+01
-4.386621e+01
-1.204744e+01
1.380952e-01
2.782472e+01
1.371128e+00
-2.350743e+01
4.513879e+01
-2.926767e+01
9.503281e-01
-1.142805e+02
