1.000000e+00
3.000000e-01
1.000000e+00 0.000000e+00
taylor-hood
bckw_fs
2.268757e-27 1.024302e-27
-1.420874e-27 5.125838e-29
8.333678e-28 1.534839e-27
5.673076e-28 -1.092265e-27
7.408933e-28 -2.039005e-27
-3.192214e-28 3.942897e-27
-1.538394e-27 -8.796252e-28
-8.383830e-28 6.423329e-28
1.072234e-27 2.952245e-27
2.179296e-28 4.417896e-27
-2.969719e-27 -8.257239e-28
-1.015386e-27 -2.089235e-27
-9.192103e-28 -3.015614e-27
-6.115384e-28 8.565149e-28
-2.758704e-28 4.114400e-28
4.256504e-28 2.121816e-27
1.179131e-27 -8.079652e-28
-3.751508e-28 4.119480e-28
1.449872e-27 3.452428e-27
3.912340e-02 2.987805e-27
4.233334e-02 -3.071881e-27
4.268863e-02 2.809785e-28
3.699424e-02 -4.101955e-27
2.312006e-02 1.301913e-27
4.173276e-02 -2.791596e-27
4.251224e-02 -2.978139e-27
4.130519e-02 -9.839646e-28
2.082130e-02 -6.932851e-28
-1.425343e-27 -3.575223e-27
-3.358875e-27 1.825340e-27
2.666535e-27 5.676928e-28
5.930946e-28 -1.134837e-28
-6.205829e-29 -2.147327e-27
1.529663e-27 -6.692450e-28
1.202841e-27 -8.119037e-28
-1.141927e-27 -1.270805e-27
1.142236e-27 -3.853278e-27
-2.255504e-27 -1.327648e-28
8.465252e-28 -2.814974e-27
1.366845e-27 -1.829125e-27
1.821339e-27 1.976180e-27
2.503373e-27 -4.859231e-27
1.471769e-28 -4.135872e-28
7.430309e-28 -6.208243e-28
-7.710707e-28 1.820462e-27
-2.036186e-29 -2.816492e-27
1.389196e-27 1.896391e-27
1.402445e-27 2.614848e-28
5.435818e-28 -3.014937e-28
-2.248769e-27 -4.584304e-28
-3.442172e-27 -5.911410e-28
-1.517278e-27 -1.958302e-27
-3.093113e-27 1.687989e-27
-1.533617e-27 2.703983e-28
-3.054777e-29 -4.995210e-28
-1.412332e-27 -2.261302e-27
-1.045539e-27 -2.660891e-27
1.721239e-27 2.516965e-27
1.781201e-02 -1.539874e-27
2.718119e-02 -4.188691e-28
2.845897e-02 2.276516e-28
2.813752e-02 -3.022898e-27
2.773677e-02 -2.010648e-27
2.673653e-02 3.761730e-27
1.641973e-02 5.686830e-28
1.069014e-02 -2.106193e-27
2.339900e-02 -2.456142e-27
2.823812e-02 -9.980352e-28
2.836465e-02 -1.677566e-27
2.802184e-02 9.201161e-28
2.747660e-02 -8.895402e-28
2.239630e-02 8.752222e-28
1.190411e-02 -3.123854e-27
-2.664941e-27 -8.263122e-28
-8.975963e-28 -1.745827e-27
-6.479285e-28 -9.755648e-28
1.110500e-27 1.251427e-27
2.754474e-28 -2.398716e-27
-2.254516e-27 -1.276569e-27
-5.043058e-30 -1.663326e-27
2.254650e-27 -2.343352e-27
9.878470e-28 -6.455197e-28
6.132046e-28 -8.070181e-28
-8.596234e-28 7.545107e-30
1.076715e-27 -7.218692e-28
-1.326882e-27 -2.225721e-27
-8.728846e-28 -1.144209e-27
-1.031997e-27 1.764183e-27
-1.163448e-27 2.890809e-27
3.324650e-27 1.629718e-27
2.911195e-27 3.723781e-27
1.481955e-27 5.148866e-28
2.608051e-02 -1.415391e-03
1.258065e-02 -1.082223e-03
2.783840e-02 -3.653116e-04
1.878297e-02 -1.065337e-03
3.257465e-02 -8.630988e-04
7.013006e-03 -1.747397e-03
3.612026e-02 8.207964e-05
1.646161e-02 -8.210693e-04
3.527342e-02 -2.075641e-03
3.602130e-02 -1.003409e-02
3.977310e-03 -6.733028e-03
3.320254e-02 -1.339037e-03
4.023938e-02 -3.974482e-03
3.852572e-02 -9.758276e-03
4.196626e-02 3.269171e-04
2.808426e-02 -3.876154e-04
3.206179e-02 -1.157077e-02
3.446795e-02 -9.421470e-03
3.086302e-02 -1.145192e-02
3.297032e-02 -8.850000e-03
2.993883e-02 -8.690604e-03
3.003189e-02 -6.353515e-03
2.936524e-02 -5.846314e-03
2.857648e-02 -4.091414e-03
2.893460e-02 -3.733732e-03
2.832710e-02 -2.935588e-03
2.878162e-02 -2.607185e-03
2.828587e-02 -2.195874e-03
3.438733e-02 -7.153313e-03
2.783792e-02 -3.078146e-03
2.866268e-02 -1.894661e-03
1.669381e-02 -6.882054e-04
4.066062e-02 -1.662311e-03
4.201004e-02 -2.461888e-03
4.194149e-02 -8.103548e-04
2.785837e-02 -2.342803e-03
2.323970e-02 -1.093524e-02
2.738263e-02 -5.065102e-03
3.575821e-02 1.370743e-03
2.814999e-02 -1.466213e-03
2.754709e-02 -1.788238e-03
2.807652e-02 -1.684314e-03
2.737907e-02 -1.151179e-03
1.987367e-04 -3.006526e-11
2.563882e-02 -1.040639e-03
3.885003e-03 -1.395838e-03
9.296321e-03 -5.524140e-03
3.457687e-02 -4.713007e-04
4.128229e-02 -2.789163e-03
3.884891e-02 -3.899589e-03
3.033441e-02 -1.158857e-03
2.815793e-02 -1.245520e-03
3.127680e-02 -3.131895e-03
2.897562e-02 -2.278474e-03
2.346399e-02 -1.342736e-03
2.086523e-02 -1.079161e-03
2.677460e-02 -2.488937e-03
2.850242e-02 -1.168629e-03
1.450495e-02 -8.337326e-04
1.615572e-02 -7.184379e-04
1.015040e-02 -1.351285e-03
3.632502e-02 7.548722e-04
4.219867e-02 4.177720e-04
4.260368e-02 -2.924006e-04
4.188252e-02 1.219583e-04
3.695610e-02 -7.144196e-04
4.246252e-02 -1.472826e-03
2.770873e-02 -3.421069e-03
4.100890e-02 -5.198945e-03
2.825609e-02 -4.978678e-04
2.667864e-02 -4.312527e-04
2.628688e-02 -8.037238e-03
-7.376536e-04 -3.608550e-04
3.523358e-02 -3.724146e-03
4.132118e-02 4.363591e-04
4.057628e-02 -1.944447e-04
3.370207e-02 -1.341379e-03
2.293440e-02 4.105157e-05
2.336136e-02 -3.762304e-04
2.578606e-02 -1.244506e-03
1.648797e-02 -8.448203e-03
4.111879e-02 1.891293e-05
4.060917e-02 -6.364797e-04
3.933853e-02 -6.989727e-03
3.142033e-02 -4.966866e-03
1.450254e-02 -4.350429e-03
2.455396e-02 -1.868814e-03
2.905825e-02 -3.567542e-03
1.663567e-02 -6.003381e-04
2.340556e-02 -2.522855e-03
1.872634e-02 -4.037385e-03
2.162268e-02 -3.212448e-03
2.770505e-02 -2.312360e-03
2.768922e-02 -2.478939e-03
2.649733e-02 -9.628647e-04
2.805170e-02 -8.249071e-04
2.621835e-02 -1.813236e-03
2.790976e-02 -1.129060e-03
2.177240e-02 -1.510843e-02
5.818877e-03 -4.952982e-03
3.302624e-02 -2.393026e-04
3.092227e-02 5.839908e-04
1.443322e-02 4.068236e-04
1.360103e-02 -6.611613e-04
-5.428200e-04 -1.632004e-04
4.083391e-02 -1.504302e-04
4.215711e-02 4.952360e-04
2.748852e-02 -7.013974e-04
2.518128e-02 -1.365450e-03
2.166089e-02 -1.305748e-03
2.247924e-02 -9.529378e-04
2.251962e-02 -9.354170e-04
1.637046e-02 -4.508465e-04
2.731017e-02 -1.779714e-03
2.764601e-02 -1.441879e-03
2.851439e-02 -2.983860e-03
2.820079e-02 -2.673362e-03
2.905206e-02 -3.130197e-03
2.791436e-02 -2.700101e-03
2.845944e-02 -3.418066e-03
6.121939e-03 -5.159966e-03
1.128808e-02 -6.817348e-03
1.085072e-02 -9.195528e-03
1.899163e-02 -1.137114e-02
9.368267e-03 -1.168088e-02
2.367139e-02 -1.566017e-03
2.292504e-02 -1.179916e-03
1.764198e-02 -7.929284e-04
1.671394e-02 -1.303730e-04
2.261978e-02 -7.764014e-04
2.245190e-02 -5.673672e-04
3.916801e-02 -5.241660e-03
3.711862e-02 -5.170163e-03
3.707772e-02 -3.447273e-03
1.661090e-02 -4.387420e-03
2.332374e-02 -5.997823e-03
2.100003e-02 -6.160224e-03
3.314097e-02 -3.639902e-03
3.497845e-02 -5.574385e-03
3.304159e-02 -5.135039e-03
3.131975e-02 -4.396966e-03
3.040974e-02 -3.663654e-03
2.988159e-02 -3.142334e-03
2.596358e-02 -1.325094e-03
3.010686e-02 -4.533996e-03
2.601814e-02 -7.457291e-04
2.353091e-02 -1.041979e-03
1.373121e-02 -2.762423e-03
1.208637e-02 -2.893682e-03
2.826188e-02 -5.785591e-04
2.842879e-02 -1.108423e-03
2.851974e-02 -8.928754e-04
4.106799e-02 9.553437e-05
4.214428e-02 2.865446e-04
4.063428e-02 7.174154e-04
4.098399e-02 -4.937009e-03
4.186421e-02 -3.577149e-03
4.124904e-02 -2.957219e-03
2.726201e-02 -2.390259e-03
2.750023e-02 -2.824663e-03
3.264646e-02 -6.408997e-03
2.774689e-02 -2.834725e-03
2.734682e-02 -2.539797e-03
3.662624e-02 -7.662645e-03
4.149524e-02 -3.623967e-03
4.196972e-02 -2.868629e-03
4.229332e-02 -1.197244e-03
4.259332e-02 -7.940853e-04
4.230652e-02 -5.022364e-04
1.731889e-02 -3.113800e-04
2.715516e-02 -9.992896e-04
1.699860e-02 -3.538478e-04
4.044192e-02 -6.483517e-03
4.016717e-02 -6.088674e-03
2.093063e-02 -5.189103e-04
1.964248e-02 -5.189103e-04
3.030136e-02 -2.036750e-03
2.908069e-02 -2.120955e-03
4.058853e-02 -3.835500e-05
4.109734e-02 1.432288e-05
3.975765e-02 1.693297e-04
4.213645e-02 7.406082e-04
4.236030e-02 2.679719e-04
2.450435e-02 -6.517036e-03
3.669448e-02 -3.603477e-03
1.165673e-02 -5.114901e-03
1.881353e-02 -7.511749e-03
1.534749e-02 -7.706313e-03
1.163828e-03 -3.489594e-04
1.868204e-03 -1.519973e-03
2.484208e-04 -7.516315e-12
2.926330e-02 -9.068233e-04
1.805053e-02 -3.113800e-04
1.861809e-02 -2.897142e-04
7.888059e-03 -3.546936e-03
5.593434e-03 -2.778632e-03
3.435560e-02 -7.557565e-04
1.936042e-02 -3.353448e-04
2.858460e-02 -1.061655e-03
2.843712e-02 -9.377052e-04
2.796502e-02 -5.144137e-04
2.819006e-02 -4.248123e-04
1.318368e-02 -2.697902e-04
1.983208e-02 -9.637545e-04
1.287270e-02 -2.663342e-04
2.489815e-02 -8.031736e-03
4.203437e-02 -2.022449e-03
4.224533e-02 -1.940439e-03
4.015077e-02 -8.097752e-04
4.065461e-02 -3.228078e-04
1.929738e-02 -2.897142e-04
2.007429e-02 -8.835972e-03
1.318422e-02 -6.147312e-03
3.781457e-02 -1.284076e-03
3.833275e-02 -1.845765e-03
2.484208e-04 -7.516315e-12
2.506996e-02 -1.890712e-03
2.426285e-02 -1.873155e-03
3.918258e-02 1.872412e-04
4.132894e-02 3.692605e-04
2.212722e-02 -1.063448e-03
1.382312e-02 -2.697902e-04
1.450036e-02 -3.356840e-04
3.162241e-02 -2.157877e-03
4.202502e-02 -1.551890e-03
1.529345e-02 -3.356840e-04
2.047691e-02 -2.157747e-04
1.997606e-02 -2.157747e-04
3.864902e-02 -1.614771e-03
3.757410e-02 -1.911007e-03
3.363318e-02 -9.170269e-04
5.397413e-03 -1.265657e-03
1.996444e-03 -3.489594e-04
2.783027e-03 -4.368493e-04
3.542925e-02 -5.897327e-04
2.117875e-02 -1.178252e-04
2.166983e-02 2.051991e-05
2.866294e-02 -1.564003e-03
2.843478e-02 -1.254608e-03
2.851142e-02 -1.751727e-03
4.032573e-02 -2.901403e-03
3.642901e-02 -2.027034e-03
2.811198e-02 -2.027321e-03
8.237786e-03 -1.796095e-04
8.719290e-03 -2.052673e-04
2.090361e-02 -1.178252e-04
1.618297e-02 -3.538478e-04
2.827240e-02 -1.857147e-03
2.853760e-02 -2.022184e-03
2.869547e-02 -1.491154e-03
2.878014e-02 -1.730233e-03
3.149671e-02 -8.984154e-04
1.140097e-02 -1.720513e-04
1.100680e-02 -1.720513e-04
4.230018e-02 -1.082935e-04
4.196132e-02 -2.483995e-04
8.687221e-03 -1.796095e-04
2.875322e-02 -2.280211e-03
2.858728e-02 -2.431029e-03
7.149824e-03 -2.084331e-04
1.358971e-02 -8.063202e-04
6.673353e-03 -2.705557e-04
2.476582e-02 -1.021347e-03
8.250840e-03 -2.052673e-04
1.549512e-02 -6.415884e-04
7.639927e-03 -2.084331e-04
1.225762e-02 -2.663342e-04
2.832229e-02 -2.600761e-03
2.859070e-02 -2.774157e-03
3.959720e-02 -1.227844e-03
2.803644e-02 -1.944272e-03
2.878803e-02 -2.162391e-03
1.141546e-02 -1.016008e-03
5.415528e-03 -3.378211e-04
6.038006e-03 -2.705557e-04
2.795067e-02 -1.380860e-03
2.753018e-02 -1.368153e-03
2.798622e-02 -1.565296e-03
4.618110e-03 -3.378211e-04
8.655298e-03 -1.249113e-03
3.820709e-03 -4.368493e-04
2.800266e-02 -2.026773e-03
3.651146e-02 -9.748971e-03
3.887934e-02 -5.542925e-03
4.075596e-02 1.791718e-04
3.632097e-02 -1.096310e-04
4.090367e-02 2.201624e-04
3.613437e-02 6.044896e-05
2.120781e-02 1.887180e-04
2.164579e-02 1.887180e-04
2.162232e-02 2.051991e-05
2.012060e-02 -1.786049e-04
1.974567e-02 -1.786049e-04
1.845936e-02 -3.347592e-04
1.764064e-02 -3.347592e-04
3.508075e-02 -3.765381e-04
4.246849e-02 -9.022797e-05
4.229096e-02 2.556526e-04
2.004576e-02 3.426857e-04
2.085515e-02 3.426857e-04
2.714465e-02 -7.341977e-04
2.720491e-02 -6.063994e-04
2.678251e-02 -3.742693e-04
4.238391e-02 5.431462e-04
4.258539e-02 1.376084e-04
2.900562e-02 -3.523742e-03
2.889420e-02 -3.070040e-03
2.892207e-02 -3.231415e-03
3.296760e-02 -1.339323e-02
3.437844e-02 -1.223936e-02
2.807344e-02 -3.052441e-03
2.832794e-02 -3.736958e-03
2.849379e-02 -3.666520e-03
2.882557e-02 -2.465279e-03
2.762683e-02 -3.886387e-03
2.909106e-02 -4.483267e-03
1.552729e-02 -2.487542e-03
2.876558e-02 -3.445731e-03
3.464082e-02 -2.247926e-03
2.924714e-02 -5.440396e-03
2.920689e-02 -4.799867e-03
2.880402e-02 -3.951933e-03
2.682421e-02 -1.020116e-03
2.688080e-02 -1.457059e-03
2.708315e-02 -1.795003e-03
2.718893e-02 -2.176999e-03
2.764103e-02 -2.111682e-03
2.944636e-02 -8.441040e-03
2.900714e-02 -9.980993e-03
2.782148e-02 -2.720686e-03
2.922218e-02 -7.081635e-03
2.967359e-02 -7.555398e-03
2.735809e-02 -1.885717e-03
4.013562e-02 -4.594050e-03
2.921970e-02 -5.106311e-03
2.695124e-02 -6.739338e-04
2.746685e-02 -1.839880e-04
3.355016e-02 -8.331994e-03
3.501816e-02 -8.927003e-03
3.386729e-02 -9.784112e-03
2.784492e-02 -2.233264e-04
2.805418e-02 -1.230963e-04
3.330756e-02 -2.118104e-03
2.823769e-02 -2.074197e-04
2.840100e-02 -1.566430e-04
2.924680e-02 -5.278479e-03
2.954932e-02 -6.331592e-03
2.841862e-02 -1.475199e-04
2.774555e-02 -8.898972e-05
2.916432e-02 -1.163743e-02
3.019369e-02 -1.057657e-02
2.693796e-02 -5.801271e-03
1.018785e-02 -2.585799e-03
2.009637e-02 -1.576600e-03
1.903845e-02 -1.756302e-03
3.025148e-02 -7.792370e-03
1.814710e-02 -2.012519e-03
1.680234e-02 -2.202330e-03
4.130707e-02 -2.037945e-03
4.059960e-02 -2.495821e-03
3.134325e-02 -7.690696e-03
3.082209e-02 -9.319886e-03
2.775997e-02 -3.015429e-04
2.579077e-02 -1.841154e-03
2.260273e-02 -2.500449e-03
2.027134e-02 -3.347455e-03
4.137869e-02 -1.131871e-03
2.851894e-02 -4.939856e-04
2.076736e-02 -1.305988e-03
3.187474e-02 -1.035072e-02
1.853638e-02 -3.353448e-04
3.283836e-02 -1.037570e-02
2.747337e-02 -5.499454e-04
2.481112e-02 -2.940207e-04
2.676816e-02 -4.299187e-04
2.743342e-02 -6.070165e-04
2.686776e-02 -7.121275e-04
4.216502e-02 2.274670e-04
4.072151e-02 5.696687e-04
3.942095e-02 -7.860569e-04
4.217941e-02 -2.316888e-04
3.147472e-02 -1.077439e-02
3.372715e-02 -1.046200e-02
3.551477e-02 -1.043324e-02
3.797134e-02 -7.677459e-03
4.035263e-02 -5.519110e-03
1.090187e-02 -1.500845e-04
3.856043e-02 -3.263025e-03
9.943276e-04 -7.915162e-04
9.943276e-04 -3.087817e-03
2.404751e-02 -1.791696e-03
1.193917e-02 -9.220678e-03
2.993823e-02 -1.417437e-02
1.127042e-02 -1.500845e-04
4.135718e-02 -6.493286e-04
4.065131e-02 -7.879856e-04
-1.844134e-04 3.031935e-04
-1.844134e-04 7.533831e-04
2.651875e-02 -2.068468e-03
2.763149e-02 -1.050895e-02
2.490548e-02 -9.696114e-04
2.619359e-02 -3.426196e-04
2.869671e-02 -3.934544e-03
2.038838e-02 -3.370345e-04
3.599117e-02 -9.200386e-03
2.550441e-02 1.049444e-04
2.802901e-02 -2.333946e-03
3.219950e-02 -6.843594e-03
2.805583e-02 -2.736720e-03
3.810299e-02 -7.428027e-04
1.974708e-02 -6.437424e-04
2.081748e-02 1.207820e-04
4.242853e-02 2.096056e-04
4.243566e-02 2.833425e-04
2.819338e-02 -1.163860e-03
2.797789e-02 -8.865186e-04
2.648731e-02 -2.122931e-03
3.347115e-02 -2.651984e-04
2.615729e-03 -2.806080e-03
2.671551e-02 -1.076576e-02
7.911284e-03 -4.374401e-03
4.156854e-02 -9.671112e-05
1.215277e-06 -4.080009e-05
-1.357050e-04 -4.080009e-05
2.541939e-02 -3.687834e-04
1.802154e-02 -5.982566e-05
1.785809e-02 -5.982566e-05
3.593180e-02 1.028900e-03
1.580353e-02 1.459977e-04
1.620240e-02 1.459977e-04
3.362087e-02 -1.231662e-03
2.809421e-02 -5.116240e-04
3.061898e-02 -5.849022e-03
2.708865e-02 -2.007220e-03
2.955209e-02 -4.981909e-03
3.824923e-02 -5.128890e-04
2.597115e-02 -3.397308e-03
2.657942e-02 -2.923020e-03
8.644187e-03 1.017059e-04
8.960366e-03 1.017059e-04
7.580700e-03 -1.652903e-04
7.054599e-03 -1.652903e-04
2.669757e-02 -2.442487e-03
2.551499e-02 -4.104815e-03
4.228235e-02 7.313140e-04
2.434456e-02 -4.648323e-03
1.579424e-02 1.133160e-04
1.587921e-02 -1.022886e-04
3.789645e-02 -7.399376e-04
-1.935632e-04 -4.981661e-04
2.882548e-02 -1.350773e-02
4.230303e-02 4.301083e-04
-1.357050e-04 3.202111e-04
4.230236e-02 4.632541e-04
2.782202e-02 -1.278435e-03
2.807935e-02 -1.448831e-03
3.604332e-03 -2.338655e-03
2.720763e-06 -1.805063e-04
3.632752e-05 -5.975787e-04
4.247951e-02 3.778989e-04
4.174089e-02 9.296797e-05
2.020208e-02 1.617387e-06
1.560518e-02 -5.428097e-05
1.491395e-02 -2.794765e-04
2.792962e-02 -6.945875e-04
4.003340e-02 -2.092116e-04
3.805256e-02 1.240989e-04
2.577326e-03 -2.966835e-03
3.407832e-02 9.245448e-04
3.441713e-02 -5.171377e-04
4.165469e-02 2.251601e-05
4.073031e-02 -2.050284e-04
1.879862e-02 3.500106e-04
1.930577e-02 -5.733616e-04
2.790599e-02 -3.913035e-04
