1.000000e+00
0.000000e+00
0.000000e+00 0.000000e+00
taylor-hood
cavity_normal
-3.571004e-17 1.182555e-16
3.991333e-17 1.975556e-17
-3.497475e-17 -2.187272e-17
-5.981641e-17 -1.260151e-16
-3.108180e-17 5.284565e-17
-9.216532e-17 -8.300815e-17
1.319666e-16 -1.143027e-16
-3.826969e-17 5.658027e-17
-1.094985e-16 -1.800724e-17
-7.318630e-17 7.902593e-17
-6.487372e-17 -1.177355e-17
-1.504266e-17 -3.600696e-17
2.513894e-17 7.478897e-17
3.762982e-17 6.043336e-17
3.010430e-18 6.715525e-17
-3.563446e-18 4.592353e-17
1.220985e-16 -1.995686e-18
-1.189707e-16 -1.090599e-17
4.218345e-17 5.692813e-17
6.374465e-17 -7.237960e-17
7.670327e-17 4.558514e-17
4.730957e-17 2.885973e-17
-4.451891e-17 -9.801374e-17
3.184100e-17 -1.905507e-17
8.430160e-17 -1.620827e-17
6.193211e-17 -1.425179e-17
-8.563447e-17 7.219399e-18
6.981532e-18 1.516616e-16
9.233000e-17 -9.791971e-18
-5.062619e-17 4.365565e-17
-6.254554e-17 -1.312885e-16
4.581324e-17 2.135945e-17
-3.791706e-17 -2.405137e-17
1.284365e-17 3.427943e-17
-6.722393e-18 6.032927e-17
-1.172498e-16 -1.099326e-16
-4.670937e-17 1.681987e-17
-2.523007e-17 -7.400394e-17
1.292609e-16 6.340463e-17
-1.028031e-18 -1.124595e-17
5.041798e-17 -5.105970e-17
1.331404e-17 -2.584113e-17
5.122200e-17 -3.945842e-17
-5.403162e-17 4.981761e-17
-1.944382e-17 -2.775559e-17
5.762382e-17 -6.958558e-17
-2.507396e-17 -1.450598e-16
2.730360e-17 3.474969e-17
4.134867e-17 -1.729857e-17
-4.467036e-17 -4.256649e-17
-2.097496e-17 -7.466205e-17
1.901797e-16 7.908496e-17
8.970094e-17 -9.152386e-17
1.480600e-16 5.620581e-17
-1.144364e-16 -7.289286e-17
4.301458e-17 2.080377e-16
-1.540327e-16 3.187217e-16
1.548011e-16 -1.971521e-16
-2.339117e-18 7.366227e-18
9.224522e-17 6.722458e-17
2.385263e-17 -1.041962e-16
-7.298680e-18 -5.582920e-19
-2.664758e-17 5.844388e-17
-9.899398e-17 -1.010931e-17
-1.482565e-16 5.826948e-17
1.416936e-16 3.629930e-17
2.058638e-17 2.957230e-17
2.354646e-17 2.044136e-17
1.272660e-17 3.078690e-17
4.154200e-17 2.114285e-17
-9.033234e-17 8.223164e-17
-4.651422e-18 -8.853944e-17
4.569739e-18 2.201290e-17
6.698730e-02 -2.631163e-17
2.500000e-01 3.437154e-17
5.000000e-01 -3.065617e-17
7.500000e-01 7.239207e-17
9.330127e-01 -9.307892e-17
1.000000e+00 5.881666e-18
9.330127e-01 2.353074e-18
7.500000e-01 9.676091e-17
5.000000e-01 1.491118e-16
2.500000e-01 1.322839e-16
6.698730e-02 -7.144239e-17
1.703709e-02 -1.963791e-16
1.464466e-01 1.109885e-16
3.705905e-01 -9.418683e-17
6.294095e-01 2.978694e-17
8.535534e-01 -1.241048e-16
9.829629e-01 1.275122e-16
9.829629e-01 -3.240988e-18
8.535534e-01 -3.526580e-17
6.294095e-01 -9.476512e-18
3.705905e-01 -4.617920e-17
1.464466e-01 6.639986e-17
1.703709e-02 1.121992e-16
-9.341607e-03 -9.423813e-02
4.769339e-01 3.287815e-02
-6.552726e-03 6.430046e-02
-4.359336e-02 -9.792839e-04
3.226279e-01 -1.664978e-01
-7.378487e-03 -2.384651e-02
-8.449399e-03 1.457384e-01
-2.772349e-02 9.079630e-03
-6.050703e-03 -1.434545e-01
3.330301e-01 1.467397e-01
-1.659067e-02 -3.824804e-03
-1.030008e-02 3.055446e-02
-5.044436e-03 -2.836693e-03
1.116038e-01 -1.420250e-01
1.061465e-01 1.187528e-01
-4.971707e-03 6.870688e-03
-1.052276e-02 -6.865606e-02
-4.234092e-02 -1.365471e-01
-3.680594e-02 -1.764954e-01
-6.693486e-02 -1.639960e-01
-7.882495e-02 -1.320886e-01
-1.097020e-01 -1.401368e-01
-1.010762e-01 -1.701761e-01
-1.280767e-01 -1.153637e-01
-1.407110e-01 -9.419497e-02
-1.470913e-01 -5.039138e-02
-1.484873e-01 -4.679844e-02
-1.449397e-01 6.347058e-03
-1.576447e-01 2.727809e-03
-1.464966e-01 -4.027834e-03
-1.320883e-01 5.461883e-02
-1.266300e-01 -1.523608e-01
-1.219176e-01 -6.228946e-02
-1.274929e-01 3.376939e-02
-1.133836e-01 7.001051e-02
-1.213776e-01 9.869992e-02
-8.828523e-02 -1.981236e-01
-8.869270e-02 -1.718531e-01
-9.173056e-02 4.188682e-02
-1.160376e-01 -7.425915e-03
-9.127536e-02 9.602981e-02
-9.688353e-02 1.350667e-01
-3.873881e-02 -2.307131e-01
1.549863e-02 -1.799098e-01
-5.418593e-02 -8.971125e-02
-1.346715e-01 1.306409e-01
-1.088242e-01 1.763121e-01
-1.236882e-01 1.560090e-01
-9.087831e-02 2.019835e-01
-8.354595e-02 1.777892e-01
-4.366994e-02 2.268013e-01
-1.250006e-01 1.018008e-01
-6.013222e-02 1.103551e-01
-6.895897e-02 2.080546e-01
9.922711e-02 -9.420128e-02
-4.520354e-02 -2.450412e-01
1.207212e-02 -2.505759e-01
-5.963937e-02 1.248483e-01
-5.260925e-02 8.414571e-02
2.061940e-01 -1.595604e-01
4.250493e-01 -5.718665e-02
4.176844e-01 1.015993e-01
1.504000e-01 1.876401e-01
1.088611e-01 2.220303e-01
1.363046e-01 1.099727e-01
2.157485e-01 1.458159e-01
7.626319e-02 2.057506e-01
2.004025e-02 1.304733e-01
-6.444526e-03 2.053765e-01
-1.173125e-02 -1.217619e-01
-2.674774e-02 -8.575810e-03
-5.271120e-02 -2.161093e-02
-2.602584e-02 -1.063712e-02
-6.116700e-02 -3.932566e-02
-2.271397e-02 -2.926342e-02
-6.292562e-02 -6.119234e-02
-6.595822e-02 -2.843341e-02
-1.655975e-02 -1.488514e-02
-3.321410e-02 -3.688204e-02
-6.945422e-02 -8.907763e-02
-3.141917e-02 -5.085177e-02
-1.309386e-02 -1.538034e-02
-6.136288e-02 -1.189265e-02
-7.079205e-02 -6.273460e-03
-7.996549e-02 -1.383077e-02
-1.068704e-01 -3.219043e-02
-7.380324e-02 1.111616e-02
-6.734239e-02 1.708279e-02
-4.268090e-02 3.738841e-03
-7.917538e-03 4.459386e-02
-1.292203e-02 9.044965e-02
-8.302436e-02 -4.773559e-02
2.835258e-03 -1.558511e-01
-9.066502e-03 1.372967e-02
-1.850577e-02 9.667877e-03
-9.523914e-03 2.951823e-03
-2.333952e-02 1.755905e-02
-3.597186e-02 2.969406e-02
-4.772794e-02 1.516944e-02
-1.931126e-02 3.461848e-02
-4.917635e-02 5.290851e-02
-1.292375e-01 -8.070601e-02
-1.167085e-02 -2.293541e-03
1.190537e-02 4.299864e-03
-1.513037e-01 7.943183e-02
-1.407888e-02 1.150283e-01
8.135704e-02 -2.290110e-01
1.151182e-01 -2.191358e-01
-1.037844e-01 4.971258e-03
-1.555579e-01 -6.533835e-02
-1.483427e-01 6.577579e-02
-1.507107e-01 5.964266e-03
-6.955216e-02 1.628672e-01
-1.036292e-01 -1.020208e-01
-6.430214e-02 -2.102903e-01
-5.161419e-02 2.448301e-01
3.483686e-02 -2.113805e-01
-3.194467e-02 -2.020483e-01
-1.662852e-02 -2.227616e-01
-3.844627e-02 3.554823e-03
-7.085384e-02 2.377376e-02
1.008804e-02 2.423110e-01
2.180445e-02 -1.291149e-01
-3.307210e-04 -2.509684e-03
-6.666471e-02 3.925661e-02
-7.445922e-02 6.407004e-02
-2.626263e-02 5.944436e-02
-2.621611e-02 8.775534e-02
-3.291555e-02 1.210998e-01
-3.624285e-02 1.582748e-01
-3.837200e-02 1.907443e-01
-5.755733e-03 1.901213e-01
2.066512e-01 -2.240842e-04
-4.360461e-02 -9.681687e-02
-9.654216e-02 -7.565595e-02
-6.423644e-03 -3.130614e-02
2.561107e-01 -1.196329e-01
-1.145584e-02 1.651397e-03
-1.455383e-03 1.144857e-01
4.925681e-01 -9.130377e-02
-4.985586e-02 1.461129e-02
-1.323342e-01 -3.265163e-02
-6.135221e-03 -9.215690e-03
-9.996219e-02 2.135620e-02
9.629037e-04 2.547300e-04
3.005518e-02 -6.605509e-02
3.973221e-02 6.966795e-02
1.935716e-03 -1.614265e-03
5.551371e-02 2.344252e-01
-2.096815e-02 2.277549e-01
7.194639e-01 8.471377e-03
4.636520e-01 -6.203805e-03
6.889806e-01 -1.457804e-02
2.873411e-02 1.076553e-01
-2.220180e-02 5.423265e-02
7.058588e-02 5.834213e-02
-1.140880e-02 -9.287259e-03
-7.977045e-03 -1.070739e-02
-1.161446e-02 -1.590433e-02
1.162830e-01 -1.814664e-01
7.009635e-02 -2.148449e-01
6.608239e-02 -1.817371e-01
-2.794274e-02 -8.421991e-02
-2.409543e-02 -6.487021e-02
-1.141311e-02 -4.866612e-02
-3.964634e-02 -7.433408e-02
-1.502116e-02 -4.645054e-02
3.447387e-01 2.355381e-02
3.214091e-01 -3.630596e-02
6.472895e-02 1.527182e-01
-3.482538e-02 1.559547e-01
6.659542e-01 -4.648419e-02
-7.689436e-02 -1.105477e-01
-9.449601e-02 -1.137076e-01
-8.966895e-02 -9.815633e-02
-1.173334e-01 -4.723614e-02
-9.713686e-02 -4.274739e-02
-1.081577e-01 -5.869722e-02
-5.894085e-02 2.404890e-02
-7.079620e-02 3.244666e-02
-5.291771e-02 2.613663e-02
5.010064e-03 7.790691e-02
5.010064e-03 6.702709e-02
-2.595935e-03 7.379556e-04
-9.936443e-04 7.379556e-04
1.743791e-01 -1.387750e-01
1.840871e-01 -1.749516e-01
1.883714e-01 -2.030469e-01
1.023995e-01 -2.350101e-01
2.127822e-01 -1.975299e-01
-3.036726e-02 9.119544e-03
-4.014054e-02 1.075289e-02
-3.797522e-02 1.930523e-02
-3.663577e-03 -6.425431e-03
-9.936911e-03 -1.368783e-02
1.710100e-02 1.045669e-01
9.933052e-03 4.476708e-02
-1.910108e-03 4.813268e-03
1.586492e-03 -4.035661e-04
-1.271569e-01 -4.745784e-02
-1.211628e-01 -3.217535e-02
-1.708438e-02 -2.695082e-02
-1.758512e-02 -2.040168e-02
-1.047265e-02 -1.900470e-02
9.673073e-02 2.320929e-03
1.726750e-01 5.121474e-02
2.680791e-01 -1.700422e-01
1.407697e-01 -1.925973e-01
-1.349313e-02 -3.259193e-02
-2.926723e-02 -4.424138e-02
-4.928673e-02 1.731015e-02
-6.057055e-02 1.904189e-02
-5.890500e-02 -9.157399e-02
-6.252482e-02 -1.160852e-01
-1.406162e-02 -1.795049e-02
-1.495286e-02 -1.907436e-02
2.837045e-02 -1.744118e-01
5.756919e-02 -1.447224e-01
-9.214001e-03 -9.155766e-03
-3.426585e-03 -2.269909e-03
-2.784730e-02 -3.244995e-02
-9.342988e-02 -1.159218e-02
-8.984912e-02 -2.074766e-02
-1.133814e-01 -1.784764e-02
-1.027855e-01 -8.984228e-02
-8.303287e-02 -8.382836e-02
-8.335895e-02 3.173456e-02
-7.954660e-02 4.222686e-02
1.552296e-01 1.637764e-01
8.294161e-02 1.991954e-01
-8.163992e-02 5.622888e-02
-7.032957e-02 5.287270e-02
-5.722686e-02 5.114402e-02
-6.315825e-02 6.378842e-02
-9.272127e-02 1.867981e-03
-7.715423e-02 -8.213079e-03
-3.803173e-02 1.232525e-02
-1.408706e-02 5.633428e-02
-2.557284e-02 7.526514e-02
-1.668444e-02 6.662844e-02
2.962770e-01 -1.520829e-01
-1.742380e-02 6.686830e-03
-1.781865e-02 2.551406e-03
-4.680325e-03 1.757057e-01
-2.314601e-03 1.655065e-01
-2.580776e-03 1.320025e-01
-7.196428e-02 -1.311528e-02
-7.302844e-02 -1.377842e-03
-6.964880e-02 1.586915e-02
-7.218922e-02 4.414589e-03
-5.899615e-02 6.989319e-03
-5.992117e-02 8.574939e-04
-2.131924e-02 -2.448210e-04
-4.381917e-02 2.856724e-04
-2.103714e-02 9.347102e-04
-5.622233e-02 -2.681565e-03
-1.886728e-02 9.347102e-04
-1.512676e-03 -7.258299e-02
-9.422367e-03 -1.334284e-01
-2.932812e-03 -6.717548e-02
-1.749665e-02 -1.761233e-01
-2.175870e-02 -1.631449e-01
-5.752304e-03 -1.509570e-01
-6.848308e-03 -1.929403e-01
-1.359280e-02 -1.868468e-01
1.377101e-02 -1.906318e-01
5.415453e-03 -2.199929e-01
4.569150e-01 8.193499e-02
2.806814e-01 1.260317e-01
2.956725e-01 7.285121e-02
1.626527e-01 7.845402e-02
1.571860e-01 1.468175e-01
2.458661e-01 8.585735e-02
6.988500e-01 3.702774e-02
6.493698e-01 5.459920e-02
2.715848e-01 1.479421e-01
8.239329e-02 1.719832e-01
1.156549e-01 1.928163e-01
-2.335402e-03 -5.351163e-02
-2.335402e-03 -4.811825e-02
1.659673e-01 1.999785e-01
9.115293e-02 2.250167e-01
-1.107736e-02 -8.161758e-02
-2.630691e-03 -4.172273e-02
-5.991666e-02 -2.788044e-02
-6.563690e-02 -1.698413e-02
-6.052260e-02 -1.852567e-02
-3.626702e-02 -7.294363e-03
-4.815593e-02 -1.431061e-02
-5.081076e-02 -8.613218e-03
-7.475360e-02 -1.921193e-02
-6.997387e-02 -1.278736e-02
-2.075385e-02 -2.448210e-04
-1.654244e-02 -2.143952e-03
-5.706153e-02 -5.187446e-02
-7.107234e-02 -5.502642e-02
-6.646201e-02 -4.193238e-02
-2.932812e-03 -6.040532e-02
5.109596e-01 8.699277e-02
3.817341e-01 1.366821e-01
5.905261e-01 7.547173e-02
-4.241138e-02 -1.313258e-02
3.315467e-01 9.335756e-02
-1.638182e-03 3.358822e-02
-1.979384e-03 2.833431e-02
-8.053525e-03 5.460945e-02
-8.235336e-02 -3.120641e-02
2.416581e-01 1.797298e-01
-2.375219e-02 -1.187981e-01
-2.469521e-02 -1.009958e-01
-2.506950e-02 -2.145763e-01
-1.638182e-03 3.737144e-02
-1.132293e-02 7.645572e-02
-3.230508e-03 4.390874e-02
-9.814377e-02 1.086529e-01
-1.183735e-01 5.738762e-02
-8.168117e-02 6.055617e-02
-1.994504e-02 -1.088774e-02
-1.980788e-02 -4.951466e-03
-1.486069e-02 -9.364155e-03
-7.348087e-03 2.196161e-02
-1.414925e-02 2.933030e-02
-1.504639e-02 3.618259e-02
-2.575020e-03 1.435004e-02
-2.266626e-03 1.014723e-02
4.081170e-02 1.335764e-01
5.044132e-02 1.804857e-01
-5.190566e-02 3.857741e-03
-9.051931e-03 -9.562009e-04
-2.098346e-02 -4.398140e-03
-1.159120e-02 -2.143952e-03
-1.512676e-03 -7.607637e-02
-2.473304e-02 -6.081781e-03
-1.391065e-02 -2.094027e-03
-6.432907e-02 -3.420886e-02
-7.427166e-02 -3.515870e-02
-3.142566e-02 2.453008e-02
-2.864550e-02 3.266165e-02
-2.167275e-02 2.396508e-02
-1.060574e-02 2.215579e-02
-2.575020e-03 2.033124e-02
-6.167055e-03 3.791366e-02
-1.979384e-03 2.367607e-02
7.088145e-04 -7.895643e-02
4.262393e-01 9.463028e-02
-3.247356e-02 -9.569322e-03
-1.558421e-01 4.299161e-02
-1.527775e-01 7.392263e-02
-1.566438e-01 4.025199e-02
1.402962e-02 1.781649e-01
2.720843e-02 2.132632e-01
-4.053110e-02 3.992804e-02
-3.292987e-02 4.501298e-02
-1.464070e-01 1.102336e-01
-1.426390e-01 9.985511e-02
-1.422410e-01 5.206207e-02
-1.339504e-01 5.196345e-03
-6.843679e-03 -9.562009e-04
-1.418032e-01 8.966054e-02
-1.537369e-01 4.698230e-02
-6.427394e-02 -1.034217e-02
-2.944570e-03 9.806854e-03
-7.883535e-03 1.351905e-02
-1.261109e-03 -2.699984e-03
-1.261109e-03 1.000810e-04
2.751213e-01 1.669450e-01
-9.847719e-03 9.522843e-03
-1.182894e-02 1.951551e-03
1.693713e-01 -8.785575e-02
9.317727e-02 -6.603381e-02
-1.061322e-02 7.595405e-03
-2.202478e-02 1.495688e-02
-1.242927e-03 3.140300e-03
-2.266626e-03 4.885020e-03
-4.213768e-02 -4.826827e-02
-5.013453e-02 -5.483590e-02
9.320804e-02 5.812593e-02
-3.988734e-02 -2.451272e-02
-2.468774e-02 -1.808624e-02
-4.278491e-02 -3.655271e-02
-3.821419e-02 -1.723179e-02
-5.264324e-02 -3.199900e-02
-5.596610e-03 -5.733853e-04
-1.242927e-03 1.939165e-04
-4.956006e-02 -6.593417e-02
-5.195375e-02 -7.138407e-02
-1.582687e-01 5.129805e-03
-6.624987e-02 -7.344695e-02
-3.448612e-02 2.550257e-02
-4.073584e-02 2.649322e-02
7.088145e-04 -7.731052e-02
-1.255042e-01 1.140526e-01
-1.349156e-01 8.671112e-02
-6.628986e-02 -2.018682e-01
-1.482883e-02 -2.066021e-01
-4.694081e-02 -1.762482e-01
-2.112350e-03 7.587799e-02
-3.519719e-03 6.564239e-02
-9.491164e-03 1.311559e-01
-1.057361e-01 1.658985e-01
-1.240495e-01 1.305206e-01
-1.057126e-01 1.412643e-01
-7.788287e-02 1.510049e-01
-7.427597e-02 -1.318895e-01
-9.704212e-02 -8.678553e-02
-1.090702e-01 -1.270677e-01
-1.227462e-01 1.563377e-01
-1.340409e-01 1.445073e-01
-1.193047e-01 1.708865e-01
-4.263973e-03 -5.733853e-04
-1.092586e-01 1.203899e-01
-1.148335e-01 1.368773e-01
-7.912513e-02 -4.152173e-02
-1.194220e-01 -3.745263e-02
-1.074074e-01 1.823523e-01
-8.555740e-02 1.903466e-01
5.657315e-02 -1.367425e-01
1.042719e-01 -1.743449e-01
1.599529e-01 -1.376068e-01
-2.154514e-02 -1.360723e-01
-2.285464e-02 -1.357454e-01
-4.022528e-02 -1.575800e-01
-2.112350e-03 8.043987e-02
-3.230508e-03 5.136928e-02
-1.064288e-02 1.025720e-01
-3.519719e-03 5.751394e-02
1.984826e-01 2.000446e-01
1.285040e-01 2.230878e-01
-1.112257e-01 -1.626871e-01
-1.290434e-01 -1.166663e-01
3.128859e-01 -1.092167e-01
2.526916e-01 -8.064070e-02
-1.388729e-01 1.201865e-01
-1.009347e-01 1.545682e-01
1.383068e-02 -9.125110e-02
-9.139729e-02 -1.896176e-01
-6.747084e-02 -2.146116e-01
-1.038218e-01 1.908358e-01
-8.662242e-02 1.726196e-01
-8.260731e-02 1.545528e-01
-9.157687e-02 1.952643e-01
-6.958982e-02 1.824294e-01
-1.093611e-01 -1.763742e-01
-1.367623e-02 2.269908e-03
-8.902869e-03 2.269908e-03
-1.139683e-01 -1.447777e-01
-1.129331e-01 -1.607326e-01
-1.287009e-01 -1.336832e-01
-1.062926e-01 1.027977e-01
-9.083236e-02 1.154379e-01
-1.529302e-01 -2.577930e-02
-1.516571e-01 -5.640526e-02
-1.596924e-01 -2.922524e-02
5.111713e-01 -9.369442e-02
4.184482e-01 -1.015995e-01
-8.999064e-02 -1.508765e-01
-8.596430e-02 -1.716094e-01
-1.027833e-01 -1.553115e-01
-1.484827e-01 -2.189755e-02
-1.537365e-01 5.642140e-03
-1.548729e-01 -3.082096e-02
-2.630691e-03 -3.564741e-02
4.373201e-02 -2.464168e-01
5.957725e-02 -2.389342e-01
-5.321304e-02 -1.691118e-01
-5.788168e-02 -1.539853e-01
-1.440625e-01 -7.263072e-02
-1.423893e-01 -3.466902e-02
-7.658460e-02 1.344275e-01
-7.403073e-02 1.166478e-01
-7.944840e-02 -1.472277e-01
-6.549794e-02 -1.323326e-01
5.295693e-02 -4.275826e-02
-2.265529e-02 -4.032601e-02
-1.404731e-01 2.015387e-02
-1.232767e-01 1.492963e-02
-1.347531e-01 -4.612805e-03
-1.483828e-01 3.724641e-02
-8.553342e-02 2.153845e-01
-1.428816e-01 -1.065984e-01
-1.432950e-01 -9.109212e-02
-6.196138e-02 1.432510e-01
-1.185525e-01 -1.301720e-01
-8.048214e-03 -2.506772e-01
2.000896e-02 -2.346629e-01
-1.844622e-03 -1.864654e-02
-1.844622e-03 -1.448167e-02
-1.249878e-01 6.835038e-02
-1.294458e-01 7.692446e-02
-1.172124e-01 8.408392e-02
-1.384917e-01 5.867556e-02
-1.415899e-01 -7.747792e-02
-1.378035e-01 2.879345e-02
-1.306427e-01 4.699884e-02
-1.027675e-01 8.791830e-02
-1.417887e-01 1.551496e-03
-1.376025e-01 3.363202e-02
-1.350637e-01 -1.021675e-01
-1.433836e-01 -7.053444e-02
-1.473550e-01 -4.697723e-02
-1.463635e-01 -2.261707e-02
-1.293924e-01 -1.155307e-01
5.338491e-02 -2.084809e-01
-9.953488e-02 -1.825227e-01
-1.477099e-01 -2.582509e-02
-9.451700e-02 -1.333324e-01
-7.058805e-02 -1.851759e-01
-8.806872e-02 -1.891859e-01
-1.469800e-01 -6.627110e-02
-4.845752e-02 -1.885384e-01
-1.176950e-01 5.884469e-02
-9.741035e-02 5.614358e-02
-1.068448e-01 4.128125e-02
-1.372855e-01 -5.557632e-02
-1.325433e-01 -7.770309e-02
-4.163979e-02 -2.396500e-01
-1.963925e-02 -2.506685e-01
-1.233978e-01 -9.920085e-02
-1.128000e-01 -1.193427e-01
-6.674156e-02 1.999250e-01
-6.516196e-02 2.119139e-01
-5.532118e-02 1.057657e-01
-7.262903e-02 9.539152e-02
-1.189587e-02 -1.076530e-01
-6.607802e-02 -2.267930e-01
-1.147704e-01 -8.002464e-02
-7.885525e-02 -2.095200e-01
-7.048443e-02 2.299343e-01
-6.425145e-02 2.299426e-01
-5.836055e-02 -2.295290e-01
-4.248582e-02 2.375917e-01
2.572570e-02 -2.296984e-01
-2.464178e-02 -1.501102e-01
-3.450754e-02 -1.890112e-01
-4.648721e-02 -2.056840e-01
-5.087457e-03 -2.340955e-01
-4.016123e-02 -2.209237e-01
-2.873421e-02 -2.323703e-01
-1.568721e-02 8.887059e-04
-3.407598e-02 6.421742e-03
-5.010138e-02 6.893146e-03
-4.057663e-02 1.748710e-03
-1.776206e-02 8.887059e-04
-5.294831e-02 6.791708e-02
-3.973589e-02 7.492501e-02
-3.895482e-02 5.899825e-02
-6.575912e-02 7.677934e-02
-3.708486e-02 9.145716e-02
-4.160971e-04 2.332063e-01
4.320930e-02 2.274881e-01
8.382013e-03 -1.452123e-01
-5.916588e-03 -4.888772e-03
5.451113e-03 -5.552776e-02
5.451113e-03 -6.881361e-02
1.156412e-04 -6.274209e-04
-1.388148e-03 -6.274209e-04
-1.585565e-02 4.457540e-02
-4.816461e-02 3.598543e-02
-2.507828e-02 4.555292e-02
-9.270035e-02 7.017362e-02
-8.375882e-02 7.907969e-02
-7.301326e-02 2.168710e-02
-6.712024e-02 2.169301e-02
-1.288213e-01 -1.636952e-02
-4.118912e-03 -2.836091e-02
-5.764514e-02 1.851738e-01
-3.076395e-02 2.090360e-01
1.525366e-01 -4.211649e-02
5.518340e-02 2.378954e-01
-8.143817e-03 2.517691e-01
-1.877304e-02 2.457880e-01
-5.467770e-03 -1.613737e-02
-9.074771e-02 -6.131760e-02
-1.123897e-01 -7.057716e-02
-1.924836e-02 9.303047e-02
-2.391102e-02 1.064613e-01
-4.257224e-02 1.087044e-01
-3.737512e-02 1.376338e-01
-2.227321e-02 1.216713e-01
-2.312008e-02 1.375947e-01
-3.456765e-02 1.744988e-01
-2.439772e-02 1.508759e-01
-1.983297e-02 1.720193e-01
-1.570444e-02 7.826229e-02
-4.970860e-02 1.450233e-01
-4.572776e-02 1.269566e-01
-5.467371e-02 1.650377e-01
-4.950344e-02 1.857798e-01
-5.049915e-02 2.074901e-01
-4.794360e-02 2.240073e-01
-3.029546e-02 1.045484e-01
-4.800094e-02 -1.150824e-01
-1.382176e-02 1.863497e-01
-9.538137e-03 2.186843e-01
-7.545060e-02 -6.553991e-02
-1.605911e-03 -2.226036e-02
-1.605911e-03 -1.751115e-02
2.657748e-01 -6.818959e-02
3.563019e-01 -7.400130e-02
-4.252903e-03 4.128492e-04
-3.638456e-04 6.011358e-02
-4.416299e-02 8.260623e-03
-1.410645e-01 -2.012959e-02
-1.412345e-01 -4.044237e-02
-1.533805e-03 -3.726102e-03
-1.533805e-03 -8.493277e-03
9.933052e-03 1.762947e-02
4.987963e-02 4.172355e-02
4.839289e-04 -4.035661e-04
4.839289e-04 -1.725685e-03
7.026557e-02 8.969376e-02
2.407259e-04 7.213579e-04
2.407259e-04 6.368250e-05
-4.174058e-03 1.123321e-03
4.499274e-02 -4.082034e-02
7.513794e-03 -1.672626e-02
4.147097e-04 6.368250e-05
7.513794e-03 -3.725433e-02
4.068522e-01 -1.296961e-01
3.380861e-01 -1.296945e-01
-5.739436e-02 1.276547e-02
-8.482592e-03 2.432499e-01
-1.073365e-01 1.088418e-02
-8.693940e-02 1.675724e-02
-1.103833e-01 2.620134e-02
6.326352e-01 -6.268396e-02
3.246093e-02 2.503320e-01
8.768779e-02 2.362183e-01
-8.366211e-04 2.350125e-01
-3.683034e-02 2.386217e-01
-3.638456e-04 6.121157e-02
6.412182e-03 1.271423e-01
-3.020283e-03 4.128492e-04
-1.063271e-02 3.793224e-03
4.706323e-01 -8.929698e-02
6.973817e-01 -4.606911e-02
-9.705592e-02 3.409737e-02
2.396384e-02 -9.822225e-02
6.555163e-04 -8.951280e-04
2.956899e-02 2.160021e-01
-3.138582e-02 2.107265e-01
-8.580863e-02 2.446606e-02
-1.649479e-03 -4.555021e-04
6.539208e-02 -1.016047e-01
9.626119e-02 2.198183e-01
