1.000000e+00
0.000000e+00
0.000000e+00 0.000000e+00
taylor-hood
cavity_normal
1.000000e+00 -2.553615e-15
-5.611650e-16 -9.975539e-16
-7.243313e-16 -9.405764e-16
1.000000e+00 5.798417e-16
4.417595e-16 -7.042471e-16
-4.991034e-15 1.124832e-15
-2.093763e-16 2.374274e-15
2.527120e-16 1.587509e-15
1.362282e-16 2.715006e-15
-1.448608e-15 1.096079e-15
-6.925953e-16 -4.235678e-16
-1.003115e-15 7.855270e-16
1.332904e-15 2.610239e-15
-1.036766e-15 1.746373e-15
3.197203e-15 -2.779851e-15
1.847599e-15 -2.309434e-15
-5.272935e-15 -5.824396e-16
-1.180402e-15 4.985497e-15
1.761302e-15 -1.970887e-15
-1.443900e-16 -2.792822e-15
-1.725451e-15 3.251715e-18
1.354173e-15 -1.759937e-15
5.765216e-16 3.560428e-16
4.987630e-17 -1.841627e-15
3.766307e-15 3.293624e-15
-1.334697e-15 1.155624e-15
3.514882e-15 3.949518e-15
-1.760071e-15 -1.509251e-15
-6.692038e-16 4.095394e-16
2.517204e-15 -4.719376e-16
-1.083986e-15 1.683598e-15
3.326964e-16 -4.380134e-16
1.209037e-15 -1.547082e-15
-5.510300e-16 8.330724e-16
9.844263e-16 1.427326e-15
1.499312e-15 2.496388e-15
-1.352713e-15 5.355412e-15
1.406993e-15 -4.060814e-15
-2.408706e-15 3.302232e-16
-9.058395e-16 3.340489e-16
2.384510e-15 6.768294e-16
-4.221910e-16 9.383542e-17
1.096311e-15 1.125873e-15
-5.983091e-17 -1.454075e-15
4.640639e-16 5.984782e-17
-1.551767e-15 7.131909e-16
-4.366957e-16 -2.168967e-15
-3.605521e-16 5.765526e-16
-4.112611e-15 2.647118e-15
-2.638836e-15 1.933226e-15
-1.262499e-15 6.696990e-16
-1.322205e-15 -2.295586e-15
8.268757e-16 5.236625e-16
1.169615e-15 1.645051e-15
-7.817064e-16 -1.730187e-15
-1.803486e-16 1.902816e-15
-2.028354e-15 -3.969972e-16
9.076951e-17 1.221829e-15
-1.750810e-15 -2.335487e-15
1.825994e-15 -3.892729e-16
5.390107e-16 4.033008e-15
1.088678e-15 -1.438522e-15
-2.652491e-15 7.045075e-16
-5.297401e-17 -2.080182e-15
-5.209414e-16 -1.760353e-15
-1.648082e-17 -5.580616e-15
2.349745e-16 -5.514479e-16
1.686795e-15 2.380210e-15
2.733318e-15 2.087726e-15
6.571887e-16 2.299715e-15
-9.867497e-16 -1.541452e-15
2.080205e-16 -7.415181e-16
4.660960e-17 -2.053291e-15
1.000000e+00 -1.999153e-15
1.000000e+00 5.921575e-15
1.000000e+00 6.527243e-16
1.000000e+00 -1.279095e-15
1.000000e+00 7.421830e-16
1.000000e+00 -3.559885e-15
1.000000e+00 4.441056e-15
1.000000e+00 1.612972e-15
1.000000e+00 2.556439e-15
1.000000e+00 8.082383e-16
1.000000e+00 7.543394e-16
1.000000e+00 -2.605240e-15
1.000000e+00 9.722396e-16
1.000000e+00 1.339877e-15
1.000000e+00 -4.328576e-16
1.000000e+00 3.055009e-15
1.000000e+00 -1.835538e-15
1.000000e+00 -2.318478e-15
1.000000e+00 -3.443483e-15
1.000000e+00 1.388649e-15
1.000000e+00 -7.492554e-16
1.000000e+00 -5.694805e-16
1.000000e+00 -1.979562e-15
-1.108874e+00 4.833789e-01
-9.177130e-01 8.841013e-01
-1.974068e+00 9.909291e-01
6.857742e+00 3.429831e-01
3.428454e+00 3.028792e+00
1.015355e+00 -1.448124e-01
1.355591e+00 1.318201e+00
1.564308e+00 -1.603287e+00
-2.091358e+00 -7.914283e-01
8.440079e-01 -1.178839e+00
-3.243905e+00 -3.778646e-01
1.690175e+00 -3.006486e+00
2.446801e+00 3.966450e-01
3.535475e+00 5.970270e-01
-1.581507e-01 6.912648e-01
-1.016604e-01 -1.122169e+00
-3.985345e-01 1.449253e+00
2.623867e+00 8.363731e+00
-3.530297e+00 7.504919e+00
-7.243402e+00 -4.807141e-01
6.512968e+00 5.861118e+00
-1.566807e-01 6.065910e+00
-8.375914e+00 -3.257894e-01
-9.096949e+00 1.000277e+00
8.674264e+00 4.112002e+00
-7.466576e+00 -1.062579e+00
9.477344e+00 6.691837e+00
-5.243048e+00 -3.891841e+00
-5.593042e+00 1.104556e+00
1.035885e+01 2.848995e+00
-3.431304e+00 -6.238920e+00
-5.376288e+00 8.432013e+00
4.739410e+00 2.865892e+00
9.760636e+00 -5.384723e-01
1.870567e+00 -7.672564e+00
-4.090431e+00 -6.314008e+00
-4.295544e+00 -5.579549e+00
-1.567261e+00 6.399844e+00
7.635091e-01 -2.338508e+00
2.945293e+00 4.889275e+00
-7.893219e-01 -1.623758e+00
-5.194219e+00 -1.242710e+00
-5.499885e-01 5.790355e-01
-2.410179e+00 6.529586e-01
-4.335536e+00 3.070742e+00
-1.269125e+00 -9.049927e+00
1.150796e+00 -2.162253e+00
-4.667289e+00 -7.520908e+00
-1.887547e+00 -5.869969e-01
-2.401514e+00 -4.575484e-01
-1.215832e+00 -1.076446e+00
-6.793877e+00 -5.584502e+00
1.450126e+00 -4.900308e+00
-9.161297e-01 -1.007991e+00
-9.021824e-01 4.824617e+00
-3.031906e+00 2.860277e+00
-3.878554e-01 -2.828906e+00
-4.456747e+00 -4.542453e+00
-9.573177e-01 -1.469113e+00
2.496666e+00 -2.691035e-01
2.030108e+00 1.788780e+00
-8.739383e-01 -7.016198e-01
1.536059e+00 -2.971782e+00
1.980539e+00 4.495419e-01
5.646985e-01 -5.864205e-01
6.042269e-01 -2.807730e-01
6.757890e-01 2.226622e+00
-1.006614e-01 -6.016999e-01
6.505187e-01 9.050811e-01
-1.778156e-01 7.785441e-01
-1.662210e+00 4.277600e+00
4.204551e+00 6.003538e+00
-4.382213e+00 -4.530821e+00
2.557260e+00 7.724975e+00
-7.057727e+00 -1.550047e+00
3.196107e+00 6.545532e+00
-5.960451e+00 3.523030e+00
-1.122724e+00 9.452710e-01
2.335025e-01 -6.946680e+00
7.259502e+00 5.902136e+00
3.642144e+00 -6.187115e+00
-5.343159e-01 -4.957022e+00
3.331679e+00 3.038316e+00
4.141506e+00 2.931014e+00
-4.316330e+00 5.579858e+00
3.362137e+00 2.481887e+00
-4.908166e+00 -4.850983e+00
2.280725e+00 -5.515447e+00
7.280429e+00 1.319522e+00
-7.418858e-01 -1.591228e+00
-1.744045e-02 1.550873e+00
-1.121744e+00 3.939152e+00
-7.606904e-01 1.029215e+00
5.473751e-01 -1.620956e-02
3.301407e+00 -6.383078e-01
-1.150247e+00 2.173940e+00
6.061865e-01 -2.712283e+00
1.789086e+00 1.291038e-01
9.356111e-01 -3.559974e+00
4.413776e-01 -1.273139e+00
2.621702e+00 -2.284882e+00
-4.742551e+00 7.306661e-01
1.764317e-03 -5.048643e-01
-2.554194e+00 1.406626e+00
-4.695131e+00 -2.878459e+00
-2.354116e-02 2.011914e+00
8.364073e-01 5.302284e+00
3.420844e+00 -2.835608e+00
-3.123045e+00 -2.106492e-01
-3.599222e+00 -6.581668e-01
-3.861022e+00 -5.718281e+00
-3.917340e+00 1.947842e-01
-2.077734e+00 -1.180346e+00
6.206630e+00 3.791884e+00
-6.242240e+00 2.729174e+00
9.681162e-01 3.163276e-01
-3.815653e+00 -3.059121e+00
-3.715257e+00 -1.966439e+00
1.471329e-01 -3.837116e+00
5.302606e+00 -2.112554e+00
1.377284e+00 -2.738172e+00
1.114041e-01 2.296130e+00
-6.242009e-01 -1.000468e+00
-2.794519e+00 4.721707e-01
1.937688e+00 -2.670992e+00
1.903036e-01 -8.070728e-01
2.771464e-01 -2.187859e+00
-3.542928e+00 -1.476707e+00
-1.926125e+00 -4.244122e-02
-2.983348e-01 -2.004468e-01
1.006804e+00 1.426567e+00
2.441104e+00 -1.066350e+00
-1.535710e+00 1.562070e+00
4.813107e+00 -2.493703e-01
8.087668e+00 5.100916e+00
1.171220e+00 2.951431e-01
3.933752e+00 -2.686206e+00
-8.302119e-01 -8.973861e-01
2.967998e-01 -2.660270e-01
1.103342e+00 2.313442e-01
1.693266e+00 -2.865586e+00
7.380389e+00 5.080493e+00
9.314382e-01 6.211309e-01
2.367242e+00 -1.020288e+00
-2.392585e+00 -1.227492e+00
1.188967e+00 1.080031e-01
-1.618031e-01 -8.263429e-02
-5.916487e-01 -5.635373e-01
1.180683e-01 -1.655560e+00
1.964468e+00 1.097558e+00
-5.221130e-01 2.210253e-01
4.010318e-01 1.087331e+00
9.253108e-02 4.471950e-01
9.526174e-01 -2.858186e+00
-4.398962e-01 -2.800450e+00
-1.074240e+00 -6.188940e-01
1.450633e+00 2.615677e-01
3.557034e-01 -1.056784e+00
-2.924610e+00 -1.909631e+00
4.413759e+00 -1.388280e+00
-4.048448e-01 -3.089805e+00
1.029324e+00 -1.859266e+00
1.409108e+00 1.865413e-01
3.173487e+00 -1.796247e+00
9.088057e-01 1.145483e+00
4.959883e+00 -2.915895e+00
1.191319e+00 -2.839769e+00
-6.807240e-01 1.398999e+00
-3.242339e-01 2.093255e+00
2.045762e+00 -1.151516e+00
2.296682e+00 -2.113657e+00
1.015149e+00 4.471950e-01
8.227481e+00 7.094905e+00
6.207454e+00 4.060538e+00
8.647899e+00 5.259443e+00
5.507683e+00 3.208344e+00
1.531174e+00 2.769299e+00
5.602267e+00 4.797749e+00
1.245772e+00 -2.943170e+00
2.672116e+00 -2.124365e+00
2.963645e+00 -2.612337e+00
-2.516534e-02 -2.944951e-01
-2.516534e-02 -2.398462e-01
-9.832908e-01 5.434850e-01
1.967545e-01 5.434850e-01
3.189016e+00 -1.349491e+00
3.957750e+00 -3.358095e+00
2.144473e+00 3.732361e+00
2.632757e+00 1.782153e+00
3.198460e+00 1.033906e+00
6.304289e-01 -2.208657e+00
1.417391e+00 -2.922320e+00
8.809824e-01 -2.696154e+00
5.868970e-01 8.195647e-01
3.736677e-01 -7.288368e-01
-2.666026e-01 -2.774003e-01
-1.074381e-01 -4.623564e-02
-5.994238e-01 2.231657e-01
2.369910e-01 -1.408843e-01
5.941624e+00 4.609654e+00
6.458064e+00 3.856266e+00
-1.002246e+00 -6.442302e+00
-1.583746e+00 -8.191183e+00
-4.347188e-01 -2.320815e+00
-1.025235e+00 1.342405e+00
-6.728355e-01 1.064898e-01
2.731820e+00 1.633657e+00
7.566825e-01 1.269567e+00
5.374397e-02 -5.747541e+00
2.769726e-01 -6.268198e+00
1.345000e+00 -2.883263e+00
1.223182e+00 -2.872685e+00
6.708787e+00 1.235088e+00
7.518938e+00 4.023104e+00
-6.595156e+00 -1.579572e+00
-4.632264e+00 -5.218203e+00
-1.964912e+00 -2.494523e+00
8.401761e-01 -1.625845e+00
1.973014e+00 1.666061e+00
1.711486e+00 2.807637e-01
-2.543608e+00 -5.028477e+00
-2.406364e+00 6.043630e+00
-2.143185e+00 3.905314e+00
3.707713e+00 4.735173e+00
8.473311e+00 5.016609e+00
7.893398e+00 4.809281e+00
1.664605e+00 -1.581815e+00
7.207389e-01 -2.191221e+00
8.141537e-01 -1.523578e+00
1.034445e+00 -2.564286e+00
-4.878735e-01 -2.671222e+00
1.243654e-02 -2.015795e+00
1.523847e+00 -2.453926e+00
1.073316e+00 -9.030189e-01
-1.657644e+00 -1.737580e-01
-4.205742e+00 3.700303e+00
2.169202e+00 -2.524472e+00
-1.299438e+00 -2.255775e+00
-2.212388e+00 -2.685094e+00
-1.829985e+00 -1.339274e+00
4.647568e+00 4.015374e-01
-8.385013e-01 -1.803438e+00
1.661039e-01 -1.066766e+00
1.274355e+00 7.011790e-01
5.258618e-01 9.608715e-02
6.682604e-01 3.102502e-01
6.769433e-01 5.174600e+00
1.372635e+00 7.443858e-01
-8.407845e-01 -5.241326e+00
4.172285e+00 -4.312599e-01
6.408602e+00 -1.027848e+00
7.378791e+00 1.508938e+00
3.170549e+00 8.574577e-02
6.926789e+00 2.003510e-01
3.268677e+00 3.298805e-01
5.811249e+00 7.617444e-01
4.034470e+00 3.298805e-01
-5.228396e-01 8.450465e-01
-6.813726e-01 2.692686e-01
-4.445390e-02 1.237983e+00
-2.611610e+00 -1.652957e+00
-1.175989e+00 9.557806e-02
7.912253e-01 -6.039071e-02
9.465561e-01 -1.667866e+00
-5.970967e-03 -1.303074e+00
-2.077352e+00 -8.565256e-01
3.932807e-01 -4.103911e+00
-1.131094e+00 3.021640e-03
6.827820e-02 -7.530713e-01
-2.518167e-01 4.952385e-01
4.223066e-01 1.728162e-01
3.578609e-01 3.233846e-01
6.105924e-01 -7.019326e-02
-1.031606e+00 2.210253e-01
-1.018272e+00 -1.754050e-01
3.731302e-01 -1.513150e+00
-2.635192e-01 1.306876e+00
7.965290e-01 5.806217e-01
-2.772186e-01 1.266323e+00
-2.772186e-01 1.906532e+00
1.502242e+00 3.377022e-01
1.707105e+00 9.614313e-01
-4.182355e-01 1.068844e+00
-9.963362e-02 2.148000e+00
1.508083e+00 7.417882e+00
-4.958425e-03 2.369826e+00
5.826625e+00 6.143694e+00
3.165678e+00 3.689246e+00
4.652209e+00 6.501877e+00
4.276393e+00 3.550918e+00
-5.675990e+00 1.809485e+00
-7.693173e-01 2.461904e+00
2.972527e+00 8.574577e-02
8.425388e-01 1.069400e+00
7.030481e-01 8.211536e+00
1.087882e-01 5.150510e+00
-8.595239e-01 5.314480e+00
-4.445390e-02 1.340602e+00
-1.834772e-01 -2.947097e-01
-8.533997e-02 -7.371007e-01
-6.133169e-01 -1.754050e-01
3.574819e+00 4.419045e+00
4.455203e-01 -7.019326e-02
-4.935169e-01 -7.410967e-02
-1.854715e-01 -7.136350e-01
-1.091153e+00 -4.891995e-01
-2.639083e+00 2.081803e+00
1.740489e+00 -1.882394e+00
-2.334261e-01 4.406839e+00
3.174672e-01 2.662585e+00
-1.496771e+00 -2.516702e+00
-4.935169e-01 1.065619e+00
-2.424628e-01 1.553316e+00
-4.360111e-03 1.205605e+00
-3.259542e+00 -5.782148e+00
-4.839185e+00 -4.686038e+00
-1.633947e+00 -4.802462e+00
-3.390310e+00 -1.774565e+00
1.018331e+00 -2.711929e+00
1.809320e+00 1.131538e+00
1.305246e+00 -1.348331e+00
1.264733e+00 -2.056143e+00
2.122773e+00 -1.568861e+00
4.225437e-01 -5.323670e-01
1.368438e-01 2.153130e-01
-4.690443e-01 1.362867e-01
1.185689e-01 8.202918e-01
-2.090628e+00 5.502735e-02
-2.022558e+00 -9.446614e-02
-3.125016e+00 6.848942e-01
-1.627135e+00 1.069400e+00
-5.228396e-01 -3.623997e-01
-7.721026e-01 -2.633798e+00
-1.632822e+00 -1.412552e+00
-1.042502e+00 6.293104e+00
-2.218578e+00 2.071923e+00
3.281715e+00 -3.925848e-01
-2.762563e-01 -8.874472e-01
8.959985e-01 -2.165310e+00
5.594882e-01 -1.858728e+00
4.225437e-01 -1.513843e+00
-5.821915e-01 -2.639918e+00
-1.854715e-01 -1.150119e+00
-1.901726e-01 9.365760e-02
4.971258e-01 -2.947097e-01
5.040979e-01 9.274463e-01
-5.486817e+00 -2.343706e+00
-2.531744e+00 -5.368051e+00
-3.213434e+00 -4.112232e+00
3.137976e-01 1.383184e-01
3.871593e-01 1.838697e+00
6.818198e-01 -1.733530e+00
1.220612e+00 -1.018854e+00
-1.316942e+00 -6.412260e+00
-2.757790e+00 -7.143424e+00
-3.922425e+00 -2.727950e+00
-3.428191e+00 7.550042e-01
-1.804398e+00 -9.446614e-02
-4.619307e+00 -3.376120e+00
-4.355063e+00 -2.327551e+00
2.156719e+00 2.999805e+00
-5.092842e-01 -4.987578e-01
1.785105e-01 2.532843e-01
6.117004e-01 -5.534714e-01
6.117004e-01 -1.911641e+00
8.510226e-01 9.017622e-02
3.171473e-01 7.784748e-01
1.041256e+00 2.361827e+00
5.337350e-01 1.492568e-01
8.633302e-01 1.492568e-01
-1.015577e+00 -3.716456e-01
3.961509e+00 -1.404978e-01
-2.541510e-02 2.454386e-01
1.368438e-01 5.330104e-01
-1.423637e+00 3.568874e+00
2.790749e+00 8.933055e-01
1.264209e-02 1.728162e-01
-2.061074e+00 1.404155e+00
-6.498357e+00 -3.221204e+00
-2.257632e+00 2.983901e+00
-1.073753e+00 1.832579e+00
1.340903e+00 8.377270e+00
-9.866743e-01 -1.262161e-01
-2.541510e-02 1.851915e-01
3.701399e+00 5.540244e-01
6.202908e+00 -1.331004e+00
-4.719169e+00 4.802665e-01
5.928257e+00 5.084793e+00
3.744549e+00 -5.935598e-01
2.645164e+00 -1.138077e+00
-1.901726e-01 -3.479333e-01
-4.903699e+00 -7.649228e+00
-4.228482e+00 -6.544075e+00
1.330750e-01 3.040373e+00
-2.496878e-01 2.586745e+00
-1.335665e+00 3.548767e+00
3.388976e-01 1.229461e+00
-5.885290e-03 1.344526e+00
3.204131e-01 1.865174e+00
-3.838616e+00 -3.794835e+00
-6.769756e+00 -4.329562e+00
-5.310090e+00 -2.646095e+00
-3.202492e-01 -1.964281e+00
-3.263022e+00 2.882769e+00
-2.880915e+00 2.026455e+00
-3.684366e+00 3.641139e+00
-4.109393e-01 -5.721849e+00
-1.055899e+00 -8.988523e+00
-8.910246e-01 -4.448731e+00
-6.933286e-01 -1.262161e-01
-5.690220e+00 -4.266635e+00
-4.335388e+00 -4.436198e+00
-2.862399e+00 1.744496e+00
-2.835634e+00 1.884170e+00
-2.073354e+00 -1.618692e+00
-1.303006e+00 -5.411616e-01
-2.560604e+00 8.230696e-01
-9.852329e-01 -3.149848e-01
7.339212e-01 9.671717e-01
-3.723221e+00 1.150780e+00
-1.262044e+00 4.379805e+00
-1.088127e+00 9.091279e+00
3.388976e-01 4.975684e-01
-4.360111e-03 1.215674e+00
-1.996367e-01 1.780513e+00
-5.885290e-03 1.330934e+00
1.728598e+00 -3.028896e-01
1.844204e+00 -1.104493e+00
-4.212774e+00 7.457871e+00
-5.516207e+00 3.946402e+00
2.787578e+00 -1.513429e-01
2.363714e-01 3.685817e+00
-4.232073e+00 -4.310459e+00
-3.500257e+00 -1.268430e+00
-2.974495e+00 3.635184e+00
-2.619627e+00 2.121688e+00
-3.158828e+00 -3.008435e+00
2.356480e-01 -1.180176e+00
-1.770826e+00 -9.195775e-01
-4.183756e+00 -1.743458e+00
1.066123e+00 -1.845790e+00
-4.573662e-01 2.089874e-01
-4.597034e+00 2.074545e+00
1.466607e+00 -4.008217e-01
6.237237e-01 -4.008217e-01
-1.121691e+01 2.494927e+00
-8.793290e+00 2.143017e+00
-8.988083e+00 5.040286e+00
-2.786803e+00 -3.888499e+00
-4.788189e+00 -1.830267e+00
-7.126110e+00 7.145972e-01
-6.262511e+00 -1.246098e+00
-4.522958e+00 1.098723e+00
1.601039e+00 7.571980e-01
3.290535e+00 7.571980e-01
-3.899242e+00 2.139685e+00
-7.027450e+00 1.736433e+00
-7.917438e+00 3.422774e+00
-6.104206e+00 -9.238018e-01
-4.618027e+00 -1.880882e+00
-3.978813e+00 4.517843e-01
-9.963362e-02 2.378094e+00
-1.077123e+00 1.621353e+00
1.498630e-01 -3.833623e+00
-5.259483e+00 1.129513e+00
-1.053814e-01 4.628138e+00
-5.085952e+00 3.616460e-02
-4.549869e+00 1.126679e+00
-4.928805e+00 -2.764653e+00
-3.396019e+00 -2.933566e+00
2.588002e+00 3.000750e+00
6.374368e+00 4.814727e+00
-1.248369e+00 3.263753e+00
-3.519132e+00 3.037000e+00
1.015758e+01 1.333245e+00
5.382107e+00 4.885350e-01
8.063409e+00 3.192568e+00
-3.880349e+00 -4.553548e+00
-7.893977e-01 -2.511231e+00
-4.944413e+00 3.778216e+00
-6.243320e+00 6.671410e-01
-3.427936e+00 -3.118283e+00
-6.146317e+00 3.179497e+00
-3.059972e+00 2.544868e+00
-1.983540e+00 3.698709e+00
2.538388e-01 8.914204e-01
2.538388e-01 3.182911e-01
-1.048700e+00 -7.539596e+00
-3.154814e+00 -6.340292e+00
-1.350665e+00 -6.490767e+00
-3.737316e+00 -5.484518e+00
-7.509074e+00 -9.697524e-01
2.638262e+00 -2.582737e+00
3.578099e+00 -3.895521e+00
1.069397e+00 -4.222463e+00
1.495032e+00 -8.924030e-01
-4.526640e+00 -5.422244e+00
-2.757654e+00 1.510631e+00
-4.333078e-01 1.750760e+00
4.228031e-01 2.076736e+00
1.054880e+00 2.286892e+00
4.546672e+00 4.688492e+00
-8.597579e-01 2.319593e+00
-5.259890e+00 -4.195887e+00
9.516441e+00 6.784935e+00
3.509178e+00 3.741175e+00
-5.442700e+00 6.793957e-04
-4.578479e+00 5.278180e-02
9.406472e+00 6.088224e+00
-6.720377e+00 3.627674e-02
4.618607e+00 -6.546599e+00
2.574513e+00 -5.955335e+00
5.738694e+00 -2.198094e+00
7.963075e+00 5.692360e+00
8.444196e+00 3.648558e+00
-3.780544e+00 9.877577e-01
-3.247072e+00 3.629714e-01
8.220999e+00 3.100869e+00
5.956457e+00 5.215052e+00
-1.160572e+00 3.521396e-01
-7.833465e-01 -9.465378e-01
-2.823543e+00 -3.995866e+00
5.057463e-02 -1.643273e+00
1.285656e-01 4.962176e-01
-4.772593e+00 1.060813e+00
6.083966e+00 1.610995e+00
-4.691857e+00 6.211592e-01
-9.975614e-01 -1.544774e+00
-1.550034e-01 -1.000885e+00
-5.054521e+00 3.767649e+00
-3.510769e-01 -5.839588e-01
-6.439191e-01 -5.367614e+00
-5.673190e-01 2.269625e+00
-3.958077e+00 2.470555e+00
-6.289861e+00 -1.279479e+00
1.907981e-01 -4.900086e+00
-2.999054e+00 -2.051527e+00
-1.737267e+00 -2.955062e+00
2.294397e+00 -5.281384e-01
3.412370e+00 -1.702703e+00
3.678030e+00 -3.592666e+00
6.766688e+00 -8.274889e-01
3.527436e+00 -5.281384e-01
1.431169e+00 -1.159609e+00
-2.725641e-01 -2.139373e+00
2.634101e+00 -1.363606e+00
4.596114e-01 -1.710581e-01
-3.523815e+00 -2.975297e+00
3.307193e-01 2.114349e+00
3.256334e-01 2.424327e+00
-8.259478e-01 -2.150877e-02
-1.303995e+00 1.213813e+00
-1.560502e-01 -1.207079e+00
-1.560502e-01 -8.267420e-01
-1.654300e+00 1.180427e-01
-1.371378e+00 1.180427e-01
4.989047e-01 -1.764038e+00
2.293348e+00 -1.757289e+00
1.986559e+00 -8.461657e-01
1.638137e+00 -4.115264e+00
1.502759e+00 -1.233637e+00
-2.033248e+00 -2.570574e+00
1.033695e+00 -4.494019e+00
7.088042e+00 4.659656e+00
-1.518979e-01 8.391157e-02
7.828819e-01 -5.914516e-01
1.004443e+00 -7.065770e-01
-1.130907e+00 3.347991e+00
1.130543e+00 8.806149e-01
-3.748690e-01 4.032755e-01
4.063272e-01 1.546030e+00
-2.212049e-01 2.815817e-01
4.344766e+00 4.321707e+00
7.755573e+00 3.621945e+00
-1.680404e+00 5.917445e-01
-2.480533e-01 1.638996e+00
-3.685941e+00 -3.354431e+00
1.103446e-01 3.984215e-01
-2.699435e-01 1.559513e+00
-2.744095e-01 1.620904e+00
-9.886591e-01 7.282348e-01
2.283732e-01 2.142270e+00
1.147829e+00 1.565955e+00
-2.749169e+00 1.702259e-01
-1.535406e+00 -1.297563e+00
-3.137903e+00 -2.231702e+00
1.142744e-01 6.344095e-02
-1.400001e+00 1.623598e-01
-5.326316e-01 1.013760e-01
1.515759e+00 7.333456e-01
-2.651741e+00 -9.215222e-01
4.702289e+00 4.038448e+00
1.981659e+00 1.163843e+00
1.303932e+00 1.114358e+00
4.214112e+00 4.404042e+00
2.928050e-01 1.647924e+00
2.928050e-01 7.820029e-01
9.329683e-01 -6.715514e-01
2.971074e+00 -6.715514e-01
-4.369202e-02 -2.243465e-01
7.419995e-02 5.373459e-02
3.079491e+00 -2.778125e+00
9.265229e+00 5.575873e+00
8.480580e+00 6.324012e+00
2.328595e-01 -3.109399e-01
2.328595e-01 4.128039e-01
1.605111e-01 -2.065857e-02
1.040709e-01 -2.065857e-02
-1.479122e-01 -1.408843e-01
-1.479122e-01 2.632193e-01
-2.228909e-01 5.559005e-02
-5.981462e-01 -1.941039e+00
-5.981462e-01 -3.068729e-01
9.811113e-02 -6.894707e-01
4.244362e-01 2.700078e-02
4.982037e-01 2.700078e-02
-1.436538e+00 -3.068729e-01
2.302545e-01 -8.700155e-01
1.806496e+00 8.436352e-01
2.481608e+00 -1.909680e-02
1.778218e+00 -3.755833e+00
7.955280e-01 2.042736e+00
2.895769e+00 -1.542402e-02
-3.007922e-01 -2.206534e+00
4.580241e+00 -1.136272e+00
1.021163e+00 5.783606e-02
5.685019e-01 -1.076093e-01
1.022733e+00 -4.492904e-01
4.288939e-01 -1.631448e+00
1.588106e+00 1.077803e+00
7.419995e-02 -1.701811e-01
9.706396e-02 -4.821285e-01
-7.135101e-01 -2.243465e-01
-1.493878e+00 -1.753315e-01
1.896135e+00 -1.361360e-01
8.534204e-01 5.783606e-02
1.857984e+00 -1.006255e+00
4.538481e-01 -6.724101e-01
-2.895968e+00 8.875989e-02
7.986932e-01 -1.724637e+00
1.689190e+00 1.017488e+00
9.203548e-01 -7.204920e-01
7.922238e-01 -1.332718e+00
2.169307e+00 -5.538149e-01
6.257373e-01 -2.271855e+00
