1.000000e+00
3.000000e-01
0.000000e+00 0.000000e+00
taylor-hood
hole_normal
1.000000e+00 1.835584e-24
1.114833e+00 4.378959e-25
1.000000e+00 1.301807e-24
1.115368e+00 2.255657e-24
-1.256042e-24 4.199197e-25
1.026747e+00 -1.174434e-24
1.120931e+00 1.314669e-24
1.283649e+00 1.915234e-24
1.476385e+00 -3.201674e-25
1.682559e+00 1.553750e-24
1.751767e+00 -3.617481e-25
1.685798e+00 2.304326e-24
1.493079e+00 1.550424e-24
1.312618e+00 -2.136803e-24
1.186952e+00 -8.712403e-26
1.124433e+00 1.859229e-25
1.007230e+00 5.499575e-25
1.060959e+00 -1.223817e-24
1.194844e+00 -6.830061e-25
1.379902e+00 -1.426339e-24
1.584251e+00 7.827400e-25
1.742306e+00 -1.788862e-24
1.739380e+00 -2.171990e-24
1.587495e+00 3.576791e-24
1.395222e+00 -1.197708e-24
1.237110e+00 -8.182102e-25
1.142969e+00 -1.464276e-24
1.113976e+00 3.806184e-25
1.000000e+00 9.444256e-25
1.000000e+00 2.031895e-24
1.000000e+00 -2.195844e-25
1.000000e+00 2.316486e-24
1.000000e+00 3.826280e-25
1.000000e+00 -1.152886e-24
1.000000e+00 -3.323556e-25
1.000000e+00 1.848529e-24
1.000000e+00 7.576272e-25
1.000000e+00 1.776128e-24
1.000000e+00 -5.762665e-25
1.000000e+00 -1.276389e-24
1.000000e+00 1.057530e-25
1.000000e+00 -1.008509e-24
1.000000e+00 -2.330193e-24
1.075251e+00 6.899235e-25
9.979613e-01 -1.234076e-24
9.096526e-01 3.173849e-24
8.825456e-01 -2.748599e-24
9.104813e-01 -3.496654e-24
1.000589e+00 1.633222e-24
1.081651e+00 2.935944e-25
1.106432e+00 8.393525e-25
1.039698e+00 -2.067455e-24
9.549315e-01 1.700084e-24
8.927876e-01 -1.032707e-24
8.978071e-01 3.682943e-25
9.611373e-01 1.831785e-24
1.049680e+00 1.375919e-24
1.110910e+00 -3.615637e-26
1.124126e+00 6.180477e-25
1.184938e+00 -1.473825e-24
1.316984e+00 5.624769e-25
1.500620e+00 -4.619340e-25
1.682578e+00 3.977930e-24
1.758630e+00 4.050496e-24
1.670669e+00 -2.210833e-24
1.482064e+00 1.582202e-24
1.285557e+00 -2.439461e-24
1.124761e+00 -2.498092e-24
1.029981e+00 -4.074075e-24
1.116578e+00 9.973570e-25
1.146679e+00 1.428668e-24
1.244527e+00 1.093446e-24
1.406537e+00 -9.774701e-25
1.602146e+00 1.041134e-24
1.744679e+00 -1.109427e-24
1.739967e+00 -1.475363e-24
1.588477e+00 -1.369307e-24
1.383296e+00 6.861206e-25
1.197615e+00 1.633264e-24
1.068230e+00 -1.422787e-24
1.007832e+00 3.347964e-24
2.837556e-24 1.752772e-24
8.388060e-25 1.635291e-24
-3.185091e-25 2.407285e-24
-1.853339e-24 8.156849e-25
-2.271874e-24 2.464932e-24
6.673754e-25 2.530960e-24
-9.792449e-25 6.686975e-25
3.027734e-24 2.651100e-24
1.148122e-24 -3.378315e-24
-6.608601e-25 1.503086e-24
1.491699e-24 -4.850942e-25
-1.350799e-24 -6.907268e-25
-1.440137e-25 5.839202e-26
-2.398837e-25 8.234592e-25
1.167934e-24 4.389285e-26
-1.834212e-25 3.397942e-25
-3.270637e-24 2.455952e-24
9.783457e-25 -2.430261e-24
-1.131575e-24 -4.041719e-25
-4.088347e-25 -7.135583e-25
-1.823475e-24 7.267542e-25
8.548417e-25 -4.042441e-25
1.127074e-24 -1.709480e-24
-4.865759e-25 -1.197849e-24
1.961110e-24 -1.144217e-26
1.117749e-01 1.160189e-01
9.179600e-02 -7.027708e-04
3.896972e-01 -2.848052e-01
9.462624e-01 -3.821824e-02
9.483049e-01 3.648934e-02
9.726091e-01 3.212571e-02
5.106752e-01 -2.695002e-01
5.219946e-01 2.699644e-01
9.904903e-01 -6.392711e-02
6.268070e-01 2.015067e-01
1.339563e+00 1.287729e-01
1.321528e+00 1.787560e-01
1.313707e+00 -1.651767e-01
1.323211e+00 -1.544305e-01
1.677956e+00 -6.520207e-02
1.659650e+00 -6.668021e-02
2.088066e-01 -1.825752e-01
3.229305e-01 -9.249274e-02
3.081014e-01 1.124209e-01
4.895988e-01 2.462754e-02
5.607890e-01 -1.909070e-01
5.732980e-01 2.199298e-01
6.668247e-01 -6.231182e-02
7.687943e-01 -2.077411e-01
7.784820e-01 -3.273643e-01
7.339001e-01 6.510736e-02
1.062190e+00 2.360359e-01
8.911579e-01 3.841979e-01
7.662565e-01 -1.379830e-01
9.884338e-01 -2.875917e-01
1.113094e-01 -1.061417e-01
2.641900e-01 -1.416269e-03
3.854066e-01 1.966102e-01
4.797513e-01 6.722448e-02
4.653070e-01 -1.056951e-01
6.110244e-01 -3.345319e-02
6.599057e-01 1.150128e-01
6.964748e-01 -1.865822e-01
7.334578e-01 1.890454e-02
6.219526e-01 -1.791309e-01
8.471190e-01 -3.362584e-01
1.279163e+00 3.032064e-01
1.011627e+00 6.844750e-02
8.005295e-01 1.138685e-01
8.134350e-01 2.229085e-01
9.372593e-01 1.606459e-01
8.215074e-01 -9.771983e-02
7.933111e-01 5.756095e-02
3.763505e-01 2.913408e-01
8.603595e-01 3.574710e-01
1.185965e+00 1.986820e-01
1.234504e+00 3.023957e-01
9.205661e-01 -1.788303e-01
6.843598e-01 -3.686802e-01
1.048503e+00 -3.526142e-01
8.278122e-01 3.276887e-02
1.050861e+00 3.779331e-01
9.548808e-01 3.688508e-01
1.160196e+00 -1.046844e-01
1.122917e+00 5.435088e-02
1.117567e+00 -5.288991e-02
1.066310e+00 -7.822846e-02
8.190230e-01 -3.188492e-02
1.504248e+00 1.520281e-01
1.278596e+00 -2.722478e-01
1.481719e+00 2.080990e-01
1.487788e+00 -3.916773e-03
4.686299e-01 3.381561e-01
1.437074e+00 1.363428e-01
7.227136e-01 -3.930437e-01
1.123632e+00 -3.659597e-01
8.720500e-01 -3.484831e-01
1.023929e+00 2.431896e-01
1.373210e+00 -2.668068e-01
1.336321e+00 2.812571e-01
8.911169e-01 -2.301231e-02
6.968349e-01 3.770352e-01
8.566010e-01 3.363711e-01
7.806702e-01 2.068059e-01
9.609469e-01 2.644320e-01
9.133725e-01 1.662415e-01
1.019994e+00 1.913303e-01
9.786836e-01 1.174452e-01
1.466660e+00 -1.688905e-01
8.632483e-01 -1.521800e-03
1.082752e+00 1.467778e-01
1.197878e+00 -1.026494e-01
1.061114e+00 -1.342034e-01
1.103533e+00 -2.140495e-01
8.987409e-01 -1.756081e-01
1.164751e+00 -1.223144e-01
1.126982e+00 -2.544203e-01
1.403866e+00 -2.100171e-01
1.150266e+00 1.319744e-01
1.048838e+00 -1.724359e-01
1.217146e+00 -3.195263e-01
1.115691e+00 3.179401e-01
1.684504e+00 5.223316e-02
9.762644e-01 -2.828045e-02
1.048569e+00 2.992255e-02
1.050901e+00 -2.755849e-02
1.057699e+00 7.209888e-02
9.962074e-01 8.426459e-02
9.089171e-01 7.611686e-02
6.283791e-01 2.360840e-01
8.805549e-01 3.173411e-01
1.192107e+00 2.776459e-01
1.019223e+00 -8.317862e-02
9.395693e-01 -9.408372e-02
9.371621e-01 -1.004803e-01
1.214708e+00 8.913623e-02
7.522624e-01 -8.790179e-02
8.943619e-01 7.816406e-02
5.184820e-01 -3.339551e-01
1.496125e+00 -6.399276e-02
1.702583e+00 3.812981e-02
1.160282e+00 -2.975587e-01
1.580208e+00 -1.256226e-01
9.465596e-01 -2.754968e-01
8.724847e-01 -4.393758e-02
8.817130e-01 2.384301e-02
1.082724e+00 4.473520e-02
6.388770e-01 3.502299e-01
1.111425e+00 2.386929e-01
8.831157e-01 -2.738851e-01
5.762099e-01 -2.825798e-01
2.597420e-01 -2.966013e-01
1.496853e+00 1.990630e-01
9.923810e-01 -1.282092e-01
1.680604e-01 2.022367e-01
6.447786e-01 9.333538e-02
9.966073e-01 5.540828e-02
1.561093e+00 1.233335e-01
8.507776e-01 -8.955628e-02
8.838139e-01 -3.924735e-01
3.370099e-01 -1.670127e-01
8.801398e-01 -7.787196e-03
1.212075e+00 -1.420981e-01
1.101764e+00 1.464431e-02
1.103697e+00 -1.355081e-02
1.373082e+00 -2.606803e-01
3.645614e-01 3.100174e-01
1.015394e+00 3.197102e-02
1.010389e+00 -3.105779e-02
1.477758e+00 1.534228e-01
3.637971e-01 -2.845073e-01
6.507140e-01 3.732631e-01
1.293493e+00 2.738572e-01
1.002059e+00 -3.433333e-01
4.209529e-01 2.676756e-01
1.180352e+00 1.940949e-01
1.036013e+00 1.209143e-01
1.431463e+00 -1.885297e-01
1.521260e+00 -1.750905e-01
1.256399e+00 5.438607e-02
8.805500e-01 3.970993e-03
1.029727e+00 -2.450483e-01
1.018350e+00 -7.364237e-02
1.620240e+00 1.157858e-01
1.558222e+00 -1.574793e-01
1.013577e+00 -2.163773e-01
9.234012e-01 -2.245691e-01
9.864297e-01 -1.907654e-01
7.217120e-01 -1.366201e-01
8.181945e-01 -1.457598e-01
8.114402e-01 -1.968382e-01
1.038235e+00 -2.730554e-01
1.081364e+00 -2.041021e-01
1.239491e+00 2.551196e-01
1.224698e+00 3.054103e-01
1.341930e+00 2.361935e-01
1.457245e+00 -1.405702e-01
1.540081e+00 -1.380881e-01
1.587231e+00 -5.857234e-02
8.569124e-01 1.887708e-01
8.460602e-01 1.270379e-01
7.741350e-01 1.292524e-01
1.698418e+00 -1.500881e-02
1.606708e+00 3.172245e-02
1.476062e+00 2.007768e-01
1.447330e+00 1.587150e-01
1.247553e+00 2.805685e-01
1.417084e+00 2.280569e-01
1.352046e+00 2.210727e-01
1.007052e+00 -1.560557e-01
1.001641e+00 -1.005508e-01
1.025914e+00 -1.168373e-01
1.086592e+00 3.466481e-01
1.211498e+00 3.331194e-01
9.472840e-01 5.988815e-02
9.493108e-01 1.110745e-01
9.685497e-01 7.439117e-02
9.749027e-01 9.614402e-04
9.434986e-01 -3.018020e-02
9.414894e-01 2.411635e-02
1.005670e+00 -3.014605e-01
1.007365e+00 -2.574423e-01
1.132142e+00 -2.625988e-01
1.064065e+00 7.708510e-02
1.031927e+00 1.172350e-01
1.106824e+00 9.140102e-02
1.608772e+00 9.397685e-02
1.505604e+00 9.670553e-02
1.039950e+00 -8.753064e-02
1.065886e+00 -1.201449e-01
8.906644e-01 -2.306057e-01
7.767198e-01 -2.412451e-01
1.403471e+00 -1.585341e-01
1.351005e+00 -7.600492e-02
1.213800e+00 -1.760512e-01
1.266089e+00 -2.366048e-01
1.215952e+00 -1.965732e-01
1.078599e+00 1.345641e-01
1.030306e+00 1.515296e-01
1.085000e+00 1.748172e-01
3.921227e-01 -5.884797e-02
3.700146e-01 -5.616357e-02
8.102666e-01 -1.018597e-01
8.655922e-01 -1.374462e-01
9.397746e-01 3.699991e-01
7.819786e-01 3.587717e-01
8.826883e-01 3.888039e-01
1.110497e+00 -1.605058e-01
1.148070e+00 -2.519422e-01
1.386734e+00 2.557331e-01
1.492977e+00 1.941631e-01
1.338042e+00 -8.363468e-02
1.328564e+00 -2.010088e-01
1.022470e-01 -1.452414e-01
1.252453e-01 -1.890611e-01
1.058028e+00 2.132130e-01
1.137894e+00 1.832130e-01
7.512207e-02 1.136392e-01
6.073256e-02 8.622233e-02
9.892758e-01 8.136447e-02
9.852659e-01 4.942817e-02
9.013195e-01 1.240652e-01
8.600089e-01 7.885597e-02
9.076707e-01 -9.669695e-02
5.756863e-01 2.911670e-02
1.534511e+00 7.008580e-02
1.418086e+00 8.853337e-02
1.151839e+00 1.261731e-01
1.156208e+00 7.361680e-02
8.408792e-02 5.125381e-03
2.894005e-02 -3.104984e-02
2.688861e-02 2.472397e-02
7.506774e-01 -3.027617e-01
6.406744e-01 -2.390208e-01
7.294036e-01 8.050058e-02
7.156618e-01 1.641664e-01
7.209933e-01 -3.258173e-01
8.802813e-01 -3.209183e-01
1.367026e+00 -2.386490e-01
1.285235e+00 -2.412333e-01
1.392865e+00 -1.637324e-01
1.850018e-01 5.060190e-02
1.876243e-01 -4.860500e-02
1.026410e+00 5.623213e-02
1.079496e+00 4.718385e-02
9.923756e-01 3.371594e-01
3.537538e-01 3.695243e-02
6.388576e-01 1.928577e-01
2.859805e-01 1.748125e-01
1.207351e+00 3.644722e-02
1.159722e+00 3.941932e-02
1.025339e+00 -3.401743e-01
1.378857e+00 -1.741042e-01
1.302133e+00 -2.520366e-01
9.017351e-01 2.716981e-02
4.996803e-01 2.687501e-01
1.927046e-01 1.841507e-01
2.934250e-01 1.022290e-01
1.404227e+00 1.407258e-01
1.286451e+00 1.998469e-01
9.940661e-01 -4.770695e-03
9.931523e-01 1.046296e-02
5.024096e-01 -2.802839e-01
2.911899e-01 -9.624761e-02
2.130309e-01 -2.016941e-01
1.439535e+00 -2.274902e-01
1.303762e+00 -2.962255e-01
1.137743e+00 -1.257102e-01
1.101798e+00 -9.062062e-02
1.151168e+00 -7.734622e-02
9.925473e-01 -2.073310e-01
9.931408e-01 -1.639632e-01
1.080724e+00 -1.735060e-01
1.220383e+00 7.667831e-02
1.228000e+00 1.543577e-01
1.316944e+00 8.762376e-02
3.198318e-01 -1.071101e-01
6.974340e-01 -6.770996e-02
3.670559e-01 3.856759e-02
7.601285e-01 3.074270e-01
6.519536e-01 3.373228e-01
1.612282e+00 -1.224623e-01
1.638579e+00 -8.051384e-02
1.690916e+00 -5.378524e-02
1.095714e+00 3.321772e-01
1.044369e+00 3.110785e-01
9.128622e-01 3.467144e-01
1.170545e+00 -1.622133e-01
2.392144e-01 -2.211007e-01
1.048158e-01 -9.704173e-02
5.277509e-01 -3.608394e-01
3.964307e-01 -2.967357e-01
6.150763e-01 -3.646856e-01
9.216057e-01 1.853056e-01
8.220837e-01 2.548476e-01
1.005032e+00 -3.908920e-01
1.075126e+00 -3.579177e-01
1.174823e+00 -3.503850e-01
1.216597e+00 2.156188e-01
1.113867e+00 2.713120e-01
1.520620e+00 -1.783950e-01
1.591479e+00 -8.119206e-02
9.058253e-01 1.765654e-02
9.198654e-01 3.481306e-02
9.323269e-01 1.408228e-02
1.001265e+00 6.466735e-02
1.000655e+00 9.736079e-02
3.388081e-01 -2.510482e-01
1.481831e+00 2.889804e-02
1.620254e+00 1.892737e-02
1.591613e+00 8.757989e-02
6.435901e-01 -3.249935e-01
7.550849e-01 -3.187117e-01
1.492026e+00 -8.915586e-02
1.409464e+00 -8.111317e-02
7.120028e-01 2.969541e-01
6.065537e-01 3.178527e-01
1.884480e-01 1.665059e-01
2.096268e-01 2.275816e-01
3.759503e-02 6.816162e-02
1.740568e+00 -1.231433e-02
1.699603e+00 -5.023265e-02
1.204712e+00 -4.838449e-02
1.160771e+00 -3.515517e-02
8.483383e-01 1.728862e-01
3.105376e-01 1.087189e-01
1.256088e+00 -1.301851e-01
1.388244e+00 -1.904527e-02
1.216387e+00 -2.674073e-02
3.002977e-01 2.921936e-01
2.734815e-01 2.061963e-01
1.046281e+00 9.861131e-02
1.097666e+00 9.634938e-02
1.731980e+00 -9.813828e-03
9.347048e-01 -1.263013e-01
9.648431e-01 -3.124426e-02
1.151357e+00 -5.770002e-02
1.107414e+00 -9.768464e-02
1.092168e+00 -4.914303e-02
1.423589e+00 -8.061230e-02
1.334667e+00 -7.666166e-02
1.226979e+00 -2.170336e-01
1.160990e+00 -1.859710e-01
1.233223e+00 -1.429680e-01
1.309281e+00 -8.092280e-02
1.332176e+00 5.993980e-02
1.420208e+00 7.123011e-02
1.264796e+00 -5.938711e-02
9.693633e-01 -8.576775e-02
9.590156e-01 -5.842977e-02
9.833083e-01 -4.824471e-02
1.226056e+00 -6.985265e-02
2.062290e-01 -1.842582e-01
3.810807e-01 -2.817752e-01
1.756873e-01 -1.595420e-01
1.002681e+00 1.267847e-01
1.022062e+00 9.544192e-02
2.211088e-01 -2.172753e-01
3.979931e-02 -7.510761e-02
1.108105e+00 -1.558804e-01
1.404963e+00 -2.266833e-01
1.260127e+00 -2.970343e-01
9.931523e-01 2.560348e-02
9.763445e-01 2.092800e-02
5.017190e-01 2.674430e-01
5.490076e-01 3.323117e-01
9.636040e-01 -1.516628e-01
9.785451e-01 -1.861264e-02
9.334911e-01 -1.002458e-02
8.951461e-01 1.077604e-02
8.776972e-01 1.199431e-02
1.168368e+00 -2.801315e-01
1.147360e+00 6.287202e-02
1.154752e+00 3.163934e-01
3.814350e-01 2.805379e-01
1.604885e-01 1.477862e-01
9.176893e-01 -6.634027e-02
1.606073e+00 -7.396560e-02
1.701266e+00 -6.470005e-03
7.858217e-01 3.848886e-01
9.817618e-01 3.834912e-01
5.827266e-01 3.558734e-01
6.762084e-01 3.653993e-01
5.034033e-01 2.917813e-01
7.232853e-01 3.438026e-01
1.742042e+00 1.042527e-02
9.458933e-01 -3.585196e-01
1.114465e+00 -3.331666e-01
1.096220e+00 2.649692e-01
9.610366e-01 2.762013e-01
9.976226e-01 -3.293635e-02
9.976226e-01 -2.720272e-02
1.130975e+00 1.623562e-02
1.133140e+00 -2.021421e-02
1.352556e+00 1.020097e-01
1.002144e+00 3.613790e-02
1.021181e+00 1.796780e-02
1.702475e+00 5.049026e-02
9.563891e-01 1.443796e-01
9.940661e-01 -1.864450e-02
1.630473e+00 5.404332e-02
1.642845e+00 1.061570e-01
1.002907e+00 3.711053e-02
1.002907e+00 3.023526e-02
3.710311e-01 -2.219657e-01
2.521684e-01 -1.495603e-01
1.044665e+00 -2.822092e-02
1.027350e+00 -1.139464e-02
1.008015e+00 -3.512466e-02
1.412169e+00 -2.215409e-01
1.518283e+00 -1.278965e-01
9.132947e-01 -2.051386e-02
9.000092e-01 -8.861510e-03
1.553516e+00 1.716874e-01
1.612829e+00 1.191101e-01
9.991518e-01 2.615980e-02
1.090931e+00 4.410815e-02
8.803201e-01 -1.996162e-02
9.131375e-01 -4.718621e-02
9.212377e-01 -1.385171e-01
9.983773e-01 -1.205279e-01
1.658172e+00 5.991695e-02
1.666179e+00 8.191664e-02
1.707069e+00 3.708693e-02
1.060002e+00 1.106428e-02
1.741517e+00 6.482141e-03
1.068018e+00 -1.015542e-02
1.645680e+00 -5.732411e-02
1.556459e+00 -7.296992e-02
1.044273e+00 2.958526e-02
8.394987e-01 2.661310e-01
9.186072e-01 2.426467e-01
4.968958e-01 -2.014709e-01
5.913659e-01 -1.646219e-01
1.557184e+00 1.522703e-01
1.592052e+00 7.833082e-02
1.004806e+00 -3.072716e-02
1.004806e+00 -4.063253e-02
1.494999e+00 7.523035e-02
7.027761e-01 -3.717372e-01
8.092923e-01 -3.963941e-01
1.505551e+00 -1.631180e-01
1.486093e+00 -9.871693e-02
1.265004e+00 5.560418e-02
9.962776e-01 -7.781002e-02
7.616234e-01 -2.650138e-01
6.512202e-01 -2.711209e-01
6.725596e-01 -2.016565e-01
7.263157e-01 1.762096e-01
8.020337e-01 1.651664e-01
7.384421e-01 1.214588e-01
9.862635e-01 -9.741264e-02
1.026081e+00 2.962551e-01
9.135793e-01 2.966793e-01
7.311344e-01 1.542801e-02
7.965239e-01 -2.385198e-02
7.515922e-01 -8.191378e-02
1.274040e+00 -3.060298e-01
9.991518e-01 2.883724e-02
9.710678e-01 5.905847e-02
1.037521e+00 -1.008535e-01
1.080532e+00 -6.764577e-02
1.268029e+00 1.133603e-01
8.015758e-01 2.784009e-01
6.937375e-01 2.299188e-01
5.237508e-01 -2.524222e-01
4.409731e-01 -1.430204e-01
2.600950e-01 1.646988e-01
3.146963e-01 1.064270e-01
2.294900e-02 3.098168e-02
2.294900e-02 -2.018859e-02
1.486869e+00 -1.883831e-01
1.639403e+00 -1.069593e-01
9.269909e-01 6.108593e-02
9.443579e-01 8.506653e-02
1.331690e+00 1.119369e-01
1.354535e+00 1.861163e-01
5.595901e-01 -3.483123e-01
7.594684e-01 -3.686829e-01
5.779636e-01 1.009463e-01
6.285707e-01 4.524361e-02
5.471625e-01 1.001167e-02
6.376436e-01 1.722269e-01
7.255150e-01 2.296616e-01
8.185729e-01 2.735319e-03
7.806531e-01 -1.675702e-02
7.880818e-01 3.131466e-02
9.724249e-01 2.030165e-01
8.847122e-01 1.939833e-01
9.688830e-01 1.198389e-01
1.008472e+00 1.587742e-01
9.897753e-01 1.535357e-01
9.664474e-01 1.896416e-01
1.073410e+00 -2.952718e-01
2.072506e-01 -1.223064e-01
2.380782e-01 -1.435851e-01
2.503684e-01 1.502312e-01
1.087583e+00 6.037512e-03
1.112660e+00 1.276337e-03
1.120036e+00 9.559652e-03
1.115358e+00 -2.670087e-03
1.092744e+00 -4.911615e-03
1.123142e+00 -7.310890e-03
7.629982e-01 7.077463e-02
6.982732e-01 5.973165e-02
8.493090e-01 1.113332e-02
9.507007e-01 2.049384e-01
1.041602e+00 2.890849e-01
7.410210e-01 2.839892e-01
6.544524e-01 -3.198001e-01
1.003849e+00 1.904414e-02
1.003849e+00 8.234246e-03
1.023098e+00 1.850398e-02
8.600837e-01 -4.722010e-02
1.020959e+00 -1.715665e-02
1.002597e+00 -8.162152e-03
1.002597e+00 -1.525797e-02
9.808653e-01 3.280954e-01
1.109929e+00 3.575604e-01
9.070407e-01 3.797058e-01
1.092523e+00 3.316808e-01
4.619463e-01 -2.044868e-02
3.788017e-01 -8.054750e-02
3.816154e-01 3.633928e-02
1.053864e+00 1.870771e-01
9.964826e-01 2.229144e-01
9.261646e-01 2.159007e-01
8.703619e-01 2.470289e-01
8.677897e-01 1.460317e-01
8.976352e-01 -9.741648e-02
8.652036e-01 -6.300113e-02
9.039585e-01 -6.579632e-02
8.451221e-01 1.395278e-02
8.448880e-01 -1.098794e-02
6.816765e-01 2.133301e-03
5.351890e-01 1.596086e-01
6.395283e-01 -1.179104e-01
5.392332e-01 -6.874765e-02
9.488639e-01 -6.028509e-02
8.138042e-01 6.812036e-02
8.697010e-01 -1.471565e-01
8.571624e-01 -1.949256e-01
7.933804e-01 -1.432347e-01
7.083267e-01 -1.396518e-01
4.253698e-01 1.267053e-01
1.151586e+00 -3.455528e-01
1.060777e+00 -3.198767e-01
9.667384e-01 -3.701927e-01
5.111298e-01 2.186564e-01
6.354767e-01 -3.488409e-01
8.612532e-01 -3.499399e-01
7.931500e-01 -2.926384e-01
5.045304e-01 -8.655454e-02
4.012940e-01 -2.987393e-02
1.362541e-01 -1.029217e-01
1.127594e+00 1.303470e-01
1.263178e+00 1.460577e-02
1.038845e+00 -5.144220e-02
1.084781e+00 -4.258928e-02
7.859054e-01 -3.616708e-01
9.461489e-01 -3.658952e-01
8.754791e-01 -3.746449e-01
9.582572e-01 -1.205331e-01
8.857821e-01 5.260600e-02
4.542081e-01 1.938022e-01
5.130796e-01 1.299637e-01
4.024249e-01 6.655563e-02
2.015474e-01 6.187927e-02
3.016225e-01 6.253712e-03
2.145650e-01 -5.921898e-02
1.164478e+00 3.479603e-01
1.112466e+00 3.498592e-01
6.490158e-01 1.242404e-02
6.138080e-01 -1.138702e-01
1.479414e+00 1.874441e-01
7.922031e-01 -5.822505e-02
7.412882e-01 -3.269470e-02
1.271503e+00 1.869071e-01
1.368874e+00 2.323833e-01
1.196517e+00 2.932390e-01
1.315419e+00 2.957495e-01
5.850265e-01 -2.480250e-02
1.290277e+00 -2.928370e-01
1.242219e+00 -2.454933e-01
1.071615e+00 -3.495008e-01
1.220291e+00 -3.194840e-01
1.330607e+00 -2.794832e-01
9.104024e-01 1.202807e-01
9.547026e-01 -3.886165e-01
8.901662e-01 -9.803151e-02
8.319268e-01 -6.039668e-02
8.490214e-01 -4.328344e-02
8.496907e-01 -2.544552e-01
8.697073e-01 -2.947527e-01
6.396488e-01 -2.336390e-01
9.237780e-01 -1.326704e-01
9.704713e-01 -3.009859e-01
6.903137e-01 -7.293146e-02
1.219446e+00 2.722565e-01
8.563344e-01 1.032918e-01
1.497970e+00 1.940049e-01
1.369718e+00 2.627402e-01
1.367462e+00 2.376611e-01
8.579612e-01 6.104465e-02
8.653822e-01 -2.105858e-02
9.275577e-01 -3.261479e-01
1.571598e+00 1.410578e-01
1.553163e+00 1.642122e-01
1.039101e+00 2.590077e-01
6.289212e-01 2.854891e-01
7.632146e-01 3.329838e-01
4.923647e-01 2.797654e-01
8.621734e-01 3.877671e-02
8.687043e-01 1.637093e-02
7.990116e-01 3.638375e-01
9.019524e-01 -2.579272e-01
1.183030e+00 2.281892e-01
1.098866e+00 2.224370e-01
1.117518e+00 -3.364837e-01
1.264197e+00 1.692811e-01
3.517909e-01 1.984398e-01
8.212678e-01 -3.568875e-01
1.073975e+00 2.185551e-02
6.001362e-01 1.610447e-01
5.722849e-01 6.927224e-02
1.083470e+00 -2.040483e-02
3.896503e-01 -2.874607e-01
6.210566e-01 -3.276302e-01
9.875257e-01 -5.028728e-02
1.032805e+00 4.645914e-02
8.830282e-01 4.713547e-03
1.016916e+00 -5.418905e-02
1.106915e+00 2.830995e-02
1.108354e+00 -3.007751e-02
8.167023e-01 3.738989e-01
7.573476e-01 3.746755e-01
2.981605e-01 -9.018556e-02
2.370606e-01 -1.459002e-01
1.024481e+00 -1.470255e-01
1.147653e+00 -6.637293e-02
1.012040e+00 5.041178e-02
8.860225e-01 4.974519e-03
1.032613e+00 -4.914280e-02
1.079532e-01 1.055114e-01
2.324536e-01 1.576780e-01
1.125342e+00 1.677013e-01
5.314619e-01 -3.374515e-01
4.820481e-01 -2.886737e-01
4.217722e-01 3.176571e-01
1.110965e+00 -2.367082e-01
1.268657e+00 3.126468e-01
9.884678e-01 -8.893543e-02
1.406699e+00 2.476695e-01
1.422993e+00 2.406643e-01
1.027635e+00 7.618447e-02
1.163831e+00 1.696161e-01
1.607719e+00 -1.161783e-01
4.031255e-01 -1.533248e-01
3.633034e-01 2.487252e-01
4.946190e-01 3.137690e-01
1.203616e+00 1.373379e-01
1.450593e+00 -2.297342e-01
1.560620e+00 -1.609892e-01
1.488174e+00 -1.964101e-01
5.280134e-01 3.454672e-01
3.284124e-01 -2.313011e-01
4.525550e-01 -2.404086e-01
1.389769e+00 -2.504061e-01
8.584294e-01 -2.282396e-01
1.028415e+00 6.610828e-02
6.438447e-01 3.430402e-01
8.863720e-01 -3.420552e-01
8.750634e-01 -9.560973e-03
8.763904e-01 4.564013e-03
8.837717e-01 -1.660750e-04
4.963284e-01 3.416712e-01
3.081873e-01 2.462778e-01
1.464816e+00 -2.166808e-01
