1.000000e+00
3.000000e-01
1.000000e+00 0.000000e+00
taylor-hood
hole_normal
2.416035e-01 -9.811626e-26
2.413922e-01 4.161945e-26
2.417279e-01 -9.474151e-26
2.416540e-01 1.369590e-26
-2.743770e-26 7.374037e-26
2.415961e-01 -3.686736e-26
2.474507e-01 1.543026e-26
2.748023e-01 7.003548e-30
3.157805e-01 -1.006109e-25
3.645353e-01 -1.889215e-26
3.803461e-01 8.272630e-26
3.637585e-01 -7.201850e-26
3.165638e-01 2.718687e-26
2.731871e-01 1.020386e-25
2.479900e-01 1.025617e-25
2.413805e-01 2.601719e-26
2.415991e-01 -5.770918e-27
2.425410e-01 3.539059e-26
2.582841e-01 2.158373e-26
2.945761e-01 -6.789716e-26
3.416053e-01 4.464539e-26
3.783300e-01 -2.792043e-26
3.764088e-01 6.099016e-26
3.394924e-01 -6.121497e-26
2.922934e-01 2.841401e-26
2.567310e-01 -5.568181e-26
2.421063e-01 3.554280e-26
2.413812e-01 -6.542963e-26
2.417178e-01 5.204204e-26
2.258245e-01 -6.448403e-27
2.090085e-01 -6.241161e-27
2.080672e-01 5.718401e-26
2.077576e-01 -5.845711e-27
2.229727e-01 -6.311719e-26
2.402305e-01 5.186331e-26
2.417261e-01 6.388646e-26
2.348964e-01 3.950217e-26
2.166066e-01 4.274662e-26
2.083799e-01 8.718621e-27
2.079124e-01 2.525216e-27
2.144305e-01 3.463281e-26
2.327867e-01 -2.090759e-26
2.414276e-01 6.936601e-27
2.389384e-01 -2.496373e-26
2.251217e-01 1.054437e-25
2.089534e-01 4.618536e-26
2.074871e-01 6.116544e-26
2.086266e-01 6.690638e-26
2.254153e-01 -3.311623e-26
2.402234e-01 1.073510e-26
2.409342e-01 -1.410704e-28
2.329934e-01 1.125104e-25
2.164501e-01 -1.121115e-26
2.078074e-01 4.160996e-26
2.077772e-01 -5.144892e-26
2.170036e-01 -7.264321e-27
2.343209e-01 5.178362e-26
2.413571e-01 2.564023e-27
2.415301e-01 -5.346878e-27
2.468768e-01 3.652253e-26
2.740261e-01 3.322851e-26
3.175743e-01 4.392747e-26
3.621748e-01 2.867758e-27
3.816673e-01 1.806434e-26
3.605662e-01 4.304714e-26
3.167699e-01 -3.393532e-26
2.747849e-01 1.511998e-26
2.472678e-01 -2.840642e-26
2.417279e-01 -1.511398e-26
2.415713e-01 -6.315895e-26
2.426567e-01 -1.016633e-26
2.582826e-01 8.602944e-27
2.950926e-01 3.190055e-26
3.427234e-01 -1.138462e-25
3.777478e-01 2.645320e-26
3.760446e-01 -9.312870e-27
3.422922e-01 9.668975e-26
2.955122e-01 3.202167e-27
2.582042e-01 -6.963108e-26
2.428289e-01 1.458577e-25
2.417279e-01 -6.223955e-27
1.376940e-26 -6.084246e-26
-1.567219e-26 8.857165e-27
-1.072989e-25 -2.410436e-26
-4.707789e-26 1.528616e-26
1.416879e-26 -4.375796e-26
-3.121363e-26 -3.588515e-26
-3.559131e-26 2.348582e-26
-8.733744e-26 4.506812e-26
-5.140763e-26 4.643454e-27
-3.289260e-26 3.944524e-26
-1.600068e-26 2.634356e-26
-7.593417e-26 5.342995e-26
-1.139156e-26 9.897688e-26
5.564257e-26 2.686851e-26
-8.343779e-26 -5.211163e-26
-9.745343e-26 5.677448e-27
5.251120e-26 -4.072628e-26
2.719436e-26 4.753282e-26
-4.114429e-27 6.500826e-26
-4.646987e-26 1.062882e-25
8.654100e-26 -9.434935e-26
-4.364786e-26 2.303574e-26
-2.359706e-26 2.217378e-26
8.811023e-26 1.248881e-25
-5.981369e-26 -1.088490e-26
2.813839e-02 3.059971e-02
2.230528e-02 -1.082357e-03
1.000424e-01 -7.287174e-02
2.149120e-01 -2.527588e-03
2.156415e-01 1.075162e-03
2.082391e-01 -2.800555e-04
1.270737e-01 -6.603207e-02
1.323647e-01 6.719608e-02
2.123900e-01 -1.396747e-03
1.542281e-01 5.023255e-02
2.842756e-01 3.092794e-02
2.851125e-01 3.955887e-02
2.839877e-01 -3.620644e-02
2.811501e-01 -3.699430e-02
3.643364e-01 -1.606488e-02
3.629926e-01 -1.406265e-02
5.214119e-02 -4.613033e-02
8.092079e-02 -2.310402e-02
7.765384e-02 2.859206e-02
1.224999e-01 6.212653e-03
1.378397e-01 -4.597844e-02
1.403139e-01 5.203085e-02
1.631642e-01 -1.364794e-02
1.817623e-01 -4.445878e-02
1.834893e-01 -7.662689e-02
1.903509e-01 1.599023e-02
2.519995e-01 5.314056e-02
2.133644e-01 9.149336e-02
1.895730e-01 -3.378310e-02
2.331672e-01 -6.716581e-02
2.882655e-02 -2.811683e-02
6.908043e-02 -1.020165e-03
9.909190e-02 5.065558e-02
1.250639e-01 1.664385e-02
1.202910e-01 -2.708638e-02
1.579459e-01 -8.181949e-03
1.676218e-01 2.785956e-02
1.729809e-01 -4.503275e-02
1.866673e-01 4.208540e-03
1.587490e-01 -4.514789e-02
2.048623e-01 -8.240510e-02
2.899531e-01 6.974952e-02
2.341707e-01 1.040208e-03
1.946267e-01 2.342003e-02
1.934093e-01 5.194782e-02
2.149991e-01 3.080517e-02
1.929906e-01 -1.735627e-02
1.885508e-01 1.023989e-02
9.356890e-02 7.494220e-02
2.059070e-01 8.936844e-02
2.792963e-01 4.541665e-02
2.825959e-01 7.321108e-02
2.060263e-01 -2.754667e-02
1.679680e-01 -9.355596e-02
2.423048e-01 -8.639100e-02
2.029918e-01 4.401854e-03
2.416341e-01 8.823803e-02
2.229080e-01 9.225634e-02
2.738796e-01 -2.349913e-02
2.433461e-01 6.090942e-03
2.427221e-01 -4.947349e-03
2.438215e-01 -4.962228e-03
2.024865e-01 -5.031114e-03
3.333722e-01 3.624896e-02
2.929357e-01 -6.469701e-02
3.246621e-01 5.112961e-02
3.306242e-01 -5.045490e-04
1.170982e-01 8.352197e-02
3.215003e-01 2.933501e-02
1.738939e-01 -9.645857e-02
2.561646e-01 -8.714595e-02
2.057111e-01 -8.612410e-02
2.315326e-01 5.464296e-02
3.040777e-01 -6.447445e-02
2.948964e-01 6.541820e-02
2.031683e-01 -3.274104e-03
1.674849e-01 9.071339e-02
1.991879e-01 7.572438e-02
1.834369e-01 4.272343e-02
2.176148e-01 5.049318e-02
2.053745e-01 2.447510e-02
2.301564e-01 2.665609e-02
2.155169e-01 7.940302e-03
3.172976e-01 -3.991365e-02
2.074441e-01 -1.718564e-04
2.394888e-01 2.689804e-02
2.541224e-01 -2.088571e-02
2.361677e-01 -2.271909e-02
2.450831e-01 -4.635862e-02
2.077405e-01 -3.515000e-02
2.556415e-01 -2.031793e-02
2.510764e-01 -5.095001e-02
3.142297e-01 -4.775344e-02
2.541834e-01 2.113226e-02
2.369596e-01 -2.199361e-02
2.712822e-01 -7.375505e-02
2.505910e-01 6.987279e-02
3.684787e-01 1.185778e-02
2.079085e-01 -2.648465e-04
2.338775e-01 5.063189e-04
2.346029e-01 -7.784365e-04
2.435941e-01 3.856344e-03
2.246746e-01 9.398895e-03
2.033906e-01 6.758805e-03
1.564792e-01 5.897341e-02
2.062728e-01 7.790883e-02
2.644654e-01 6.706234e-02
2.331886e-01 -3.020280e-03
2.143107e-01 -1.200748e-02
2.057162e-01 -8.754829e-03
2.566976e-01 1.826320e-02
1.881276e-01 -1.868350e-02
2.081528e-01 9.826064e-03
1.274261e-01 -8.315761e-02
3.331395e-01 -1.459560e-02
3.712638e-01 8.721540e-03
2.589748e-01 -7.190125e-02
3.410668e-01 -3.071635e-02
2.142079e-01 -5.579531e-02
2.058865e-01 -3.468440e-03
2.075476e-01 3.587075e-04
2.651929e-01 1.035497e-02
1.556537e-01 8.951206e-02
2.485822e-01 4.475817e-02
2.059665e-01 -6.462078e-02
1.437983e-01 -7.221024e-02
6.427300e-02 -7.396569e-02
3.290743e-01 4.540213e-02
2.189883e-01 -1.042735e-02
4.199897e-02 5.016573e-02
1.578170e-01 2.048507e-02
2.159556e-01 6.578690e-04
3.376481e-01 2.904337e-02
2.024259e-01 -1.449081e-02
2.059338e-01 -9.403330e-02
8.744424e-02 -4.372290e-02
2.072743e-01 -4.828779e-05
2.844445e-01 -3.081393e-02
2.404167e-01 4.342329e-05
2.408047e-01 -2.871284e-04
3.053118e-01 -6.047072e-02
9.256606e-02 8.049641e-02
2.417238e-01 1.164489e-08
2.405976e-01 -1.436728e-05
3.175851e-01 3.807559e-02
9.287190e-02 -7.361790e-02
1.592324e-01 9.439688e-02
2.868043e-01 6.658273e-02
2.275401e-01 -7.711367e-02
1.050785e-01 6.608946e-02
2.570745e-01 4.357457e-02
2.373805e-01 8.736960e-03
3.084947e-01 -4.635710e-02
3.352224e-01 -4.183079e-02
2.920708e-01 1.184901e-02
2.074149e-01 -4.014689e-05
2.468087e-01 -5.896182e-02
2.282859e-01 -7.387187e-03
3.520132e-01 2.843339e-02
3.406030e-01 -3.704321e-02
2.267695e-01 -3.567785e-02
2.083281e-01 -4.044321e-02
2.199718e-01 -2.671508e-02
1.798620e-01 -3.209328e-02
1.958985e-01 -3.037471e-02
1.936441e-01 -4.432606e-02
2.329102e-01 -5.446941e-02
2.422611e-01 -3.404941e-02
2.731091e-01 5.529831e-02
2.733210e-01 6.891993e-02
2.923254e-01 5.397281e-02
3.245820e-01 -2.970187e-02
3.401175e-01 -3.105557e-02
3.500872e-01 -1.185350e-02
1.966290e-01 3.381699e-02
1.947839e-01 2.050091e-02
1.833195e-01 2.515982e-02
3.707085e-01 -2.293980e-03
3.540907e-01 7.240161e-03
3.224442e-01 4.650250e-02
3.131381e-01 3.630023e-02
2.772336e-01 6.856891e-02
3.097966e-01 5.654931e-02
2.944616e-01 5.395010e-02
2.250243e-01 -1.726125e-02
2.250475e-01 -5.173098e-03
2.331569e-01 -9.033746e-03
2.460058e-01 7.845366e-02
2.727174e-01 7.678764e-02
2.072257e-01 3.194453e-03
2.087478e-01 9.447459e-03
2.094272e-01 2.540676e-03
2.080738e-01 -2.724505e-04
2.066943e-01 -2.251991e-03
2.069990e-01 7.685033e-04
2.285701e-01 -7.188095e-02
2.280179e-01 -5.859553e-02
2.521004e-01 -6.145934e-02
2.351602e-01 8.587738e-03
2.306030e-01 1.823446e-02
2.413910e-01 1.305906e-02
3.536260e-01 2.224856e-02
3.340763e-01 2.206865e-02
2.400330e-01 -4.560144e-03
2.424884e-01 -1.130483e-02
2.069747e-01 -5.171876e-02
1.863148e-01 -5.736840e-02
3.169205e-01 -3.653134e-02
3.080341e-01 -1.686410e-02
2.818737e-01 -4.057313e-02
2.752510e-01 -5.711919e-02
2.632424e-01 -4.478637e-02
2.449272e-01 1.566297e-02
2.340366e-01 1.641979e-02
2.448565e-01 2.536118e-02
9.843806e-02 -1.464374e-02
9.314268e-02 -1.400076e-02
1.973853e-01 -1.974781e-02
2.027266e-01 -2.598279e-02
2.178281e-01 8.518833e-02
1.847162e-01 8.420861e-02
2.074955e-01 9.197802e-02
2.651122e-01 -3.688113e-02
2.680238e-01 -5.988340e-02
3.053067e-01 6.233208e-02
3.247775e-01 4.822189e-02
3.054112e-01 -1.741371e-02
3.031266e-01 -4.373517e-02
2.563633e-02 -3.672188e-02
3.126094e-02 -4.743867e-02
2.386330e-01 3.459038e-02
2.530225e-01 3.172454e-02
1.862853e-02 2.802954e-02
1.498691e-02 2.109102e-02
2.160377e-01 2.252176e-03
2.099768e-01 3.209014e-04
2.022865e-01 1.596717e-02
1.977954e-01 1.109339e-02
2.233774e-01 -2.382434e-02
1.433741e-01 6.237345e-03
3.301019e-01 1.691357e-02
3.042821e-01 1.939441e-02
2.487546e-01 2.413114e-02
2.469816e-01 1.138884e-02
2.221537e-02 1.385981e-03
7.504986e-03 -8.239658e-03
6.751691e-03 6.502130e-03
1.803655e-01 -7.511009e-02
1.599114e-01 -5.976346e-02
1.760819e-01 1.626631e-02
1.717463e-01 3.526572e-02
1.743657e-01 -8.159292e-02
2.066439e-01 -7.830713e-02
3.008402e-01 -5.490598e-02
2.816235e-01 -5.391053e-02
3.012043e-01 -3.694320e-02
4.820933e-02 1.290720e-02
4.940772e-02 -1.289238e-02
2.297277e-01 4.215375e-03
2.379978e-01 3.625706e-03
2.266517e-01 7.426206e-02
9.217536e-02 9.411475e-03
1.644526e-01 4.849358e-02
7.380420e-02 4.490119e-02
2.518084e-01 6.410970e-03
2.448741e-01 5.377828e-03
2.340114e-01 -8.302717e-02
2.953315e-01 -4.225121e-02
2.848276e-01 -6.102805e-02
2.036626e-01 1.460024e-03
1.236632e-01 6.768533e-02
4.817166e-02 4.670574e-02
7.291139e-02 2.558703e-02
2.993274e-01 3.400132e-02
2.778006e-01 4.737612e-02
2.079878e-01 -1.324213e-04
2.081532e-01 -1.400277e-04
1.285481e-01 -7.231228e-02
7.553562e-02 -2.488247e-02
5.555042e-02 -5.269027e-02
3.160983e-01 -5.349499e-02
2.907972e-01 -6.886172e-02
2.475107e-01 -2.291472e-02
2.415775e-01 -1.218290e-02
2.468721e-01 -1.180909e-02
2.241993e-01 -4.329906e-02
2.241614e-01 -3.070939e-02
2.402678e-01 -3.429747e-02
2.630642e-01 1.415971e-02
2.668362e-01 3.021072e-02
2.819152e-01 1.892595e-02
8.313599e-02 -2.776491e-02
1.805340e-01 -1.670467e-02
9.612235e-02 9.890727e-03
1.848872e-01 7.658069e-02
1.593019e-01 8.572478e-02
3.526266e-01 -2.796715e-02
3.563256e-01 -1.905312e-02
3.682266e-01 -1.212194e-02
2.483610e-01 8.187083e-02
2.370238e-01 7.533251e-02
2.136077e-01 8.615640e-02
2.536018e-01 -3.397080e-02
5.938029e-02 -5.531985e-02
2.657689e-02 -2.456042e-02
1.289483e-01 -8.933464e-02
9.771348e-02 -7.364527e-02
1.495073e-01 -9.010329e-02
2.264192e-01 4.246105e-02
2.018702e-01 5.989431e-02
2.323353e-01 -9.266080e-02
2.442118e-01 -8.315399e-02
2.641343e-01 -8.227049e-02
2.676337e-01 4.423525e-02
2.488115e-01 5.524825e-02
3.311071e-01 -4.234863e-02
3.445788e-01 -1.892917e-02
2.086125e-01 2.679190e-04
2.110612e-01 7.376056e-04
2.125628e-01 -8.360733e-06
2.251708e-01 7.656223e-04
2.255009e-01 4.123841e-03
8.339683e-02 -6.276077e-02
3.300961e-01 6.093462e-03
3.556292e-01 3.235236e-03
3.497227e-01 1.936900e-02
1.603425e-01 -8.138918e-02
1.869616e-01 -7.960008e-02
3.212007e-01 -2.134140e-02
3.023549e-01 -1.808714e-02
1.699042e-01 6.854287e-02
1.472417e-01 7.650485e-02
4.874290e-02 4.265029e-02
5.410107e-02 5.958683e-02
9.402752e-03 1.725791e-02
3.777387e-01 -3.265177e-03
3.676435e-01 -1.244255e-02
2.511602e-01 -9.170024e-03
2.447378e-01 -3.979733e-03
2.095578e-01 4.160474e-02
7.681430e-02 2.706721e-02
2.661531e-01 -2.889855e-02
3.146468e-01 -3.814052e-03
2.848800e-01 -5.489128e-03
7.611199e-02 7.293939e-02
6.988883e-02 5.144984e-02
2.415515e-01 5.955779e-03
2.469996e-01 1.016780e-02
3.769554e-01 -1.822217e-03
2.297880e-01 -2.899430e-02
2.367151e-01 -6.393867e-03
2.517365e-01 -8.340113e-03
2.477180e-01 -1.107920e-02
2.451042e-01 -4.039536e-03
3.003548e-01 -1.935819e-02
2.790268e-01 -1.812439e-02
2.690701e-01 -4.561996e-02
2.562159e-01 -3.393377e-02
2.674798e-01 -2.789965e-02
2.803580e-01 -1.690767e-02
2.785084e-01 1.384720e-02
2.997537e-01 1.766926e-02
2.633922e-01 -1.287859e-02
2.090200e-01 -5.275461e-03
2.068839e-01 -3.692017e-03
2.085313e-01 -7.876651e-04
2.640928e-01 -1.297945e-02
5.411262e-02 -4.811333e-02
9.708664e-02 -7.258873e-02
4.590515e-02 -4.180301e-02
2.260497e-01 9.326008e-03
2.353449e-01 4.361558e-03
5.781916e-02 -5.717676e-02
1.029752e-02 -1.956943e-02
2.480812e-01 -2.251583e-02
3.063795e-01 -5.504106e-02
2.800095e-01 -7.195148e-02
2.086413e-01 -3.231333e-05
2.207183e-01 1.020444e-03
1.237861e-01 6.524093e-02
1.343006e-01 8.088696e-02
2.130068e-01 -1.790874e-02
2.206822e-01 -8.051239e-04
2.122879e-01 4.024463e-04
2.080101e-01 2.103569e-04
2.075094e-01 -5.582688e-05
2.596118e-01 -6.110767e-02
2.511777e-01 8.995304e-03
2.635241e-01 7.694785e-02
9.606032e-02 7.178604e-02
4.076752e-02 3.834820e-02
2.043257e-01 -6.606974e-03
3.526415e-01 -1.782282e-02
3.705470e-01 -1.980890e-03
1.884566e-01 9.282188e-02
2.296554e-01 9.013289e-02
1.422639e-01 8.714887e-02
1.645799e-01 8.854153e-02
1.263276e-01 7.210240e-02
1.765670e-01 8.228192e-02
3.782452e-01 3.239306e-03
2.166896e-01 -8.305180e-02
2.511203e-01 -7.585084e-02
2.451842e-01 6.184140e-02
2.203321e-01 6.459080e-02
2.177592e-01 -4.940128e-04
2.102300e-01 3.557483e-04
2.417506e-01 6.785360e-04
2.421706e-01 -1.037019e-03
3.081963e-01 2.204353e-02
2.256303e-01 1.042273e-03
2.293935e-01 8.664837e-04
3.694754e-01 1.103761e-02
2.117719e-01 1.629470e-02
2.078331e-01 -1.324331e-04
3.528821e-01 1.211258e-02
3.578049e-01 2.393627e-02
2.300389e-01 -3.117660e-05
2.381716e-01 -3.970669e-04
9.148119e-02 -5.545484e-02
6.292947e-02 -3.795145e-02
2.421502e-01 -8.192023e-04
2.302726e-01 -6.442065e-05
2.263453e-01 -1.792149e-03
3.163635e-01 -5.278448e-02
3.367193e-01 -3.000500e-02
2.098220e-01 -6.724976e-04
2.080021e-01 -3.172498e-04
3.389109e-01 3.978392e-02
3.530991e-01 2.706289e-02
2.124424e-01 -5.466181e-04
2.447647e-01 3.389936e-03
2.070995e-01 -8.111505e-04
2.100331e-01 -3.609254e-03
2.113718e-01 -2.458692e-02
2.245783e-01 -1.871451e-02
3.585554e-01 1.510440e-02
3.626529e-01 1.945385e-02
3.706760e-01 8.497561e-03
2.363567e-01 6.860496e-05
3.784040e-01 2.024706e-03
2.377005e-01 2.009765e-04
3.546539e-01 -1.383643e-02
3.327218e-01 -1.806277e-02
2.421045e-01 7.385477e-04
1.985001e-01 6.328366e-02
2.122458e-01 5.494913e-02
1.268752e-01 -5.150320e-02
1.505909e-01 -4.136536e-02
3.370934e-01 3.786040e-02
3.421059e-01 1.946210e-02
2.367043e-01 8.077687e-05
2.279231e-01 -7.078202e-04
3.179367e-01 1.839537e-02
1.676690e-01 -9.045620e-02
1.911250e-01 -9.545087e-02
3.245761e-01 -3.978202e-02
3.161596e-01 -2.470530e-02
2.634894e-01 1.224136e-02
2.218140e-01 -2.347090e-03
1.798761e-01 -5.963867e-02
1.564205e-01 -6.426316e-02
1.619666e-01 -4.587440e-02
1.782869e-01 4.137379e-02
1.932766e-01 3.639686e-02
1.830391e-01 2.705023e-02
2.150653e-01 -5.529192e-03
2.326403e-01 6.095173e-02
2.091839e-01 6.253241e-02
1.764904e-01 2.854393e-03
1.887867e-01 -4.575940e-03
1.801838e-01 -1.622403e-02
2.875147e-01 -7.139849e-02
2.208503e-01 -3.282827e-05
2.200720e-01 4.755471e-03
2.315790e-01 -1.399344e-02
2.382306e-01 -6.892838e-03
2.677032e-01 2.541405e-02
1.877433e-01 6.085051e-02
1.663170e-01 5.198382e-02
1.286154e-01 -6.221585e-02
1.093863e-01 -3.528468e-02
6.720296e-02 4.332108e-02
8.228901e-02 2.726703e-02
5.576321e-03 7.198813e-03
5.576321e-03 -5.234924e-03
3.289946e-01 -4.392570e-02
3.554488e-01 -2.563278e-02
2.118454e-01 5.265671e-03
2.152707e-01 9.639205e-03
3.036681e-01 2.435184e-02
3.065679e-01 4.286776e-02
1.400002e-01 -8.809664e-02
1.848829e-01 -9.197401e-02
1.486721e-01 2.493654e-02
1.620866e-01 1.092461e-02
1.424284e-01 2.415285e-03
1.607247e-01 4.249568e-02
1.758649e-01 5.527600e-02
2.026460e-01 -2.499794e-04
1.966500e-01 -3.395892e-03
1.965417e-01 5.368871e-03
2.217436e-01 4.272321e-02
2.056976e-01 4.142614e-02
2.193212e-01 1.853030e-02
2.263587e-01 2.927286e-02
2.215879e-01 1.645636e-02
2.166939e-01 2.684584e-02
2.405073e-01 -6.240876e-02
5.181590e-02 -3.034580e-02
5.986905e-02 -3.590449e-02
6.427717e-02 3.832516e-02
2.396784e-01 1.535292e-04
2.412621e-01 4.922942e-06
2.412894e-01 1.249508e-05
2.414862e-01 -3.385233e-05
2.405767e-01 5.516891e-05
2.416726e-01 -6.435096e-05
1.904076e-01 1.448796e-02
1.781947e-01 1.382661e-02
1.979519e-01 1.626692e-03
2.311716e-01 4.898706e-02
2.486725e-01 6.945676e-02
1.780158e-01 6.982067e-02
1.568474e-01 -7.698186e-02
2.417209e-01 3.398788e-07
2.417274e-01 5.414118e-09
2.417274e-01 1.610741e-09
1.991514e-01 -7.217353e-03
2.414840e-01 -2.724432e-06
2.414745e-01 -1.738099e-06
2.405510e-01 2.724393e-04
2.341187e-01 7.647847e-02
2.578640e-01 8.816231e-02
2.133693e-01 9.440278e-02
2.562592e-01 8.068182e-02
1.207974e-01 -5.623782e-03
9.913385e-02 -2.155691e-02
9.996569e-02 9.051597e-03
2.346770e-01 3.837761e-02
2.242416e-01 3.654478e-02
2.096888e-01 3.667466e-02
2.000693e-01 4.881105e-02
2.037581e-01 2.850320e-02
2.082629e-01 -1.438994e-02
2.050358e-01 -7.976103e-03
2.090110e-01 -6.732058e-03
2.061234e-01 1.140414e-03
2.057658e-01 -1.613430e-03
1.750165e-01 4.333345e-04
1.366886e-01 3.982610e-02
1.630356e-01 -2.905547e-02
1.394670e-01 -1.739030e-02
2.157794e-01 -5.159971e-03
1.994841e-01 1.218372e-02
1.979284e-01 -2.404581e-02
1.960480e-01 -3.629290e-02
1.871736e-01 -2.845097e-02
1.704467e-01 -3.021881e-02
1.104215e-01 3.239520e-02
2.648558e-01 -8.342571e-02
2.485883e-01 -7.719038e-02
2.280201e-01 -9.047036e-02
1.290576e-01 5.549889e-02
1.551684e-01 -8.508141e-02
2.056555e-01 -8.399290e-02
1.926293e-01 -6.993035e-02
1.251833e-01 -2.088969e-02
1.004459e-01 -7.690351e-03
3.419266e-02 -2.657748e-02
2.712304e-01 2.932981e-02
2.931251e-01 4.011284e-03
2.321156e-01 -3.686137e-03
2.388978e-01 -2.869378e-03
1.883970e-01 -9.011281e-02
2.203882e-01 -9.022801e-02
2.074247e-01 -9.327231e-02
2.096154e-01 -1.026769e-02
2.077252e-01 4.917501e-03
1.130784e-01 4.747856e-02
1.274079e-01 3.116535e-02
1.012093e-01 1.629128e-02
5.035168e-02 1.541058e-02
7.569204e-02 1.677503e-03
5.361266e-02 -1.536209e-02
2.663871e-01 8.039203e-02
2.588560e-01 8.150036e-02
1.591923e-01 2.465231e-03
1.506981e-01 -2.640908e-02
3.280330e-01 4.229950e-02
1.971993e-01 -1.131149e-02
1.882477e-01 -6.989275e-03
2.926134e-01 4.069089e-02
3.089138e-01 5.198544e-02
2.768869e-01 6.691963e-02
2.934491e-01 6.801860e-02
1.449901e-01 -5.609833e-03
2.935804e-01 -6.741922e-02
2.858750e-01 -5.530679e-02
2.480346e-01 -8.253732e-02
2.753455e-01 -7.758696e-02
2.993501e-01 -6.685448e-02
2.106011e-01 2.015107e-02
2.232443e-01 -9.331622e-02
2.012021e-01 -1.277823e-02
2.021629e-01 -9.469010e-03
2.048074e-01 -5.185045e-03
1.949704e-01 -5.253184e-02
1.994351e-01 -6.385912e-02
1.588796e-01 -5.776992e-02
2.048871e-01 -1.632593e-02
2.202618e-01 -6.384110e-02
1.762900e-01 -1.720288e-02
2.826702e-01 6.424266e-02
2.027756e-01 1.781136e-02
3.300911e-01 4.703828e-02
3.047763e-01 6.381590e-02
3.071636e-01 5.683937e-02
2.047147e-01 7.558934e-03
2.066313e-01 -1.391581e-03
2.231739e-01 -8.000069e-02
3.449610e-01 3.389330e-02
3.389900e-01 4.032826e-02
2.341778e-01 4.822504e-02
1.551606e-01 7.220416e-02
1.814324e-01 8.332920e-02
1.229898e-01 7.159147e-02
2.059561e-01 3.425814e-03
2.073037e-01 8.251376e-05
1.903690e-01 9.159225e-02
2.175613e-01 -6.162619e-02
2.592306e-01 5.275676e-02
2.430788e-01 4.958365e-02
2.534301e-01 -8.182922e-02
2.710812e-01 3.942922e-02
8.851696e-02 4.964135e-02
1.925854e-01 -8.444642e-02
2.376753e-01 1.436444e-04
1.469729e-01 3.749253e-02
1.417168e-01 1.616353e-02
2.390425e-01 -4.281676e-04
9.645570e-02 -7.144090e-02
1.535180e-01 -8.366835e-02
2.227336e-01 -3.381643e-03
2.421627e-01 8.933688e-04
2.074559e-01 7.819670e-05
2.389957e-01 -8.982522e-04
2.409104e-01 1.264534e-03
2.412422e-01 -1.460872e-03
1.942378e-01 9.337575e-02
1.828731e-01 9.457378e-02
7.846560e-02 -2.398409e-02
6.211764e-02 -3.872573e-02
2.464216e-01 -3.389431e-02
2.748496e-01 -1.403694e-02
2.397378e-01 2.228555e-04
2.074364e-01 7.464634e-05
2.414611e-01 -1.575357e-03
2.698059e-02 2.552682e-02
5.873418e-02 3.951606e-02
2.468468e-01 3.460577e-02
1.329351e-01 -8.661804e-02
1.217219e-01 -7.463078e-02
1.052880e-01 7.909094e-02
2.617679e-01 -5.429700e-02
2.854415e-01 7.629328e-02
2.230489e-01 -1.047945e-02
3.134959e-01 5.638463e-02
3.137581e-01 5.509713e-02
2.401064e-01 2.704302e-03
2.735998e-01 3.743166e-02
3.514757e-01 -2.760008e-02
1.045706e-01 -3.996520e-02
9.279403e-02 6.480522e-02
1.222169e-01 8.060512e-02
2.576228e-01 2.937461e-02
3.203907e-01 -5.510628e-02
3.399121e-01 -3.878505e-02
3.241946e-01 -4.764698e-02
1.302623e-01 8.768542e-02
8.442062e-02 -6.037367e-02
1.154106e-01 -6.233172e-02
3.104113e-01 -5.812801e-02
2.116835e-01 -5.606680e-02
2.487412e-01 1.498826e-02
1.571649e-01 8.705437e-02
2.037141e-01 -7.791495e-02
2.074213e-01 -1.680846e-04
2.074688e-01 -1.299964e-04
2.074788e-01 -3.481139e-05
1.230566e-01 8.742294e-02
7.800047e-02 6.187125e-02
3.226396e-01 -5.060871e-02
