1.000000e+00
2.500000e-01
1.000000e+00 0.000000e+00
taylor-hood
rect_coarse
2.506053e-27 -5.738897e-28
-6.380885e-27 8.774430e-27
-1.934032e-26 8.264942e-27
5.598072e-27 -1.387521e-26
9.143005e-27 6.863338e-27
4.102093e-27 5.075761e-27
6.757122e-27 1.139432e-27
-2.443301e-27 -4.045950e-27
2.795035e-27 -6.199276e-27
-5.027837e-28 6.733212e-27
2.215042e-27 -7.491888e-27
3.540021e-27 4.994642e-27
2.040005e-27 -1.570556e-26
5.961606e-27 -2.606380e-27
7.390149e-27 -1.755923e-27
-6.762244e-27 -7.980788e-27
-3.749785e-28 7.262332e-27
4.184407e-27 -1.028598e-26
-1.063602e-26 -4.106879e-27
4.907142e-28 2.451466e-27
-1.838688e-27 5.461543e-27
3.044991e-27 1.005405e-27
1.601258e-27 4.676806e-27
1.286595e-01 -6.814409e-27
2.207445e-01 -1.948708e-27
2.704295e-01 4.002705e-28
2.806416e-01 -7.754222e-27
2.807509e-01 8.957767e-27
2.807729e-01 6.967825e-28
2.717716e-01 -1.228858e-27
2.209840e-01 1.040598e-26
1.293779e-01 8.717649e-27
7.076735e-02 -9.628272e-27
1.796777e-01 -7.165651e-28
2.485082e-01 -5.395226e-27
2.779320e-01 -1.840514e-26
2.807441e-01 5.944213e-28
2.808355e-01 2.980291e-27
2.784022e-01 -4.001352e-27
2.507521e-01 2.608313e-27
1.796959e-01 -3.681684e-28
7.059304e-02 4.776793e-27
-6.138470e-27 -1.569176e-27
-3.458285e-27 -1.684971e-27
-6.435726e-27 -1.682599e-27
-4.438872e-27 -1.308245e-27
-3.382390e-27 -2.177965e-26
2.951366e-27 7.390996e-27
1.236541e-26 3.159307e-27
3.090970e-28 -7.271230e-27
1.070996e-26 -1.419751e-26
-1.082988e-26 2.696852e-27
1.963870e-27 4.198809e-27
-2.279953e-27 -1.068170e-26
-5.538632e-27 -8.493390e-28
1.090620e-26 -6.100797e-27
2.415390e-28 -1.076637e-27
5.638782e-27 1.911900e-29
-1.641462e-27 -2.937185e-27
-6.234922e-27 2.883563e-28
-1.337436e-27 1.717134e-27
1.292333e-01 -7.889630e-28
2.225140e-01 1.648105e-26
2.707103e-01 8.854800e-29
2.808038e-01 1.429040e-26
2.807470e-01 -1.598108e-26
2.806276e-01 6.521861e-27
2.713203e-01 -1.037561e-26
2.203196e-01 -2.019595e-26
1.290851e-01 -9.747584e-27
7.037831e-02 -3.982204e-27
1.795434e-01 7.602723e-27
2.511077e-01 1.193615e-26
2.780678e-01 -3.008516e-27
2.808228e-01 -5.185280e-27
2.807939e-01 -4.511035e-27
2.783314e-01 1.042012e-26
2.492087e-01 -5.757413e-27
1.789960e-01 1.143362e-27
7.004404e-02 -7.186062e-27
1.149044e-01 4.686087e-05
2.807546e-01 -2.710689e-05
1.147141e-01 -1.501875e-04
2.807238e-01 5.585426e-05
1.148761e-01 -9.583102e-05
2.798070e-01 3.128321e-05
2.799118e-01 -1.749936e-05
1.093767e-01 1.102637e-04
2.464390e-01 4.066532e-04
2.497550e-01 -7.708815e-05
1.068539e-01 -6.229237e-04
1.142442e-01 3.443515e-04
1.128198e-01 3.843804e-04
1.892482e-01 4.446097e-04
1.124661e-01 2.220638e-04
1.803947e-01 -3.644842e-04
1.147575e-01 1.801610e-04
1.998935e-01 -4.160012e-05
1.998772e-01 3.376154e-05
2.549416e-01 1.669921e-05
2.549991e-01 -3.470361e-05
2.800075e-01 2.126775e-05
2.799965e-01 -6.712896e-06
2.807849e-01 7.538704e-06
2.807850e-01 2.929335e-05
2.808038e-01 1.847829e-05
2.808038e-01 4.012135e-05
2.808037e-01 -3.296151e-06
2.808225e-01 7.655417e-06
2.808223e-01 -1.377219e-05
2.807850e-01 5.093123e-05
2.808031e-01 6.270927e-05
2.808224e-01 5.109928e-05
2.808037e-01 -2.498517e-05
2.716238e-01 3.100052e-05
2.715336e-01 1.345896e-04
2.716048e-01 -2.691318e-04
2.329346e-01 -1.748161e-04
2.807844e-01 7.289621e-05
2.799967e-01 8.780384e-05
2.808214e-01 7.332075e-05
2.712008e-01 -7.891192e-04
2.800359e-01 7.241196e-05
2.559472e-01 1.546714e-04
2.330473e-01 -1.080955e-04
2.714324e-01 -6.256270e-05
2.333040e-01 -2.168387e-04
1.998842e-01 -1.480701e-04
1.977819e-01 -2.191167e-04
2.545217e-01 4.111605e-06
2.535204e-01 -6.606385e-04
2.799845e-01 -1.597580e-04
2.807866e-01 -5.772825e-05
2.807855e-01 -3.640227e-05
2.808052e-01 -4.625452e-05
2.804772e-01 -1.566006e-04
2.807850e-01 -1.418505e-05
2.801572e-01 7.583922e-05
1.998428e-01 1.004158e-04
1.146434e-01 -2.378526e-04
2.806754e-01 3.748418e-05
2.808017e-01 8.700354e-05
1.115664e-01 -1.133359e-04
1.148944e-01 -2.695805e-05
1.115317e-01 1.409160e-04
2.047270e-01 -3.496984e-06
2.379434e-01 -1.160222e-04
2.800054e-01 4.062727e-05
2.808225e-01 2.933310e-05
1.144936e-01 2.011239e-04
2.499157e-01 2.698852e-04
1.999780e-01 9.690309e-05
2.552512e-01 -1.839097e-04
2.714780e-01 -4.967197e-04
2.330539e-01 -2.291512e-04
2.068460e-01 3.576485e-04
2.546282e-01 -2.967539e-06
2.799964e-01 -6.991431e-05
1.793001e-01 2.246339e-04
1.794836e-01 3.414113e-04
2.679882e-01 -4.903329e-04
1.099471e-01 -5.672171e-04
1.230732e-01 -6.991238e-04
2.808236e-01 -3.549277e-05
2.800175e-01 -2.650225e-04
2.202968e-01 -4.161753e-04
2.805173e-01 2.449224e-04
1.915950e-01 -4.172085e-04
2.524374e-01 -6.254702e-04
1.833899e-01 -1.221091e-04
1.827679e-01 3.507336e-04
1.827562e-01 1.483452e-04
1.843632e-01 2.062509e-04
2.592966e-01 2.393130e-04
2.807593e-01 -7.335519e-06
2.807810e-01 3.346753e-05
2.423366e-01 7.970725e-05
9.932893e-02 6.001900e-04
9.904708e-02 6.422075e-04
9.923329e-02 -5.765983e-04
9.948238e-02 -7.136446e-04
1.801904e-01 -7.130733e-04
2.808122e-01 6.801480e-05
2.808116e-01 8.015206e-05
2.808024e-01 7.484764e-05
2.696236e-01 2.141632e-04
2.787336e-01 2.327724e-05
2.777435e-01 6.207531e-05
2.281968e-01 -2.655642e-04
2.169190e-01 3.020026e-04
1.934778e-01 -2.113668e-04
2.296397e-01 -4.454192e-04
2.192965e-01 2.760692e-04
1.923010e-01 -6.716058e-05
2.424413e-01 9.202743e-05
2.592836e-01 -1.803210e-04
2.365956e-01 3.953532e-04
2.528608e-01 3.169537e-04
2.774260e-01 -8.768667e-05
2.806485e-01 8.222207e-05
2.759804e-01 1.018634e-03
2.608974e-01 8.974413e-05
2.682028e-01 -5.575694e-05
2.754714e-01 -5.241747e-04
2.690366e-01 9.736487e-05
2.808174e-01 -1.071110e-04
2.808205e-01 -9.137854e-05
2.807959e-01 -5.198927e-05
1.932601e-01 -5.179964e-04
2.256085e-01 -6.506232e-04
2.291509e-01 -4.248090e-04
2.801790e-01 2.095613e-05
2.805935e-01 -9.812344e-05
2.807331e-01 1.242609e-04
2.506215e-01 -1.186112e-03
2.366984e-01 3.003822e-04
2.807937e-01 6.779908e-05
2.807930e-01 7.995380e-05
2.807937e-01 -1.120110e-04
2.807930e-01 -8.518107e-06
2.246585e-01 3.319687e-04
2.525704e-01 -6.720804e-04
2.709723e-01 -2.612549e-04
2.799097e-01 -1.325127e-04
2.709035e-01 -3.943470e-04
2.805933e-01 -7.693108e-05
2.806248e-01 -7.832583e-05
2.802279e-01 7.587029e-05
2.782524e-01 6.556876e-05
2.807521e-01 -5.058599e-05
2.807494e-01 -1.121597e-04
1.645882e-01 3.611989e-04
1.480410e-01 -1.124015e-04
1.627182e-01 1.974920e-04
1.478481e-01 -4.575744e-05
2.800688e-01 4.190057e-05
2.727849e-01 6.436003e-05
2.728076e-01 1.160890e-04
1.579185e-01 -6.097588e-04
1.523536e-01 1.481166e-04
1.530339e-01 1.890557e-04
2.011699e-01 -1.127702e-04
1.766548e-01 -6.677911e-04
2.559909e-01 4.771812e-04
2.262831e-01 1.932735e-04
1.537593e-01 -2.573204e-04
1.496954e-01 2.109781e-04
1.878846e-01 7.412531e-05
2.807943e-01 2.118933e-06
2.807850e-01 -3.322630e-06
2.807943e-01 -8.739749e-06
2.806635e-01 -6.564157e-05
2.806629e-01 -4.001501e-05
2.800028e-01 -3.513521e-05
2.805822e-01 5.045079e-05
2.805859e-01 8.345530e-05
2.807946e-01 -3.069298e-05
2.807954e-01 -4.133352e-05
2.808044e-01 -3.562094e-05
2.681903e-01 8.416013e-04
2.807853e-01 -2.529326e-05
2.806780e-01 -2.853000e-05
2.806783e-01 1.443821e-06
2.806770e-01 -9.423353e-06
2.808037e-01 -1.414387e-05
2.807943e-01 -1.958771e-05
2.807861e-01 -4.706846e-05
2.011577e-01 5.632900e-04
1.527083e-01 -2.313237e-04
2.699538e-01 -1.127818e-03
2.808144e-01 -4.086819e-05
2.808137e-01 -3.024008e-05
2.162880e-01 2.147014e-05
2.135512e-01 1.281049e-04
2.569420e-01 -1.450592e-04
2.594750e-01 2.980315e-04
1.148502e-01 2.407179e-05
1.611533e-01 9.222785e-05
1.611540e-01 -7.912839e-06
6.106010e-02 1.171522e-05
6.099401e-02 4.504026e-05
6.108715e-02 1.171522e-05
1.611143e-01 1.157709e-04
1.599086e-01 6.264410e-05
1.988485e-01 3.227076e-05
2.807968e-01 -1.270537e-05
2.805553e-01 -3.001309e-05
2.807302e-01 8.783620e-05
6.106452e-02 -2.395776e-05
6.106892e-02 -6.739512e-06
1.148952e-01 -8.133057e-06
1.612131e-01 -2.420510e-05
1.611502e-01 2.745005e-05
1.149100e-01 -4.112463e-06
6.108448e-02 -6.739512e-06
6.073655e-02 -3.754686e-05
6.071888e-02 -5.946316e-05
1.146661e-01 3.061112e-05
1.145258e-01 2.366745e-05
1.612089e-01 -1.083084e-05
2.807812e-01 5.263205e-05
2.807420e-01 -3.241358e-05
2.807791e-01 -6.887749e-06
6.064984e-02 -3.754686e-05
6.061523e-02 8.608787e-05
6.088990e-02 4.504026e-05
2.298240e-01 -6.806663e-05
2.307042e-01 -5.523073e-05
1.998881e-01 -5.787999e-06
1.611289e-01 3.449622e-05
2.808058e-01 5.746416e-05
2.807424e-01 1.997905e-05
1.998795e-01 -1.192527e-04
1.613032e-01 -7.869330e-05
2.803547e-01 8.425023e-05
2.806873e-01 6.045359e-05
2.805984e-01 -2.330094e-05
1.131378e-01 -3.147643e-06
5.887799e-02 -2.833397e-05
2.605554e-01 -1.290273e-04
2.759312e-01 9.756162e-04
5.751632e-02 2.756593e-05
5.881048e-02 -2.833397e-05
1.104380e-01 9.174896e-05
5.630270e-02 -1.557309e-04
1.107152e-01 -1.978475e-04
6.085620e-02 -5.946316e-05
1.611506e-01 -2.086662e-05
2.540367e-01 -2.203575e-04
1.998686e-01 -2.897973e-05
2.712561e-01 -8.014597e-05
2.344028e-01 -4.603575e-06
6.041533e-02 8.608787e-05
2.713437e-01 1.590890e-05
2.714210e-01 -2.491064e-05
2.551055e-01 -4.445734e-05
2.807920e-01 6.310261e-05
2.807718e-01 6.338030e-05
2.357479e-01 7.478693e-05
2.612483e-01 -2.406599e-04
5.669402e-02 -1.557309e-04
2.310777e-01 -4.976333e-06
2.310565e-01 -1.137850e-04
2.310871e-01 -6.288791e-05
5.989163e-02 9.609509e-05
6.011860e-02 9.609509e-05
2.310828e-01 -2.162258e-05
2.310993e-01 1.132765e-05
2.804725e-01 9.156308e-05
2.753833e-01 -9.988112e-04
2.752486e-01 -9.983007e-04
5.758363e-02 2.756593e-05
2.791891e-01 7.093415e-06
2.716627e-01 4.842629e-06
2.791830e-01 -5.855035e-05
2.800030e-01 5.352925e-05
2.714980e-01 2.258223e-06
2.800003e-01 8.276466e-05
2.717429e-01 8.639244e-05
2.717093e-01 1.212395e-04
2.807944e-01 3.470917e-05
2.807944e-01 4.552470e-05
2.807850e-01 4.011012e-05
2.561730e-01 4.688195e-05
2.560499e-01 -1.869435e-04
2.807941e-01 5.682147e-05
2.807847e-01 6.191250e-05
2.808034e-01 5.141530e-05
2.330321e-01 -1.504620e-05
2.561966e-01 -8.218548e-05
2.808130e-01 -8.536461e-06
2.808130e-01 -1.937761e-05
2.807944e-01 2.388471e-05
2.808038e-01 2.930051e-05
2.807944e-01 1.301067e-05
2.808037e-01 7.590690e-06
2.806771e-01 6.575174e-05
2.806805e-01 4.560209e-05
2.310805e-01 -2.330835e-05
2.806806e-01 3.477971e-05
2.806473e-01 7.583150e-05
2.808131e-01 2.182288e-06
2.808131e-01 1.306499e-05
2.713093e-01 2.382153e-05
2.712613e-01 7.922228e-06
2.800032e-01 6.301977e-06
2.806808e-01 1.337322e-05
2.807850e-01 1.841386e-05
2.806807e-01 2.425406e-05
2.606357e-01 3.498260e-04
2.800059e-01 2.886449e-05
2.579288e-01 6.255253e-06
2.355207e-01 1.099661e-04
2.358452e-01 -2.067031e-04
2.808224e-01 -3.052955e-06
2.791991e-01 -3.671829e-06
5.892198e-02 3.522899e-05
5.900579e-02 3.522899e-05
6.100919e-02 -2.395776e-05
1.104624e-01 -1.700167e-04
2.556274e-01 6.199585e-05
1.999176e-01 1.455193e-05
2.808127e-01 5.690295e-05
2.808219e-01 6.220578e-05
2.808131e-01 2.390770e-05
2.808131e-01 3.472630e-05
2.783830e-01 -1.468163e-04
2.710136e-01 7.452447e-05
2.782580e-01 -2.670453e-04
2.808225e-01 1.849702e-05
5.946294e-02 5.551595e-05
5.959407e-02 5.551595e-05
2.808131e-01 4.561191e-05
2.790190e-01 -4.778388e-05
2.713217e-01 7.056091e-06
2.715719e-01 4.797247e-05
2.580078e-01 4.820170e-05
2.549652e-01 1.917351e-07
2.017413e-01 4.301681e-04
1.557579e-01 3.268505e-04
2.315144e-01 1.538118e-04
2.791577e-01 5.938593e-05
6.091046e-02 5.028097e-05
1.136311e-01 8.143120e-05
2.061768e-01 1.205595e-03
1.602104e-01 5.083363e-04
2.806435e-01 9.508546e-05
2.786363e-01 -1.471254e-04
6.079391e-02 5.028097e-05
2.808224e-01 4.021554e-05
1.119884e-01 9.882449e-05
2.566526e-01 -4.244456e-04
2.201907e-01 -5.007729e-04
2.561711e-01 -2.597021e-04
2.331343e-01 -9.928211e-05
2.564004e-01 -1.751986e-04
1.624875e-01 1.123145e-04
2.715785e-01 -3.187927e-05
1.146420e-01 -4.370148e-06
1.612051e-01 1.442256e-04
2.713938e-01 -4.705360e-05
2.562689e-01 -4.150235e-04
2.789881e-01 -9.740041e-05
2.786994e-01 -8.772364e-05
2.545911e-01 -2.254746e-05
2.308648e-01 -3.115707e-05
2.308803e-01 -2.719561e-05
2.547826e-01 -1.474645e-05
2.331666e-01 -4.994595e-04
2.033620e-01 2.348558e-04
1.652556e-01 1.525058e-04
2.711710e-01 -6.180660e-06
2.340872e-01 4.196748e-04
2.800038e-01 -1.558122e-05
2.712256e-01 -1.746375e-05
2.712379e-01 -4.979676e-05
2.806420e-01 -6.431560e-05
1.119745e-01 -1.790365e-04
1.553275e-01 -1.079937e-04
2.012094e-01 -3.510702e-04
5.820587e-02 -1.418043e-04
5.786055e-02 -1.418043e-04
1.552054e-01 -1.562767e-04
2.008323e-01 -5.119987e-04
6.649349e-02 -1.747810e-04
6.612103e-02 -1.747810e-04
2.808230e-01 -2.462447e-05
2.804906e-01 -3.292093e-05
2.758063e-01 1.062620e-03
2.806743e-01 -5.520267e-05
2.807496e-01 2.016804e-05
1.150200e-01 5.637288e-05
1.546930e-01 -2.076046e-04
2.625935e-01 -1.869202e-04
2.387669e-01 -1.035778e-04
2.576515e-01 2.687569e-04
2.807809e-01 -3.144117e-05
2.808093e-01 1.721417e-05
2.808002e-01 1.034606e-04
5.242220e-02 1.500475e-04
5.283213e-02 1.500475e-04
1.147810e-01 1.600552e-04
5.197472e-02 1.605519e-04
5.241336e-02 1.605519e-04
1.144026e-01 9.193486e-07
5.306729e-02 -1.441496e-04
5.267347e-02 -1.441496e-04
1.144094e-01 -1.462080e-04
5.273976e-02 -1.784111e-04
5.225233e-02 -1.784111e-04
1.146824e-01 6.500804e-05
2.247938e-01 1.020460e-04
2.400724e-01 1.699288e-04
2.808006e-01 6.354323e-05
2.807756e-01 7.654887e-05
1.983255e-01 -6.681169e-05
2.106254e-01 -4.066731e-04
2.106262e-01 -8.935470e-05
1.830185e-01 -2.302508e-04
2.102903e-01 8.334235e-05
2.101957e-01 2.145784e-06
1.827471e-01 1.866449e-05
1.506508e-01 5.067730e-05
2.100737e-01 2.397370e-05
2.112648e-01 -3.750322e-04
1.505067e-01 -1.195939e-04
1.505123e-01 3.593039e-05
1.507513e-01 9.671529e-05
1.468338e-01 -3.871892e-04
1.508773e-01 -2.447656e-05
1.496291e-01 6.123538e-06
2.105729e-01 3.458209e-05
1.835757e-01 4.110591e-05
1.448223e-01 -5.206977e-04
1.046459e-01 -9.963482e-05
1.419242e-01 5.075496e-04
1.112706e-01 1.235379e-04
1.417659e-01 5.741559e-04
1.060437e-01 1.890213e-06
1.057210e-01 9.586575e-05
1.423873e-01 -4.593059e-04
1.473073e-01 -3.920915e-04
2.191462e-01 -1.071685e-04
2.095814e-01 -7.143590e-04
1.817366e-01 -5.919724e-04
