1.000000e+00
3.000000e-01
1.000000e+00 0.000000e+00
taylor-hood
bckw_fs
2.241507e-26 1.907313e-26
-1.020397e-26 1.468906e-26
-2.224786e-26 -1.949577e-26
-1.183052e-26 1.485890e-26
-3.379098e-27 -1.051690e-26
-3.581964e-26 -1.158737e-27
5.600184e-27 5.245989e-26
5.219295e-27 1.574341e-26
4.161918e-27 -3.292052e-26
-6.936740e-27 -7.743398e-27
1.772944e-26 1.607669e-27
-4.163597e-26 -9.037123e-27
5.982251e-27 1.304477e-26
2.314064e-26 1.211264e-26
-7.438818e-27 -3.240316e-26
-3.494421e-27 -2.816050e-26
4.882789e-26 -2.104187e-26
2.919927e-26 -1.604461e-26
-3.187546e-26 -3.041266e-27
4.294976e-02 2.945492e-26
4.416033e-02 6.531737e-27
4.384531e-02 -1.617972e-26
3.964370e-02 5.396556e-27
2.901477e-02 1.466591e-27
4.417659e-02 1.785913e-26
4.400282e-02 -4.536500e-27
4.316367e-02 1.352647e-26
2.506109e-02 -1.578882e-26
-7.472218e-27 -4.195174e-27
5.915882e-27 -2.274520e-26
-2.828653e-26 2.945515e-26
-9.463379e-27 1.141419e-26
-1.110039e-26 -1.407108e-26
-1.896711e-26 3.891734e-26
1.541690e-26 2.389959e-26
9.322288e-27 3.922944e-27
-9.997019e-27 2.766028e-26
-9.168522e-27 -2.120211e-26
-6.348783e-27 -2.149589e-26
2.643056e-26 9.986194e-27
-2.019903e-26 -1.881637e-26
-4.123429e-27 2.534940e-26
3.537212e-26 -2.287735e-26
-1.708827e-26 2.136538e-26
4.855780e-26 -8.755015e-27
9.240868e-27 -1.461062e-26
1.076238e-26 -1.642717e-27
9.067452e-27 3.271720e-26
-1.658258e-26 -2.645040e-26
-3.067879e-26 1.434238e-26
-8.369695e-27 -2.269805e-26
2.967624e-26 -9.863163e-27
-1.303037e-26 -4.105727e-27
-2.590663e-26 -8.627934e-27
4.899036e-26 -3.427076e-26
-6.922530e-27 -2.384109e-26
-2.082561e-26 4.140291e-27
-6.128723e-27 4.757669e-26
2.049060e-02 -1.900465e-26
2.988467e-02 2.182851e-26
3.031306e-02 -9.895800e-27
2.979379e-02 1.224606e-26
2.927451e-02 -4.805179e-26
2.861346e-02 1.756306e-26
2.018235e-02 -3.591132e-27
1.188718e-02 -7.242149e-27
2.640656e-02 -1.296588e-26
3.045045e-02 2.765632e-26
3.005342e-02 1.045306e-26
2.953415e-02 -1.683862e-26
2.900251e-02 1.291283e-26
2.601430e-02 2.903682e-26
1.114157e-02 4.673088e-27
9.598549e-27 -8.306824e-27
-8.602993e-27 -1.707605e-26
1.253249e-26 -4.821848e-27
3.355958e-26 9.672018e-28
2.838082e-26 1.916227e-26
-3.034938e-26 -7.420145e-27
-1.343344e-26 1.105789e-26
-1.156419e-26 -1.152096e-26
-5.970520e-27 7.161757e-27
-1.337325e-27 -3.507172e-26
-3.563063e-27 1.211495e-26
-1.144697e-26 4.041254e-26
3.465727e-26 9.933939e-27
-2.544568e-26 -3.279871e-26
-7.351439e-27 3.940278e-26
-2.485481e-27 -2.118209e-26
1.320283e-26 4.082598e-26
-4.377589e-27 -3.262308e-26
-2.646370e-26 1.738074e-27
2.694052e-02 -9.415040e-04
1.527141e-02 -1.094933e-03
2.950691e-02 -4.183334e-04
2.167075e-02 -1.066675e-03
3.336730e-02 -1.428549e-03
8.697798e-03 -2.189075e-03
3.805796e-02 -9.673376e-04
1.839433e-02 -5.496661e-04
3.844737e-02 -4.163626e-03
3.770319e-02 -9.757872e-03
7.286378e-03 -6.017399e-03
3.685865e-02 -9.916555e-04
4.212949e-02 -5.898409e-03
4.026034e-02 -9.025472e-03
4.398758e-02 -2.564303e-04
3.056773e-02 -4.371827e-04
3.518481e-02 -1.195207e-02
3.782068e-02 -1.037528e-02
3.316010e-02 -1.186881e-02
3.487823e-02 -9.067639e-03
3.200426e-02 -9.448729e-03
3.212202e-02 -6.449796e-03
3.106695e-02 -6.291582e-03
3.027108e-02 -3.960943e-03
3.035387e-02 -3.583966e-03
2.958414e-02 -2.418345e-03
3.004545e-02 -2.145614e-03
2.958567e-02 -1.873930e-03
3.695807e-02 -6.976050e-03
2.925710e-02 -2.480244e-03
3.004574e-02 -1.602231e-03
1.951962e-02 -3.103451e-04
4.295626e-02 -2.249415e-03
4.389424e-02 -3.103514e-03
4.401696e-02 -1.537485e-03
3.051328e-02 -1.872535e-03
2.829061e-02 -1.087325e-02
3.046372e-02 -5.095607e-03
3.971464e-02 -3.987882e-04
2.958645e-02 -1.347634e-03
2.912959e-02 -1.588359e-03
3.046814e-02 -1.314711e-03
2.915715e-02 -1.122850e-03
1.369304e-08 -8.950236e-09
2.864994e-02 -1.304684e-03
3.418466e-03 -1.454287e-03
1.297998e-02 -6.527546e-03
3.591188e-02 -1.092468e-03
4.324834e-02 -3.629608e-03
3.998672e-02 -4.557823e-03
3.041654e-02 -1.436430e-03
2.825473e-02 -1.150707e-03
3.236887e-02 -2.687434e-03
3.014805e-02 -2.008331e-03
2.519107e-02 -9.293736e-04
2.324413e-02 -1.140521e-03
2.873704e-02 -2.158534e-03
3.004340e-02 -1.060711e-03
1.684055e-02 -7.330821e-04
1.787302e-02 -2.855078e-04
1.275455e-02 -1.767375e-03
3.937853e-02 -6.523830e-04
4.427236e-02 -6.235799e-04
4.430682e-02 -1.106711e-03
4.397537e-02 -7.831797e-04
3.898341e-02 -5.640855e-04
4.433823e-02 -2.084306e-03
3.054010e-02 -2.786633e-03
4.274169e-02 -6.331535e-03
3.004333e-02 -5.226470e-04
2.899807e-02 -4.052234e-04
2.990880e-02 -8.155993e-03
2.539620e-09 -2.327977e-09
3.588875e-02 -3.858806e-03
4.429232e-02 -2.960301e-04
4.352764e-02 -2.713669e-04
3.784520e-02 -1.551149e-03
2.634245e-02 -3.145538e-04
2.633181e-02 -3.252345e-04
2.901485e-02 -8.891433e-04
2.414406e-02 -1.163575e-02
4.380506e-02 -4.981496e-04
4.314655e-02 -1.173568e-03
4.037740e-02 -7.739779e-03
3.336445e-02 -5.081833e-03
1.922890e-02 -6.652092e-03
2.794432e-02 -1.416483e-03
3.042778e-02 -3.107090e-03
1.933166e-02 -6.128003e-04
2.708211e-02 -1.933269e-03
2.342049e-02 -5.147175e-03
2.584433e-02 -3.218940e-03
2.918534e-02 -2.057814e-03
2.913123e-02 -2.095222e-03
2.879590e-02 -8.040508e-04
2.963037e-02 -8.872363e-04
2.865639e-02 -1.771976e-03
3.042010e-02 -8.538724e-04
2.793717e-02 -1.248103e-02
6.271944e-03 -4.067966e-03
3.752427e-02 -1.617461e-04
3.324121e-02 -1.838996e-04
1.481610e-02 -8.698739e-05
1.509325e-02 -8.263701e-05
-2.585578e-11 -2.082496e-11
4.329397e-02 -7.449506e-04
4.406884e-02 -4.882709e-04
2.925380e-02 -7.248791e-04
2.853852e-02 -1.150557e-03
2.396607e-02 -1.003288e-03
2.487787e-02 -8.105743e-04
2.473171e-02 -5.975347e-04
1.818476e-02 -4.041041e-04
3.015146e-02 -1.428685e-03
3.032642e-02 -1.123307e-03
2.966611e-02 -2.306406e-03
2.962147e-02 -1.898993e-03
3.044969e-02 -2.509912e-03
2.926941e-02 -2.244840e-03
2.966844e-02 -2.670261e-03
6.782508e-03 -4.421896e-03
1.483075e-02 -8.351946e-03
1.653041e-02 -9.570975e-03
2.527996e-02 -1.225432e-02
1.735094e-02 -1.027109e-02
2.680679e-02 -1.623029e-03
2.604983e-02 -1.322651e-03
2.043683e-02 -8.588909e-04
1.938481e-02 -4.708278e-04
2.553028e-02 -1.049190e-03
2.542499e-02 -7.855362e-04
4.064746e-02 -6.216275e-03
3.873035e-02 -6.007504e-03
3.795168e-02 -4.327764e-03
2.157979e-02 -6.037531e-03
2.724837e-02 -6.768956e-03
2.581012e-02 -7.948571e-03
3.401164e-02 -3.296001e-03
3.686331e-02 -5.502579e-03
3.490560e-02 -4.738722e-03
3.316421e-02 -3.928457e-03
3.165510e-02 -3.179312e-03
3.111563e-02 -2.271364e-03
2.865316e-02 -1.538330e-03
3.170638e-02 -3.954940e-03
2.872292e-02 -1.054368e-03
2.641955e-02 -6.289083e-04
1.637645e-02 -3.997869e-03
1.395119e-02 -4.344531e-03
2.983685e-02 -7.049421e-04
2.983689e-02 -9.739735e-04
3.004337e-02 -7.916798e-04
4.380670e-02 -3.753738e-04
4.428228e-02 -4.597349e-04
4.379655e-02 -5.391947e-04
4.248248e-02 -6.244366e-03
4.342743e-02 -4.770088e-03
4.340478e-02 -4.296021e-03
2.895884e-02 -2.094691e-03
2.902573e-02 -2.279378e-03
3.506761e-02 -6.065200e-03
2.916136e-02 -2.322047e-03
2.892333e-02 -2.151281e-03
3.872824e-02 -7.545909e-03
4.338052e-02 -4.953924e-03
4.400677e-02 -3.627166e-03
4.427109e-02 -1.846997e-03
4.436364e-02 -1.564907e-03
4.425233e-02 -1.316292e-03
1.793380e-02 -2.841704e-04
2.754246e-02 -9.817955e-04
1.757470e-02 -3.005220e-04
4.172429e-02 -7.659970e-03
4.118860e-02 -7.606777e-03
3.053320e-02 -5.416764e-03
2.874389e-02 -2.586115e-03
3.110636e-02 -1.812619e-03
3.015396e-02 -1.556441e-03
4.295910e-02 -5.447311e-04
4.371706e-02 -3.830646e-04
4.209225e-02 -4.397001e-04
4.418061e-02 -3.921287e-04
4.417058e-02 -5.558963e-04
3.105115e-02 -8.866765e-03
3.844599e-02 -7.494109e-03
1.638338e-02 -6.853028e-03
2.403850e-02 -8.907330e-03
2.163700e-02 -9.429588e-03
4.957410e-04 -2.168407e-04
1.501110e-03 -8.519850e-04
3.508604e-09 -1.767131e-09
2.924777e-02 -1.235125e-03
1.858672e-02 -2.982818e-04
1.935518e-02 -3.092944e-04
7.732261e-03 -3.728126e-03
4.444224e-03 -2.722723e-03
3.813144e-02 -2.099639e-03
2.474425e-02 -2.355149e-04
3.023242e-02 -9.572711e-04
3.023239e-02 -6.882381e-04
2.956864e-02 -6.527846e-04
2.977512e-02 -4.704906e-04
1.348982e-02 -4.414538e-04
2.239764e-02 -1.163606e-03
1.290230e-02 -4.149453e-04
2.924625e-02 -9.568120e-03
4.402776e-02 -2.737777e-03
4.425849e-02 -2.547428e-03
4.312277e-02 -1.599229e-03
4.353353e-02 -1.263661e-03
2.012019e-02 -3.360845e-04
2.657048e-02 -1.149707e-02
1.817658e-02 -9.208198e-03
4.156807e-02 -1.943980e-03
4.129566e-02 -2.879270e-03
1.678370e-09 -9.007079e-10
2.774546e-02 -1.890799e-03
2.730252e-02 -1.836063e-03
4.208021e-02 -6.714946e-04
4.369025e-02 -6.083603e-04
2.420028e-02 -1.082619e-03
1.434807e-02 -4.545308e-04
1.523470e-02 -3.961777e-04
3.240460e-02 -2.122110e-03
4.398555e-02 -2.177680e-03
1.597696e-02 -3.568886e-04
2.187729e-02 -3.046189e-04
2.109955e-02 -3.181094e-04
4.121550e-02 -2.222587e-03
3.973705e-02 -2.599936e-03
3.474280e-02 -1.261311e-03
6.146367e-03 -2.024002e-03
1.132131e-03 -3.779646e-04
2.433342e-03 -5.589322e-04
3.709429e-02 -1.021989e-03
2.307593e-02 -2.368849e-04
2.380840e-02 -2.686215e-04
3.004457e-02 -1.331471e-03
2.981493e-02 -1.204172e-03
2.981610e-02 -1.474932e-03
4.183336e-02 -4.259785e-03
3.795849e-02 -2.801095e-03
2.946214e-02 -1.534294e-03
9.943266e-03 -1.074113e-04
1.049297e-02 -1.617956e-04
2.244191e-02 -2.542294e-04
1.694894e-02 -3.269993e-04
2.958606e-02 -1.610782e-03
2.981571e-02 -1.738080e-03
3.025592e-02 -1.187726e-03
3.025712e-02 -1.458458e-03
3.187950e-02 -1.452275e-03
1.090391e-02 -1.361040e-04
1.066258e-02 -9.719883e-05
4.417902e-02 -9.182015e-04
4.398771e-02 -1.070226e-03
1.014802e-02 -7.614444e-05
3.004559e-02 -1.873917e-03
2.981556e-02 -2.009767e-03
8.941968e-03 -2.604404e-04
1.612238e-02 -8.582830e-04
8.353259e-03 -3.215522e-04
2.604452e-02 -9.273455e-04
1.013509e-02 -1.953979e-04
1.765700e-02 -6.387693e-04
9.430367e-03 -2.172289e-04
1.217506e-02 -3.413792e-04
2.958490e-02 -2.146131e-03
2.981480e-02 -2.281982e-03
4.238944e-02 -1.879279e-03
3.049076e-02 -1.593622e-03
3.027960e-02 -1.737378e-03
1.415014e-02 -1.408794e-03
6.583106e-03 -5.474207e-04
7.597016e-03 -4.235770e-04
2.937180e-02 -1.235242e-03
2.914337e-02 -1.355605e-03
2.935802e-02 -1.467997e-03
5.348414e-03 -6.454267e-04
1.087659e-02 -2.072908e-03
3.893865e-03 -6.692507e-04
2.935763e-02 -1.731144e-03
3.934802e-02 -9.289942e-03
4.045721e-02 -7.512260e-03
4.375428e-02 -9.460757e-04
3.882631e-02 -8.340329e-04
4.378707e-02 -6.907538e-04
3.958167e-02 -5.104737e-04
2.522464e-02 -1.530654e-04
2.484495e-02 -1.897701e-04
2.438105e-02 -2.432689e-04
2.478503e-02 -2.327292e-04
2.445905e-02 -1.588902e-04
2.303300e-02 -4.209995e-04
2.238521e-02 -2.980200e-04
3.786910e-02 -6.604178e-04
4.391644e-02 -1.282238e-04
4.407395e-02 -1.282231e-04
2.545973e-02 -1.013713e-04
2.519361e-02 -1.398074e-04
2.902485e-02 -7.644655e-04
2.912594e-02 -5.650491e-04
2.889699e-02 -6.046327e-04
4.413261e-02 -7.004743e-04
4.427661e-02 -8.225543e-04
3.043169e-02 -3.225162e-03
3.031216e-02 -2.424535e-03
3.013752e-02 -2.670341e-03
3.651113e-02 -1.137488e-02
3.814418e-02 -1.054949e-02
2.937712e-02 -2.502973e-03
2.964869e-02 -2.977394e-03
2.980050e-02 -3.030634e-03
3.027948e-02 -2.009057e-03
3.053333e-02 -3.827023e-03
3.060788e-02 -4.405950e-03
1.839098e-02 -3.412823e-03
2.996626e-02 -2.879566e-03
3.596065e-02 -2.768496e-03
3.080418e-02 -5.799205e-03
3.066818e-02 -4.833203e-03
3.028810e-02 -3.834463e-03
2.890355e-02 -1.213769e-03
2.888977e-02 -1.446523e-03
2.889299e-02 -1.680169e-03
2.889382e-02 -1.933599e-03
2.913041e-02 -1.841791e-03
3.115437e-02 -9.004827e-03
3.120912e-02 -1.058582e-02
3.051445e-02 -2.204490e-03
3.101199e-02 -7.426433e-03
3.152208e-02 -7.902869e-03
2.889632e-02 -1.472951e-03
4.221885e-02 -5.925988e-03
3.078549e-02 -5.093406e-03
2.884503e-02 -1.973481e-04
2.913629e-02 -2.026014e-04
3.617830e-02 -8.128377e-03
3.787151e-02 -8.854863e-03
3.637356e-02 -9.998875e-03
2.939071e-02 -2.091660e-04
2.965035e-02 -2.091662e-04
3.409719e-02 -2.461409e-03
2.991856e-02 -2.613233e-04
3.017820e-02 -2.613231e-04
3.105968e-02 -5.110630e-03
3.146920e-02 -6.544807e-03
3.045021e-02 -2.190681e-04
3.034765e-02 -2.337838e-04
3.119198e-02 -1.177284e-02
3.257296e-02 -1.094296e-02
3.026187e-02 -6.579048e-03
1.096588e-02 -4.250071e-03
2.264607e-02 -1.344409e-03
2.197163e-02 -1.643519e-03
3.231433e-02 -8.063152e-03
2.109337e-02 -2.128815e-03
1.994808e-02 -2.740289e-03
4.362081e-02 -2.644173e-03
4.285217e-02 -3.747491e-03
3.341481e-02 -7.782186e-03
3.328661e-02 -9.534688e-03
2.925250e-02 -4.117783e-04
2.804014e-02 -1.780964e-03
2.655892e-02 -2.430595e-03
2.481711e-02 -4.157071e-03
4.359695e-02 -1.836880e-03
3.031535e-02 -4.803904e-04
2.330574e-02 -1.166699e-03
3.443570e-02 -1.075071e-02
2.345508e-02 -2.085258e-04
3.557964e-02 -1.141577e-02
3.018108e-02 -6.808711e-04
2.784977e-02 -5.794408e-04
2.956426e-02 -4.137342e-04
2.920547e-02 -9.238645e-04
2.897653e-02 -9.634512e-04
4.422636e-02 -1.480913e-04
4.409587e-02 -1.834905e-04
4.229055e-02 -1.026343e-04
4.375011e-02 -1.294012e-04
3.405114e-02 -1.234421e-02
3.689933e-02 -1.137686e-02
3.911828e-02 -1.007933e-02
4.073092e-02 -8.689954e-03
4.178710e-02 -7.337655e-03
1.055601e-02 -1.654580e-04
4.112292e-02 -5.532033e-03
6.922189e-04 -1.568885e-03
6.305894e-03 -4.806338e-03
2.753744e-02 -1.635311e-03
2.025273e-02 -1.001002e-02
3.408557e-02 -1.176218e-02
1.096605e-02 -2.201305e-04
4.361718e-02 -1.314048e-03
4.301692e-02 -1.553143e-03
2.534849e-10 -2.232488e-10
2.676465e-10 -7.976055e-10
2.855395e-02 -1.655480e-03
3.083332e-02 -1.249938e-02
2.777664e-02 -2.030407e-04
2.842891e-02 -3.906316e-04
3.033147e-02 -3.674153e-03
2.265541e-02 -3.395381e-04
3.941033e-02 -9.079451e-03
2.843225e-02 -1.900024e-04
2.935845e-02 -1.984577e-03
3.443629e-02 -7.065192e-03
2.935768e-02 -2.256776e-03
4.181692e-02 -1.519088e-03
2.359392e-02 -1.737603e-04
2.373629e-02 -1.238446e-04
4.414007e-02 -2.761847e-04
4.382125e-02 -2.576149e-04
2.960841e-02 -1.117435e-03
2.939376e-02 -1.005043e-03
2.867329e-02 -2.007776e-03
3.745519e-02 -1.248635e-03
1.283223e-03 -1.023695e-03
3.066369e-02 -1.265233e-02
9.707010e-03 -5.630980e-03
4.371666e-02 -9.318763e-04
-9.394535e-11 8.846003e-11
-5.157939e-11 6.409802e-11
2.802273e-02 -5.549367e-04
2.275059e-02 8.247224e-05
2.273369e-02 -1.367384e-05
4.070319e-02 -4.735210e-05
1.952365e-02 -8.246645e-05
1.938871e-02 -1.349269e-05
3.668673e-02 -9.361368e-05
3.050042e-02 -6.461350e-04
3.285756e-02 -5.896861e-03
2.996198e-02 -1.695048e-03
3.137400e-02 -4.629282e-03
4.157705e-02 -9.113591e-04
2.933846e-02 -3.166954e-03
2.963137e-02 -2.403298e-03
7.946249e-03 -4.115970e-05
7.878950e-03 -7.943911e-07
8.327618e-03 -9.922889e-06
8.267296e-03 -3.000862e-05
2.979876e-02 -1.969194e-03
2.887468e-02 -4.229477e-03
4.390468e-02 -3.759556e-04
2.815348e-02 -5.448384e-03
1.758587e-02 -6.640770e-05
1.796579e-02 -5.809700e-05
4.184010e-02 -1.173627e-03
2.254490e-09 -1.821618e-09
3.287016e-02 -1.259891e-02
4.402255e-02 -6.287403e-04
-4.640279e-11 2.050779e-11
4.402828e-02 -3.722732e-04
3.037240e-02 -8.963676e-04
3.044440e-02 -1.084425e-03
2.154854e-03 -1.488700e-03
5.931906e-10 -8.473216e-10
9.316357e-09 -8.313938e-09
4.394460e-02 -4.919281e-04
4.388798e-02 -6.328434e-04
2.341678e-02 -3.574431e-04
1.718962e-02 -1.938693e-04
1.656063e-02 -1.679336e-04
2.944208e-02 -8.060577e-04
4.341532e-02 -3.170883e-04
4.094502e-02 -2.624027e-04
1.516745e-03 -1.026726e-03
3.633458e-02 -3.153531e-04
3.869506e-02 -2.782831e-04
4.377331e-02 -7.533962e-04
4.321417e-02 -9.647006e-04
2.158219e-02 -1.947353e-04
2.158516e-02 -1.955306e-04
2.938035e-02 -5.716064e-04
