1.000000e+00
2.000000e+00
0.000000e+00 0.000000e+00
taylor-hood
cavity_fine
1.000000e+00 -1.681086e-23
-5.924137e-24 2.735556e-23
9.069026e-24 1.495207e-24
1.000000e+00 -1.741747e-24
-5.507212e-24 -1.656372e-24
3.839098e-25 -1.785741e-23
-7.610399e-24 2.605717e-23
-1.263500e-24 -2.216649e-23
-1.015698e-23 2.510850e-23
7.669846e-24 -1.829299e-23
3.853504e-24 -2.437761e-24
5.727375e-24 -6.842406e-24
4.537989e-24 -2.514050e-24
-1.335950e-24 2.137483e-23
-5.189410e-24 -1.671900e-23
4.142884e-25 5.452022e-24
7.267943e-24 1.687029e-23
3.466759e-24 2.825517e-24
-5.240737e-24 -5.285155e-25
5.917078e-24 -2.405582e-24
1.394632e-23 -1.013779e-23
2.722009e-24 -6.927730e-24
-1.244491e-23 1.859732e-24
3.048270e-24 1.785431e-23
2.199829e-23 -5.320705e-23
-5.079078e-23 -2.620436e-25
-6.155582e-24 -3.217449e-23
7.108781e-24 1.961133e-23
5.013301e-23 1.516164e-24
-2.840162e-23 -2.501495e-23
-6.230253e-24 -1.207848e-23
-4.717578e-23 1.145368e-23
-1.002283e-23 -1.461393e-23
-5.901781e-24 1.161828e-23
-4.347063e-23 3.132286e-24
-2.189780e-23 3.243355e-23
-1.681314e-23 1.084091e-23
1.832655e-24 4.258660e-24
3.989851e-24 -3.186770e-23
1.878487e-23 2.520598e-24
1.684470e-23 6.120547e-24
3.536364e-23 -1.696523e-24
-4.284848e-26 -3.285265e-24
-1.849968e-23 -3.436095e-24
3.018981e-24 -2.554968e-24
-1.229181e-23 -2.011146e-23
-7.567593e-24 6.182323e-24
-3.442723e-24 1.511532e-23
-2.908237e-24 -1.650519e-23
7.506948e-24 1.432458e-23
-2.852331e-24 1.301051e-23
5.076250e-24 -3.404947e-24
-6.901210e-24 -4.294167e-25
-1.381961e-23 1.808087e-23
-1.051644e-23 3.710157e-24
-1.588001e-24 -8.482283e-24
1.365176e-23 2.736383e-23
-1.429102e-23 -5.706078e-24
-3.158737e-24 1.621923e-23
-4.291887e-24 4.696908e-24
-5.986345e-24 -1.432145e-23
7.748315e-24 1.360349e-23
-7.758634e-24 1.846463e-23
1.619932e-23 -1.166588e-23
-1.707484e-23 2.043896e-23
1.106251e-23 -1.610173e-23
1.729642e-23 -1.196196e-24
1.332561e-23 3.618519e-23
-1.807590e-24 1.966358e-24
-1.736964e-24 -2.234738e-24
1.013276e-24 1.102649e-23
-1.427267e-23 -8.922711e-24
-2.207436e-23 2.043161e-25
-1.262574e-24 5.648904e-24
6.730961e-24 1.394864e-23
1.019784e-23 1.083023e-23
9.452793e-24 -1.268066e-23
-9.499942e-24 2.102732e-23
8.814367e-24 -8.267093e-24
-5.185437e-24 1.861457e-25
-1.986765e-23 5.434733e-24
2.731641e-23 3.577945e-23
1.820529e-23 1.614351e-23
-2.070382e-23 -4.648373e-24
1.445633e-24 -8.621273e-26
2.032553e-24 4.472390e-24
3.169262e-24 2.281539e-24
4.466051e-24 -3.002263e-24
-4.508284e-24 -4.850041e-24
4.680155e-24 -3.989423e-24
1.646240e-23 1.089804e-23
-1.536455e-23 6.895816e-24
2.064308e-25 -1.021805e-23
1.000000e+00 7.034955e-27
1.000000e+00 -6.895064e-24
1.000000e+00 3.866306e-25
1.000000e+00 3.431151e-23
1.000000e+00 -3.340877e-23
1.000000e+00 -1.112937e-23
1.000000e+00 -7.237440e-24
1.000000e+00 1.036153e-23
1.000000e+00 -8.683428e-24
1.000000e+00 1.066212e-23
1.000000e+00 3.010864e-23
1.000000e+00 -1.635000e-23
1.000000e+00 4.282987e-24
1.000000e+00 5.452060e-24
1.000000e+00 2.257452e-23
1.000000e+00 -4.183980e-23
1.000000e+00 -6.623293e-24
1.000000e+00 -3.132410e-23
1.000000e+00 4.079453e-23
1.000000e+00 -1.606498e-24
1.000000e+00 1.101158e-23
1.000000e+00 -5.043175e-23
1.000000e+00 3.275520e-23
1.000000e+00 -3.960016e-23
1.000000e+00 1.089608e-23
1.000000e+00 1.209594e-23
1.000000e+00 2.167017e-23
1.000000e+00 -4.064559e-23
1.000000e+00 -1.521144e-23
1.000000e+00 -1.607231e-23
1.000000e+00 3.373794e-23
1.000000e+00 -3.250169e-23
1.000000e+00 1.696497e-23
1.000000e+00 1.643414e-23
1.000000e+00 -2.625794e-23
1.000000e+00 -3.438533e-23
1.000000e+00 2.513024e-24
1.000000e+00 3.822047e-23
1.000000e+00 -3.742611e-23
1.000000e+00 4.243946e-23
1.000000e+00 -1.585689e-23
1.000000e+00 -4.442281e-23
1.000000e+00 4.099958e-23
1.000000e+00 3.623855e-23
1.000000e+00 -5.883722e-24
1.000000e+00 -3.575423e-23
1.000000e+00 -1.298734e-24
7.122317e-01 9.679376e-04
-1.148758e-02 -3.377235e-02
-9.686348e-03 3.195010e-02
7.117239e-01 -6.962454e-03
6.933583e-01 1.007025e-02
-2.026272e-02 -1.199169e-01
-3.105622e-07 1.836034e-08
-1.824374e-02 1.155937e-01
-4.782488e-05 -8.884376e-05
5.853083e-01 -2.555768e-02
-2.345161e-04 3.597140e-04
5.227336e-01 3.793528e-02
-2.141522e-02 -2.190163e-01
-1.085082e-07 -3.279620e-08
-2.161754e-02 2.207465e-01
-1.136441e-08 2.864774e-08
-1.251604e-07 1.382428e-08
5.078590e-01 -4.435124e-02
7.241749e-01 4.572355e-03
7.319704e-01 -2.597185e-03
-3.132215e-08 -3.277877e-08
4.016182e-01 6.945268e-02
2.300662e-01 -1.312850e-01
-1.345552e-08 -6.428006e-09
-9.365898e-09 4.744677e-09
-2.707583e-02 2.421259e-01
-4.252233e-08 -2.188723e-08
-4.182569e-05 -1.852005e-05
-4.785140e-04 -1.385791e-04
-5.032309e-03 -2.205749e-03
-1.154599e-02 -3.163933e-03
-2.758397e-02 -1.069437e-02
-3.827496e-02 -8.613816e-03
-6.242541e-02 -2.059089e-02
-7.443716e-02 -1.241190e-02
-1.028612e-01 -2.773274e-02
-1.134561e-01 -1.179911e-02
-1.412603e-01 -2.753109e-02
-1.487281e-01 -4.715667e-03
-1.703900e-01 -2.048018e-02
-1.735807e-01 7.002146e-03
-1.818726e-01 -9.573332e-03
-1.809857e-01 2.252896e-02
-1.772058e-01 -4.530689e-02
-1.678663e-01 -2.939832e-02
-1.670544e-01 -6.531137e-02
-1.505519e-01 2.284502e-02
-1.387294e-01 -4.858302e-02
-1.392183e-01 -8.321912e-02
-1.616277e-01 -9.711480e-02
-1.093675e-01 -6.662980e-02
-1.092600e-01 -3.241142e-02
-1.098879e-01 -1.001889e-01
-8.660436e-02 -3.936836e-02
-8.059050e-02 -1.082067e-03
-8.174010e-02 -8.410107e-02
-8.191356e-02 -1.171504e-01
-1.100062e-01 -1.331080e-01
-8.202872e-02 -1.494137e-01
-1.100266e-01 -1.655722e-01
-8.221417e-02 -1.818399e-01
-5.407874e-02 -1.358876e-01
-1.589423e-02 -9.096010e-03
-1.051811e-01 -1.945536e-01
-1.228417e-01 -1.703530e-01
-8.118302e-02 -2.134487e-01
-5.608095e-02 -1.983633e-01
-9.685751e-02 -1.786850e-01
-1.071429e-01 -1.511528e-01
-1.740026e-02 -2.214499e-03
-5.611827e-02 -2.276285e-01
-3.442719e-02 -2.122810e-01
-2.851136e-02 -1.813933e-01
2.512224e-02 -1.755947e-01
-1.167231e-02 -2.185045e-01
7.845522e-02 -1.344338e-01
-6.994677e-02 -1.384517e-01
-7.690255e-02 -1.149575e-01
-1.126508e-01 -1.228942e-01
-7.867351e-02 -9.081563e-02
-1.122566e-01 -9.367512e-02
-7.590696e-02 -6.687264e-02
-4.481409e-02 -5.464444e-02
-4.096635e-02 -3.873223e-02
-6.761647e-02 -2.265460e-01
-1.804752e-02 -2.327954e-02
-1.315516e-02 -1.318316e-02
-5.066158e-02 -2.427317e-01
-1.401247e-01 -1.146691e-01
-1.394701e-01 -8.550503e-02
-2.885717e-02 -2.121252e-02
-1.784390e-02 -3.129806e-02
-5.365474e-02 -1.565016e-01
-3.024211e-02 -9.802636e-02
2.438082e-01 -9.502576e-02
3.039025e-01 -6.903797e-02
1.310636e-01 -9.935849e-02
3.615397e-01 -4.791241e-02
1.783865e-01 -6.932980e-02
-2.407472e-07 -4.112766e-08
-3.152306e-07 -2.461592e-08
-3.700030e-03 -4.381593e-05
-1.837375e-03 2.436899e-04
-1.769680e-02 1.445214e-03
-1.321083e-02 2.998617e-03
-4.170969e-02 7.402802e-03
-3.142782e-02 1.030987e-02
-6.774389e-02 1.867170e-02
-5.190325e-02 2.303811e-02
-2.058207e-02 1.023909e-02
-3.452952e-02 2.196563e-02
-7.131924e-02 4.123134e-02
-4.714254e-02 3.794755e-02
-8.504946e-02 6.369456e-02
-5.580123e-02 5.712829e-02
-9.343712e-02 8.945490e-02
-1.232852e-01 8.574862e-02
-1.279971e-01 1.151650e-01
-9.554883e-02 1.171386e-01
-1.250245e-01 1.450281e-01
-1.480735e-01 1.276328e-01
-1.345402e-01 1.533719e-01
-1.408063e-01 1.229154e-01
-1.120611e-01 1.398413e-01
-1.118572e-01 1.065180e-01
-8.315955e-02 1.227045e-01
-8.312057e-02 1.555513e-01
-8.317508e-02 9.020893e-02
-5.526103e-02 1.388129e-01
-5.505336e-02 1.703412e-01
-8.171344e-02 1.874384e-01
4.848808e-03 1.409735e-01
2.289586e-02 1.052449e-01
-2.743327e-02 1.820844e-01
-1.115218e-01 7.368388e-02
-8.318316e-02 5.751323e-02
-9.143217e-02 1.455584e-01
-1.105932e-01 3.960425e-02
-9.233952e-03 6.433585e-03
-1.612977e-01 1.012230e-01
-8.240219e-02 2.388791e-02
-3.956335e-02 4.011160e-02
-3.510154e-02 7.849250e-03
6.852646e-02 2.042791e-02
7.228001e-02 -3.920549e-03
5.550599e-02 4.606150e-02
5.670211e-02 1.449042e-01
2.365158e-02 1.773259e-01
-3.381867e-02 2.128664e-01
-1.134862e-02 2.185477e-01
2.199219e-01 2.320901e-02
2.022848e-01 4.174430e-02
-2.678971e-03 1.503993e-03
-3.203364e-02 -1.977859e-02
7.490337e-02 -2.651712e-02
2.343812e-01 -1.044351e-02
2.291649e-01 -2.683597e-02
6.644644e-02 -5.031084e-02
-1.398767e-01 5.663305e-02
-1.383921e-01 2.153348e-02
-2.596656e-02 2.801784e-02
-3.048400e-02 4.287032e-02
-3.714300e-02 2.379323e-01
-5.456344e-02 2.279063e-01
-5.002070e-02 2.434734e-01
-6.432916e-02 2.278749e-01
-1.899903e-04 1.440539e-04
-1.585208e-05 9.087593e-06
-6.026515e-02 1.023811e-01
-4.796450e-02 1.190616e-01
-8.293053e-02 1.739333e-01
-2.603347e-03 2.359912e-03
-2.387865e-02 2.472243e-01
3.951275e-02 7.406121e-02
1.786373e-01 6.286158e-02
1.662915e-01 8.500029e-02
4.150087e-01 2.616445e-02
-2.585245e-02 1.680577e-01
1.625079e-01 1.329787e-01
2.488475e-01 -4.148448e-02
4.686987e-01 -1.508591e-02
-7.467729e-04 2.000609e-04
-5.316151e-02 1.047626e-01
-3.003840e-02 -1.767760e-01
-1.467429e-06 -1.238168e-06
7.234953e-02 1.842989e-01
-1.154766e-01 1.738643e-01
-1.006318e-01 2.002048e-01
2.300225e-01 6.039117e-03
4.498014e-01 -7.487859e-04
4.453561e-01 7.450302e-03
4.390192e-01 1.577846e-02
-1.284134e-01 -4.910492e-02
-5.448454e-02 -1.661890e-01
-1.065220e-01 -6.311719e-02
-1.607214e-01 -6.285317e-02
-7.740415e-02 -4.760710e-02
1.696020e-01 -1.302420e-01
7.752542e-02 -1.819509e-01
-2.405087e-02 -2.476592e-01
-2.167015e-04 -2.373877e-01
-3.682250e-02 -2.388404e-01
4.594623e-01 -8.137727e-03
4.873216e-02 -7.675735e-02
4.355930e-01 -2.971744e-02
-1.213595e-02 5.312752e-02
-9.291679e-04 -5.857949e-04
-5.249575e-03 -4.252896e-03
-5.178959e-05 -4.127526e-05
-1.679837e-04 -2.018107e-04
-9.357762e-04 1.975839e-03
-4.698246e-02 -2.441379e-02
-1.105934e-01 5.856737e-02
-1.471115e-01 7.043576e-02
-1.324190e-01 4.439245e-02
-1.640421e-01 4.894581e-02
-1.093791e-01 2.372608e-02
-1.685478e-01 7.610541e-02
-1.384796e-01 -1.377520e-02
-1.103773e-01 3.672275e-03
-2.514370e-03 -4.615987e-03
-4.723595e-08 3.674182e-08
2.267238e-01 9.716932e-02
5.796753e-01 2.607072e-02
-8.029635e-03 1.756154e-02
-1.541897e-02 8.178057e-02
-1.325036e-06 2.007261e-06
-1.761349e-10 -9.814412e-09
-1.766434e-02 2.373821e-01
-5.054595e-09 1.010559e-08
-8.381798e-02 -2.049485e-01
-3.154561e-08 1.448799e-08
-4.729815e-02 7.228913e-02
-2.363390e-07 3.553491e-08
-5.031496e-02 -1.014492e-01
-1.111772e-01 1.730706e-01
-6.147684e-02 8.008844e-02
-1.805732e-02 1.555568e-02
6.112438e-01 -1.938017e-02
-9.149871e-02 3.567935e-02
-1.521795e-01 9.900941e-02
-7.688780e-02 2.050712e-01
-1.383347e-01 -1.160456e-01
-4.328892e-02 -7.061623e-02
-4.578109e-02 -3.518474e-03
-1.746591e-03 -2.704718e-04
-8.953295e-03 -1.464053e-01
-6.502428e-02 -4.426605e-02
5.079771e-01 4.429845e-02
3.873634e-01 -7.291260e-02
-1.345346e-01 -1.435574e-01
5.402407e-01 -3.520407e-02
7.116557e-01 6.983657e-03
7.314464e-01 -4.431783e-03
7.144863e-01 -1.073219e-03
-1.171341e-01 6.476535e-03
7.081410e-01 3.103327e-03
6.780463e-01 -1.103437e-02
-5.513162e-02 2.008424e-01
-1.679159e-01 5.321300e-03
-1.405463e-01 8.977886e-02
1.815658e-02 -1.096716e-01
-3.867192e-02 -8.717444e-02
6.692019e-01 1.403762e-02
3.575141e-01 5.655342e-02
-7.950381e-03 3.037042e-03
4.186004e-01 3.389343e-02
-3.867827e-02 -7.037285e-02
-1.355524e-01 -1.469645e-01
-2.175398e-02 1.876415e-01
-1.689612e-02 -2.332075e-01
-1.658784e-01 7.133228e-02
-2.209773e-02 -1.879061e-01
-7.924896e-02 2.174097e-01
-2.847950e-02 -2.398203e-01
2.310527e-01 1.311119e-01
-3.258674e-04 1.588937e-04
-1.135664e-03 2.372294e-01
-7.090413e-03 8.081444e-03
-8.248525e-02 -1.463853e-02
-7.992259e-02 1.008007e-02
-3.214930e-02 5.957539e-02
-1.668765e-01 3.896418e-02
-1.454183e-02 -8.348799e-02
-1.519991e-01 -1.232420e-01
-1.707162e-01 -7.530809e-02
-5.345913e-02 -1.895014e-01
-4.812542e-02 1.561979e-01
-1.841684e-08 -5.676079e-08
-4.686428e-02 2.091176e-03
-1.078602e-02 -4.642605e-02
-2.716672e-05 2.598332e-05
-3.418981e-03 -9.665838e-03
-1.585966e-01 -9.783098e-02
-7.110121e-08 -4.818137e-08
-1.239591e-09 1.003356e-09
-3.844680e-02 -2.493936e-01
-3.020635e-02 7.344617e-02
-1.988901e-09 -1.273136e-09
-1.822087e-02 -4.371723e-02
-3.756318e-02 2.498770e-01
-4.405982e-03 -5.468015e-03
1.660503e-01 -9.090314e-02
1.695353e-01 8.735912e-02
-2.403362e-02 -4.796924e-04
-1.772184e-01 4.936676e-02
-4.841296e-02 1.865319e-01
4.418335e-01 3.721639e-02
-1.164634e-02 1.663036e-02
-1.608212e-01 -4.135056e-02
5.136434e-01 -1.739120e-02
-1.741864e-01 3.021818e-02
1.544861e-01 1.024536e-01
-4.041005e-04 4.635192e-04
-1.399011e-01 -6.659597e-02
-3.379554e-06 2.497684e-06
-7.465883e-03 9.273014e-02
-8.026412e-03 1.070890e-01
-2.066060e-06 1.183038e-06
-4.140710e-08 2.055609e-08
-2.033353e-06 1.155124e-06
-2.235313e-02 -1.449430e-02
-1.022789e-02 -6.936035e-03
-1.487468e-02 -1.138311e-02
-9.417896e-02 -8.078484e-02
-1.107263e-01 -7.799065e-02
-9.211223e-02 -6.700354e-02
-9.792001e-03 -6.957332e-04
-2.805716e-03 -2.502101e-04
-7.406145e-03 -1.093673e-03
-9.619735e-03 -1.155173e-01
-8.937191e-03 -1.002154e-01
-5.537391e-03 7.131541e-02
-2.169785e-02 1.408962e-01
-6.546133e-02 1.596785e-02
-8.244372e-02 4.624700e-03
-6.543699e-02 -3.284627e-03
-1.943117e-08 1.530688e-08
-1.698143e-08 7.503831e-09
-2.650123e-02 -2.511839e-01
-1.847375e-02 -2.287917e-01
-2.472917e-02 -2.530024e-01
3.998734e-01 -3.795522e-02
5.115533e-01 -2.668568e-02
5.493069e-01 -2.027003e-02
-2.075123e-02 -1.777762e-02
-9.108651e-03 -8.123047e-03
-2.163984e-03 -2.057548e-03
-4.218595e-03 -4.526559e-03
7.033263e-01 8.390919e-03
5.474856e-01 2.120490e-02
5.602982e-01 1.777846e-02
-1.154546e-02 -9.069018e-02
-8.463809e-04 -7.506014e-02
-4.470264e-02 -8.572041e-02
3.263588e-01 9.245521e-02
6.645172e-02 1.996011e-01
1.293789e-01 1.628869e-01
2.933458e-01 7.455895e-02
1.888976e-01 1.010056e-01
2.472299e-01 7.950442e-02
5.635794e-01 1.301389e-02
4.281486e-01 2.071891e-02
5.740016e-01 1.001989e-02
3.267684e-02 -2.100074e-01
1.276977e-01 -1.640397e-01
1.919809e-01 -1.342298e-01
5.544093e-01 1.591647e-02
4.176501e-01 3.003197e-02
3.184041e-02 8.906747e-02
1.016237e-01 7.011425e-02
9.121126e-02 8.407468e-02
-6.594007e-02 -3.216433e-02
-5.641181e-02 -3.356870e-02
-7.657359e-02 -4.306595e-02
3.077217e-01 -8.902603e-02
1.252835e-01 -1.533213e-01
2.559803e-01 -1.089819e-01
-2.630309e-02 2.511822e-01
-2.473418e-02 2.532876e-01
-1.873986e-02 2.319407e-01
4.554826e-01 -4.505489e-03
5.824966e-01 -3.578403e-03
5.765664e-01 -1.401009e-03
6.764279e-02 -1.989366e-01
3.183432e-01 -9.480058e-02
-1.540322e-02 -3.362158e-02
-2.613595e-02 -5.431393e-02
-2.934311e-02 -4.961642e-02
5.837691e-02 -6.314339e-02
5.556591e-03 -6.088217e-02
4.521534e-01 -5.709381e-02
-6.718613e-04 -1.264366e-05
-3.265638e-04 -4.224762e-05
-3.806391e-02 -2.369486e-02
-2.966927e-02 -1.622284e-02
-1.794967e-03 -2.146425e-03
-8.220419e-03 -9.380475e-03
7.696244e-01 7.969583e-03
7.834179e-01 6.729091e-03
-9.291482e-03 -5.467224e-02
-4.098822e-03 -3.987608e-02
-2.218423e-02 -9.358441e-02
5.964081e-01 -7.298469e-03
5.895473e-01 -5.392319e-03
4.649286e-01 -1.166575e-02
-7.126572e-02 2.170262e-01
-8.303347e-02 2.170401e-01
-7.424540e-02 2.265225e-01
7.185838e-01 5.704792e-03
2.085883e-01 -1.109768e-01
3.352297e-01 -7.824253e-02
3.721312e-01 -6.567547e-02
-9.028631e-02 2.055026e-01
-9.080143e-02 2.095323e-01
-1.266990e-01 -9.109722e-02
-1.239537e-01 -7.460592e-02
1.189732e-01 1.559896e-01
3.027720e-01 9.049256e-02
2.517642e-01 1.103075e-01
5.682661e-01 -1.648279e-02
6.957962e-01 -8.826806e-03
5.756436e-01 8.264886e-04
5.735512e-01 3.273006e-03
4.485543e-01 3.304131e-03
5.939878e-01 -9.449471e-03
7.322426e-01 -3.481878e-03
-6.513445e-06 -5.207952e-06
-2.467422e-05 -2.723778e-05
-9.664416e-05 -9.631183e-05
3.235356e-01 8.134627e-02
1.974313e-01 1.132805e-01
3.527158e-01 6.924535e-02
3.870065e-01 5.804423e-02
4.588831e-01 4.170638e-02
-6.418624e-03 -1.051285e-01
-2.596529e-02 -1.845353e-01
1.507077e-02 1.228691e-01
8.496560e-02 9.765069e-02
7.376667e-02 1.139255e-01
5.260284e-01 -3.933578e-02
1.930494e-01 1.337686e-01
4.587530e-01 5.565873e-02
1.613447e-01 9.357790e-02
6.741870e-02 1.247929e-01
7.235937e-01 -1.872784e-03
-1.917190e-02 -7.062372e-02
-3.547983e-03 -2.849242e-02
-7.101861e-09 -2.429530e-08
-3.748208e-05 -5.466762e-05
-2.237446e-02 1.070891e-01
-1.730774e-02 9.072963e-02
4.016704e-01 -5.620124e-02
4.298756e-01 -4.740820e-02
2.757767e-01 -8.086545e-02
2.975667e-02 2.111502e-01
-4.555123e-02 -3.228635e-02
4.431563e-01 1.154426e-02
5.707484e-01 5.598670e-03
5.686733e-01 8.071105e-03
-6.182617e-03 -7.521362e-02
-2.476513e-02 -1.474041e-01
1.289348e-01 1.238576e-01
1.024845e-01 1.233159e-01
5.166645e-01 4.091018e-02
-1.426353e-01 3.465856e-02
-1.586386e-01 3.517631e-02
-1.496844e-01 4.747316e-02
-1.244926e-01 3.056887e-02
-1.243847e-01 1.260288e-02
-1.104852e-01 2.163826e-02
-2.088587e-02 -1.564701e-03
-1.207647e-02 -1.944137e-04
5.647318e-01 -2.992734e-02
-2.144729e-02 -1.073085e-01
3.367867e-02 -9.249845e-02
-1.217184e-01 3.327819e-02
-1.308353e-01 2.427595e-02
-9.638977e-02 1.378010e-02
-9.643129e-02 -5.483126e-03
-5.792951e-04 1.089569e-03
-3.635580e-03 5.338996e-03
-5.010058e-03 8.436358e-03
7.165223e-01 3.882092e-03
-3.688547e-02 -1.443304e-01
-3.264164e-02 -1.247565e-01
-1.710953e-02 -1.008835e-01
1.738830e-01 7.352649e-02
-2.806151e-02 8.746161e-02
-3.120990e-02 1.055990e-01
-1.371130e-02 6.671869e-02
-1.814739e-02 3.102284e-02
-1.035844e-02 1.786842e-02
-2.001099e-02 2.839866e-02
-3.145439e-02 -2.500874e-01
-3.128473e-02 -2.423102e-01
8.007190e-01 -4.907914e-03
7.908184e-01 -5.805679e-03
-9.452769e-02 1.967410e-01
-1.076366e-01 1.881977e-01
-9.663520e-02 1.803702e-01
7.541287e-01 9.631879e-03
5.536485e-01 3.141438e-02
-2.488400e-03 3.224298e-03
-9.561225e-03 1.199512e-02
-8.544186e-02 -5.441587e-02
-7.120441e-02 -5.507382e-02
-3.647039e-02 -1.591103e-01
-5.389129e-02 -1.730839e-01
7.107264e-01 2.018834e-03
-6.085011e-02 -3.396144e-02
-6.446243e-02 -1.757662e-02
-7.994470e-02 -3.112280e-02
7.138789e-01 -5.471453e-05
-2.324549e-02 -5.897986e-02
-4.169808e-02 -7.912863e-02
-2.385202e-02 1.791173e-01
-6.264225e-03 1.046371e-01
-3.753001e-03 7.958065e-03
-3.195218e-02 5.108820e-02
-1.819495e-02 3.653904e-02
-2.026604e-02 -2.502458e-01
-1.803947e-02 -2.489199e-01
-9.649769e-02 3.174608e-02
-1.512381e-01 -7.544656e-02
-1.507147e-01 -9.251162e-02
-1.611555e-01 -8.001958e-02
-5.614046e-02 -4.669663e-02
-2.487467e-02 -3.194845e-02
2.145145e-01 -5.430627e-02
2.964530e-01 -4.852471e-02
3.360530e-01 -3.676724e-02
-3.126373e-02 2.436418e-01
-3.084246e-02 2.496729e-01
-5.247238e-02 -1.186437e-01
-2.920250e-02 -1.257356e-01
-3.320881e-02 -6.107600e-03
-1.384359e-01 3.879141e-03
-1.244285e-01 -5.051459e-03
-4.841269e-02 1.374608e-01
-3.043481e-02 1.206816e-01
-9.524661e-03 -2.030769e-02
-6.822987e-03 -1.974057e-02
-9.824066e-05 2.656553e-05
-1.571569e-07 3.062891e-08
-1.177903e-04 2.823871e-05
-9.722862e-02 -5.054511e-02
-1.208274e-04 -1.679781e-04
-1.169802e-03 -1.456643e-03
1.371367e-01 -5.908707e-02
1.072916e-01 -7.482161e-02
3.538754e-01 -2.648786e-02
3.717020e-01 -2.895682e-02
4.912186e-01 -1.639405e-02
4.752355e-01 -2.292385e-02
5.995996e-01 -2.227759e-02
4.488216e-01 -4.109387e-02
-6.922094e-02 1.307586e-01
-6.901679e-02 1.139664e-01
-5.445327e-02 1.217705e-01
-1.089092e-01 1.873051e-01
-1.181583e-01 1.773726e-01
-1.665128e-01 8.875551e-02
-1.599611e-01 1.018479e-01
-1.613446e-01 8.855995e-02
7.875609e-01 -6.467252e-03
-1.345608e-07 4.550513e-09
-1.349426e-07 -5.404512e-09
-3.408780e-07 3.744780e-10
-6.813836e-04 2.082429e-06
-3.271230e-02 1.547642e-01
-3.738120e-02 1.810550e-01
-2.982275e-02 1.254373e-01
-8.097468e-02 2.030381e-01
-2.810034e-07 -2.493356e-08
-2.584906e-04 -3.831350e-05
-1.017080e-07 -1.406456e-08
-1.228696e-07 -1.172832e-08
-8.821819e-02 2.180752e-02
-1.012923e-01 3.060895e-02
-7.994621e-02 2.640034e-02
2.522209e-01 7.274031e-02
2.898194e-01 6.081971e-02
4.004951e-01 4.599727e-02
6.265596e-01 1.921261e-02
8.233350e-01 4.180727e-03
-5.533794e-02 -2.384366e-01
-4.458171e-02 -2.427242e-01
-4.553148e-02 -2.337647e-01
3.360213e-01 -4.487184e-03
3.397312e-01 -9.960908e-03
-4.371879e-02 -1.904093e-01
-4.229895e-02 -1.742906e-01
-5.549067e-02 -1.821952e-01
-1.008550e-01 1.773828e-01
-9.507644e-02 1.913373e-01
-1.847719e-02 -2.743356e-02
-8.903567e-03 -1.351358e-02
-8.597795e-03 -1.552773e-02
-5.359076e-04 1.711419e-04
-4.144916e-05 1.857041e-05
2.333421e-01 -2.248549e-03
3.333265e-01 1.721927e-03
2.621574e-01 -6.007037e-02
-7.264931e-08 -1.458011e-08
-8.316732e-02 1.064556e-01
-6.902632e-02 9.771877e-02
-5.428985e-02 -1.510452e-01
-3.892007e-02 -1.590695e-01
-3.571621e-02 -1.433569e-01
-5.883981e-08 -1.024467e-08
-5.251074e-06 -2.328464e-06
-5.478006e-06 -2.371713e-06
-1.601415e-01 7.442597e-02
-1.509172e-01 8.442041e-02
-8.780013e-02 1.598952e-01
-1.056776e-01 1.626251e-01
3.311046e-01 7.688747e-03
-6.880864e-02 -1.902731e-01
-6.837010e-02 -1.740373e-01
1.463497e-01 -8.125034e-03
1.446079e-01 2.022761e-03
-2.026860e-02 2.495565e-01
-1.830688e-02 2.492534e-01
3.006397e-01 3.477059e-02
3.131004e-01 2.731586e-02
-1.678175e-01 -6.949254e-02
-1.654229e-01 -8.728151e-02
-1.122385e-01 4.078112e-02
-2.185395e-02 -1.042768e-02
-3.721237e-02 -1.675343e-02
-3.456777e-08 6.128169e-09
-5.201420e-08 1.587737e-08
-2.037826e-08 8.153863e-09
2.911263e-02 1.440300e-01
-1.000408e-02 -5.025222e-03
-2.732456e-03 -1.437134e-03
-5.950751e-03 -3.564646e-03
-5.308950e-08 1.229394e-08
-7.276010e-08 1.455721e-08
1.110188e-03 4.415885e-02
-5.109600e-03 5.942076e-02
-4.323166e-02 5.598301e-02
4.010675e-02 2.169426e-01
-8.609410e-03 2.432244e-01
2.838221e-01 5.702708e-02
4.305012e-01 3.560660e-02
-2.766170e-03 -1.997787e-03
-2.615087e-08 3.701050e-08
-7.717410e-09 1.719913e-08
-1.602790e-08 2.011060e-08
8.298709e-01 -3.260263e-03
6.462243e-01 -1.473637e-02
-3.334338e-08 -9.754934e-09
-2.378047e-08 -5.775584e-09
-6.747704e-02 -9.315433e-02
-6.519003e-02 -7.799046e-02
4.765554e-01 -3.375085e-02
-9.555384e-02 -7.536543e-02
-7.957213e-02 -6.585405e-02
-9.338584e-02 -5.711845e-02
-1.046762e-03 -4.752199e-04
-2.932943e-04 -1.655232e-04
-1.533829e-01 1.342983e-02
-1.534267e-01 -4.224520e-03
4.773126e-03 -1.277871e-01
-2.451091e-08 -1.387292e-08
-1.835093e-07 -2.211077e-07
-2.408528e-07 -1.785584e-07
-2.869494e-03 1.682163e-04
-3.453643e-04 3.759390e-05
-1.224474e-01 5.266363e-02
-1.017879e-01 4.642174e-02
8.737217e-02 -9.028223e-02
-9.835516e-03 3.331727e-04
-7.661909e-03 8.605160e-04
-9.074459e-02 5.030201e-02
-8.203498e-02 3.947367e-02
-4.565404e-02 -2.213260e-01
-3.680070e-02 -2.276707e-01
-1.077079e-01 -4.516714e-02
-1.184580e-01 -5.733022e-02
-1.916545e-04 -6.917034e-05
-2.158290e-03 -8.192067e-04
-9.497058e-06 -4.904352e-06
4.832962e-02 5.964980e-02
-1.077835e-02 7.457931e-02
4.936409e-02 -1.824190e-01
2.070109e-02 -2.073063e-01
-1.579066e-02 2.447577e-03
-2.885111e-02 3.705564e-03
-2.575611e-02 5.233250e-03
-3.698359e-02 9.316195e-03
-5.452818e-02 1.225719e-02
-4.833571e-02 1.462785e-02
-1.308823e-03 2.514567e-04
-2.725808e-04 3.572460e-05
-2.734934e-07 2.260333e-08
-3.334103e-02 -1.016864e-02
-4.367605e-02 -1.570614e-02
-5.019038e-02 -1.382186e-02
-8.264048e-03 -2.944854e-03
-1.422939e-02 -5.894151e-03
-1.906747e-02 -6.292220e-03
-1.304180e-04 -8.294140e-05
-4.381529e-02 -2.184060e-01
-3.866403e-02 -2.286191e-01
-6.210616e-05 -1.763498e-05
-5.948248e-02 4.079622e-02
-7.885829e-02 5.189992e-02
-6.531398e-02 5.077429e-02
-1.095042e-01 1.480025e-01
-1.211142e-01 1.596073e-01
-9.563582e-02 -3.442610e-02
-1.163940e-01 -3.763364e-02
-6.917748e-02 -1.710080e-02
-8.218196e-02 -2.470363e-02
-8.892439e-02 -1.921165e-02
-7.067527e-02 6.197427e-02
-9.005805e-02 7.616057e-02
-7.417357e-02 7.349242e-02
-1.238698e-01 -2.309331e-02
-1.098186e-01 -1.436957e-02
-1.091186e-01 -2.030404e-02
-1.226088e-01 -2.861672e-02
-1.280747e-01 -1.891126e-02
4.538665e-03 -1.965058e-01
8.299845e-02 -1.581761e-01
-1.459370e-01 -1.649700e-02
-1.573863e-01 -2.499903e-02
-1.608973e-01 -1.191214e-02
-5.985141e-02 9.148389e-03
-7.450258e-02 1.492548e-02
-1.727149e-01 -6.951139e-03
-1.788185e-01 -1.574902e-02
-1.799914e-01 -7.047954e-04
-1.804086e-01 -2.784940e-02
-1.775980e-01 -3.847766e-02
-1.780385e-01 -1.938748e-02
-1.239947e-01 -4.049722e-02
-1.386045e-01 -3.117910e-02
-1.127177e-01 1.182814e-01
-1.274775e-01 1.300268e-01
-1.117401e-01 1.329586e-01
-1.676880e-01 -4.744524e-02
-1.538236e-01 -5.715491e-02
-1.536149e-01 -3.902045e-02
-1.678910e-01 6.220913e-02
-1.730680e-01 4.991420e-02
-1.735505e-01 6.325093e-02
7.136152e-02 8.168402e-03
1.423477e-01 1.246086e-02
-5.519493e-02 1.546179e-01
-3.295867e-02 1.435080e-01
-3.627039e-02 1.596679e-01
-8.314108e-02 1.391230e-01
-6.921181e-02 1.471898e-01
2.122329e-01 3.216830e-02
3.219768e-01 2.029640e-02
-1.091248e-01 8.933067e-02
-1.266762e-01 1.001615e-01
-1.115710e-01 1.035154e-01
-1.389749e-01 -6.590122e-02
-1.242942e-01 -7.492471e-02
-1.240485e-01 -5.760639e-02
-1.093137e-01 -4.952060e-02
-9.333211e-02 -4.000926e-02
-1.096277e-01 -8.340933e-02
-9.581401e-02 -9.214498e-02
-4.347532e-02 2.333102e-02
-6.191182e-02 3.141697e-02
-5.174900e-02 3.145014e-02
6.291010e-02 3.302318e-02
1.377770e-01 2.293683e-02
1.300343e-01 3.407896e-02
-9.989450e-06 -6.926570e-06
-2.725031e-04 -2.032678e-04
2.261225e-01 1.446313e-02
3.258743e-01 1.417905e-02
-3.686866e-02 2.377541e-02
9.419797e-03 1.501606e-02
6.097102e-03 2.998884e-02
-5.018644e-02 8.845405e-02
-1.378123e-01 1.380000e-01
-1.425271e-01 1.408144e-01
-1.331945e-01 1.519824e-01
-1.119628e-01 1.231859e-01
-9.751092e-02 1.146115e-01
-9.761590e-02 1.312777e-01
-1.385873e-01 1.387488e-01
-1.266660e-01 1.314737e-01
-1.257387e-01 1.480783e-01
-1.371994e-02 1.613063e-01
3.189178e-03 1.669268e-01
-5.610094e-02 -2.135882e-01
-4.482986e-02 -2.055665e-01
-6.276231e-03 1.149200e-03
5.183492e-02 -1.543626e-01
1.143657e-01 -1.379549e-01
1.495265e-01 -1.178367e-01
-2.168988e-02 5.990102e-03
-8.212044e-02 -1.656272e-01
-6.825477e-02 -1.578021e-01
-7.023611e-02 1.366995e-01
-6.573199e-02 1.488003e-01
-6.035706e-02 2.161714e-02
-4.155878e-02 1.593661e-02
-3.225806e-02 -1.971937e-01
-1.838701e-02 -1.999022e-01
-7.074521e-03 -1.817387e-01
-1.708084e-01 -5.543505e-02
-1.714213e-01 -4.387489e-02
-1.613203e-01 -5.196152e-02
-2.203947e-02 2.377815e-01
1.947813e-02 2.080341e-01
-9.078202e-03 2.340852e-01
-2.324515e-02 -5.841161e-03
-9.112588e-03 2.458046e-02
-2.014087e-02 4.739175e-02
-5.538933e-02 -1.090743e-02
-3.833273e-03 -1.122138e-03
-1.565159e-01 6.060852e-02
2.400267e-01 -3.428319e-02
3.404046e-01 -2.147316e-02
7.444963e-02 -1.519132e-02
1.481024e-01 -1.776061e-02
-2.101773e-02 6.720190e-04
-8.197170e-02 -1.332804e-01
-6.806023e-02 -1.426527e-01
-6.799999e-02 -1.265202e-01
-5.206108e-02 4.714440e-02
-8.200381e-02 -1.980743e-01
-6.870632e-02 -2.061854e-01
1.916877e-01 5.185805e-02
2.888150e-01 4.294324e-02
-8.279269e-02 4.070055e-02
-6.630570e-02 3.244043e-02
-6.711706e-02 4.925418e-02
-1.673316e-08 -1.129955e-08
-1.089181e-06 -3.149535e-07
-4.115611e-02 2.942025e-02
-9.380038e-02 -1.279867e-02
-5.508943e-09 -1.496032e-09
-1.225679e-08 -4.307675e-09
4.264210e-03 1.974138e-01
7.935777e-02 1.602285e-01
4.779871e-02 1.834152e-01
-1.318516e-01 -9.129154e-03
-1.628045e-01 4.367202e-04
-9.534878e-02 1.030360e-01
-9.429133e-02 1.312650e-01
-1.819027e-01 6.443419e-03
-1.798185e-01 1.438088e-02
-2.852391e-04 7.438266e-04
-1.619153e-03 4.122188e-03
-6.907078e-02 1.629547e-01
-6.844810e-02 6.534066e-02
-7.484765e-02 -2.912888e-02
-3.677445e-03 3.151918e-02
-4.187206e-03 4.019276e-02
-1.266120e-01 1.654168e-01
-1.237438e-01 1.636301e-01
-8.241495e-02 1.715227e-01
-9.739942e-02 1.644632e-01
-7.827941e-02 1.121147e-01
-6.159388e-02 9.115016e-02
-7.841855e-02 9.910927e-02
-1.744964e-01 -6.037035e-02
-1.539938e-01 -7.445563e-02
-1.754606e-01 -5.559675e-02
-9.760961e-02 1.477017e-01
-4.258305e-02 1.770313e-01
-1.359287e-01 -3.898361e-02
-1.245544e-01 -9.170421e-02
-3.081397e-02 1.970989e-03
-4.480851e-02 4.972760e-03
-7.665781e-02 -1.733963e-01
-7.051246e-02 -1.852404e-01
-9.087156e-02 -1.921830e-01
-1.461833e-01 -5.644809e-02
-1.460112e-01 -4.680823e-02
-1.756160e-01 -3.239391e-02
-9.590083e-02 -1.086696e-01
-8.182683e-02 -1.006257e-01
-2.532886e-02 -2.168332e-01
-6.837843e-02 -2.207949e-01
-7.776706e-02 8.662572e-02
-1.118350e-01 1.565396e-01
-1.534900e-01 -2.161653e-02
1.219825e-01 4.524792e-02
1.076846e-02 1.369018e-03
2.328911e-01 -1.853368e-02
3.378210e-01 -1.603858e-02
-1.044664e-01 7.546382e-02
-5.174532e-08 -1.320504e-08
-1.448450e-07 -2.302306e-08
4.075092e-02 1.604460e-01
-6.714100e-03 1.825301e-01
1.454801e-01 -2.780471e-02
-3.636649e-02 3.390488e-02
-2.225604e-02 2.139791e-02
-3.112011e-02 2.594049e-02
-1.404778e-01 1.233679e-01
-9.751674e-02 9.836353e-02
-1.265989e-01 1.148265e-01
-1.486261e-01 1.275697e-01
-3.151473e-03 -7.292330e-03
-3.125259e-09 -2.621502e-10
1.773816e-01 -1.017478e-01
1.082009e-01 1.387073e-01
-2.613266e-02 1.939735e-02
-4.885939e-09 9.874491e-10
-2.502979e-09 4.528562e-10
9.166959e-03 -1.624967e-01
-7.895071e-03 1.447304e-01
-3.757949e-03 1.490347e-01
-8.051418e-09 8.724596e-09
-1.411317e-01 1.085403e-01
-1.514742e-01 1.133726e-01
-1.287101e-05 1.254127e-05
-1.082556e-04 1.152078e-04
-6.896770e-05 7.440004e-05
-1.557151e-01 1.153656e-01
-1.235967e-07 9.688886e-09
-7.856859e-02 -1.028117e-01
-6.090658e-02 -8.289974e-02
-5.949162e-02 -9.286317e-02
3.512545e-09 1.490070e-08
-1.808369e-07 3.006375e-07
-1.463815e-07 2.675105e-07
-1.008337e-03 -8.620410e-04
-7.096835e-02 2.963776e-02
-4.297957e-02 5.128713e-02
-5.932953e-02 6.826490e-02
-4.497042e-02 6.087048e-02
-6.844422e-02 8.168847e-02
-6.756377e-02 -1.096790e-01
2.874579e-01 4.922776e-02
-1.783949e-01 -2.390564e-03
-1.775648e-01 1.434457e-02
-1.149555e-05 -2.619968e-05
-8.600495e-03 -2.340588e-01
-2.384011e-03 1.139941e-02
-2.953570e-03 1.761262e-02
-1.089312e-02 4.198804e-02
-3.234450e-03 2.348835e-02
-3.477483e-02 1.638561e-02
-2.754856e-02 1.550482e-02
-1.175333e-01 -1.633521e-01
-1.295288e-01 -1.571476e-01
-1.220927e-01 -1.494283e-01
-4.817965e-04 4.410681e-04
-1.277763e-03 1.355792e-03
-3.975027e-02 4.182393e-02
-2.877939e-02 3.522609e-02
-3.459538e-03 -1.914490e-02
-2.893749e-03 -1.226671e-02
-5.482866e-03 -6.314587e-02
-6.084198e-04 -1.628656e-03
-3.517509e-04 -6.739217e-04
-7.600883e-02 1.248255e-01
-5.492934e-02 1.114707e-01
-1.286841e-04 3.029773e-04
-5.054049e-03 5.978442e-02
-2.830598e-02 2.319367e-01
-3.023764e-02 2.429846e-01
-6.589044e-02 -2.322467e-01
-5.907733e-02 -2.353566e-01
-1.037067e-05 -2.321547e-05
-4.956585e-06 -1.283660e-05
-1.804728e-02 2.007818e-01
-2.475740e-02 2.171241e-01
-2.904312e-05 4.649186e-05
-4.969541e-05 1.034883e-04
-7.939906e-03 -1.436518e-01
-7.608898e-03 -1.288690e-01
-8.345036e-04 -1.339618e-03
-7.675947e-03 1.298985e-01
-9.596412e-02 -1.251320e-01
-9.602764e-02 -1.412640e-01
-9.606776e-02 -1.575142e-01
-9.616264e-02 -1.737250e-01
-9.547901e-02 -1.895915e-01
-9.357495e-02 -2.043566e-01
-5.553892e-09 -1.383542e-08
-4.068356e-09 -9.432575e-09
1.406126e-01 -3.805334e-02
1.480155e-01 -4.769122e-02
-1.361737e-01 7.942600e-02
-1.393233e-01 9.369528e-02
-1.708360e-01 7.498021e-02
-1.642625e-01 8.667143e-02
1.123770e-01 5.759590e-02
-1.679562e-01 -1.204873e-02
1.289826e-02 -1.135159e-02
1.387231e-02 -2.407173e-02
3.344882e-01 -5.760618e-02
-5.531941e-02 -2.333875e-02
-6.108951e-02 -7.252949e-02
-4.480537e-02 -6.275623e-02
-2.322110e-02 1.937564e-01
-5.268956e-02 1.890698e-01
-1.993441e-02 -1.637606e-01
-1.697105e-01 4.006231e-02
-1.770373e-01 3.958010e-02
-8.059635e-02 1.899107e-01
-2.778121e-03 2.034980e-03
-5.613801e-03 4.498110e-03
-1.105247e-03 9.290306e-04
2.084002e-01 -8.606631e-02
2.359616e-01 -7.268565e-02
-1.754757e-09 7.450299e-09
-9.734851e-02 8.194640e-02
-9.735248e-02 6.559855e-02
-8.317912e-02 7.386103e-02
-3.011529e-02 -3.776784e-02
-3.050097e-02 -4.407293e-02
-3.438949e-06 3.292647e-06
-3.418654e-06 3.299875e-06
-9.688820e-02 4.855873e-02
-1.179083e-01 7.163488e-02
-1.297934e-01 6.548166e-02
-9.850453e-02 6.249772e-02
-1.409183e-01 5.682193e-02
-4.143301e-02 -1.268985e-01
-8.450795e-02 -1.606934e-01
-6.256733e-02 -1.484730e-01
-1.174395e-08 3.728954e-09
-2.229512e-02 -2.380563e-01
-1.361397e-02 1.049744e-02
-8.659062e-03 7.687980e-03
1.126283e-09 -5.020753e-09
-2.317245e-10 -1.940055e-09
-1.009824e-07 1.332297e-08
-5.318405e-09 -1.978584e-08
-1.106799e-01 -1.369651e-01
-1.254042e-01 -1.349311e-01
-1.134286e-01 -1.080794e-01
-1.273607e-01 -1.204766e-01
-1.274750e-01 -1.052248e-01
-1.674572e-01 2.216406e-02
-1.766397e-01 3.081445e-02
-3.280113e-02 1.412074e-01
-4.846547e-02 1.714385e-01
-2.831438e-02 -2.323985e-01
-3.154973e-02 1.979581e-01
-6.850918e-02 1.790504e-01
-1.142206e-01 1.548691e-02
-1.348944e-01 1.365818e-02
-7.726748e-02 -2.241509e-01
-1.636397e-01 1.601968e-02
-1.508270e-01 8.901945e-03
-2.623985e-02 1.078357e-02
-9.587265e-02 -2.352497e-02
-1.646918e-01 -8.142384e-02
-1.526236e-01 -9.098115e-02
-1.099470e-01 -1.166493e-01
-3.667650e-02 2.272606e-01
7.152851e-02 -3.816888e-02
-4.773461e-03 1.220656e-03
-8.007107e-05 -2.054867e-05
-2.720449e-02 -4.771779e-03
-1.472378e-02 -2.978417e-03
-9.723112e-02 -5.545702e-03
-7.836485e-02 -7.039353e-03
-4.656072e-03 5.004093e-02
-2.371280e-03 8.284735e-03
-5.125154e-02 -2.131171e-01
1.053697e-01 -1.159384e-01
-1.116896e-01 9.010098e-02
-1.524380e-01 1.124568e-01
-1.100504e-01 -1.493565e-01
-1.088485e-01 -1.809542e-01
-2.009284e-02 1.335895e-02
-1.475862e-02 8.725799e-03
-1.121329e-03 1.643750e-01
-6.902394e-09 -9.234175e-09
-1.047042e-08 -2.109157e-08
-1.383120e-01 -1.291097e-01
-4.984452e-02 -1.220242e-01
-6.159839e-02 -5.964599e-02
-2.013760e-07 3.460010e-07
-4.655973e-02 7.153936e-02
-1.513147e-01 -1.070185e-01
-1.388220e-01 -9.964828e-02
-1.162787e-01 -2.849644e-03
-9.891270e-02 1.940552e-03
1.559169e-01 -8.339681e-02
-1.110574e-01 5.664402e-02
-9.747756e-10 2.749612e-09
-2.090244e-09 5.531642e-09
5.741312e-01 -4.278402e-02
5.009513e-01 -5.704781e-02
-1.640942e-01 2.656778e-02
-1.408580e-01 -9.985346e-02
6.791444e-01 -1.817684e-02
6.325942e-01 -2.299369e-02
-1.045801e-01 -1.903318e-01
-9.663310e-02 -2.029580e-01
-3.548849e-03 -1.433152e-01
6.412850e-01 2.181133e-02
6.866727e-01 1.724814e-02
7.464988e-01 -1.144212e-02
7.191141e-01 -1.427033e-02
-1.509716e-01 -6.550107e-02
-1.401779e-01 -7.593926e-02
7.192720e-01 1.416895e-02
7.465248e-01 1.136428e-02
7.639025e-01 -8.880376e-03
7.445612e-01 -1.081007e-02
-6.846516e-03 1.184981e-01
7.739299e-01 -7.680061e-03
7.341181e-01 1.167071e-02
-3.016735e-02 -2.436646e-01
-3.821900e-02 -2.451815e-01
8.385473e-01 2.929565e-03
8.445522e-01 2.457268e-03
8.536954e-01 -1.681675e-03
8.495376e-01 -2.038233e-03
8.495356e-01 2.035550e-03
8.536953e-01 1.678886e-03
8.637408e-01 -1.022483e-03
8.610692e-01 -1.291963e-03
-5.542334e-02 1.857713e-01
-6.812080e-02 1.943336e-01
8.570710e-01 1.346846e-03
8.597745e-01 1.058705e-03
8.634244e-01 -5.612993e-04
8.618851e-01 -8.028401e-04
8.492347e-01 9.500539e-04
8.509029e-01 6.698343e-04
8.537728e-01 -1.370292e-04
8.532237e-01 -3.945865e-04
-8.730353e-02 -2.142863e-01
2.851375e-02 -1.431980e-01
8.519892e-01 3.896544e-04
8.525252e-01 1.326979e-04
-5.984338e-02 -7.188609e-03
-4.261275e-02 -6.412050e-03
-3.021121e-02 -3.127459e-03
-5.660441e-03 -1.245952e-03
-1.087189e-03 -2.412157e-04
-6.970978e-03 -1.190743e-01
4.876597e-02 -1.250176e-01
-4.414868e-02 2.071013e-01
-4.308734e-02 1.923145e-01
-4.504940e-02 2.333543e-01
-4.429300e-02 2.422381e-01
-5.398985e-02 2.384949e-01
-1.241670e-01 -1.081380e-01
-6.294457e-02 5.279319e-03
-6.253834e-02 -2.887462e-03
-1.337335e-01 1.787062e-03
-1.670710e-02 9.800800e-02
-6.608569e-02 1.689517e-01
-5.723487e-02 2.363624e-01
-4.194143e-02 2.173241e-01
-4.737403e-02 2.105973e-01
-1.147854e-01 -1.826841e-01
-1.115818e-01 -1.771901e-01
-1.519131e-01 -3.413300e-02
-1.540349e-01 9.673022e-02
-1.540860e-01 8.077271e-02
-1.073249e-02 3.263799e-03
-3.306101e-03 1.099542e-03
-2.905085e-03 -2.124804e-02
-1.408728e-01 1.064208e-01
-1.026488e-01 -1.650627e-01
-8.946229e-02 -1.479938e-01
-4.355397e-02 -4.652990e-02
-2.895010e-02 -3.182300e-02
-5.210337e-05 7.141833e-05
-1.252350e-01 4.811866e-02
-1.391345e-01 3.908327e-02
-7.820144e-02 -7.861022e-02
-6.039912e-02 -6.247807e-02
-4.210997e-02 -1.866964e-01
-1.381125e-02 6.051938e-03
-1.793610e-02 6.384068e-03
-1.586496e-02 2.397132e-01
-5.687444e-03 3.539434e-03
-1.173237e-03 7.679725e-04
-4.462444e-02 2.217023e-01
-1.262082e-01 9.814996e-02
-1.260406e-01 8.173291e-02
-3.478363e-02 3.940321e-04
-9.279361e-02 -1.344836e-01
-9.552581e-02 -1.213996e-01
8.361806e-01 -2.738400e-03
-7.624053e-02 -2.162553e-01
-1.242245e-01 -1.245975e-01
-1.221486e-02 1.206787e-02
-4.729840e-03 4.870443e-03
-9.488722e-02 1.610879e-02
-9.611962e-02 -1.078222e-01
-9.614032e-02 -9.433781e-02
-6.734154e-05 4.558986e-05
-2.587900e-05 1.926536e-05
-1.402170e-01 7.320713e-02
-1.539273e-01 6.425401e-02
-1.205076e-01 -1.709056e-01
-9.412833e-03 -2.431139e-01
3.761372e-02 -2.173032e-01
-2.541447e-02 -2.469298e-02
-3.530130e-02 -2.936154e-02
-5.482380e-02 2.149711e-01
-1.256993e-01 6.515843e-02
-5.756323e-02 -5.259862e-02
-5.317724e-02 -4.277349e-02
-5.763347e-02 -1.040116e-01
-5.377448e-02 -1.132550e-01
-3.502292e-02 -9.331218e-02
-6.356192e-02 2.334364e-01
7.221950e-01 -5.601148e-03
-9.652272e-03 5.067951e-03
8.318437e-01 3.513515e-03
-7.406858e-02 -1.268497e-01
-3.847038e-02 2.295687e-01
-1.596797e-02 -1.801871e-02
-4.163911e-03 -4.909491e-02
-1.346889e-01 -5.758755e-02
-5.197260e-03 2.425165e-03
-1.524414e-09 -1.354970e-08
-6.369708e-02 1.844874e-01
-6.340246e-02 1.995446e-01
-4.687721e-04 2.740572e-04
-6.280913e-04 -2.317627e-03
-1.109613e-02 -4.028749e-02
-2.350204e-02 -6.893383e-02
6.822002e-01 1.186367e-02
-6.967446e-02 -2.013341e-01
-1.325168e-04 -1.587674e-01
-1.238567e-01 -1.406349e-01
-1.233206e-01 -1.565467e-01
6.794243e-02 -1.068817e-01
-1.305319e-01 -1.599101e-01
-1.384285e-01 -1.476150e-01
-1.662562e-01 -3.138575e-02
5.731597e-01 4.283252e-02
-2.176431e-02 2.038858e-01
9.885300e-11 5.629552e-11
-2.487245e-10 5.297896e-10
-2.284161e-02 -1.885530e-01
-1.495443e-02 -2.367209e-01
3.103529e-09 -2.576633e-08
-1.374634e-01 -1.317985e-01
5.044682e-01 3.242246e-02
-5.292271e-02 -1.838932e-01
-1.142620e-03 -4.907963e-03
-1.529698e-01 3.029120e-02
-2.171155e-02 -2.032115e-01
-1.712050e-01 -7.116417e-02
-9.853364e-02 9.053292e-03
-8.099176e-02 4.539875e-03
4.996680e-01 5.727071e-02
-1.743745e-01 1.851476e-02
-1.009799e-09 -9.330643e-10
-1.928701e-10 -4.986515e-10
-8.761272e-10 4.109190e-10
-3.771090e-02 2.445992e-01
-1.512670e-02 1.670325e-02
-6.752984e-02 2.096061e-01
-4.990091e-07 3.302022e-07
-4.523580e-07 3.292621e-07
-8.241504e-05 6.873817e-05
5.532215e-01 -8.639979e-03
4.570765e-01 8.742533e-02
2.516621e-02 -6.280574e-02
5.639573e-01 2.148447e-02
-4.536511e-02 8.054111e-02
-6.673407e-02 2.229664e-01
-4.400976e-02 -2.466756e-01
4.601361e-01 -8.782207e-02
5.562923e-01 7.517851e-03
2.663529e-02 6.147401e-02
-1.165383e-09 -3.964191e-10
2.318063e-02 -3.491696e-02
1.979101e-02 -4.788796e-02
-6.232328e-02 -2.111908e-01
-2.095269e-02 6.534225e-02
-3.855187e-02 9.522128e-02
-2.866374e-02 -5.671800e-02
-9.882402e-03 -1.277428e-02
-3.657116e-03 -5.412986e-03
-2.368675e-03 9.640787e-04
-7.837314e-05 4.416873e-05
-1.153269e-03 5.858368e-04
-1.238807e-01 -6.615074e-02
-1.443156e-01 -1.345875e-01
-1.484880e-01 -1.205407e-01
-1.537120e-01 4.784099e-02
-1.489130e-01 -1.215190e-01
-1.449529e-01 -1.354518e-01
-1.575052e-01 -1.107519e-01
-6.593419e-06 -5.193205e-06
-3.413906e-08 -4.004273e-08
-1.564854e-01 -1.106419e-01
-1.502013e-01 -1.072690e-01
-4.472131e-02 8.964972e-02
-1.666119e-01 5.524840e-02
-3.364046e-02 2.324121e-01
6.085824e-01 -1.203305e-02
-1.673298e-01 -8.630830e-02
-5.812837e-02 2.106435e-01
-1.627591e-01 -9.875644e-02
-6.312323e-02 1.050356e-03
-5.998217e-09 -3.063014e-09
-5.114265e-05 2.821713e-05
-4.340127e-02 2.471711e-01
-4.512979e-09 2.941160e-09
-1.842457e-02 2.273703e-02
-4.680756e-02 -7.515092e-04
-3.238882e-09 4.040563e-09
-3.371006e-02 -2.309125e-01
-1.869340e-02 5.184762e-02
-8.956862e-06 5.911775e-06
-2.974090e-09 -4.062368e-09
-5.803848e-03 2.129983e-01
-2.486701e-03 2.967882e-03
6.200808e-01 -9.722080e-03
1.821526e-01 -1.388207e-01
-1.793298e-01 2.686821e-02
-1.756132e-01 4.495495e-02
-1.794893e-01 3.612858e-02
-3.427664e-02 -1.640452e-03
5.482383e-01 2.520591e-02
-3.152403e-02 6.662918e-02
-3.466191e-04 4.429701e-04
-7.236761e-03 -2.124246e-01
1.837913e-01 1.379838e-01
-1.736716e-01 6.047439e-02
