1.000000e+00
0.000000e+00
0.000000e+00 0.000000e+00
taylor-hood
cavity_coarse
5.114260e-18 -2.418895e-18
8.783732e-19 9.127895e-18
6.051601e-18 1.380932e-17
5.627913e-19 1.948582e-17
-1.386885e-17 6.026391e-18
1.000000e+00 -6.301448e-18
4.396415e-18 -6.157880e-19
-2.078023e-18 -1.653786e-18
9.806641e-19 -1.228577e-17
-2.160344e-18 -9.192688e-19
-1.759836e-18 -3.966792e-18
-1.045517e-17 6.924244e-18
8.373158e-18 -2.045270e-17
-8.494478e-18 6.758995e-18
-9.507255e-18 -1.563329e-17
-3.977082e-18 3.867841e-18
4.020333e-18 -6.999961e-18
-2.916434e-20 9.627868e-18
-1.445985e-18 4.742056e-18
-1.123277e-17 4.784352e-18
1.713478e-17 -1.604054e-17
-7.360138e-18 -1.386875e-17
-1.223489e-17 -3.598209e-19
1.243592e-17 -1.474649e-17
-3.141869e-17 -1.216728e-17
1.101556e-17 -5.742930e-18
4.790955e-18 7.203660e-18
-3.304342e-18 7.603990e-18
-1.371295e-18 -6.698902e-18
3.414007e-18 1.315164e-17
1.032483e-17 1.007216e-17
5.343086e-18 7.796345e-18
6.496902e-18 1.102919e-17
-1.567611e-17 4.200352e-18
7.804285e-17 5.566848e-19
9.202223e-18 -8.207106e-18
4.904752e-18 -7.287602e-18
-1.920947e-20 -1.537151e-18
6.186096e-18 9.928270e-18
-4.973111e-18 -8.729584e-18
3.356351e-18 -8.242128e-19
8.028598e-18 2.085275e-17
7.571297e-18 1.207597e-17
-8.816678e-20 8.543265e-18
3.959051e-19 -1.985830e-18
2.044340e-18 4.725754e-18
-1.812622e-17 -1.125224e-17
-1.277687e-17 -5.447918e-18
-6.568215e-19 -3.667741e-18
3.824953e-18 1.256734e-18
-2.973856e-18 -7.931704e-18
-6.737187e-18 -2.573422e-17
-5.871739e-18 8.460727e-19
-9.587529e-18 -1.999352e-17
-1.214443e-17 3.073359e-17
-5.681352e-18 -1.668337e-18
6.812954e-18 1.724981e-18
-1.042356e-17 -2.779614e-17
3.859690e-18 -3.219757e-18
-2.542889e-18 1.099414e-17
1.415347e-17 -9.693377e-18
-1.205547e-18 -9.507753e-19
-2.139569e-18 -4.324122e-18
8.641622e-18 -2.932626e-18
-9.436588e-18 2.519808e-18
-9.568883e-18 1.298412e-20
8.982210e-19 -1.363719e-17
-1.142695e-17 2.243492e-18
1.137634e-17 9.298420e-18
6.336483e-18 -5.636649e-18
-1.314914e-17 8.013973e-18
5.556291e-18 2.471551e-18
-3.510847e-18 -1.024241e-17
2.300146e-18 8.459040e-18
-1.706525e-18 -1.015143e-17
5.581126e-18 -5.991667e-18
-5.527884e-18 5.385261e-17
-2.101122e-18 -5.255769e-18
2.447174e-02 3.151099e-18
9.549150e-02 9.512708e-18
2.061074e-01 -2.984315e-18
3.454915e-01 -5.309382e-18
5.000000e-01 -4.134437e-18
6.545085e-01 -3.197254e-18
7.938926e-01 2.417142e-19
9.045085e-01 -5.206650e-18
9.755283e-01 1.110816e-18
6.155830e-03 -1.223641e-17
5.449674e-02 1.168983e-17
1.464466e-01 -1.779662e-17
2.730048e-01 -2.199427e-17
4.217828e-01 3.803992e-18
5.782172e-01 -2.013019e-19
7.269952e-01 -1.920700e-18
8.535534e-01 -1.115149e-17
9.455033e-01 1.911189e-18
9.938442e-01 2.625772e-17
9.755283e-01 -3.257946e-17
9.045085e-01 -1.011232e-17
7.938926e-01 2.209252e-17
6.545085e-01 -2.969516e-17
5.000000e-01 -6.428525e-18
3.454915e-01 -5.138077e-18
2.061074e-01 3.691928e-18
9.549150e-02 -8.413677e-18
2.447174e-02 -9.272255e-18
9.938442e-01 -1.448825e-17
9.455033e-01 2.489297e-18
8.535534e-01 4.684428e-18
7.269952e-01 -1.111298e-17
5.782172e-01 -2.441108e-18
4.217828e-01 8.620412e-18
2.730048e-01 4.779647e-18
1.464466e-01 9.258284e-18
5.449674e-02 1.034009e-17
6.155830e-03 1.046524e-18
-5.082346e-02 -9.726046e-04
-7.588256e-02 -5.523607e-03
-1.013475e-01 -8.745312e-03
-1.271013e-01 -1.289776e-02
-1.403681e-01 -9.876793e-03
-1.551127e-01 -2.146052e-03
-1.690330e-01 2.112235e-03
-1.380517e-01 -2.149603e-02
-8.363827e-02 -2.478070e-02
-1.235058e-03 8.560381e-04
1.331840e-01 1.348836e-02
3.326181e-01 7.422726e-04
6.061249e-01 -6.578109e-03
-3.075535e-02 8.243787e-03
-6.546060e-02 -3.199000e-03
-7.500989e-02 -6.853528e-03
-1.149745e-01 -1.350693e-02
-1.373264e-01 -1.285944e-02
-1.437230e-01 -6.289293e-03
-1.593679e-01 1.070647e-03
-1.576438e-01 -2.845916e-03
-1.088454e-01 -4.054138e-02
-5.470417e-02 -1.770259e-02
5.690730e-02 2.432101e-02
2.245794e-01 8.137098e-03
4.568026e-01 -3.481320e-03
7.605480e-01 -2.793614e-02
-5.138952e-02 5.723493e-02
1.308441e-01 1.144763e-01
-1.282098e-03 6.246129e-02
-1.039676e-01 4.163264e-02
-7.711800e-03 4.140505e-02
4.543414e-03 1.168937e-01
5.388970e-03 7.017149e-02
-1.563413e-01 6.627280e-02
-9.726055e-02 1.329596e-02
5.028978e-01 1.088793e-01
1.096395e-01 6.107426e-02
2.078487e-01 5.268600e-02
-3.676585e-02 4.820360e-03
-1.978044e-03 1.161299e-02
5.965710e-01 5.340327e-02
-6.671306e-03 5.173956e-02
-1.131731e-01 1.868535e-02
-8.696078e-02 3.461251e-02
-1.034556e-01 5.781741e-02
-7.496318e-02 6.075500e-02
-8.290977e-02 8.901477e-02
-5.545054e-02 7.753352e-02
-5.629489e-02 1.070199e-01
-8.681861e-02 1.211991e-01
-5.848059e-02 1.421469e-01
-9.348090e-02 1.567375e-01
-6.557785e-02 1.807485e-01
-9.156383e-02 1.904955e-01
-6.326151e-02 2.122563e-01
-7.424167e-02 2.177887e-01
-4.020979e-02 2.339797e-01
-2.842887e-02 2.361813e-01
8.450537e-03 2.429191e-01
4.411890e-02 2.429806e-01
-1.393440e-02 2.212406e-01
2.887968e-02 2.148702e-01
-4.491955e-02 5.009894e-02
3.797487e-04 2.135285e-01
9.804405e-02 2.136035e-01
1.415119e-01 2.357719e-01
-1.126028e-01 1.694766e-01
5.104212e-02 1.650017e-01
-3.261557e-02 1.487682e-01
1.830889e-01 1.566589e-01
-6.682457e-02 1.817831e-02
-3.218081e-02 7.983563e-02
-1.159880e-01 1.183992e-01
-4.138293e-02 1.635563e-01
-1.226257e-03 1.774908e-01
-2.040146e-02 1.768461e-01
3.161283e-02 1.655583e-01
8.487410e-02 1.779698e-01
5.046576e-02 1.391028e-01
-6.144945e-03 1.132803e-01
2.335089e-01 1.918255e-01
2.663397e-01 1.942837e-01
1.676377e-01 1.998648e-01
1.510724e-01 1.354160e-01
-4.031332e-02 1.835533e-01
-1.278312e-01 3.154521e-02
-1.137167e-01 8.276703e-02
7.794507e-02 2.332209e-01
-2.709602e-02 1.158273e-01
-3.937022e-02 5.651689e-03
-4.490814e-03 7.620649e-02
-1.553576e-01 5.055869e-02
-1.404534e-01 1.111522e-01
-9.187061e-03 2.339673e-02
-2.134254e-02 2.846801e-02
-1.307155e-02 6.428502e-02
-1.115780e-02 9.869505e-02
-1.128457e-01 8.205677e-02
1.596509e-02 9.311275e-02
6.301676e-02 5.626258e-02
-1.022497e-02 3.349828e-03
3.851218e-01 1.178401e-01
-6.890436e-02 1.994032e-01
-1.025262e-01 1.448758e-01
-3.830121e-02 2.096885e-01
-6.402732e-02 6.300251e-03
-6.212190e-02 3.684634e-02
-3.277347e-02 6.047149e-02
3.042414e-01 8.923258e-02
4.929758e-02 4.142589e-02
4.435522e-01 3.114176e-02
-2.409796e-02 1.592404e-01
1.215656e-01 1.085884e-01
-4.452723e-02 1.740801e-02
6.152449e-01 6.412719e-02
4.133624e-01 1.016276e-01
-1.612564e-02 1.335768e-01
-1.153423e-01 1.528559e-01
3.318811e-03 1.159375e-01
-3.819766e-02 3.171945e-02
-1.321454e-02 1.103242e-01
1.918597e-01 7.811910e-02
-3.193572e-03 6.919229e-03
-3.795859e-02 -1.171375e-03
-1.343191e-01 1.194333e-01
6.883636e-01 1.865929e-02
2.413094e-02 1.864972e-02
4.629784e-02 9.027179e-02
-2.411253e-02 4.045175e-02
-1.336375e-01 7.935434e-02
-7.668034e-02 1.171464e-01
-2.296183e-02 1.728710e-02
-4.657536e-03 8.173595e-02
9.514661e-02 1.193576e-01
1.371965e-03 6.186340e-02
9.098623e-03 5.283981e-02
-2.378150e-02 6.294567e-02
-2.334893e-02 7.125293e-02
-1.320310e-02 5.302223e-02
-2.111769e-02 5.226962e-02
-3.366405e-02 7.064202e-02
7.004457e-04 3.279562e-02
1.669861e-02 7.309263e-02
4.901489e-01 8.240964e-02
3.460243e-01 1.080435e-01
4.376420e-01 6.966477e-02
2.430298e-03 1.500224e-01
1.538992e-02 1.723892e-01
2.231407e-02 1.408753e-01
3.363556e-01 1.596806e-01
3.537275e-01 1.618317e-01
2.522930e-01 2.005823e-01
6.127273e-01 6.061500e-02
4.951895e-01 9.266947e-02
1.237343e-01 1.861869e-01
1.642327e-01 1.645101e-01
1.154761e-01 1.575389e-01
-2.015041e-03 5.882090e-02
9.006797e-03 1.031246e-01
-1.286513e-01 3.700313e-02
-1.195580e-01 6.621137e-02
-1.213836e-01 5.863703e-02
-1.353564e-03 1.189309e-01
-8.063295e-03 1.496319e-01
2.523817e-01 1.721998e-01
2.028775e-01 1.652591e-01
2.132350e-01 2.070185e-01
1.746410e-01 1.208656e-01
-1.279662e-01 5.851477e-02
-1.210547e-01 8.260676e-02
2.119927e-02 1.319789e-01
-1.595213e-03 6.059114e-02
-1.017715e-04 6.379677e-02
-1.353606e-01 1.035016e-02
-1.302471e-01 6.125253e-03
4.469245e-01 1.092461e-01
3.280511e-01 1.573507e-01
8.730619e-02 2.096129e-01
1.201231e-01 2.209961e-01
-1.293798e-01 1.163764e-01
-1.285048e-01 1.335207e-01
-1.176122e-01 1.350279e-01
8.889348e-02 2.413883e-01
1.076096e-01 2.378147e-01
6.389353e-02 2.442064e-01
1.868483e-03 5.964690e-02
3.027156e-01 1.535841e-01
4.348210e-01 1.167253e-01
-1.324824e-01 1.225197e-02
-1.248822e-01 1.000211e-01
-1.395670e-01 9.349890e-02
-8.472285e-02 1.050610e-01
-9.891901e-02 8.968027e-02
-1.007588e-01 1.030682e-01
-1.166436e-02 1.973998e-02
-1.270461e-02 1.613938e-02
-2.191958e-02 2.390619e-02
-5.362518e-02 1.116045e-02
-5.183592e-02 6.530984e-03
-6.566824e-02 1.213218e-02
-1.024932e-01 1.218737e-01
-1.145179e-01 9.924517e-02
-1.204544e-01 3.989811e-03
-1.214447e-01 2.428723e-02
1.198064e-01 1.268826e-01
9.094389e-02 1.488577e-01
1.609109e-01 2.272456e-01
-2.908594e-03 5.356976e-02
-8.877071e-03 1.063107e-01
-1.291752e-01 1.405343e-01
-1.167956e-01 1.616925e-01
2.475903e-02 2.459378e-01
4.055939e-02 2.407255e-01
-6.419280e-03 4.927972e-02
-5.251681e-03 9.903022e-03
-1.643818e-02 8.927512e-03
-3.277675e-02 3.950390e-02
-3.455154e-02 4.674694e-02
-2.306370e-02 3.399977e-02
-5.688083e-02 1.829977e-02
-4.438810e-02 9.595646e-03
-1.406427e-01 1.162276e-01
-1.241375e-01 1.459837e-01
-4.289527e-02 1.500886e-01
-2.877239e-02 1.330176e-01
-4.131721e-02 1.296259e-01
-1.104608e-01 1.845775e-03
9.613069e-04 4.049291e-02
-2.592970e-04 4.038269e-02
-2.420562e-03 7.597934e-02
-1.646898e-01 3.064607e-02
-1.610284e-01 5.843840e-02
-1.636310e-01 2.870706e-02
-6.905411e-02 2.027913e-02
-8.697092e-02 6.966287e-02
-8.826518e-02 3.891394e-02
1.357734e-01 1.879943e-01
2.101040e-01 1.758959e-01
1.599794e-01 2.065908e-01
-6.616811e-02 1.977786e-01
-5.268387e-02 2.009967e-01
-5.293834e-02 1.848804e-01
-2.934030e-02 3.149150e-02
-4.176805e-02 4.084386e-02
3.725775e-01 5.906828e-02
5.190957e-01 4.482855e-02
-9.408462e-02 7.481947e-02
-1.099270e-01 7.105333e-02
1.074760e-03 4.312644e-02
-8.127459e-03 8.795433e-02
-5.871974e-02 1.225098e-01
-4.376356e-02 1.113970e-01
-6.061415e-03 4.371773e-02
-1.551498e-01 2.536243e-02
-1.314744e-01 4.345159e-02
-7.521061e-03 1.806384e-02
-1.515637e-02 2.698036e-02
-7.982143e-02 1.712194e-01
-9.396635e-02 1.737165e-01
-7.888688e-02 1.883654e-01
-7.309212e-02 1.329632e-01
-9.031720e-02 1.400240e-01
-7.821150e-02 1.539342e-01
-6.263385e-02 1.619022e-01
-7.739762e-02 2.043396e-01
-8.571560e-02 2.050682e-01
-7.029906e-02 2.175074e-01
-7.103029e-02 1.178219e-01
-5.702134e-02 2.292667e-01
-5.525771e-02 2.238566e-01
-5.534713e-02 2.282681e-01
-3.629337e-02 2.381915e-01
-9.036408e-03 2.437100e-01
-1.930919e-02 2.402512e-01
-6.973725e-02 1.000088e-01
-1.507076e-01 9.209552e-02
-1.505930e-01 7.937335e-02
3.973030e-02 1.543921e-01
3.005440e-02 1.200600e-01
-2.962813e-03 2.840346e-02
-4.102609e-03 3.534011e-02
4.331090e-03 2.411008e-01
1.211548e-01 2.292216e-01
1.805039e-01 2.211803e-01
1.994779e-01 2.236302e-01
5.345492e-02 1.759542e-01
6.754264e-02 1.593434e-01
3.260654e-02 1.907566e-01
5.732634e-02 2.018797e-01
6.780089e-02 2.328615e-01
-1.663031e-02 1.291008e-03
-2.147078e-02 1.708424e-03
-3.409981e-02 4.195235e-03
2.861223e-02 9.671471e-02
2.389243e-02 7.261262e-02
-8.541166e-04 7.371127e-03
-3.226168e-03 1.070042e-02
-9.580200e-02 3.548017e-04
-1.005797e-01 1.394734e-02
-1.105715e-01 3.827459e-02
-1.167424e-01 4.861695e-02
-5.046749e-02 2.144596e-01
-4.189697e-02 1.975611e-01
-4.927077e-02 1.659386e-01
-3.694389e-02 1.663756e-01
-9.984728e-02 2.898755e-02
-9.612843e-02 4.535934e-02
-8.924565e-02 6.110919e-02
-8.004477e-02 7.428813e-02
2.722942e-01 1.402611e-01
-6.866265e-02 8.395066e-02
-5.610581e-02 9.177550e-02
1.152429e-02 1.982867e-01
7.447551e-02 1.916195e-01
1.097058e-01 1.631784e-01
2.255428e-02 2.320869e-01
4.467319e-02 2.154740e-01
-4.732163e-03 2.345985e-01
2.129513e-02 2.332835e-01
5.189272e-03 2.205589e-01
-1.322721e-02 9.388596e-04
5.082351e-02 2.256898e-01
-8.341361e-02 4.713575e-03
-2.451104e-03 2.153112e-02
-1.398956e-01 2.286519e-02
6.595759e-03 3.651999e-02
1.190470e-03 3.831951e-02
-1.554658e-01 3.235561e-02
-2.399988e-02 3.248715e-02
-2.517496e-02 2.673649e-03
-7.255664e-03 7.177814e-02
-1.432735e-01 4.601647e-02
-4.229446e-02 9.439261e-02
-2.817919e-02 9.505436e-02
-1.055378e-01 1.382353e-01
-2.018322e-02 5.039563e-03
-8.892381e-03 1.693044e-03
-1.033284e-01 1.833992e-01
-9.377431e-02 1.971778e-01
-2.577706e-02 2.314981e-01
-1.407711e-01 7.455770e-02
-1.634675e-02 2.282909e-01
2.682698e-01 2.693778e-02
1.689588e-01 3.261679e-02
1.795583e-04 6.326140e-03
3.864421e-02 2.921876e-02
4.567251e-03 5.990791e-02
3.047009e-04 2.658586e-02
2.250840e-02 1.924592e-01
-5.709108e-03 2.025225e-01
-9.019485e-02 2.222404e-02
-8.234504e-02 4.852743e-02
-6.590337e-02 7.008757e-02
-4.362045e-02 8.110784e-02
1.250745e-01 5.598089e-02
9.099316e-02 3.298232e-02
-7.119249e-03 -5.794416e-04
-9.544502e-02 1.855538e-01
-7.400596e-02 2.119264e-01
7.104664e-02 1.319115e-01
-2.900134e-02 2.173784e-01
-4.082036e-02 2.251786e-01
-4.858785e-02 2.210653e-01
-3.803526e-02 2.077725e-01
-7.597407e-02 1.022019e-02
-7.262704e-02 3.226294e-03
-2.815103e-03 4.253530e-02
-3.185066e-03 1.595943e-02
-2.069865e-02 1.903738e-01
-5.759014e-02 1.838850e-01
-1.882608e-02 2.020949e-01
-2.838521e-02 1.970303e-01
-1.266005e-02 1.791970e-01
-1.370527e-02 1.475600e-01
-7.863059e-02 1.624411e-02
2.569011e-01 7.235128e-02
3.180808e-01 4.337523e-02
3.858911e-01 1.672132e-02
7.439180e-01 3.399451e-02
7.706354e-01 2.064284e-02
-5.984557e-02 5.894916e-04
1.013449e-01 3.412958e-02
1.439034e-01 4.113629e-02
3.011031e-01 6.702530e-02
3.639580e-01 6.070812e-02
5.538521e-01 6.017781e-02
6.120278e-01 5.967233e-02
4.916137e-02 1.154471e-01
-3.590506e-02 1.006758e-02
-1.113666e-01 1.599395e-01
-8.616285e-02 1.736162e-01
5.521670e-04 1.656774e-01
-7.607379e-02 1.546539e-01
-1.456388e-01 6.548100e-02
-2.271067e-03 8.161904e-02
3.076835e-01 1.118274e-01
-1.474883e-02 1.216611e-01
-1.770874e-02 1.323394e-01
-8.459152e-03 3.182592e-02
-5.109931e-02 6.303783e-02
-5.939975e-02 5.670617e-02
-1.763764e-02 1.421236e-01
-7.728923e-03 1.099734e-01
-1.983088e-02 1.473962e-01
-7.742122e-02 2.557894e-02
-1.048006e-01 1.564099e-01
1.427513e-01 7.360112e-02
1.008745e-01 9.274376e-02
1.321645e-01 1.024218e-01
-4.356332e-02 6.957192e-02
-6.894917e-02 4.836997e-02
-7.524345e-02 3.718606e-02
2.036035e-01 9.867068e-02
1.628797e-01 1.082494e-01
-3.948516e-02 5.597202e-02
-1.038199e-01 1.733083e-01
-3.231892e-02 1.875744e-01
-3.131732e-02 1.755770e-01
6.583121e-02 2.567327e-02
7.761407e-02 5.246417e-02
2.012966e-01 1.009415e-01
1.631292e-01 7.868686e-02
-5.369138e-02 4.500791e-02
-2.756263e-02 1.615834e-01
-6.642799e-02 2.652180e-02
5.200940e-01 1.028802e-02
6.535008e-03 7.913994e-03
-5.777083e-03 -1.622746e-04
2.390723e-01 1.231332e-01
1.518981e-01 1.344213e-01
-4.756622e-02 -1.717969e-03
-1.935333e-02 -6.550910e-03
4.532128e-02 2.123885e-02
-1.091260e-01 1.126840e-01
-1.206816e-01 1.326994e-01
-1.282421e-01 1.027663e-01
5.459997e-01 8.725850e-02
-2.380564e-02 1.441414e-01
-1.394218e-02 1.200536e-01
-2.185039e-02 1.299959e-01
-1.446615e-01 9.391212e-02
7.254907e-02 8.031775e-02
6.976217e-02 1.073403e-01
-1.629986e-02 3.178766e-02
-1.664607e-02 4.205964e-02
8.320996e-01 1.294999e-02
6.439727e-01 9.006786e-03
-1.708950e-02 -2.653286e-03
8.295244e-01 1.605390e-02
-2.833931e-02 5.067126e-02
-2.080984e-02 6.744485e-04
9.413179e-03 7.208319e-03
1.953973e-02 -5.389550e-03
7.494223e-01 3.300621e-02
3.376719e-02 1.067918e-02
7.034742e-01 3.929029e-02
4.572123e-01 5.144863e-02
5.219375e-01 5.138116e-02
-2.481666e-02 1.690580e-01
4.750160e-02 6.509871e-02
1.984050e-01 4.353684e-02
-3.295615e-02 1.861492e-02
-2.708950e-02 1.109416e-02
2.596283e-01 4.624082e-02
-8.228387e-03 1.040609e-01
-7.191348e-03 9.745646e-02
-2.207622e-02 8.028738e-02
-1.465796e-02 7.159705e-02
7.997958e-04 1.081936e-02
-3.445548e-03 2.107637e-03
-3.994529e-02 3.403179e-03
-5.326809e-02 2.495380e-03
8.361221e-02 1.378483e-01
9.106175e-02 8.239965e-02
-4.153219e-02 2.474577e-02
-2.972324e-02 2.465322e-02
-1.771388e-02 1.178196e-01
2.624065e-02 1.408979e-01
5.641456e-02 1.127768e-01
3.157986e-02 8.595139e-02
-6.345017e-02 9.065870e-02
-9.698010e-02 9.771610e-02
-4.988080e-02 3.479185e-02
-2.097326e-02 8.973904e-02
-5.331391e-02 2.655005e-02
1.285600e-02 3.892502e-02
-2.178697e-02 1.418683e-01
-6.148824e-03 8.941605e-02
-1.472085e-02 1.014328e-01
-9.162947e-02 1.319583e-01
1.225681e-02 7.626747e-02
-5.320640e-03 1.006197e-01
6.443272e-01 3.202544e-02
-6.024178e-02 1.411678e-01
-4.104916e-02 1.183341e-01
5.527040e-01 2.235227e-02
2.568168e-02 4.896611e-02
3.427329e-02 3.351087e-02
-3.405311e-03 -1.040155e-01
3.948086e-01 -1.125801e-01
-1.454903e-01 -7.094300e-02
-9.003255e-03 -6.136163e-02
-1.093571e-01 -2.700345e-02
4.721121e-02 -7.724299e-02
-1.433604e-01 -5.113123e-02
-8.705333e-03 -9.360973e-02
-6.360506e-03 -1.777867e-02
2.110524e-01 -1.077228e-01
6.027726e-01 -6.513128e-02
8.702288e-03 -9.038159e-02
-1.914210e-02 -4.369661e-03
-5.967529e-02 -1.290177e-02
5.854886e-02 -6.225973e-02
4.645765e-01 -3.474785e-02
-7.671292e-03 -3.362286e-02
-2.402607e-02 -4.077782e-02
-2.693089e-02 -6.473058e-02
-4.805808e-02 -5.984884e-02
-5.821689e-02 -9.022071e-02
-7.877744e-02 -7.325790e-02
-9.232963e-02 -1.019743e-01
-6.862321e-02 -1.235869e-01
-1.026803e-01 -1.335417e-01
-7.699034e-02 -1.581324e-01
-1.043703e-01 -1.651925e-01
-7.707115e-02 -1.910087e-01
-9.548500e-02 -1.923742e-01
-6.646673e-02 -2.184940e-01
-6.818242e-02 -2.119999e-01
-3.481998e-02 -2.368831e-01
-9.741039e-03 -2.209824e-01
2.693743e-02 -2.384567e-01
-5.183942e-02 -1.858383e-01
3.630082e-02 -1.883888e-01
-6.624582e-02 -4.366691e-02
-4.619722e-03 -2.349575e-01
4.898605e-02 -2.253004e-01
1.160838e-01 -2.172472e-01
-4.691137e-02 -1.931428e-01
1.255827e-02 -2.055417e-01
-1.294607e-01 -1.247108e-01
5.466852e-02 -1.868553e-01
-1.730003e-02 -2.072762e-02
-1.089925e-01 -6.956540e-02
-4.848132e-02 -1.374622e-01
-1.439376e-02 -2.047382e-01
-1.524443e-02 -1.401368e-01
-8.698727e-02 -1.324076e-01
1.065249e-01 -1.388063e-01
1.922575e-01 -1.707536e-01
2.499503e-01 -1.222479e-01
-6.569892e-02 -7.666777e-02
1.254577e-01 -1.875465e-01
2.277081e-01 -1.664411e-01
2.149843e-01 -1.875858e-01
3.454352e-01 -1.442001e-01
-1.210010e-01 -1.515030e-01
-8.396281e-03 -4.886917e-02
-3.295284e-02 -9.722222e-02
8.514780e-02 -2.139957e-01
-1.208119e-01 -9.820517e-02
-8.614653e-03 -5.329499e-03
-1.549809e-01 -5.900453e-02
-8.438950e-03 -7.421044e-02
-2.954724e-02 -1.417877e-01
-8.358449e-02 -1.864668e-02
-6.416437e-02 -2.381865e-02
-1.297776e-01 -4.107642e-02
-1.050033e-01 -7.324945e-02
-7.586476e-03 -1.124068e-01
2.355855e-01 -6.926423e-02
1.005110e-03 -1.016148e-01
-2.763475e-02 -4.388257e-03
1.046113e-01 -1.355938e-01
-3.774544e-02 -2.230157e-01
-2.578063e-02 -1.814712e-01
-9.881957e-02 -1.719720e-01
-3.443749e-03 -6.735662e-03
-3.996650e-02 -3.633119e-02
-9.197501e-02 -4.942426e-02
4.234386e-02 -1.260447e-01
6.542707e-01 -3.716694e-02
1.456835e-02 -5.579833e-02
-1.222583e-01 -1.223516e-01
1.583837e-02 -1.586237e-01
-2.890731e-02 -1.695031e-02
1.333573e-01 -6.944778e-02
3.317533e-01 -9.028083e-02
-1.425299e-01 -1.058748e-01
-5.644492e-02 -1.692699e-01
-2.222280e-03 -1.673732e-01
-5.029403e-02 -2.736341e-02
-1.414516e-01 -8.602371e-02
5.377501e-01 -8.088178e-02
-3.448889e-02 -5.029044e-03
-9.341898e-04 -1.006084e-03
-2.388846e-02 -1.513619e-01
2.316562e-02 -1.892657e-02
6.920330e-01 -1.094135e-02
4.160796e-01 -7.759876e-02
-8.176074e-02 -3.203140e-02
-2.448382e-02 -1.066416e-01
-1.273851e-02 -1.620384e-01
-4.364557e-02 -1.419001e-02
-1.295349e-01 -6.793268e-02
3.803200e-01 -1.202948e-01
1.862451e-01 -3.383790e-02
2.849959e-01 -3.055380e-02
-1.110775e-01 -4.573899e-02
-1.206957e-01 -5.660464e-02
-1.210384e-01 -3.367651e-02
-1.017849e-01 -3.800890e-02
-1.005534e-01 -5.906536e-02
3.986674e-01 -2.116291e-02
3.377912e-01 -5.287412e-02
8.523284e-02 -9.995343e-02
6.940373e-02 -1.352673e-01
5.241532e-02 -9.682577e-02
1.254697e-02 -1.103731e-01
3.849548e-02 -1.417130e-01
7.664233e-02 -1.097395e-01
1.679550e-01 -1.530325e-01
2.250929e-01 -1.397054e-01
1.731409e-01 -1.791232e-01
9.246740e-02 -6.901810e-02
1.201355e-01 -1.051727e-01
2.069146e-01 -1.826609e-01
2.749806e-01 -1.674275e-01
2.658554e-01 -1.621569e-01
9.067753e-02 -3.774982e-02
1.334908e-01 -7.504376e-02
-8.739627e-03 -5.501199e-02
-1.961385e-02 -8.383561e-02
-1.898123e-02 -7.329143e-02
-1.908956e-02 -7.779177e-02
-4.121714e-02 -1.093769e-01
3.029384e-01 -1.434506e-01
2.989884e-01 -1.574039e-01
2.252661e-01 -1.811090e-01
3.745253e-01 -1.325732e-01
-1.597859e-02 -8.402120e-02
-2.883858e-02 -1.033139e-01
1.659477e-01 -1.061123e-01
-8.418050e-02 -4.753023e-02
-4.220152e-02 -4.416214e-02
-2.484179e-03 -2.862932e-02
-1.923872e-03 -2.374318e-02
2.670332e-01 -1.006879e-01
2.784183e-01 -1.332201e-01
1.311529e-01 -1.953487e-01
1.455547e-01 -2.051138e-01
-3.901646e-02 -1.422087e-01
-4.257062e-02 -1.587024e-01
-5.287693e-02 -1.530422e-01
6.800914e-02 -2.313374e-01
1.037245e-01 -2.203147e-01
5.249950e-02 -2.290873e-01
1.541569e-02 -4.157159e-02
1.185220e-01 -1.641738e-01
1.526012e-01 -1.259880e-01
-2.383614e-03 -3.046975e-02
-3.631686e-02 -1.249012e-01
-2.760752e-02 -1.244890e-01
-6.392557e-02 -1.065044e-01
-4.602791e-02 -9.674853e-02
-5.022723e-02 -1.136919e-01
-6.290244e-02 -1.805753e-02
-5.254679e-02 -1.405095e-02
-5.429249e-02 -1.888266e-02
-1.313954e-02 -1.219459e-02
-6.589262e-03 -6.837399e-03
-8.850025e-03 -1.375007e-02
-5.870696e-02 -1.324348e-01
-4.089491e-02 -1.172162e-01
-2.678283e-03 -1.959662e-02
-7.936674e-03 -4.151783e-02
3.640784e-01 -1.338728e-01
2.778636e-01 -1.485642e-01
1.611194e-01 -2.049925e-01
-9.816582e-02 -5.040468e-02
-9.152275e-02 -7.249089e-02
-3.740684e-02 -1.686004e-01
-5.172844e-02 -1.817961e-01
1.021229e-02 -2.332580e-01
3.397658e-02 -2.189485e-01
-1.088805e-01 -4.915535e-02
-4.403473e-02 -9.332168e-03
-3.653441e-02 -8.484111e-03
-6.615501e-02 -3.384700e-02
-7.628041e-02 -3.919377e-02
-7.206659e-02 -2.853568e-02
-2.333184e-02 -1.897237e-02
-1.721498e-02 -9.874461e-03
-2.570709e-02 -1.468927e-01
-3.491569e-02 -1.759247e-01
-1.173423e-01 -1.311994e-01
-1.264299e-01 -1.108972e-01
-1.127586e-01 -1.165071e-01
-1.576764e-03 -1.458450e-02
-1.585815e-01 -3.837242e-02
-1.618500e-01 -3.205325e-02
-1.557102e-01 -6.429996e-02
-2.153744e-03 -4.877646e-02
-8.444856e-03 -8.375176e-02
-2.315986e-03 -4.316186e-02
-1.429633e-03 -5.553186e-02
-5.536151e-03 -1.094743e-01
-2.094962e-03 -6.395052e-02
5.433797e-02 -2.084224e-01
8.575097e-02 -1.901605e-01
8.371745e-02 -2.108117e-01
-1.013763e-01 -1.793073e-01
-1.088995e-01 -1.730063e-01
-1.137075e-01 -1.603494e-01
-5.739263e-02 -2.418192e-02
-5.789048e-02 -3.451702e-02
3.083345e-02 -9.079885e-02
3.110483e-02 -6.438830e-02
-4.177820e-02 -7.930445e-02
-3.042045e-02 -8.067161e-02
-1.433869e-01 -4.635623e-02
-1.257344e-01 -7.574481e-02
-9.799636e-02 -1.173710e-01
-1.069893e-01 -1.023058e-01
-1.570148e-01 -2.942986e-02
-2.339314e-03 -3.785629e-02
-1.828738e-03 -5.953656e-02
-7.292169e-02 -1.732532e-02
-7.452413e-02 -2.311938e-02
-9.160832e-02 -1.649207e-01
-7.830481e-02 -1.747623e-01
-9.103353e-02 -1.804885e-01
-8.552299e-02 -1.308841e-01
-7.340201e-02 -1.404132e-01
-9.048189e-02 -1.480425e-01
-1.048443e-01 -1.497746e-01
-8.764393e-02 -1.951301e-01
-7.405008e-02 -2.056721e-01
-8.124249e-02 -2.077218e-01
-8.125531e-02 -1.144224e-01
-6.939080e-02 -2.181949e-01
-8.465758e-02 -2.036315e-01
-5.404877e-02 -2.288492e-01
-5.255686e-02 -2.269754e-01
-2.512827e-02 -2.318235e-01
-4.328875e-02 -2.167213e-01
-7.502376e-02 -9.798151e-02
-1.845789e-02 -1.234693e-01
-1.835189e-02 -1.107064e-01
1.731589e-01 -1.324886e-01
2.446369e-01 -9.824322e-02
-1.208673e-01 -2.129027e-02
-1.308354e-01 -2.459491e-02
-7.365375e-03 -2.403874e-01
7.852199e-02 -2.241951e-01
1.241378e-01 -2.057489e-01
1.689847e-01 -1.963372e-01
1.497073e-01 -1.576570e-01
2.202169e-01 -1.474506e-01
6.698295e-02 -1.659818e-01
1.041631e-01 -1.837396e-01
4.040980e-02 -2.359619e-01
-8.787834e-03 -7.242458e-04
-5.785911e-03 -1.870015e-03
-1.360945e-02 -5.262718e-03
3.207460e-01 -7.701346e-02
4.411114e-01 -5.766341e-02
-7.078586e-02 -1.067013e-02
-8.024503e-02 -1.303632e-02
-1.821531e-03 -1.093794e-02
-6.711460e-03 -2.541243e-02
-1.435330e-02 -4.907024e-02
-1.666013e-02 -5.988703e-02
-9.921161e-02 -1.843770e-01
-1.123587e-01 -1.624198e-01
-1.175574e-01 -1.458998e-01
-1.269788e-01 -1.384655e-01
-1.629813e-02 -4.007241e-02
-2.534195e-02 -5.091256e-02
-3.820091e-02 -6.423658e-02
-5.317323e-02 -7.428526e-02
8.025101e-02 -1.652576e-01
-6.932649e-02 -8.213426e-02
-8.583383e-02 -8.683649e-02
1.064147e-02 -1.662762e-01
2.689843e-02 -2.188151e-01
3.096362e-02 -2.002523e-01
7.848968e-03 -2.405918e-01
1.947409e-02 -2.336890e-01
-3.245782e-02 -2.063315e-01
1.160782e-02 -2.067628e-01
-1.185666e-02 -1.880232e-01
-1.080770e-02 -1.138567e-03
6.199775e-02 -2.042475e-01
-1.753917e-03 -6.968247e-03
-1.070178e-01 -1.649297e-02
-2.631496e-03 -3.591718e-02
-1.415878e-01 -2.886553e-02
-1.501178e-01 -2.928618e-02
-2.697077e-03 -5.383130e-02
-6.767084e-04 -5.781947e-02
-2.668965e-03 -1.253611e-03
-1.500088e-01 -5.475466e-02
-8.852006e-03 -6.789175e-02
-1.025716e-01 -8.604572e-02
-1.158958e-01 -8.321053e-02
-6.237098e-02 -1.499016e-01
-2.410652e-02 -3.824099e-03
-1.311057e-02 -1.748894e-03
-6.118954e-02 -1.953727e-01
-5.891297e-02 -2.101960e-01
-6.210061e-02 -2.014739e-01
-7.099883e-03 -1.031465e-01
-1.859563e-02 -2.399996e-01
3.675455e-03 -4.820185e-02
8.587780e-04 -5.341989e-02
-5.566514e-02 -6.882440e-03
1.383048e-05 -5.591001e-02
-1.156169e-03 -1.040741e-01
5.378236e-01 -1.418067e-02
6.396903e-03 -2.233779e-01
-3.558394e-02 -1.645794e-01
-1.428000e-02 -3.015684e-02
-3.458510e-02 -5.046285e-02
-6.467164e-02 -6.807360e-02
-9.375754e-02 -7.428390e-02
3.964025e-03 -9.875041e-02
6.420950e-04 -5.508924e-02
-1.615694e-02 -6.756535e-04
-4.535038e-02 -2.099700e-01
-5.167274e-02 -2.241520e-01
3.126796e-01 -1.234321e-01
-7.898153e-02 -1.798998e-01
-8.347265e-02 -1.940153e-01
-3.818515e-02 -2.337924e-01
-2.412156e-02 -2.307944e-01
-4.620594e-03 -1.150795e-02
-1.413199e-03 -3.812889e-03
-1.365421e-01 -2.793580e-02
-9.175080e-02 -1.297175e-02
-1.168043e-02 -2.227555e-01
-2.543713e-02 -2.163962e-01
-7.061851e-02 -1.605277e-01
-9.487675e-02 -1.537644e-01
-5.816379e-02 -1.361531e-01
-7.672373e-02 -1.041967e-01
-1.211544e-02 -2.020711e-02
2.269973e-02 -1.117724e-01
1.278931e-02 -7.433218e-02
3.599544e-03 -3.585467e-02
7.794580e-02 -3.613922e-02
4.617191e-02 -2.844009e-02
-3.349228e-04 -1.463566e-03
7.423115e-01 -3.386761e-02
6.997864e-01 -4.144174e-02
5.117173e-01 -6.143056e-02
4.518159e-01 -6.523510e-02
2.737039e-01 -6.048214e-02
2.166973e-01 -5.862382e-02
3.274859e-01 -9.957296e-02
-2.464544e-02 -1.009145e-02
-3.625933e-02 -1.903482e-01
-3.336936e-02 -2.057930e-01
-2.581817e-03 -2.076965e-01
-2.250233e-02 -1.951886e-01
-1.584775e-02 -9.311114e-02
-1.361417e-01 -4.718709e-02
3.672461e-01 -1.050112e-01
-1.328072e-01 -9.757515e-02
-1.161508e-01 -1.001034e-01
-9.577694e-02 -2.132261e-02
-7.156452e-02 -5.803699e-02
-5.585406e-02 -5.316006e-02
-9.971680e-02 -1.011700e-01
-1.457128e-01 -8.994173e-02
-1.346850e-01 -1.153546e-01
-2.116759e-02 -3.041560e-02
-6.677816e-02 -1.650369e-01
5.742990e-01 -7.534047e-02
4.820238e-01 -9.404979e-02
4.594447e-01 -1.082157e-01
-8.493084e-02 -6.505750e-02
-4.112465e-02 -4.753552e-02
-3.197801e-02 -3.992893e-02
4.643424e-01 -9.656797e-02
4.348800e-01 -1.162062e-01
-7.884526e-02 -4.855238e-02
-6.721497e-02 -1.818648e-01
-1.117406e-01 -1.473427e-01
-1.236577e-01 -1.391901e-01
7.742481e-01 -2.517676e-02
6.314447e-01 -5.058717e-02
2.853067e-02 -1.457708e-01
1.304143e-02 -1.267185e-01
-5.279102e-02 -4.059073e-02
-1.319340e-01 -1.297365e-01
-2.826022e-02 -2.831252e-02
2.614883e-03 -2.480692e-02
-2.193660e-02 7.778217e-05
-4.276760e-02 -4.925634e-03
4.994145e-02 -1.592504e-01
3.173055e-02 -1.759872e-01
-3.592055e-04 -5.146562e-04
5.171791e-05 1.053583e-04
7.986724e-01 -1.736682e-02
-1.573188e-02 -1.533805e-01
-2.499991e-02 -1.654134e-01
-1.467610e-02 -1.376412e-01
1.736556e-01 -8.989234e-02
-1.370242e-01 -1.170342e-01
-1.442662e-01 -9.512551e-02
-1.369300e-01 -1.057506e-01
-1.596001e-02 -1.252104e-01
5.052990e-01 -7.594430e-02
3.997035e-01 -1.009287e-01
-8.304182e-02 -2.425814e-02
-9.459413e-02 -2.995799e-02
1.830984e-02 6.580155e-03
8.026857e-03 -5.945941e-03
-1.997174e-02 -3.229355e-03
3.218701e-02 -1.114840e-02
-8.741590e-02 -3.964859e-02
-4.620180e-04 -3.838444e-04
6.507662e-01 -5.186904e-03
8.233787e-01 -1.023622e-03
1.184943e-01 -3.379126e-02
8.191222e-01 -1.145700e-02
1.669646e-01 -3.946302e-02
4.074032e-01 -4.973986e-02
3.445275e-01 -4.927138e-02
-1.069846e-01 -1.277534e-01
5.255265e-01 -5.757783e-02
6.554632e-01 -4.255549e-02
-3.682518e-02 -1.625528e-02
-3.073058e-02 -8.971355e-03
5.979841e-01 -4.672476e-02
-1.503283e-01 -8.310918e-02
-1.487973e-01 -7.404068e-02
-1.198169e-01 -7.006629e-02
-1.293990e-01 -5.430442e-02
-4.814536e-02 -8.562040e-03
-3.118619e-02 -4.299519e-03
-3.730055e-03 -2.998969e-03
-2.203368e-03 -3.207661e-03
1.632472e-02 -1.848703e-01
5.384710e-03 -1.349285e-01
-3.905052e-02 -2.260960e-02
-4.745306e-02 -2.073747e-02
-1.315892e-01 -9.371983e-02
2.786578e-03 -1.894036e-01
5.730215e-03 -1.654404e-01
3.409217e-04 -1.378575e-01
-7.253207e-03 -1.367271e-01
-1.075404e-02 -1.384973e-01
-4.631649e-02 -3.322809e-02
-4.050802e-03 -1.390422e-01
-3.452010e-02 -2.565418e-02
5.728994e-01 -1.922668e-02
-6.758433e-03 -1.890669e-01
-1.435940e-01 -6.819920e-02
-1.258253e-01 -8.328119e-02
-1.846309e-02 -1.737415e-01
-1.374650e-01 -6.118343e-02
-1.359390e-01 -7.665230e-02
3.705028e-02 -4.327747e-02
-1.493935e-02 -1.858135e-01
-8.358845e-03 -1.666664e-01
1.554795e-02 -3.897746e-02
5.533096e-01 -3.947210e-02
6.757928e-01 -2.432513e-02
