1.000000e+00
0.000000e+00
0.000000e+00 0.000000e+00
taylor-hood
cavity_fine
1.000000e+00 0.000000e+00
0.000000e+00 0.000000e+00
0.000000e+00 0.000000e+00
1.000000e+00 0.000000e+00
0.000000e+00 0.000000e+00
0.000000e+00 0.000000e+00
0.000000e+00 0.000000e+00
0.000000e+00 0.000000e+00
0.000000e+00 0.000000e+00
0.000000e+00 0.000000e+00
0.000000e+00 0.000000e+00
0.000000e+00 0.000000e+00
0.000000e+00 0.000000e+00
0.000000e+00 0.000000e+00
0.000000e+00 0.000000e+00
0.000000e+00 0.000000e+00
0.000000e+00 0.000000e+00
0.000000e+00 0.000000e+00
0.000000e+00 0.000000e+00
0.000000e+00 0.000000e+00
0.000000e+00 -6.776918e-10
0.000000e+00 -1.225686e-10
0.000000e+00 -1.660385e-10
0.000000e+00 -1.001426e-10
0.000000e+00 -7.568484e-11
0.000000e+00 -6.106976e-11
0.000000e+00 -4.418506e-11
0.000000e+00 -4.663518e-11
0.000000e+00 -3.326271e-11
0.000000e+00 -2.150858e-11
0.000000e+00 -2.129242e-11
0.000000e+00 -1.171887e-11
0.000000e+00 -1.153203e-11
0.000000e+00 -6.405934e-12
0.000000e+00 -7.823223e-12
0.000000e+00 -5.418898e-12
0.000000e+00 -2.791171e-12
0.000000e+00 0.000000e+00
0.000000e+00 0.000000e+00
0.000000e+00 0.000000e+00
0.000000e+00 0.000000e+00
0.000000e+00 0.000000e+00
0.000000e+00 0.000000e+00
0.000000e+00 0.000000e+00
0.000000e+00 0.000000e+00
0.000000e+00 0.000000e+00
0.000000e+00 0.000000e+00
0.000000e+00 0.000000e+00
-2.791021e-12 0.000000e+00
-3.782924e-12 0.000000e+00
-2.158232e-12 0.000000e+00
-1.692665e-12 0.000000e+00
-4.825655e-12 0.000000e+00
-6.465414e-12 0.000000e+00
-6.695692e-12 0.000000e+00
-6.046238e-12 0.000000e+00
-6.441362e-12 0.000000e+00
-6.641831e-12 0.000000e+00
-7.239641e-12 0.000000e+00
-5.587200e-12 0.000000e+00
0.000000e+00 0.000000e+00
0.000000e+00 0.000000e+00
0.000000e+00 0.000000e+00
0.000000e+00 0.000000e+00
0.000000e+00 0.000000e+00
0.000000e+00 0.000000e+00
0.000000e+00 0.000000e+00
0.000000e+00 0.000000e+00
0.000000e+00 0.000000e+00
0.000000e+00 0.000000e+00
0.000000e+00 0.000000e+00
0.000000e+00 0.000000e+00
0.000000e+00 0.000000e+00
0.000000e+00 0.000000e+00
0.000000e+00 0.000000e+00
0.000000e+00 0.000000e+00
0.000000e+00 8.170600e-12
0.000000e+00 7.078156e-12
0.000000e+00 8.586528e-12
0.000000e+00 1.123490e-11
0.000000e+00 1.486992e-11
0.000000e+00 1.799924e-11
0.000000e+00 1.605399e-11
0.000000e+00 2.309664e-11
0.000000e+00 1.642469e-11
0.000000e+00 2.459521e-11
0.000000e+00 4.752598e-11
0.000000e+00 4.694540e-11
0.000000e+00 5.397027e-11
0.000000e+00 8.742949e-11
0.000000e+00 1.603329e-10
0.000000e+00 1.098143e-10
0.000000e+00 4.016775e-10
1.000000e+00 0.000000e+00
1.000000e+00 0.000000e+00
1.000000e+00 0.000000e+00
1.000000e+00 0.000000e+00
1.000000e+00 0.000000e+00
1.000000e+00 0.000000e+00
1.000000e+00 0.000000e+00
1.000000e+00 0.000000e+00
1.000000e+00 0.000000e+00
1.000000e+00 0.000000e+00
1.000000e+00 0.000000e+00
1.000000e+00 0.000000e+00
1.000000e+00 0.000000e+00
1.000000e+00 0.000000e+00
1.000000e+00 0.000000e+00
1.000000e+00 0.000000e+00
1.000000e+00 0.000000e+00
1.000000e+00 0.000000e+00
1.000000e+00 0.000000e+00
1.000000e+00 0.000000e+00
1.000000e+00 0.000000e+00
1.000000e+00 0.000000e+00
1.000000e+00 0.000000e+00
1.000000e+00 0.000000e+00
1.000000e+00 0.000000e+00
1.000000e+00 0.000000e+00
1.000000e+00 0.000000e+00
1.000000e+00 0.000000e+00
1.000000e+00 0.000000e+00
1.000000e+00 0.000000e+00
1.000000e+00 0.000000e+00
1.000000e+00 0.000000e+00
1.000000e+00 0.000000e+00
1.000000e+00 0.000000e+00
1.000000e+00 0.000000e+00
1.000000e+00 0.000000e+00
1.000000e+00 0.000000e+00
1.000000e+00 0.000000e+00
1.000000e+00 0.000000e+00
1.000000e+00 0.000000e+00
1.000000e+00 0.000000e+00
1.000000e+00 0.000000e+00
1.000000e+00 0.000000e+00
1.000000e+00 0.000000e+00
1.000000e+00 0.000000e+00
1.000000e+00 0.000000e+00
1.000000e+00 0.000000e+00
7.810873e-01 -3.697689e-03
-9.624487e-03 -9.441939e-02
-9.398158e-03 8.126265e-02
7.775456e-01 1.251164e-02
7.595134e-01 3.043360e-02
-9.591165e-03 -1.361081e-01
-4.236225e-02 2.570658e-03
-8.077909e-03 1.406077e-01
-4.952430e-03 -3.209039e-02
6.633337e-01 -2.039597e-02
-6.379724e-03 4.221170e-02
6.368398e-01 7.801402e-02
-2.868993e-02 -2.949343e-01
-2.555285e-02 -5.602015e-03
-1.312368e-02 2.841984e-01
-6.050550e-03 1.212388e-02
-2.732330e-02 3.227185e-03
5.466735e-01 -1.367827e-01
7.750787e-01 1.261161e-02
7.718649e-01 -9.663754e-03
-3.429697e-03 -1.507542e-02
4.645979e-01 1.667306e-01
3.356781e-01 -2.338580e-01
-6.160434e-03 -3.730380e-03
-4.376401e-03 2.357838e-03
1.497893e-02 4.609413e-01
-1.466028e-02 -5.360948e-03
-3.811075e-02 -1.891111e-02
-5.496536e-02 -1.684989e-02
-6.534454e-02 -3.324470e-02
-8.594979e-02 -2.495883e-02
-9.424934e-02 -5.001486e-02
-1.136105e-01 -3.399571e-02
-1.220989e-01 -6.063048e-02
-1.415207e-01 -3.125488e-02
-1.518933e-01 -5.696083e-02
-1.672016e-01 -2.372050e-02
-1.730981e-01 -5.605727e-02
-1.853943e-01 -7.663715e-03
-1.947111e-01 -2.050225e-02
-1.994339e-01 1.025287e-02
-1.946761e-01 -1.783406e-02
-1.897116e-01 5.546050e-02
-1.967630e-01 -8.220474e-02
-1.818447e-01 -4.718116e-02
-1.632087e-01 -1.257382e-01
-1.852690e-01 4.520394e-02
-1.390898e-01 -8.893259e-02
-1.451857e-01 -1.478878e-01
-1.562627e-01 -1.584599e-01
-9.160866e-02 -1.310474e-01
-8.655414e-02 -4.960568e-02
-1.124606e-01 -1.743969e-01
-1.265719e-01 -9.613228e-02
-1.506812e-01 -4.010846e-05
-2.854004e-02 -1.397162e-01
-5.579698e-02 -1.883725e-01
-1.073163e-01 -2.283341e-01
-7.909223e-02 -2.463145e-01
-1.161726e-01 -2.753806e-01
-9.945696e-02 -2.965094e-01
7.076893e-03 -2.063810e-01
-7.038029e-02 -5.894268e-02
-1.064809e-01 -3.078551e-01
-1.186062e-01 -2.712602e-01
-1.226355e-01 -3.264953e-01
-7.275528e-02 -3.096454e-01
-8.547744e-02 -2.804403e-01
-1.008230e-01 -2.514896e-01
-1.012358e-01 -1.425437e-02
-1.096650e-01 -3.210510e-01
-1.625738e-02 -3.072846e-01
1.752652e-02 -2.516477e-01
9.962245e-02 -2.317531e-01
-3.859401e-02 -2.984258e-01
1.723688e-01 -1.739082e-01
-6.382078e-02 -2.224124e-01
-7.395308e-02 -2.075120e-01
-1.136492e-01 -2.152801e-01
-8.341787e-02 -1.835374e-01
-1.228646e-01 -1.839169e-01
-9.509252e-02 -1.523328e-01
-5.420208e-02 -1.429495e-01
-6.767407e-02 -1.182155e-01
-7.761672e-02 -3.509375e-01
-3.431651e-02 -9.787509e-02
-4.275145e-02 -7.967234e-02
-4.675807e-02 -3.558356e-01
-1.460508e-01 -1.958569e-01
-1.518259e-01 -1.612671e-01
-7.068182e-02 -9.055279e-02
-2.205155e-02 -9.942456e-02
-3.099235e-02 -2.515923e-01
-2.642568e-02 -1.723973e-01
3.350647e-01 -1.219004e-01
4.219097e-01 -8.800712e-02
2.649212e-01 -1.358405e-01
4.653360e-01 -5.340545e-02
3.263927e-01 -9.145903e-02
-3.585167e-02 -4.612638e-03
-4.125159e-02 -8.880294e-04
-8.154487e-02 -7.178887e-04
-7.196812e-02 8.825942e-03
-1.057241e-01 8.070999e-03
-9.371054e-02 2.127446e-02
-1.232924e-01 3.020500e-02
-1.055079e-01 4.559609e-02
-1.331789e-01 5.447002e-02
-1.129214e-01 7.389822e-02
-8.579504e-02 5.631393e-02
-8.601415e-02 8.287802e-02
-1.157485e-01 1.050479e-01
-8.074107e-02 1.132185e-01
-1.113447e-01 1.391343e-01
-7.309435e-02 1.397517e-01
-1.021816e-01 1.740246e-01
-1.377397e-01 1.588800e-01
-1.311436e-01 1.985939e-01
-9.314970e-02 2.094954e-01
-1.188923e-01 2.353456e-01
-1.423486e-01 2.118403e-01
-1.265666e-01 2.495704e-01
-1.369874e-01 2.047565e-01
-1.105012e-01 2.356976e-01
-1.052491e-01 1.797466e-01
-5.419683e-02 1.991876e-01
-7.527730e-02 2.548589e-01
-4.368621e-02 1.424747e-01
1.656486e-02 2.098631e-01
-2.232623e-02 2.489188e-01
-9.718751e-02 2.893016e-01
1.205102e-01 2.244792e-01
1.274466e-01 1.242654e-01
2.339327e-02 2.432395e-01
-1.007056e-01 1.238940e-01
-2.807560e-02 9.057737e-02
-8.681783e-02 2.376427e-01
-9.655260e-02 6.416556e-02
-5.741613e-02 5.908519e-02
-1.560798e-01 1.677048e-01
-1.993444e-02 4.396206e-02
7.336259e-02 4.140376e-02
8.331355e-02 1.585742e-03
2.115411e-01 3.037950e-02
2.231744e-01 -1.081744e-02
1.959785e-01 5.216471e-02
1.369422e-01 1.798235e-01
1.026742e-01 2.545359e-01
2.820529e-03 3.126676e-01
-2.579966e-02 3.030071e-01
3.672034e-01 3.543739e-02
3.437218e-01 5.493892e-02
-5.804243e-02 3.770977e-02
7.831363e-02 -9.345860e-03
2.167909e-01 -5.432709e-02
3.915258e-01 -2.428908e-02
3.753417e-01 -4.109188e-02
2.290636e-01 -3.180236e-02
-1.399662e-01 9.586068e-02
-1.477511e-01 4.014852e-02
-4.494437e-02 1.035151e-01
-4.340498e-02 1.264645e-01
-7.079713e-02 3.262892e-01
-9.977767e-02 3.304316e-01
-5.560613e-02 3.613726e-01
-6.988615e-02 3.469497e-01
-3.419469e-02 3.462472e-02
-3.496791e-02 2.253547e-02
-5.478634e-02 1.832996e-01
-4.475921e-02 1.973273e-01
-6.604137e-02 2.599107e-01
-3.082146e-02 5.400783e-02
-8.357457e-02 3.675725e-01
1.702857e-01 8.639697e-02
3.116188e-01 7.172873e-02
2.963714e-01 8.034510e-02
5.418364e-01 4.391798e-02
-3.821887e-03 2.098497e-01
2.748312e-01 2.014110e-01
3.787879e-01 -5.819898e-02
5.731575e-01 -1.412309e-02
-6.074316e-02 1.284693e-02
2.689971e-02 1.450665e-01
-2.319372e-02 -2.109888e-01
-2.193721e-02 -1.586428e-02
1.426787e-01 2.446208e-01
-1.046031e-01 2.740536e-01
-9.415094e-02 3.107841e-01
3.717004e-01 7.090952e-03
5.725248e-01 -1.221151e-02
5.603229e-01 5.904214e-03
5.541837e-01 2.604683e-02
-1.581472e-01 -8.683762e-02
-4.472188e-02 -2.512710e-01
-1.283076e-01 -1.361890e-01
-1.821311e-01 -1.113806e-01
-7.668961e-03 -8.560084e-02
2.674012e-01 -1.677495e-01
1.356504e-01 -2.238096e-01
-8.744377e-02 -3.541458e-01
-4.073803e-02 -3.074316e-01
-7.480911e-02 -3.582252e-01
5.731261e-01 -3.296680e-02
1.934601e-01 -1.199706e-01
5.264193e-01 -3.955835e-02
-4.633618e-03 1.059057e-01
-4.421611e-02 -3.523724e-02
-4.269757e-02 -5.684581e-02
-2.317623e-02 -3.013986e-02
-1.860321e-02 -4.373724e-02
-2.511697e-03 4.142685e-02
-9.883458e-02 -8.309867e-02
-1.389392e-01 1.223582e-01
-1.661452e-01 1.233508e-01
-1.639520e-01 8.920391e-02
-1.918992e-01 8.497395e-02
-1.615566e-01 5.664324e-02
-1.748940e-01 1.315319e-01
-1.393939e-01 -2.638276e-02
-9.028210e-02 5.439257e-03
-7.198982e-03 -5.551432e-02
-1.534979e-02 1.609083e-02
3.413775e-01 9.819740e-02
6.674340e-01 3.991742e-02
-7.895194e-03 7.565285e-02
3.773921e-03 1.220844e-01
-1.258921e-03 1.990687e-02
-1.641782e-03 -3.401367e-03
1.364151e-02 3.703471e-01
-3.263327e-03 5.320737e-03
-6.128795e-02 -3.029765e-01
-1.344568e-02 6.958203e-03
5.493446e-02 9.383492e-02
-3.698881e-02 3.643413e-03
3.380611e-02 -1.426182e-01
-1.119013e-01 2.796991e-01
-6.645614e-02 1.663810e-01
-5.461047e-02 7.950572e-02
7.032229e-01 -2.090074e-02
-1.401565e-01 8.586834e-02
-1.548645e-01 1.692850e-01
-5.652820e-02 2.961424e-01
-1.402963e-01 -2.004705e-01
-4.150470e-02 -1.576076e-01
-1.252351e-01 -7.868238e-03
-6.896646e-02 -1.085405e-02
8.589617e-02 -2.058332e-01
-1.003612e-01 -1.204685e-01
5.456048e-01 1.212607e-01
4.579551e-01 -1.819068e-01
-1.324776e-01 -2.405426e-01
6.231178e-01 -5.907523e-02
7.573531e-01 1.505002e-02
8.038129e-01 -2.487122e-03
7.783721e-01 -1.199416e-02
-1.706353e-01 1.331259e-02
7.783833e-01 3.236269e-03
7.677578e-01 -3.646079e-02
-7.291891e-02 3.113717e-01
-1.693287e-01 1.313971e-02
-1.426221e-01 1.512355e-01
1.285856e-01 -1.494145e-01
-2.608260e-02 -1.663223e-01
7.514422e-01 -7.722808e-03
4.256706e-01 1.121198e-01
-7.765702e-02 3.293271e-02
5.135245e-01 4.076271e-02
5.347108e-02 -1.034981e-01
-1.331779e-01 -2.419661e-01
-3.873477e-02 2.264319e-01
3.671983e-02 -3.698970e-01
-1.677936e-01 1.163573e-01
-4.800121e-02 -2.329306e-01
-1.076492e-01 3.276155e-01
3.246854e-02 -4.674390e-01
3.366894e-01 2.209540e-01
-5.229293e-02 1.753585e-02
-1.406760e-02 3.092961e-01
-3.012795e-02 6.854112e-02
-7.162821e-03 -3.193550e-02
-1.515708e-01 2.856645e-02
-3.644236e-02 1.427247e-01
-1.760013e-01 6.787307e-02
1.393625e-03 -1.027636e-01
-1.510663e-01 -2.074900e-01
-1.756587e-01 -1.352234e-01
-4.060155e-02 -2.647593e-01
-4.260348e-02 2.416849e-01
-3.554938e-03 -1.774854e-02
-1.273415e-01 4.439170e-03
-2.389865e-03 -8.580879e-02
-1.850485e-02 3.002923e-02
-4.649363e-03 -5.450796e-02
-1.749020e-01 -1.712559e-01
-1.248732e-02 -1.333176e-02
3.308756e-05 4.693158e-04
-7.979926e-02 -2.884376e-01
-2.581611e-02 1.430045e-01
-1.251056e-03 -4.333931e-04
1.202603e-01 -5.780299e-02
-6.276777e-02 3.291421e-01
-1.968106e-02 -6.199181e-02
-3.927886e-02 -2.115382e-01
-2.583646e-02 2.247410e-01
-1.104651e-01 -3.064952e-03
-1.772411e-01 7.634349e-02
-3.289391e-02 2.437027e-01
5.239637e-01 4.843917e-02
-2.592304e-02 7.987000e-02
-1.802286e-01 -6.444233e-02
6.074637e-01 -3.171097e-02
-1.932637e-01 4.991597e-02
2.657708e-01 1.139700e-01
-1.914864e-02 4.358540e-02
-1.573787e-01 -1.209135e-01
-3.274730e-02 1.141277e-02
-9.554718e-04 7.811639e-02
-9.554719e-04 8.005667e-02
-2.222716e-02 1.590433e-02
-1.782668e-02 9.859761e-03
-2.215003e-02 1.005635e-02
-7.123854e-02 -7.367550e-02
-5.599845e-02 -5.831046e-02
-5.373068e-02 -7.157260e-02
-1.082642e-01 -1.625648e-01
-1.348871e-01 -1.583414e-01
-1.092834e-01 -1.423346e-01
-8.898635e-02 -7.502543e-03
-7.668226e-02 -7.025126e-03
-8.364052e-02 -1.416491e-02
-5.798430e-03 -8.934822e-02
-5.798430e-03 -7.872478e-02
-2.019477e-03 5.817942e-02
-1.785178e-02 1.747076e-01
3.296735e-02 1.918161e-02
-7.223635e-03 7.038647e-03
4.029295e-02 -9.573145e-03
-9.709454e-03 6.939916e-03
-8.028062e-03 3.283042e-03
-8.850493e-02 -3.016794e-01
-4.518749e-02 -3.410995e-01
-2.978427e-02 -3.267729e-01
4.904927e-01 -5.312551e-02
5.488502e-01 -4.168858e-02
5.815244e-01 -2.607184e-02
-5.452873e-02 -8.650696e-02
-3.974426e-02 -7.036038e-02
-2.807331e-02 -5.363204e-02
-2.747041e-02 -6.005368e-02
7.606537e-01 -9.354280e-04
5.977927e-01 2.565423e-02
6.158673e-01 5.464685e-03
7.938725e-02 -1.277846e-01
9.073161e-02 -1.159592e-01
4.694720e-02 -1.277367e-01
4.057693e-01 5.265321e-02
9.930683e-02 2.415035e-01
1.984659e-01 1.388471e-01
3.912321e-01 8.069673e-02
3.181005e-01 9.854179e-02
3.596627e-01 1.123425e-01
6.258383e-01 2.109032e-02
5.521488e-01 2.598485e-02
6.346513e-01 2.236824e-02
6.873757e-02 -1.774186e-01
2.334434e-01 -1.380869e-01
2.291817e-01 -1.707480e-01
6.096849e-01 2.521919e-02
5.319667e-01 2.216764e-02
1.537909e-01 1.066799e-01
2.232782e-01 8.147413e-02
2.077660e-01 9.237349e-02
-1.161461e-01 -8.999073e-02
-1.045815e-01 -9.857953e-02
-1.157121e-01 -1.039643e-01
3.329546e-01 -1.587856e-01
2.392477e-01 -1.647746e-01
3.139439e-01 -1.017463e-01
-7.627327e-02 3.072447e-01
-5.173102e-02 3.273427e-01
-4.536505e-02 3.291703e-01
5.718957e-01 -1.814685e-02
6.469865e-01 -2.188815e-02
6.432955e-01 -1.068504e-02
1.395340e-01 -2.445609e-01
3.957120e-01 -5.029622e-02
-1.688209e-02 -9.917097e-02
-2.175831e-02 -1.227193e-01
-3.211641e-02 -1.246423e-01
2.188585e-01 -7.560017e-02
1.172813e-01 -5.813675e-02
5.068881e-01 -3.772911e-02
-6.216299e-02 -1.880171e-03
-5.652595e-02 -4.459440e-03
-8.490348e-02 -8.416379e-02
-8.457641e-02 -7.010362e-02
-1.787665e-02 -5.264249e-02
-2.983201e-02 -7.398034e-02
7.598322e-01 9.979356e-03
7.795425e-01 9.979356e-03
-2.484939e-03 -7.439114e-02
3.484062e-04 -4.217124e-02
-9.959501e-03 -1.412694e-01
6.499107e-01 7.251594e-03
6.408652e-01 -2.077413e-02
5.780567e-01 1.595392e-03
-7.569275e-02 3.206884e-01
-9.542006e-02 3.136850e-01
-9.074919e-02 3.332768e-01
7.665679e-01 7.675429e-03
3.045708e-01 -1.035024e-01
3.702930e-01 -9.248453e-02
3.893355e-01 -8.042983e-02
-7.725407e-02 2.940559e-01
-1.101186e-01 3.194787e-01
-1.303276e-01 -1.624476e-01
-1.419903e-01 -1.389665e-01
2.435175e-01 1.662416e-01
3.237375e-01 1.678402e-01
2.944232e-01 9.918726e-02
6.121728e-01 7.620931e-03
7.793934e-01 -2.765302e-03
6.474248e-01 -3.874392e-03
6.421115e-01 8.842985e-05
5.689973e-01 4.637592e-03
6.382056e-01 6.029773e-03
7.862852e-01 1.268050e-02
-1.074808e-02 -2.386202e-02
-1.042829e-02 -2.717260e-02
-1.994151e-02 -4.004285e-02
3.691680e-01 1.315644e-01
2.980810e-01 1.040459e-01
3.672780e-01 6.474085e-02
4.110141e-01 4.448975e-02
4.714308e-01 6.348066e-02
-1.200030e-02 -8.568384e-02
-5.166170e-02 -2.199349e-01
1.121804e-01 1.724357e-01
1.954893e-01 1.075122e-01
1.620445e-01 1.788680e-01
5.925095e-01 -4.357184e-02
2.109093e-01 1.780215e-01
5.116644e-01 3.507701e-02
2.677178e-01 1.161626e-01
1.155595e-01 1.534629e-01
7.742782e-01 -5.261053e-03
-5.097263e-03 -1.196743e-01
-5.974663e-04 -4.263504e-02
-4.312226e-03 -1.670648e-02
-9.823893e-03 -3.143800e-02
5.731911e-02 1.424516e-01
7.340083e-02 1.152139e-01
4.358596e-01 -5.029155e-02
4.659659e-01 -5.243498e-02
3.885315e-01 -7.991058e-02
7.941298e-02 1.815753e-01
-8.468020e-02 -1.023248e-01
5.572074e-01 1.520518e-02
6.397599e-01 5.354382e-03
6.356385e-01 1.548488e-02
-2.397791e-03 -5.661796e-02
-1.872347e-02 -1.706995e-01
2.160403e-01 1.598293e-01
1.842256e-01 1.377914e-01
5.923245e-01 5.093900e-02
-1.700683e-01 6.694936e-02
-1.795528e-01 7.037338e-02
-1.687806e-01 8.544152e-02
-1.257815e-01 6.130681e-02
-1.252792e-01 1.824132e-02
-8.462572e-02 3.999871e-02
-1.064512e-01 -9.321169e-03
-9.320959e-02 -2.727478e-03
6.477693e-01 -2.107763e-02
5.457350e-02 -1.393724e-01
1.641443e-01 -1.077123e-01
-1.638013e-01 7.430768e-02
-1.692557e-01 4.528580e-02
-6.994839e-02 3.189422e-02
-6.956691e-02 -1.526415e-02
-6.984815e-03 4.268925e-02
-1.484369e-02 5.700369e-02
-1.123112e-02 6.457980e-02
7.775810e-01 4.613767e-03
-2.315150e-02 -2.028681e-01
-1.163257e-02 -1.845656e-01
-8.600934e-03 -1.175877e-01
3.101464e-01 7.775507e-02
-2.213450e-02 1.479062e-01
-1.562786e-02 1.670259e-01
-7.106163e-03 1.155180e-01
-1.958683e-02 1.031407e-01
-1.542143e-02 8.376897e-02
-3.184431e-02 9.831433e-02
-9.111860e-02 -3.427327e-01
-4.885306e-02 -2.619496e-01
7.909064e-01 -5.225186e-03
7.807800e-01 -5.225186e-03
-1.066328e-01 2.952487e-01
-9.763994e-02 2.867857e-01
-1.086914e-01 2.903266e-01
7.539398e-01 1.950350e-02
6.579687e-01 1.402781e-02
-1.175693e-02 5.824923e-02
-2.231684e-02 8.244695e-02
-1.145707e-01 -1.254527e-01
-9.932365e-02 -1.373486e-01
-2.529081e-02 -2.085143e-01
-3.750650e-02 -2.569737e-01
7.806707e-01 1.240862e-03
2.939285e-02 -3.615279e-02
3.361080e-02 -2.203669e-02
-7.181972e-03 -3.809499e-02
7.806428e-01 -1.586129e-03
-1.364334e-02 -1.228172e-01
-3.738490e-02 -1.615852e-01
-3.697023e-02 2.127336e-01
-9.683692e-03 7.930635e-02
-4.603110e-03 5.693225e-02
-3.684664e-02 1.393339e-01
-2.021790e-02 1.047899e-01
-6.377428e-02 -3.563150e-01
-7.075340e-02 -3.829992e-01
-6.886271e-02 4.688971e-02
-1.534852e-01 -1.321441e-01
-1.463550e-01 -1.557367e-01
-1.699873e-01 -1.487022e-01
3.371610e-02 -6.869799e-02
1.019020e-01 -3.443485e-02
3.522405e-01 -7.111814e-02
3.865900e-01 -6.479729e-02
4.266032e-01 -4.844354e-02
-3.653871e-02 2.730232e-01
-6.547039e-02 3.668965e-01
2.560423e-02 -1.524894e-01
4.885402e-02 -1.678273e-01
8.535412e-02 -7.450063e-03
-1.391097e-01 7.678908e-03
-1.241391e-01 -7.933195e-03
-3.759106e-02 2.220617e-01
-1.668618e-02 1.816156e-01
-1.250876e-02 -8.121496e-02
-6.189625e-03 -7.290111e-02
-4.531226e-02 8.877568e-03
-3.214714e-02 4.750747e-03
-4.947482e-02 8.741222e-03
-1.361237e-01 -1.111471e-01
-1.114297e-02 -4.036107e-02
-1.153626e-02 -4.783601e-02
2.655900e-01 -7.752707e-02
2.219988e-01 -9.002229e-02
4.702878e-01 -2.297208e-02
4.695590e-01 -2.987715e-02
5.763772e-01 4.192453e-03
5.775830e-01 -2.503288e-02
6.828612e-01 -2.086507e-02
4.958643e-01 -5.304487e-02
-4.684606e-02 1.998935e-01
-3.425796e-02 1.705494e-01
1.986599e-02 1.769108e-01
-1.023886e-01 2.955486e-01
-1.119098e-01 2.696611e-01
-1.722264e-01 1.525806e-01
-1.652869e-01 1.683840e-01
-1.634471e-01 1.532931e-01
7.769640e-01 -5.098991e-03
-2.237618e-02 6.426644e-04
-2.213519e-02 -2.220073e-04
-4.235861e-02 -5.451909e-04
-6.198450e-02 6.776973e-04
-2.539589e-02 2.071629e-01
-2.853980e-02 2.256119e-01
3.056786e-02 1.780361e-01
-1.017661e-01 2.965340e-01
-3.908173e-02 -2.449880e-03
-5.183884e-02 -7.253219e-03
-2.031549e-02 -1.153159e-03
-2.162407e-02 -2.220074e-04
-1.460410e-01 5.234205e-02
-1.482428e-01 7.006703e-02
-1.370312e-01 7.137460e-02
3.584795e-01 8.237866e-02
3.954788e-01 6.328156e-02
4.824726e-01 3.733668e-02
7.146523e-01 3.425948e-02
8.204999e-01 -1.930702e-03
-8.557033e-02 -3.930006e-01
-7.733812e-02 -4.015636e-01
-5.920908e-02 -3.697325e-01
4.612438e-01 -1.998887e-02
4.641538e-01 -2.937165e-02
-2.959696e-02 -2.620390e-01
-2.745264e-02 -2.466897e-01
-4.879178e-02 -2.528377e-01
-8.059001e-02 2.702681e-01
-7.996087e-02 2.808241e-01
-2.742223e-02 -1.018747e-01
-1.920736e-02 -7.936117e-02
-1.672110e-02 -7.792994e-02
-5.357398e-02 1.969130e-02
-3.778858e-02 1.449062e-02
3.797384e-01 -4.686664e-03
4.529655e-01 -1.407558e-03
3.552745e-01 -6.266146e-02
-1.767032e-02 -1.153159e-03
-4.616393e-02 1.653108e-01
-2.331269e-02 1.472927e-01
-1.436750e-02 -2.050552e-01
1.067639e-02 -2.111925e-01
1.377369e-02 -1.906143e-01
-2.005930e-02 -4.802852e-03
-2.448741e-02 -1.070302e-02
-3.282695e-02 -1.090309e-02
-1.732306e-01 1.279741e-01
-1.599600e-01 1.504290e-01
-7.631100e-02 2.531956e-01
-9.496556e-02 2.521977e-01
4.507532e-01 1.276228e-02
-9.805104e-02 -2.990330e-01
-7.174076e-02 -2.534702e-01
2.694296e-01 -1.146443e-02
2.702524e-01 1.498410e-03
-7.084438e-02 3.527583e-01
-6.443328e-02 3.763477e-01
4.146377e-01 4.662687e-02
4.300712e-01 2.848437e-02
-1.733348e-01 -1.220862e-01
-1.686504e-01 -1.480566e-01
-1.521367e-01 8.472058e-02
-8.328215e-02 -5.448328e-02
-1.004981e-01 -6.402385e-02
-1.334828e-02 8.067963e-04
-2.086378e-02 5.490983e-03
-9.530052e-03 1.739551e-03
6.873040e-02 1.449089e-01
-7.029771e-02 -4.502998e-02
-5.474728e-02 -3.481312e-02
-5.689146e-02 -4.594100e-02
-1.515787e-02 8.067963e-04
-1.713003e-02 9.108534e-04
1.140674e-01 5.186028e-02
1.016855e-01 7.191119e-02
6.791071e-02 7.195948e-02
1.415246e-01 3.655346e-01
-3.787979e-02 3.532256e-01
3.921623e-01 5.677687e-02
5.138915e-01 3.126630e-02
-4.464399e-02 -4.590745e-02
-9.126082e-03 1.519558e-02
-2.944622e-03 8.286873e-03
-7.136426e-03 8.847393e-03
8.223169e-01 -9.115197e-03
7.334947e-01 -3.024097e-02
-1.175265e-02 -1.400504e-03
-9.029863e-03 -1.340237e-03
-1.631128e-02 -1.441499e-01
-4.384782e-03 -1.174237e-01
5.217036e-01 -3.084292e-02
-7.922374e-02 -1.284502e-01
-1.545516e-02 -1.034068e-01
-5.754782e-02 -9.800855e-02
-5.137303e-02 -2.534758e-02
-4.268383e-02 -2.642331e-02
-1.650505e-01 3.174909e-02
-1.638547e-01 -9.050423e-03
1.070079e-01 -1.503732e-01
-1.026181e-02 -4.111676e-03
-1.206937e-02 -8.431390e-03
-1.862585e-02 -9.725093e-03
-7.720211e-02 3.568078e-03
-5.838876e-02 4.575531e-03
-1.482903e-01 1.071927e-01
-1.405945e-01 1.068545e-01
2.058142e-01 -1.057228e-01
-9.199274e-02 3.276333e-03
-8.688025e-02 8.824128e-03
-1.267762e-01 1.112588e-01
-1.250610e-01 9.839058e-02
-4.884338e-02 -2.800673e-01
-1.030582e-02 -2.948000e-01
-1.504228e-01 -1.012100e-01
-1.514156e-01 -1.200678e-01
-4.671883e-02 -1.682199e-02
-6.130906e-02 -2.395995e-02
-2.979956e-02 -1.707533e-02
1.860327e-01 7.129276e-02
9.062555e-02 9.396578e-02
9.497202e-02 -1.874814e-01
3.934255e-02 -2.945470e-01
-9.934312e-02 1.831414e-02
-1.134834e-01 2.043940e-02
-1.068989e-01 2.589328e-02
-1.135248e-01 3.968484e-02
-1.271124e-01 4.380154e-02
-1.184370e-01 4.980401e-02
-6.551432e-02 1.210041e-02
-5.408550e-02 5.317860e-03
-3.983856e-02 1.933524e-03
-1.057191e-01 -4.392526e-02
-1.116933e-01 -5.711190e-02
-1.216699e-01 -4.606230e-02
-7.646003e-02 -3.107768e-02
-8.170564e-02 -4.232030e-02
-9.299824e-02 -3.678837e-02
-3.265699e-02 -2.440745e-02
-5.315781e-02 -2.606676e-01
-4.830142e-02 -2.349913e-01
-3.929402e-02 -1.028505e-02
-9.450386e-02 1.120024e-01
-1.118013e-01 1.266227e-01
-9.575392e-02 1.243482e-01
-9.847234e-02 2.414524e-01
-1.138460e-01 2.582370e-01
-1.443131e-01 -8.184113e-02
-1.545603e-01 -7.246628e-02
-1.341306e-01 -5.028476e-02
-1.429190e-01 -6.407637e-02
-1.467907e-01 -4.576142e-02
-8.874899e-02 1.457189e-01
-1.030421e-01 1.621309e-01
-8.671113e-02 1.567405e-01
-1.248842e-01 -4.050575e-02
-8.534215e-02 -2.459863e-02
-1.600950e-01 -4.667228e-02
-1.644018e-01 -5.912204e-02
-1.710595e-01 -4.121803e-02
4.202953e-02 -2.188888e-01
1.208199e-01 -1.818221e-01
-1.796939e-01 -3.657462e-02
-1.840403e-01 -4.616143e-02
-1.758014e-01 -2.201048e-02
-1.324840e-01 2.479734e-02
-1.390743e-01 4.122132e-02
-1.924435e-01 -1.273865e-02
-2.005317e-01 -1.582122e-02
-2.030533e-01 -9.871921e-03
-1.854098e-01 -5.025245e-02
-1.877325e-01 -5.585446e-02
-1.860326e-01 -4.152347e-02
-1.247930e-01 -6.193549e-02
-1.329807e-01 -4.760136e-02
-1.082501e-01 2.070454e-01
-1.271151e-01 2.220574e-01
-1.106180e-01 2.209490e-01
-1.704335e-01 -7.873992e-02
-1.589521e-01 -1.056756e-01
-1.635270e-01 -6.962092e-02
-1.823614e-01 1.155138e-01
-1.839449e-01 7.655685e-02
-1.706128e-01 1.051007e-01
2.237856e-01 8.784107e-03
2.683460e-01 1.141307e-02
2.280470e-03 2.177779e-01
1.822428e-02 2.082436e-01
2.243386e-02 2.159087e-01
-6.301248e-02 2.152159e-01
-4.968586e-02 2.245773e-01
3.599025e-01 3.253451e-02
4.338696e-01 2.842988e-02
-1.147991e-01 1.705481e-01
-1.309795e-01 1.847725e-01
-1.146482e-01 1.835332e-01
-1.393524e-01 -1.214311e-01
-1.263168e-01 -1.344287e-01
-1.309371e-01 -1.097311e-01
-8.466767e-02 -8.115918e-02
-6.168769e-02 -6.652385e-02
-9.920058e-02 -1.365957e-01
-7.844689e-02 -1.462532e-01
-9.548845e-02 8.112779e-02
-1.119414e-01 9.341173e-02
-9.831400e-02 9.109407e-02
2.085738e-01 3.824853e-02
2.604348e-01 3.381763e-02
2.569702e-01 3.670318e-02
-2.342098e-02 -2.317963e-02
-3.297095e-02 -3.314856e-02
3.743488e-01 1.893610e-02
4.423130e-01 1.829401e-02
8.508077e-02 3.418704e-02
1.208037e-01 2.443086e-02
1.172943e-01 3.239498e-02
4.351736e-02 1.198895e-01
-1.263573e-01 2.240611e-01
-1.415244e-01 2.330408e-01
-1.264830e-01 2.375160e-01
-1.052524e-01 2.011059e-01
-9.418565e-02 1.893054e-01
-9.508607e-02 2.125677e-01
-1.293945e-01 2.248189e-01
-1.341136e-01 2.210447e-01
-1.274967e-01 2.392916e-01
6.761002e-02 1.644810e-01
6.023735e-02 1.909812e-01
-7.552145e-02 -2.850456e-01
-6.245162e-02 -3.005482e-01
-8.133016e-02 1.619661e-02
1.517669e-01 -1.678090e-01
1.835375e-01 -1.482764e-01
2.106639e-01 -1.488129e-01
-9.699379e-02 3.546384e-02
-7.825246e-02 -2.465752e-01
-7.421901e-02 -2.462087e-01
-6.116615e-02 2.226196e-01
-5.574057e-02 2.267121e-01
-1.215728e-01 6.643413e-02
-1.070788e-01 6.240605e-02
7.515303e-03 -2.542490e-01
2.436248e-02 -2.562022e-01
3.818599e-02 -2.396567e-01
-1.848518e-01 -8.412231e-02
-1.818576e-01 -7.488980e-02
-1.733451e-01 -8.975654e-02
-1.194009e-02 2.786286e-01
2.638900e-02 2.978261e-01
-8.599208e-03 2.409781e-01
-1.037203e-01 -3.182452e-02
-1.085239e-02 7.876918e-02
-2.065162e-02 1.145460e-01
-1.308598e-01 -3.530241e-02
-6.962678e-02 -2.118329e-02
-1.765180e-01 1.119871e-01
3.770623e-01 -2.944662e-02
4.594490e-01 -2.443564e-02
2.248549e-01 -1.057499e-02
2.818224e-01 -2.358903e-02
-1.068642e-01 1.110030e-04
-6.543791e-02 -2.045661e-01
-4.958771e-02 -2.181539e-01
-4.789821e-02 -1.905463e-01
-7.745346e-02 1.306213e-01
-9.933336e-02 -2.925763e-01
-8.791172e-02 -2.943865e-01
3.306870e-01 5.731456e-02
4.090364e-01 4.826084e-02
-1.706718e-02 6.134670e-02
2.540501e-02 5.073345e-02
1.165692e-02 6.268877e-02
-7.988859e-03 -8.535679e-03
-1.645903e-02 -1.548125e-02
-8.144598e-02 1.016068e-01
-1.551881e-01 -2.961848e-02
-3.981289e-03 -9.325950e-04
-5.921866e-03 -1.340237e-03
5.042086e-02 2.270269e-01
9.747321e-02 2.070108e-01
8.637536e-02 2.003237e-01
-1.785175e-01 -1.770846e-02
-1.778785e-01 2.835405e-03
-9.578280e-02 1.957780e-01
-9.224806e-02 2.295129e-01
-1.873805e-01 1.110395e-02
-1.994873e-01 3.665795e-02
-6.279244e-04 1.927353e-02
-1.973798e-03 3.139461e-02
-6.919944e-02 2.539396e-01
1.235072e-04 9.526530e-02
-1.313681e-01 -7.487861e-02
-1.158404e-03 4.756098e-02
9.434804e-04 5.157945e-02
-1.108272e-01 2.562471e-01
-1.261514e-01 2.660568e-01
-8.030664e-02 2.631618e-01
-1.023788e-01 2.612745e-01
-7.002604e-02 2.039818e-01
-5.746900e-02 1.802843e-01
-7.761610e-02 1.867976e-01
-1.854859e-01 -9.745418e-02
-1.616229e-01 -1.400854e-01
-1.866194e-01 -1.002292e-01
-1.058786e-01 2.439731e-01
-2.806466e-02 2.233508e-01
-1.666987e-01 -7.357888e-02
-1.332935e-01 -1.609732e-01
-1.147838e-01 3.893191e-03
-1.232884e-01 1.539412e-02
-5.647384e-02 -2.545231e-01
-4.460044e-02 -2.706235e-01
-7.466699e-02 -2.900911e-01
-1.612700e-01 -1.133922e-01
-1.775437e-01 -8.068791e-02
-1.892928e-01 -6.605333e-02
-9.157817e-02 -1.875096e-01
-3.203897e-02 -1.536106e-01
-2.413438e-02 -3.111968e-01
-1.112774e-01 -3.278212e-01
-8.128438e-02 1.768503e-01
-1.087662e-01 2.502017e-01
-1.612443e-01 -2.851537e-02
2.459260e-01 5.468118e-02
1.200436e-01 -7.391999e-03
3.944731e-01 -2.065487e-02
4.710261e-01 -1.416830e-02
-1.208012e-01 1.454319e-01
-1.500062e-02 -1.400504e-03
-3.079632e-02 -4.498189e-03
1.331360e-01 1.866701e-01
2.800660e-02 2.475769e-01
2.644155e-01 -5.096427e-02
-6.069955e-02 1.120478e-01
-4.898309e-02 9.371997e-02
-6.596623e-02 9.485079e-02
-1.415030e-01 2.027956e-01
-8.610329e-02 1.560202e-01
-1.319614e-01 1.884106e-01
-1.485678e-01 2.063898e-01
-8.638589e-03 -5.619119e-02
-1.981959e-03 -9.325950e-04
2.600896e-01 -1.133711e-01
1.764497e-01 1.532071e-01
-6.733204e-02 8.525210e-02
-3.032505e-03 5.894594e-04
-1.557865e-03 5.894594e-04
8.860890e-02 -1.851174e-01
-3.280921e-03 1.228681e-01
3.410379e-03 1.424898e-01
-4.756551e-03 4.111547e-03
-1.396859e-01 1.883071e-01
-1.549851e-01 1.940154e-01
-7.526162e-03 2.907154e-02
-1.286198e-02 3.846595e-02
-9.408684e-03 3.373814e-02
-1.473819e-01 1.907250e-01
-2.089201e-02 6.426644e-04
-7.562006e-02 -1.993069e-01
-5.950193e-02 -1.743689e-01
-5.626962e-02 -1.817932e-01
-1.512638e-03 8.566696e-03
-3.753247e-03 1.691766e-02
-3.147302e-04 9.912069e-03
-3.212299e-02 -4.198936e-02
-1.253599e-01 7.853686e-02
-5.473919e-02 1.396490e-01
-6.713726e-02 1.577744e-01
-5.383787e-02 1.458171e-01
-1.170905e-02 1.172449e-01
-2.365702e-02 -1.527223e-01
4.004742e-01 6.256815e-02
-1.846605e-01 1.637700e-04
-1.813793e-01 2.734164e-02
-4.331655e-03 -2.451080e-02
-6.828642e-03 -2.321866e-01
-2.349539e-03 3.370102e-02
-2.349539e-03 3.947152e-02
-1.281586e-02 9.446386e-02
-1.158404e-03 4.468797e-02
-9.570105e-02 6.248176e-02
-8.168619e-02 7.399016e-02
-1.076334e-01 -2.548286e-01
-1.245907e-01 -2.596208e-01
-1.106721e-01 -2.419728e-01
-2.085041e-02 3.866389e-02
-2.236546e-02 4.837014e-02
-6.239843e-02 1.221564e-01
-4.406669e-02 1.214743e-01
-2.406122e-03 -4.792803e-02
-2.406122e-03 -4.269753e-02
-2.397791e-03 -5.135611e-02
-1.799745e-03 -2.878104e-02
-1.799745e-03 -2.474988e-02
-7.413172e-02 2.094589e-01
-4.991420e-02 1.971964e-01
-6.279244e-04 1.738067e-02
-2.019477e-03 5.342057e-02
-2.257736e-02 2.690257e-01
-6.191363e-02 3.603962e-01
-1.179128e-01 -3.547476e-01
-9.545152e-02 -3.549731e-01
-1.238107e-03 -1.771227e-02
-1.238107e-03 -1.447143e-02
2.587842e-02 2.679538e-01
-2.141996e-02 3.136433e-01
-1.594931e-03 1.694658e-02
-1.594931e-03 2.048735e-02
-7.172483e-03 -1.435340e-01
-7.172482e-03 -1.265291e-01
-6.666482e-03 -4.318228e-02
-3.280921e-03 1.151385e-01
-9.435575e-02 -2.024408e-01
-1.082977e-01 -2.347643e-01
-9.989766e-02 -2.422260e-01
-1.166944e-01 -2.863342e-01
-1.050998e-01 -2.884497e-01
-1.136876e-01 -3.239675e-01
-8.574244e-04 -7.887785e-03
-8.574243e-04 -5.992266e-03
2.624869e-01 -4.408856e-02
2.752475e-01 -4.917208e-02
-1.497962e-01 1.468679e-01
-1.470849e-01 1.641051e-01
-1.742778e-01 1.173821e-01
-1.567647e-01 1.424270e-01
2.374838e-01 6.705264e-02
-1.695405e-01 -1.979950e-02
1.252074e-01 -4.479673e-03
1.313945e-01 -3.674685e-02
4.412103e-01 -5.621745e-02
-1.129193e-01 -7.066386e-02
-6.994552e-02 -1.604569e-01
-5.176042e-02 -1.526386e-01
3.744732e-03 1.529925e-01
3.744731e-03 1.436240e-01
6.271237e-02 -1.914763e-01
-1.892934e-01 6.583412e-02
-1.858121e-01 6.554445e-02
-6.569757e-02 2.734604e-01
-4.143731e-02 4.332767e-02
-4.239022e-02 5.716605e-02
-3.078480e-02 4.455082e-02
2.847314e-01 -9.233269e-02
3.329265e-01 -8.066856e-02
-1.512638e-03 4.951857e-03
-8.353903e-02 1.355023e-01
-7.775481e-02 1.055218e-01
-3.354036e-02 1.141740e-01
-4.221632e-02 -1.173475e-01
-3.444455e-02 -1.239874e-01
-1.518602e-02 2.359203e-02
-1.070814e-02 1.934974e-02
-7.304023e-02 8.128063e-02
-1.361327e-01 1.437905e-01
-1.494442e-01 1.219470e-01
-1.212402e-01 1.324324e-01
-1.591634e-01 1.108455e-01
-2.133530e-02 -2.102811e-01
-7.051881e-02 -2.448299e-01
-4.969898e-02 -2.326902e-01
-5.407734e-03 1.739551e-03
-1.948686e-02 -2.761587e-01
-5.454423e-02 7.196123e-02
-4.356277e-02 6.651335e-02
-4.104455e-04 -2.842352e-03
-4.104455e-04 -1.787422e-03
-1.928813e-02 9.108534e-04
-4.253752e-03 -8.659539e-03
-1.040948e-01 -2.370072e-01
-1.180489e-01 -2.211086e-01
-1.138232e-01 -2.023934e-01
-1.238162e-01 -2.051800e-01
-1.228965e-01 -1.814530e-01
-1.656645e-01 4.154900e-02
-1.865366e-01 6.707586e-02
-2.398379e-02 2.016871e-01
-3.126198e-02 2.456372e-01
-2.416410e-02 -2.735878e-01
2.228725e-02 2.571485e-01
-7.574177e-02 2.601493e-01
-1.614643e-01 3.312037e-02
-1.754816e-01 3.260306e-02
-1.081556e-01 -3.325946e-01
-1.815868e-01 2.552984e-02
-1.824921e-01 1.907600e-02
-9.264889e-02 5.375532e-02
-6.334950e-02 -3.795425e-02
-1.521501e-01 -1.344361e-01
-1.538861e-01 -1.431377e-01
-1.026730e-01 -1.924801e-01
-5.593074e-03 3.046859e-01
2.204267e-01 -4.794551e-02
-7.607017e-02 1.680996e-02
-4.652188e-02 -9.555497e-03
-1.101671e-01 -2.423379e-02
-9.511723e-02 -2.328817e-02
-1.576727e-01 -1.326265e-02
-1.467676e-01 -1.903646e-02
9.434803e-04 4.933017e-02
-1.973798e-03 3.547547e-02
-3.694318e-02 -2.686718e-01
2.182760e-01 -1.242649e-01
-9.869250e-02 1.462318e-01
-1.561651e-01 1.875048e-01
-1.023832e-01 -2.317207e-01
-1.031291e-01 -2.765640e-01
-6.863176e-02 6.847069e-02
-6.754753e-02 5.990320e-02
3.410378e-03 1.344801e-01
-3.365158e-03 -4.384042e-03
-6.575909e-03 -8.498376e-03
-1.382992e-01 -2.218946e-01
-4.731128e-02 -2.039128e-01
7.300925e-03 -9.117254e-02
-3.147302e-04 1.072199e-02
-4.790032e-02 1.606445e-01
-1.530335e-01 -1.812968e-01
-1.360100e-01 -1.599603e-01
-1.695966e-01 -8.183760e-03
-1.615973e-01 4.546161e-03
3.004002e-01 -8.354538e-02
-9.527280e-02 9.522223e-02
-8.158317e-04 1.300527e-03
-8.158317e-04 3.290479e-03
5.033494e-01 -5.846451e-02
3.652583e-01 -5.846451e-02
-1.780570e-01 4.716945e-02
-1.424165e-01 -1.797023e-01
6.218164e-01 -4.547669e-02
5.190311e-01 -4.547669e-02
-8.876796e-02 -2.879999e-01
-8.147167e-02 -3.056231e-01
9.179959e-03 -1.569517e-01
5.318869e-01 4.168265e-02
6.281488e-01 4.168265e-02
7.281401e-01 -3.419567e-02
6.491686e-01 -3.419567e-02
-1.743699e-01 -1.088653e-01
-1.611439e-01 -1.450695e-01
6.484006e-01 3.031516e-02
7.184104e-01 3.031516e-02
7.609096e-01 -1.476881e-02
7.301275e-01 -1.476881e-02
-9.683692e-03 1.022575e-01
7.666441e-01 -5.098991e-03
7.149826e-01 1.950350e-02
-8.456738e-02 -3.612286e-01
-9.631267e-02 -3.757846e-01
8.179747e-01 7.608400e-03
8.355456e-01 7.608399e-03
8.428105e-01 3.127910e-03
8.500341e-01 3.127910e-03
8.350055e-01 3.762505e-03
8.436946e-01 3.762504e-03
8.538702e-01 -6.217804e-04
8.523904e-01 -6.217806e-04
-4.964263e-02 2.405339e-01
-9.930049e-02 2.923185e-01
8.481260e-01 3.152903e-03
8.554074e-01 3.152903e-03
8.484947e-01 -2.415938e-03
8.429154e-01 -2.415939e-03
8.479378e-01 8.090673e-04
8.496459e-01 8.090671e-04
8.485201e-01 -2.998539e-03
8.421350e-01 -2.998539e-03
-1.020878e-01 -3.176632e-01
1.012078e-01 -1.788265e-01
8.503000e-01 -9.244222e-04
8.483488e-01 -9.244224e-04
-1.345567e-01 -2.058972e-02
-1.205965e-01 -2.524784e-02
-1.159476e-01 -1.267488e-02
-7.655356e-02 -1.756011e-02
-6.232473e-02 -1.358844e-02
-1.200030e-02 -1.138269e-01
1.503945e-01 -1.623073e-01
-5.298567e-02 3.069186e-01
-2.384975e-02 2.548510e-01
-5.870296e-02 3.610647e-01
-8.808526e-02 3.741619e-01
-7.461141e-02 3.800096e-01
-1.250670e-01 -1.757337e-01
-1.391139e-01 1.572909e-02
-1.406786e-01 -5.771376e-03
-1.780924e-01 1.658454e-03
-9.502047e-03 1.298657e-01
-5.314349e-02 2.431442e-01
-7.776304e-02 3.598305e-01
-3.812372e-02 2.553563e-01
-1.966669e-02 2.571699e-01
-1.086273e-01 -2.919032e-01
-9.707330e-02 -2.739382e-01
-1.773235e-01 -6.247978e-02
-1.581197e-01 1.553023e-01
-1.617718e-01 1.390619e-01
-8.384180e-02 3.000435e-02
-6.658905e-02 2.570623e-02
-5.974663e-04 -4.109070e-02
-1.366341e-01 1.744452e-01
-9.513540e-02 -2.681121e-01
-7.719282e-02 -2.384757e-01
-6.177980e-02 -1.321871e-01
-4.822518e-02 -1.099847e-01
-7.096359e-03 2.983441e-02
-1.301790e-01 7.753414e-02
-1.369444e-01 6.912692e-02
-9.163818e-02 -1.701632e-01
-7.163972e-02 -1.480204e-01
-3.752894e-02 -2.381321e-01
-7.669764e-02 4.867447e-02
-8.833803e-02 3.804119e-02
-6.854285e-02 4.166701e-01
-5.367769e-02 5.172818e-02
-4.220352e-02 3.691591e-02
-4.709330e-02 3.019822e-01
-1.344703e-01 1.671898e-01
-1.309809e-01 1.318482e-01
-1.191181e-01 6.324957e-05
-8.149650e-02 -2.249006e-01
-8.890141e-02 -2.138636e-01
8.422382e-01 -9.115197e-03
-8.605448e-02 -3.160769e-01
-1.305067e-01 -2.148861e-01
-4.104663e-02 7.865732e-02
-3.226110e-02 6.319106e-02
-1.556170e-01 4.541423e-02
-9.307909e-02 -1.947127e-01
-9.849628e-02 -1.814803e-01
-3.153536e-02 3.032711e-02
-2.140011e-02 2.150845e-02
-1.360864e-01 1.220884e-01
-1.632441e-01 1.024506e-01
-1.111460e-01 -2.615873e-01
-3.811443e-02 -3.784567e-01
1.772493e-01 -3.837010e-01
-5.419365e-02 -9.628954e-02
-6.989111e-02 -1.060690e-01
-7.886491e-02 3.048235e-01
-1.312900e-01 1.131019e-01
-7.984461e-02 -1.318768e-01
-8.151950e-02 -1.193453e-01
-4.953287e-02 -1.932140e-01
-4.731595e-02 -1.988800e-01
-2.785258e-02 -1.691606e-01
-9.753644e-02 3.487921e-01
7.890990e-01 -1.129067e-02
-6.641045e-02 4.327479e-02
8.160382e-01 -1.930702e-03
-6.396170e-02 -2.193247e-01
-5.002281e-02 2.457061e-01
-3.850184e-02 -9.132958e-02
3.484062e-04 -4.128633e-02
-1.482813e-01 -1.017436e-01
-6.339069e-02 3.746895e-02
-8.887344e-04 -7.208851e-03
-4.131198e-02 2.552026e-01
-3.742418e-02 2.681812e-01
-3.938799e-02 2.459020e-02
-1.162341e-03 -2.395700e-02
-6.067692e-03 -9.135716e-02
-9.534791e-03 -1.272328e-01
7.504171e-01 4.131553e-03
-5.029422e-02 -2.783843e-01
9.179958e-03 -1.343320e-01
-1.190798e-01 -2.214718e-01
-1.260581e-01 -2.604092e-01
1.619733e-01 -1.296033e-01
-1.179567e-01 -2.493597e-01
-1.284391e-01 -2.312869e-01
-1.870765e-01 -6.237261e-02
5.054332e-01 5.523851e-02
-2.947853e-02 2.588977e-01
8.271891e-06 1.173289e-04
8.271888e-06 9.236335e-05
8.117136e-03 -1.545575e-01
-6.722029e-02 -4.185740e-01
-8.887345e-04 -1.001191e-02
-1.283029e-01 -2.079584e-01
5.463039e-01 2.842201e-02
8.117136e-03 -1.332368e-01
-1.162341e-03 -2.756280e-02
-1.652803e-01 4.674305e-02
-3.377449e-02 -2.674902e-01
-1.670267e-01 -1.217562e-01
-1.584220e-01 1.571569e-02
-1.498551e-01 6.962806e-03
3.757219e-01 5.523851e-02
-1.932637e-01 3.609872e-02
-3.127639e-04 -9.941459e-04
-3.127639e-04 -1.083483e-04
-3.606780e-04 1.173289e-04
-8.010027e-02 3.721992e-01
-3.664121e-02 8.584668e-02
-8.901028e-02 3.080333e-01
-2.649549e-02 7.372248e-03
-1.952331e-02 9.641470e-03
-2.462992e-02 3.324481e-02
3.350701e-01 -5.288454e-02
1.905633e-01 -5.288454e-02
-7.661406e-02 -1.109431e-01
6.247568e-01 3.216983e-02
-4.576918e-02 1.631422e-01
-9.737965e-02 3.350749e-01
-7.276031e-02 -3.141375e-01
1.976729e-01 5.618524e-02
3.522532e-01 5.618524e-02
-7.450313e-02 1.236021e-01
-6.331285e-04 -1.083483e-04
1.559190e-01 -5.522739e-02
1.518985e-01 -4.105916e-02
-4.872518e-02 -2.919254e-01
-1.723563e-02 1.218110e-01
-3.311035e-02 1.673011e-01
9.164211e-02 -6.791940e-02
-2.686949e-02 -7.914016e-02
-1.343015e-02 -6.115178e-02
-6.120285e-02 2.278943e-02
-3.761656e-02 2.073511e-02
-4.932713e-02 3.254285e-02
-1.364363e-01 -1.381318e-01
-1.348631e-01 -2.159776e-01
-1.466880e-01 -1.940998e-01
-1.655327e-01 8.570651e-02
-1.414037e-01 -1.916292e-01
-1.427996e-01 -2.265577e-01
-1.460003e-01 -1.780520e-01
-1.653688e-02 -1.993860e-02
-8.225896e-03 -1.591676e-02
-1.620811e-01 -1.944710e-01
-1.532995e-01 -1.787655e-01
-3.757761e-02 1.723602e-01
-1.674947e-01 9.001389e-02
-5.558814e-02 2.480396e-01
6.573586e-01 -9.694408e-03
-1.677374e-01 -1.490550e-01
-4.400240e-02 2.749143e-01
-1.630193e-01 -1.567176e-01
-1.389314e-01 -3.019180e-04
-3.141248e-03 -1.868846e-03
-4.234285e-02 1.090926e-02
-8.712030e-02 3.352839e-01
-1.780659e-03 1.848821e-03
-3.058400e-02 1.000639e-01
-1.259099e-01 -4.565499e-03
-1.936153e-03 2.292364e-03
-6.275446e-02 -2.285668e-01
-2.106369e-02 1.134707e-01
-3.474318e-02 2.039785e-02
-1.343900e-03 -1.859108e-03
1.622464e-02 3.622182e-01
-2.381093e-02 5.187664e-02
6.744376e-01 -2.048140e-02
1.360445e-01 -2.067676e-01
-1.907392e-01 4.764183e-02
-1.837214e-01 6.805299e-02
-1.789329e-01 6.190594e-02
-1.177675e-01 -6.508238e-03
5.971406e-01 5.052236e-03
-3.252222e-02 1.458252e-01
-1.320523e-02 4.789441e-02
4.300899e-02 -3.528304e-01
1.469813e-01 1.937267e-01
-1.787262e-01 1.002236e-01
