1.000000e+00
0.000000e+00
0.000000e+00 0.000000e+00
taylor-hood
cavity_normal
1.580644e-26 -4.306421e-25
3.732172e-27 4.136165e-25
8.575849e-26 -1.016001e-25
-4.650614e-25 5.308841e-25
-7.527054e-26 3.494541e-25
1.689012e-25 9.582597e-26
4.436346e-25 1.111775e-25
1.808075e-25 -1.072392e-25
8.102557e-26 -1.006450e-25
-4.379987e-25 -3.371042e-26
-1.929653e-25 -7.748219e-25
1.494833e-25 7.392336e-26
-2.511448e-25 -3.212293e-25
-1.509742e-25 -3.690559e-25
-6.166013e-25 -4.401229e-25
-1.371941e-25 -1.646953e-26
5.205861e-25 -2.816481e-25
-2.073715e-25 4.747007e-25
7.104220e-25 3.052833e-25
-6.120373e-25 4.097354e-25
-2.595777e-25 6.218418e-26
4.416920e-25 5.333203e-26
-1.619608e-26 -1.010199e-25
1.837120e-25 -1.006420e-24
8.303449e-26 4.475198e-25
2.183433e-25 -5.663432e-26
1.686299e-25 -1.669077e-25
-1.617433e-25 -3.285081e-25
3.217258e-25 -2.862934e-25
-3.520617e-26 2.473382e-25
-1.200654e-25 -5.988894e-26
-1.389268e-25 2.085793e-25
3.280206e-25 -3.451328e-26
7.122848e-25 -6.274753e-25
1.563057e-25 1.990685e-25
-1.080718e-25 3.060698e-25
-5.596590e-26 -7.708306e-26
-2.040424e-25 9.536552e-26
7.375483e-27 1.920597e-25
1.013270e-25 2.689893e-25
-1.608338e-25 -2.016851e-25
1.980478e-25 -3.106525e-25
1.148224e-25 -6.909382e-25
1.558955e-25 -2.973078e-26
2.012781e-25 -3.285664e-25
-5.569160e-26 7.885612e-25
6.056767e-26 -3.765511e-25
3.976993e-26 2.903072e-25
-1.184592e-25 -1.305952e-25
4.260552e-25 2.822254e-25
-3.472672e-25 -5.456506e-25
4.176572e-26 5.783884e-25
-6.094224e-26 -2.997388e-25
-8.672867e-25 -8.887466e-26
6.070837e-25 -7.748302e-26
-2.526967e-26 3.222428e-25
-4.147141e-25 4.426344e-25
-5.476602e-26 -5.249585e-25
-1.429864e-25 -3.266290e-25
-6.292819e-26 1.216745e-25
-5.599445e-26 5.697382e-25
5.059430e-25 -1.446980e-25
2.342584e-26 -1.812981e-25
-1.567354e-25 2.253598e-25
2.293579e-25 -2.464300e-25
-1.348357e-26 7.694583e-26
-8.927712e-26 -2.788575e-25
4.489356e-27 -2.878616e-25
-5.081097e-25 1.058186e-25
-7.801683e-26 5.332960e-26
1.016224e-25 3.412246e-25
2.986486e-25 4.612737e-26
-6.487550e-26 2.615792e-25
6.698730e-02 -6.311112e-25
2.500000e-01 2.793687e-26
5.000000e-01 -4.888942e-25
7.500000e-01 -2.242833e-25
9.330127e-01 -3.669334e-26
1.000000e+00 -1.440353e-25
9.330127e-01 -5.812720e-25
7.500000e-01 3.627934e-25
5.000000e-01 -2.892034e-25
2.500000e-01 -1.341442e-25
6.698730e-02 -1.580281e-25
1.703709e-02 -3.918733e-25
1.464466e-01 3.073248e-25
3.705905e-01 -4.050579e-25
6.294095e-01 4.611020e-25
8.535534e-01 1.925938e-25
9.829629e-01 4.258195e-25
9.829629e-01 -1.025875e-24
8.535534e-01 -1.240552e-25
6.294095e-01 7.544410e-25
3.705905e-01 -5.223447e-26
1.464466e-01 -2.727165e-25
1.703709e-02 -1.895147e-25
-1.239502e-02 -9.036948e-02
4.825433e-01 3.527363e-02
-1.104777e-02 6.549506e-02
-3.368337e-02 -1.100781e-03
3.238893e-01 -1.534751e-01
-7.452453e-03 -2.672290e-02
-8.787367e-03 1.462743e-01
-2.280857e-02 5.019979e-03
-8.464244e-03 -1.379212e-01
3.342100e-01 1.499219e-01
-2.125331e-02 -4.200628e-03
-7.070975e-03 2.610011e-02
-3.371871e-03 -5.417899e-03
1.094370e-01 -1.314736e-01
1.087019e-01 1.223153e-01
-2.763652e-03 4.403503e-03
-1.105175e-02 -6.551619e-02
-4.017510e-02 -1.254550e-01
-4.110425e-02 -1.623542e-01
-7.593283e-02 -1.608868e-01
-7.004996e-02 -1.205556e-01
-1.073616e-01 -1.298432e-01
-1.086842e-01 -1.663301e-01
-1.378275e-01 -1.112762e-01
-1.289397e-01 -8.456685e-02
-1.527028e-01 -5.063231e-02
-1.380112e-01 -3.693557e-02
-1.515176e-01 3.654325e-03
-1.614972e-01 4.588119e-03
-1.322930e-01 3.462652e-03
-1.354976e-01 4.314709e-02
-1.282998e-01 -1.379015e-01
-1.111535e-01 -5.585040e-02
-1.146444e-01 3.039567e-02
-1.088952e-01 6.393444e-02
-1.256623e-01 8.960943e-02
-8.895679e-02 -1.998566e-01
-8.430827e-02 -1.602483e-01
-8.825770e-02 4.126217e-02
-1.080571e-01 1.309488e-03
-9.184694e-02 9.745566e-02
-1.028274e-01 1.328888e-01
-3.152044e-02 -2.222259e-01
1.871159e-02 -1.707814e-01
-4.978243e-02 -8.711551e-02
-1.343436e-01 1.178177e-01
-1.041281e-01 1.702819e-01
-1.250533e-01 1.460070e-01
-8.520931e-02 2.046239e-01
-8.327251e-02 1.686040e-01
-3.624160e-02 2.246962e-01
-1.256382e-01 8.882418e-02
-4.604519e-02 1.001105e-01
-6.638355e-02 2.000774e-01
1.086003e-01 -8.877000e-02
-4.563306e-02 -2.323665e-01
1.502453e-02 -2.433870e-01
-6.522693e-02 1.199663e-01
-5.680696e-02 8.391603e-02
2.130904e-01 -1.538832e-01
4.316612e-01 -5.807632e-02
4.297097e-01 1.073877e-01
1.607716e-01 1.850121e-01
1.244943e-01 2.203119e-01
1.406952e-01 1.020044e-01
2.212925e-01 1.530234e-01
7.155005e-02 2.098325e-01
2.237204e-02 1.322127e-01
6.275802e-03 2.017747e-01
-1.219666e-02 -1.162924e-01
-2.917104e-02 -3.036316e-03
-4.657327e-02 -1.311567e-02
-3.160146e-02 -1.540273e-02
-5.582705e-02 -3.012615e-02
-3.416045e-02 -3.106622e-02
-5.781593e-02 -5.192933e-02
-7.342778e-02 -2.148936e-02
-1.600292e-02 -1.317450e-02
-3.136030e-02 -4.809060e-02
-5.742402e-02 -8.175102e-02
-2.541646e-02 -6.061869e-02
-1.407477e-02 -2.240824e-02
-5.725842e-02 -7.453735e-03
-6.111973e-02 6.017361e-06
-8.358689e-02 -7.668112e-03
-1.002386e-01 -2.508291e-02
-8.240410e-02 7.666618e-03
-5.678947e-02 7.028438e-03
-3.354711e-02 1.077573e-03
-8.831040e-03 4.302427e-02
-1.238965e-02 9.036656e-02
-8.317753e-02 -4.379133e-02
2.413389e-03 -1.437723e-01
-5.064359e-03 1.306650e-02
-1.445168e-02 1.573075e-02
-5.448571e-03 3.341437e-03
-2.164694e-02 1.169815e-02
-3.501650e-02 2.909076e-02
-4.428843e-02 1.942517e-02
-2.126179e-02 3.348342e-02
-4.648718e-02 5.312001e-02
-1.270851e-01 -7.763325e-02
-1.201810e-02 -4.121243e-03
1.739080e-02 7.068117e-03
-1.521595e-01 7.401380e-02
-1.221051e-02 1.162589e-01
8.923038e-02 -2.188931e-01
1.265555e-01 -2.117290e-01
-1.001777e-01 6.538128e-03
-1.540036e-01 -6.454983e-02
-1.508760e-01 5.818161e-02
-1.505444e-01 5.618958e-03
-7.071878e-02 1.601528e-01
-9.587713e-02 -9.487913e-02
-7.107110e-02 -2.005751e-01
-4.635412e-02 2.306226e-01
3.668343e-02 -2.065505e-01
-3.423061e-02 -1.970633e-01
-1.160519e-02 -2.181975e-01
-2.909572e-02 2.921094e-03
-7.097241e-02 2.122192e-02
1.087446e-02 2.429832e-01
2.033175e-02 -1.175925e-01
-4.301804e-03 -2.612090e-03
-6.133485e-02 3.874720e-02
-7.722865e-02 6.536827e-02
-2.712191e-02 5.702172e-02
-3.248752e-02 8.690070e-02
-3.728867e-02 1.218182e-01
-3.869426e-02 1.592785e-01
-3.393995e-02 1.944063e-01
8.491283e-03 1.797777e-01
2.090653e-01 -3.798733e-04
-3.804324e-02 -9.548466e-02
-8.278193e-02 -6.829002e-02
-5.799394e-03 -3.538567e-02
2.573455e-01 -1.276046e-01
-9.298788e-03 2.560880e-03
1.489506e-03 1.179868e-01
4.945069e-01 -9.583509e-02
-4.641215e-02 1.093171e-02
-1.212746e-01 -2.359308e-02
-2.954360e-03 -9.950253e-03
-9.527032e-02 2.129281e-02
-5.868251e-04 -5.868641e-04
4.679184e-02 -5.182564e-02
4.661989e-02 5.143613e-02
-5.895771e-04 5.897556e-04
4.662862e-02 2.222171e-01
-1.974833e-02 2.202643e-01
7.102788e-01 1.081209e-02
4.659093e-01 -9.770681e-03
6.775826e-01 -1.815253e-02
3.067630e-02 1.035243e-01
-1.826166e-02 5.539579e-02
7.477515e-02 5.708026e-02
-8.655652e-03 -9.581604e-03
-7.677679e-03 -1.243208e-02
-1.562795e-02 -1.797508e-02
1.282528e-01 -1.789290e-01
7.361081e-02 -2.157214e-01
7.212613e-02 -1.777920e-01
-2.343043e-02 -8.513579e-02
-1.888831e-02 -6.691465e-02
-8.216891e-03 -4.921710e-02
-3.140437e-02 -7.715907e-02
-1.449114e-02 -5.106505e-02
3.325843e-01 2.139811e-02
3.129397e-01 -3.452262e-02
6.429092e-02 1.443912e-01
-1.929957e-02 1.427110e-01
6.523225e-01 -4.409194e-02
-6.405362e-02 -1.004640e-01
-8.395710e-02 -1.096378e-01
-7.646252e-02 -9.095839e-02
-1.067713e-01 -3.895808e-02
-9.287776e-02 -3.541557e-02
-9.713702e-02 -5.051694e-02
-5.766889e-02 2.148163e-02
-6.749260e-02 3.010823e-02
-5.298765e-02 2.840206e-02
4.213762e-03 8.250088e-02
6.713284e-03 6.651510e-02
-3.060487e-03 9.542409e-04
-1.299046e-03 6.922533e-04
1.756201e-01 -1.358379e-01
1.882841e-01 -1.785319e-01
1.905450e-01 -1.971381e-01
1.134646e-01 -2.234107e-01
2.101804e-01 -1.899338e-01
-2.327686e-02 8.310726e-03
-3.392529e-02 1.126723e-02
-3.231017e-02 1.588213e-02
-3.318273e-03 -7.815052e-03
-7.615500e-03 -1.654205e-02
2.976100e-02 9.787692e-02
1.630912e-02 2.230295e-02
-2.361438e-03 1.862763e-03
-2.448298e-04 1.719030e-04
-1.176823e-01 -4.003382e-02
-1.109343e-01 -2.507655e-02
-1.804361e-02 -3.948583e-02
-2.179748e-02 -3.422850e-02
-1.107049e-02 -2.574773e-02
1.001949e-01 3.347666e-03
1.750454e-01 5.111178e-02
2.746784e-01 -1.642480e-01
1.437211e-01 -1.906485e-01
-1.510410e-02 -4.288544e-02
-2.871230e-02 -5.485303e-02
-4.606924e-02 1.503737e-02
-5.869545e-02 1.596688e-02
-4.831417e-02 -9.054493e-02
-5.353355e-02 -1.101084e-01
-2.433433e-02 -2.135086e-02
-2.350221e-02 -2.777533e-02
3.303832e-02 -1.675422e-01
5.549303e-02 -1.344520e-01
-9.356519e-03 -6.820260e-03
-4.322196e-03 -4.303967e-03
-3.342151e-02 -3.961374e-02
-9.630719e-02 -4.568247e-03
-9.261918e-02 -1.509460e-02
-1.058605e-01 -1.246556e-02
-8.953773e-02 -8.114013e-02
-7.082767e-02 -7.685306e-02
-8.000562e-02 3.035877e-02
-7.481623e-02 4.122369e-02
1.544409e-01 1.498123e-01
7.631332e-02 1.870367e-01
-8.389457e-02 5.350337e-02
-6.946139e-02 5.127077e-02
-5.479752e-02 4.671314e-02
-6.145265e-02 6.061313e-02
-9.559185e-02 5.669536e-03
-8.427272e-02 1.123700e-04
-3.422754e-02 8.116097e-03
-1.743033e-02 5.294176e-02
-2.990331e-02 7.129465e-02
-1.904945e-02 6.553161e-02
2.980829e-01 -1.471067e-01
-1.545987e-02 6.411451e-03
-1.544686e-02 3.819974e-03
-6.284389e-03 1.796482e-01
3.192052e-03 1.663917e-01
-3.451082e-03 1.355220e-01
-7.297381e-02 -2.816008e-03
-7.237079e-02 2.856114e-03
-6.986526e-02 8.040748e-03
-5.981820e-02 3.659789e-03
-4.614862e-02 3.254378e-03
-4.804876e-02 1.138145e-03
-1.833473e-02 -1.562268e-04
-3.418453e-02 -8.155343e-06
-1.824784e-02 1.510512e-04
-4.811442e-02 -1.154242e-03
-1.760250e-02 4.251206e-04
-2.819284e-03 -7.549999e-02
-1.083943e-02 -1.280829e-01
-3.254268e-03 -6.874219e-02
-1.939836e-02 -1.755653e-01
-2.334468e-02 -1.620516e-01
-4.085354e-03 -1.437133e-01
-1.967629e-03 -1.892420e-01
-1.252289e-02 -1.852830e-01
1.378111e-02 -1.833799e-01
8.793967e-03 -2.178263e-01
4.629124e-01 7.423875e-02
2.702929e-01 1.155428e-01
2.845101e-01 6.893219e-02
1.707523e-01 7.759621e-02
1.636987e-01 1.417534e-01
2.513606e-01 8.683202e-02
6.890499e-01 3.456576e-02
6.457614e-01 5.638760e-02
2.756253e-01 1.505353e-01
9.590661e-02 1.722530e-01
1.338170e-01 1.906708e-01
-3.416239e-03 -5.369485e-02
-3.316061e-03 -4.622926e-02
1.762173e-01 1.960836e-01
9.762418e-02 2.216967e-01
-1.180597e-02 -7.764030e-02
-3.090424e-03 -3.910005e-02
-5.989940e-02 -1.767063e-02
-6.617320e-02 -1.344041e-02
-5.264321e-02 -1.060712e-02
-3.193542e-02 -2.121800e-03
-4.344022e-02 -5.450560e-03
-4.652140e-02 -3.415768e-03
-7.966679e-02 -1.504258e-02
-7.072443e-02 -8.376050e-03
-1.767951e-02 -4.294152e-04
-1.639761e-02 -7.019855e-04
-5.761037e-02 -4.050604e-02
-7.109393e-02 -4.942057e-02
-6.920298e-02 -3.738379e-02
-3.447551e-03 -6.137480e-02
5.100854e-01 8.640612e-02
3.863288e-01 1.334049e-01
5.851544e-01 7.386953e-02
-3.904712e-02 -7.163271e-03
3.397347e-01 9.242297e-02
-2.870920e-03 3.246093e-02
-2.492049e-03 2.587114e-02
-9.935094e-03 5.371658e-02
-8.689939e-02 -2.414524e-02
2.452321e-01 1.772817e-01
-2.518256e-02 -1.137378e-01
-2.392276e-02 -9.745885e-02
-2.540860e-02 -2.101006e-01
-3.096633e-03 3.909106e-02
-1.179541e-02 7.763368e-02
-3.317780e-03 4.622074e-02
-9.437973e-02 9.530526e-02
-1.163277e-01 5.019617e-02
-7.616628e-02 5.334146e-02
-2.358559e-02 -1.486396e-02
-2.111736e-02 -9.048825e-03
-1.485124e-02 -8.305673e-03
-6.080357e-03 1.907264e-02
-1.178690e-02 2.289267e-02
-1.383476e-02 3.169424e-02
-1.755185e-03 1.164984e-02
-1.472651e-03 8.059162e-03
5.591092e-02 1.369539e-01
4.750064e-02 1.787875e-01
-5.213678e-02 6.850913e-03
-1.234425e-02 -1.071924e-03
-2.552135e-02 -3.721972e-03
-1.459230e-02 -9.083436e-04
-1.905946e-03 -8.067581e-02
-2.750437e-02 -9.072061e-03
-1.662618e-02 -4.300653e-03
-6.538239e-02 -2.663106e-02
-7.910469e-02 -3.163049e-02
-2.374546e-02 2.251570e-02
-2.853671e-02 3.237239e-02
-1.793111e-02 2.384940e-02
-9.671996e-03 1.550269e-02
-2.015480e-03 1.589501e-02
-7.959059e-03 3.410600e-02
-2.243347e-03 2.048633e-02
-1.031969e-04 -8.268157e-02
4.255201e-01 9.326031e-02
-3.362116e-02 -8.400564e-03
-1.591757e-01 3.813012e-02
-1.539689e-01 6.609611e-02
-1.583079e-01 3.386187e-02
1.823570e-02 1.720931e-01
3.088386e-02 2.124444e-01
-4.087155e-02 4.031251e-02
-3.290318e-02 4.384673e-02
-1.453958e-01 9.938121e-02
-1.445482e-01 8.804100e-02
-1.407391e-01 4.643050e-02
-1.317858e-01 6.119640e-03
-9.849925e-03 -1.147931e-03
-1.435058e-01 8.170060e-02
-1.540454e-01 4.243819e-02
-6.013566e-02 -3.837758e-03
-3.938835e-03 8.173917e-03
-7.369012e-03 9.499918e-03
-9.755913e-04 -3.055618e-03
-6.717203e-04 -1.260531e-03
2.791925e-01 1.569454e-01
-4.413278e-03 4.358097e-03
-9.833519e-03 8.420540e-03
1.725809e-01 -8.318922e-02
1.043545e-01 -6.701872e-02
-1.222967e-02 7.073503e-03
-1.851959e-02 1.423819e-02
-8.534228e-04 2.675603e-03
-1.197533e-03 5.042221e-03
-4.537062e-02 -4.133540e-02
-4.450239e-02 -5.182219e-02
1.022034e-01 6.239985e-02
-4.323701e-02 -2.259179e-02
-3.373443e-02 -2.285289e-02
-4.516560e-02 -3.170399e-02
-3.940768e-02 -1.475338e-02
-5.210121e-02 -2.081144e-02
-7.211010e-03 -1.124843e-03
-5.633806e-04 1.035385e-03
-4.349892e-02 -6.452478e-02
-4.053939e-02 -7.346436e-02
-1.595709e-01 5.113595e-03
-5.843249e-02 -6.640620e-02
-2.842857e-02 1.954497e-02
-4.046331e-02 2.463207e-02
2.101552e-03 -8.124961e-02
-1.315141e-01 1.035389e-01
-1.397837e-01 7.687122e-02
-5.831799e-02 -1.951092e-01
-1.152811e-02 -2.012186e-01
-4.213127e-02 -1.676611e-01
-3.156194e-03 8.063217e-02
-3.274902e-03 6.869500e-02
-1.128643e-02 1.322625e-01
-1.094761e-01 1.582608e-01
-1.283139e-01 1.212031e-01
-1.062615e-01 1.301771e-01
-6.922067e-02 1.381710e-01
-7.114895e-02 -1.272967e-01
-9.653554e-02 -8.307043e-02
-1.077195e-01 -1.201644e-01
-1.206594e-01 1.458468e-01
-1.327577e-01 1.321499e-01
-1.167271e-01 1.624637e-01
-4.764199e-03 -1.031443e-03
-1.157105e-01 1.123758e-01
-1.198665e-01 1.290015e-01
-7.792039e-02 -4.004918e-02
-1.169867e-01 -3.780856e-02
-1.062228e-01 1.780726e-01
-8.744447e-02 1.914085e-01
5.818400e-02 -1.327146e-01
1.014868e-01 -1.668653e-01
1.611351e-01 -1.263842e-01
-1.693022e-02 -1.316778e-01
-2.562425e-02 -1.298518e-01
-4.127414e-02 -1.438672e-01
-2.172573e-03 8.607658e-02
-3.412887e-03 5.368946e-02
-1.250606e-02 1.034311e-01
-3.450082e-03 6.134925e-02
2.133590e-01 1.921706e-01
1.445346e-01 2.085366e-01
-1.119133e-01 -1.499789e-01
-1.306929e-01 -1.114142e-01
3.125002e-01 -1.067402e-01
2.445642e-01 -7.669277e-02
-1.406447e-01 1.105864e-01
-1.052301e-01 1.515966e-01
1.647750e-02 -8.950530e-02
-9.000427e-02 -1.847082e-01
-6.627057e-02 -2.131333e-01
-9.805387e-02 1.882680e-01
-8.840403e-02 1.694132e-01
-8.755687e-02 1.494061e-01
-8.567153e-02 1.890287e-01
-7.027145e-02 1.805354e-01
-1.098534e-01 -1.713777e-01
-1.339969e-02 1.289850e-03
-1.067326e-02 1.369480e-03
-1.247786e-01 -1.403758e-01
-1.206965e-01 -1.563528e-01
-1.361951e-01 -1.248074e-01
-1.094458e-01 9.640489e-02
-9.810411e-02 1.147585e-01
-1.592518e-01 -2.537218e-02
-1.558441e-01 -5.758227e-02
-1.601265e-01 -2.861310e-02
5.028911e-01 -8.905013e-02
4.193542e-01 -9.608766e-02
-9.254853e-02 -1.480185e-01
-9.339346e-02 -1.677738e-01
-1.098571e-01 -1.481029e-01
-1.541202e-01 -2.205934e-02
-1.582804e-01 4.125538e-03
-1.549660e-01 -3.190939e-02
-2.872101e-03 -3.246477e-02
4.534784e-02 -2.368401e-01
6.379462e-02 -2.346920e-01
-5.839107e-02 -1.663134e-01
-5.781692e-02 -1.465714e-01
-1.452167e-01 -7.133455e-02
-1.415498e-01 -3.496585e-02
-8.424500e-02 1.296752e-01
-7.941756e-02 1.108213e-01
-7.384655e-02 -1.404494e-01
-5.531602e-02 -1.265337e-01
6.042350e-02 -4.223949e-02
-2.019174e-02 -4.154969e-02
-1.247338e-01 1.875925e-02
-1.128401e-01 1.462439e-02
-1.204664e-01 2.229615e-03
-1.531895e-01 2.964205e-02
-7.794287e-02 2.073780e-01
-1.432770e-01 -1.015696e-01
-1.481126e-01 -9.127351e-02
-6.876560e-02 1.397699e-01
-1.239669e-01 -1.241753e-01
-6.243219e-03 -2.389378e-01
1.917966e-02 -2.250426e-01
-2.101716e-03 -1.628883e-02
-1.857447e-03 -1.193849e-02
-1.232380e-01 5.592856e-02
-1.323096e-01 6.611548e-02
-1.178930e-01 7.638278e-02
-1.443231e-01 5.051011e-02
-1.472610e-01 -8.079595e-02
-1.354830e-01 2.218418e-02
-1.254690e-01 3.657954e-02
-1.017306e-01 8.133830e-02
-1.426238e-01 3.617162e-03
-1.451623e-01 2.559845e-02
-1.349360e-01 -9.775842e-02
-1.423983e-01 -7.051135e-02
-1.464507e-01 -4.356906e-02
-1.463886e-01 -1.858550e-02
-1.196939e-01 -1.081384e-01
5.547833e-02 -2.006443e-01
-1.023318e-01 -1.838661e-01
-1.368266e-01 -1.535794e-02
-8.903187e-02 -1.284801e-01
-7.531584e-02 -1.811338e-01
-9.042641e-02 -1.870593e-01
-1.352719e-01 -6.044341e-02
-5.682681e-02 -1.861331e-01
-1.132112e-01 4.679700e-02
-9.878707e-02 5.209807e-02
-1.021149e-01 3.773747e-02
-1.255981e-01 -4.886319e-02
-1.208693e-01 -6.953663e-02
-4.252594e-02 -2.327662e-01
-2.075411e-02 -2.414917e-01
-1.131909e-01 -9.255983e-02
-1.024417e-01 -1.119277e-01
-5.989418e-02 2.003522e-01
-6.583206e-02 2.165171e-01
-6.135622e-02 1.013239e-01
-7.411755e-02 9.284969e-02
-1.252627e-02 -1.034601e-01
-6.703231e-02 -2.209014e-01
-1.052524e-01 -7.570391e-02
-8.227222e-02 -2.051956e-01
-6.541389e-02 2.219334e-01
-5.929481e-02 2.167776e-01
-6.176008e-02 -2.181367e-01
-4.500171e-02 2.330766e-01
3.007085e-02 -2.330391e-01
-2.524114e-02 -1.464831e-01
-3.905863e-02 -1.806095e-01
-5.189801e-02 -2.046006e-01
-3.070568e-03 -2.373466e-01
-4.231657e-02 -2.204848e-01
-2.655173e-02 -2.320092e-01
-1.449822e-02 8.900007e-04
-2.649840e-02 4.033431e-03
-4.318316e-02 5.189118e-03
-3.180040e-02 2.052448e-03
-1.627858e-02 6.841150e-04
-5.180357e-02 6.774639e-02
-4.100309e-02 7.155996e-02
-3.711580e-02 5.683155e-02
-6.791323e-02 7.598784e-02
-4.486844e-02 8.797785e-02
9.286323e-03 2.309956e-01
4.230093e-02 2.332840e-01
1.086304e-02 -1.343693e-01
-7.802371e-03 -3.487680e-03
5.044266e-03 -5.827465e-02
3.060732e-03 -7.389469e-02
-1.021889e-03 -5.474255e-04
-2.583970e-03 -7.833019e-04
-1.559525e-02 4.156880e-02
-4.769543e-02 3.474463e-02
-2.425542e-02 4.455341e-02
-9.334003e-02 6.670377e-02
-8.485703e-02 8.073971e-02
-7.790920e-02 1.501300e-02
-6.485144e-02 1.304931e-02
-1.157319e-01 -9.627625e-03
-6.697248e-03 -3.154939e-02
-4.525341e-02 1.761603e-01
-1.858097e-02 2.067864e-01
1.560092e-01 -4.479340e-02
5.610939e-02 2.377346e-01
-1.069704e-02 2.403360e-01
-2.294299e-02 2.404768e-01
-4.881287e-03 -1.717665e-02
-8.369751e-02 -5.559750e-02
-9.766140e-02 -6.414029e-02
-2.270438e-02 9.518373e-02
-2.392142e-02 1.111872e-01
-4.808032e-02 1.053175e-01
-3.860327e-02 1.404844e-01
-2.454883e-02 1.276947e-01
-2.421401e-02 1.440813e-01
-3.759769e-02 1.775727e-01
-2.308891e-02 1.603810e-01
-1.959239e-02 1.774629e-01
-2.108478e-02 8.002163e-02
-5.369375e-02 1.438830e-01
-5.135124e-02 1.241558e-01
-5.453033e-02 1.639506e-01
-5.315463e-02 1.837048e-01
-4.952548e-02 2.019023e-01
-4.215434e-02 2.176697e-01
-3.511686e-02 1.038409e-01
-3.937476e-02 -1.102029e-01
-1.488601e-02 1.907232e-01
-6.223605e-03 2.143748e-01
-7.000929e-02 -6.058283e-02
-1.601157e-03 -2.090441e-02
-1.432856e-03 -1.654106e-02
2.668357e-01 -6.987953e-02
3.627662e-01 -7.442883e-02
-5.600402e-03 6.923076e-04
5.051959e-06 6.562117e-02
-3.852827e-02 6.277695e-03
-1.278439e-01 -1.118580e-02
-1.300074e-01 -2.982811e-02
-6.816231e-04 -3.771047e-03
-8.535317e-04 -6.085825e-03
3.543283e-02 -4.767805e-03
7.042582e-02 3.267161e-02
6.027610e-05 -5.487715e-05
-1.700613e-04 2.367805e-04
7.218583e-02 9.279681e-02
-1.713240e-04 -2.432448e-04
5.576826e-05 6.203674e-05
-1.618417e-03 2.012722e-03
7.019284e-02 -3.234965e-02
3.522772e-02 5.115948e-03
-2.331673e-04 -1.671858e-04
1.583684e-02 -2.221035e-02
4.067861e-01 -1.276144e-01
3.371674e-01 -1.307616e-01
-5.205373e-02 9.260729e-03
-9.961960e-03 2.366156e-01
-1.028426e-01 1.238593e-02
-8.932668e-02 1.365600e-02
-1.050268e-01 2.572409e-02
6.212532e-01 -6.207646e-02
2.604643e-02 2.393690e-01
8.617641e-02 2.260985e-01
-9.477711e-04 2.259981e-01
-3.192229e-02 2.296852e-01
1.612332e-03 6.434063e-02
8.554576e-03 1.298346e-01
-3.682181e-03 6.281381e-04
-7.593898e-03 3.134041e-03
4.702673e-01 -8.325143e-02
6.888662e-01 -4.797873e-02
-9.278531e-02 3.130043e-02
2.876265e-02 -9.025853e-02
-1.985604e-03 -1.582718e-03
2.868358e-02 2.045349e-01
-2.901743e-02 2.089902e-01
-8.326674e-02 2.224740e-02
-1.842408e-03 -2.339771e-03
7.291980e-02 -9.788252e-02
9.636664e-02 2.063342e-01
