1.000000e+00
0.000000e+00
0.000000e+00 0.000000e+00
taylor-hood
cavity_coarse
-1.794510e-18 -2.062619e-17
6.019232e-18 6.179035e-17
7.288538e-18 -6.820167e-17
7.542547e-17 2.642134e-17
-7.909563e-17 8.379337e-17
-1.828095e-17 3.569587e-17
-8.769453e-17 -3.041049e-19
1.320615e-17 3.773118e-17
1.967847e-17 3.689689e-17
-5.706744e-18 5.568119e-17
2.602865e-17 -3.345423e-17
-5.987397e-17 -1.047642e-17
8.510753e-17 1.293124e-16
6.359306e-17 1.733368e-16
-5.504155e-17 -9.820939e-18
2.959836e-17 1.253886e-16
-3.632653e-17 1.083189e-16
-1.387166e-17 1.374898e-18
-2.841277e-17 4.942423e-17
4.857089e-17 -4.801130e-17
-2.765149e-17 -4.933287e-17
-1.783599e-17 4.014133e-17
-3.990404e-17 -7.247017e-17
-3.562029e-17 2.620938e-17
1.925734e-16 6.989577e-17
-2.716899e-17 -2.054399e-16
-4.278994e-17 -2.706367e-17
-9.010968e-18 -1.275208e-16
-5.295029e-18 3.157855e-17
-7.704080e-17 -8.903655e-17
-2.044307e-17 -4.118779e-17
-4.792024e-18 5.038941e-17
-2.470654e-17 -2.930243e-17
1.772282e-17 1.721178e-16
9.916458e-17 6.687667e-17
4.373164e-17 5.272289e-17
-5.431902e-17 4.542444e-17
2.486383e-17 -5.438309e-17
-1.914960e-17 -5.829443e-17
6.174377e-17 6.044849e-17
8.339334e-18 -1.326668e-17
2.586384e-18 1.280620e-18
6.337070e-17 4.476987e-17
-4.348962e-17 1.252920e-16
-3.660859e-17 4.376618e-18
-4.548121e-17 1.653905e-17
3.177000e-17 -8.895142e-17
-1.494866e-17 -4.830927e-17
1.583583e-17 -1.698057e-17
5.968910e-17 1.194423e-17
-3.318054e-17 -9.201402e-17
9.317486e-17 1.591624e-17
4.626478e-17 2.388893e-17
-1.395209e-17 -4.489072e-17
-1.885321e-17 4.595305e-17
3.833003e-17 9.170633e-18
-4.149730e-17 -1.595387e-17
-3.249574e-17 -1.081211e-16
5.270606e-17 -8.923930e-17
-5.818143e-17 -4.004087e-17
-3.502212e-18 -6.247765e-17
-6.780417e-17 -4.206881e-18
5.381617e-17 -5.692314e-17
9.494504e-17 1.417149e-17
5.574464e-17 -1.325549e-16
1.872882e-16 6.696758e-17
7.683502e-17 -2.485822e-17
-5.035535e-17 8.638320e-17
-4.865065e-17 4.859287e-17
8.603020e-17 7.568788e-17
1.992978e-17 -2.139133e-17
-1.039555e-17 3.477848e-17
3.901420e-17 1.888731e-17
-3.385379e-17 -1.059762e-17
-2.512536e-17 5.439078e-17
-4.758568e-17 -1.205029e-16
-1.838500e-17 1.410848e-17
2.447174e-02 5.309714e-17
9.549150e-02 3.046267e-17
2.061074e-01 2.278127e-16
3.454915e-01 3.801178e-17
5.000000e-01 1.972412e-17
6.545085e-01 1.436847e-16
7.938926e-01 3.258514e-17
9.045085e-01 -5.741885e-17
9.755283e-01 -6.555561e-17
1.000000e+00 1.886051e-16
9.755283e-01 3.356331e-17
9.045085e-01 -1.548685e-16
7.938926e-01 -3.446419e-17
6.545085e-01 -1.237171e-17
5.000000e-01 -1.684222e-16
3.454915e-01 -1.115520e-16
2.061074e-01 -7.623627e-17
9.549150e-02 1.306589e-16
2.447174e-02 4.725067e-17
6.155830e-03 -6.828494e-17
5.449674e-02 -5.277751e-17
1.464466e-01 -1.090995e-16
2.730048e-01 -1.115389e-16
4.217828e-01 -1.242968e-16
5.782172e-01 -1.167323e-16
7.269952e-01 -7.288475e-17
8.535534e-01 -1.399986e-17
9.455033e-01 8.146715e-17
9.938442e-01 1.753163e-17
9.938442e-01 -1.446662e-16
9.455033e-01 -8.311035e-17
8.535534e-01 -2.583361e-17
7.269952e-01 7.639074e-17
5.782172e-01 7.888250e-17
4.217828e-01 -8.748013e-17
2.730048e-01 -4.718621e-17
1.464466e-01 -5.021734e-17
5.449674e-02 2.483070e-17
6.155830e-03 4.863149e-17
6.648477e-01 1.311888e-02
-1.232262e-02 -8.589572e-02
-9.183360e-03 5.719531e-02
4.878710e-01 9.885601e-02
5.691470e-01 -7.509894e-02
-5.342024e-03 1.043244e-01
-3.423336e-02 -2.208258e-03
-1.742365e-03 -1.188322e-01
3.078510e-01 -1.083396e-01
1.982118e-01 1.079131e-01
-6.241468e-03 -2.786524e-02
-4.583660e-03 2.567495e-02
-2.683211e-02 6.704343e-03
-2.496991e-03 1.035716e-01
1.188748e-01 -7.866875e-02
-1.380453e-02 -7.354614e-03
9.014813e-03 -9.363727e-02
-8.232052e-03 6.945724e-03
1.169618e-02 6.716693e-02
-4.423332e-03 -3.755716e-03
-1.819489e-02 6.964939e-03
-3.834674e-02 9.898289e-03
-5.165989e-02 8.945357e-03
-4.018348e-02 2.794287e-02
-7.856959e-02 2.096555e-02
-1.000113e-01 3.941448e-02
-1.119647e-01 1.613606e-02
-1.331137e-01 4.058781e-02
-1.369510e-01 1.846442e-03
-1.568458e-01 2.737825e-02
-1.550440e-01 -2.689214e-02
-1.634524e-01 1.973045e-03
-1.610951e-01 6.117371e-02
-1.595375e-01 3.734516e-02
-1.600803e-01 -3.022085e-02
-1.497416e-01 1.012717e-01
-1.378834e-01 8.210669e-02
-1.264173e-01 1.431194e-01
-1.304943e-01 -3.687146e-02
-1.377234e-01 -7.538671e-02
-9.721299e-02 1.261961e-01
-8.224895e-02 1.872671e-01
-1.021778e-01 5.436003e-02
-1.056378e-01 1.876674e-01
-1.424681e-01 1.073420e-01
-1.126286e-01 -7.359021e-02
-6.512549e-02 2.238468e-01
-1.104338e-01 -1.068206e-01
-3.678016e-02 9.800571e-02
-3.385479e-02 2.189714e-02
-2.580970e-02 2.187239e-01
-7.391514e-02 2.102425e-01
-2.024523e-02 2.418680e-01
-1.069922e-01 -4.172508e-02
-7.445666e-02 5.148335e-02
-8.387375e-02 -6.471722e-02
4.233895e-02 2.340410e-01
3.066492e-02 2.406421e-01
6.781009e-02 6.282234e-02
7.245091e-02 -1.662885e-02
-2.839126e-02 -5.973677e-02
7.751698e-02 -9.409117e-02
-2.021877e-02 -1.287628e-01
7.920735e-02 -1.579512e-01
-1.082724e-02 -1.939640e-01
-7.921389e-02 -1.587789e-01
-6.164714e-02 -2.064841e-01
-2.530522e-03 -2.309312e-01
-4.292459e-02 -2.350418e-01
4.373629e-03 -2.394824e-01
-8.375063e-02 -2.044441e-01
-5.703038e-02 -2.224059e-01
-8.559922e-02 -1.904870e-01
-1.145126e-01 -1.644853e-01
5.839692e-02 1.349161e-01
-7.564865e-02 -3.703090e-02
-5.344766e-02 -4.250286e-02
6.984112e-02 -2.325172e-01
5.592220e-02 -2.305299e-01
-1.486273e-02 2.300851e-01
2.246921e-01 -4.728702e-02
1.129675e-01 2.218760e-01
7.902779e-02 2.154990e-01
-1.023573e-01 1.744822e-01
-6.913172e-02 1.817083e-01
-7.930996e-02 1.535821e-01
2.032247e-01 9.473008e-02
-5.660102e-02 -7.224517e-02
1.626815e-01 2.016402e-01
-5.119184e-02 -1.896468e-01
-6.986489e-02 -1.644976e-01
-8.773671e-02 -2.181022e-03
4.365590e-03 -2.277505e-01
-3.174127e-02 -2.003219e-01
-4.611887e-02 2.005296e-01
-3.468256e-02 1.496771e-01
2.447540e-01 1.748214e-01
3.762208e-02 -2.031098e-01
9.745885e-02 -1.961972e-01
-2.192900e-02 -1.498393e-01
2.062572e-01 1.559188e-01
3.882610e-01 1.008913e-01
-1.377469e-01 -1.124895e-01
-2.429867e-02 -3.862579e-02
-3.215863e-02 -2.341941e-02
4.863470e-02 -1.477448e-01
5.429069e-02 1.955763e-01
-3.578942e-02 3.067937e-03
-1.033090e-01 -1.492759e-01
-7.916143e-02 -1.279153e-01
-4.555401e-02 -1.294900e-01
-1.368477e-01 -1.274964e-01
-5.369910e-02 -9.946115e-02
-2.726933e-02 -8.996260e-02
-1.918330e-02 1.821581e-02
-7.221901e-03 1.314057e-02
-1.937667e-02 3.182575e-02
-4.126385e-02 3.544610e-02
-4.990314e-02 5.789654e-02
-8.237209e-02 8.137921e-02
-5.554707e-02 8.921694e-02
-1.571866e-01 -5.520431e-02
2.128099e-01 2.414128e-02
-1.435248e-01 9.094048e-03
-1.395790e-01 -6.940448e-02
2.139912e-01 -1.131803e-01
2.005752e-01 -1.723369e-01
4.349934e-01 -6.679627e-02
7.868064e-02 -2.081515e-01
1.819903e-01 -1.987893e-01
3.512592e-01 -1.456170e-01
1.355419e-01 -2.091009e-01
4.911685e-03 -1.821102e-01
-2.688980e-02 -2.977509e-03
-6.090111e-02 -1.223101e-02
-3.877108e-02 -1.957063e-02
-8.459703e-03 7.991817e-02
-2.908073e-02 1.130918e-01
1.892416e-02 -6.942229e-02
-1.040903e-02 -1.226028e-01
-1.135650e-01 6.739073e-02
-1.152462e-01 1.020811e-01
-7.855574e-03 9.654986e-02
-7.114092e-03 4.160994e-02
-6.786546e-03 -1.654693e-02
-1.554738e-03 1.092700e-01
-1.340991e-02 1.784649e-01
7.826129e-03 9.043654e-02
3.984772e-02 1.264624e-01
-2.767962e-02 -2.299182e-01
-8.509034e-02 -9.217525e-02
2.188232e-02 2.151399e-01
-7.094198e-03 -3.964137e-03
-6.092682e-02 3.083889e-04
1.758992e-01 1.783568e-01
4.178330e-01 -6.137095e-03
-1.445791e-01 6.928199e-02
-3.422601e-02 1.666867e-01
6.149395e-02 6.584181e-02
-4.775819e-02 2.284667e-01
-1.019110e-01 -2.408728e-02
-2.709174e-02 -6.412492e-02
2.163443e-01 -9.462634e-02
6.341566e-01 4.674168e-02
-3.540535e-02 -1.453313e-01
-1.077912e-01 -1.712400e-01
4.285671e-01 -9.693607e-02
9.775121e-02 1.307028e-01
-1.341069e-02 -1.965666e-01
-8.757424e-02 1.210581e-01
2.825624e-01 1.621684e-01
-9.084733e-02 -9.914981e-02
1.758139e-02 1.610810e-01
-1.303753e-01 1.469564e-01
-1.130856e-01 -1.439474e-02
4.435788e-04 -1.064664e-01
3.091886e-01 1.093733e-01
3.963773e-01 5.038526e-02
-8.570054e-04 1.794010e-01
-2.873269e-02 8.392339e-02
4.140826e-01 1.020499e-01
-6.212321e-03 1.490394e-02
-1.125761e-01 1.392648e-01
5.196629e-02 -5.179160e-02
-2.733114e-02 5.540447e-02
-8.904522e-02 -2.125775e-02
5.917426e-01 7.032494e-02
-9.443025e-03 -5.898070e-02
6.769056e-01 -1.852716e-02
-7.661018e-03 -4.263116e-02
-2.160239e-02 1.662051e-01
-5.463393e-03 -7.991561e-02
6.991347e-01 -3.833378e-02
3.439066e-01 -1.223883e-01
2.601383e-01 -1.662136e-01
1.892384e-01 -1.633389e-01
1.747484e-02 -1.542439e-01
-1.166588e-01 -1.297479e-01
-3.129494e-03 3.653764e-03
5.774687e-02 1.816877e-01
-5.664956e-02 1.255038e-01
-1.307336e-02 -1.769726e-02
5.522132e-01 -7.526076e-02
1.334835e-01 6.908676e-02
-1.569927e-04 -7.611084e-04
1.681069e-02 3.069083e-02
-2.469197e-02 -1.079090e-01
1.389818e-02 -2.711020e-02
-3.131078e-02 2.090451e-01
1.194538e-01 -1.420713e-01
-5.348858e-02 1.497840e-01
-1.923291e-02 -1.025716e-02
6.933753e-02 -1.040556e-01
1.186857e-01 1.731111e-01
3.892524e-01 1.243695e-01
3.150382e-01 1.558359e-01
-1.544221e-01 -8.017234e-02
-1.535177e-02 6.310908e-02
-1.819305e-02 5.110641e-02
-2.918480e-02 6.965907e-02
-6.914372e-02 -2.307333e-02
-5.221682e-02 -1.918276e-02
-5.744240e-02 -2.796856e-02
-8.427361e-02 1.370917e-01
-9.992071e-02 1.299681e-01
-9.681335e-02 1.480435e-01
-2.677042e-03 -7.167585e-02
-3.038321e-03 -6.890067e-02
-4.207568e-02 -3.238545e-02
-4.722414e-02 -2.939396e-02
-3.588080e-02 -2.250422e-02
-8.195899e-02 -2.931019e-02
-7.248836e-02 -1.598837e-02
-7.395477e-02 -9.243930e-03
-9.150192e-02 -1.181729e-02
-7.485659e-02 -1.127999e-03
-6.080058e-02 -3.634800e-03
-6.325928e-02 -4.080751e-02
-1.031311e-01 1.141662e-01
-1.137930e-01 1.203341e-01
1.858171e-01 1.817695e-01
1.058955e-01 2.035423e-01
1.201978e-01 1.789421e-01
-1.582847e-02 2.082145e-01
-4.873681e-03 2.104501e-01
-7.667281e-03 1.809244e-01
-4.194351e-02 8.889188e-02
-4.019470e-02 7.265155e-02
-1.285086e-01 -1.385461e-01
-1.263435e-01 -1.473231e-01
-1.408342e-01 -1.237790e-01
2.452690e-02 -1.270831e-01
1.344492e-02 -8.430118e-02
3.394178e-02 -1.112160e-01
-1.227182e-01 -1.333773e-01
-1.125142e-01 -1.588783e-01
2.454040e-01 1.625798e-01
2.165466e-01 1.822085e-01
-1.427964e-02 3.121274e-02
-2.157546e-02 4.209949e-02
-1.492976e-02 3.985314e-02
-1.369445e-02 -3.477061e-02
-1.228610e-02 -2.489437e-02
-6.621290e-03 -2.144486e-02
9.427750e-02 2.218116e-01
4.736557e-02 2.184069e-01
-1.495030e-02 -4.242241e-02
-2.605620e-02 -5.172496e-02
-6.145077e-02 1.555789e-02
-5.811292e-02 5.672182e-03
-7.191904e-02 8.932234e-03
1.013768e-03 -2.437336e-04
-1.576971e-03 1.219787e-03
-1.950357e-03 9.841082e-04
6.797279e-03 2.307234e-01
8.387594e-03 2.104773e-01
-1.258113e-03 7.525463e-03
-3.687500e-04 2.776309e-03
-5.236538e-03 8.257902e-03
1.236684e-03 -6.638086e-02
-5.951983e-03 -1.232625e-01
-9.986058e-02 -1.799314e-01
-9.643377e-02 -1.690542e-01
-1.691837e-02 -1.195332e-01
-7.686254e-03 -8.458902e-02
-1.388931e-02 -1.186341e-01
-2.895365e-02 -1.486170e-01
-2.182113e-02 -1.225758e-01
-8.515815e-02 -1.576135e-01
-9.338986e-02 -1.391143e-01
-7.467470e-02 -1.452061e-01
-6.132718e-02 -1.301163e-01
-5.848449e-02 -1.460393e-01
-7.804092e-02 -1.789803e-01
-5.935713e-03 1.991404e-02
-1.222864e-02 2.465623e-02
4.612302e-02 2.806508e-02
8.080724e-02 3.864165e-02
-1.722455e-03 -2.791701e-02
-8.101289e-03 -5.025515e-02
-1.951137e-03 -2.541875e-02
5.051691e-01 -7.943895e-02
6.348617e-01 -5.684259e-02
5.578494e-01 -5.591418e-02
4.528365e-01 -1.118802e-01
4.476325e-01 -1.010746e-01
3.516289e-01 -1.371929e-01
-9.255647e-03 -1.014709e-01
-1.688276e-03 -4.412950e-02
3.894789e-01 -9.773680e-02
3.319529e-03 2.248688e-01
7.144827e-03 2.017373e-01
4.220285e-02 -8.943948e-02
5.919676e-02 -1.271510e-01
-4.103442e-02 -5.350745e-02
-4.233937e-02 -7.265426e-02
-8.255663e-02 1.110550e-02
-3.309993e-02 4.222273e-02
-3.847642e-02 5.868203e-02
-1.209106e-02 -2.307903e-01
-2.078398e-02 -2.184198e-01
-8.424549e-03 -2.146591e-01
-6.704710e-02 3.515848e-02
-5.504027e-02 4.147868e-02
-4.793956e-02 3.194061e-02
-3.134930e-02 1.946900e-01
6.280191e-03 1.835239e-01
-1.300299e-01 1.061104e-01
-1.324038e-01 8.710911e-02
-1.469398e-01 8.738794e-02
2.131290e-02 1.820156e-02
3.692416e-02 4.746548e-02
-2.236967e-02 1.182628e-01
-1.990033e-02 1.014433e-01
-3.389190e-02 1.335292e-01
-1.732554e-02 -7.786585e-02
-1.792684e-02 -6.606464e-02
-5.597277e-02 1.061915e-01
-4.254654e-02 1.042212e-01
-3.121199e-02 3.435468e-02
-4.383645e-02 4.351300e-02
1.922809e-01 -1.900665e-01
2.569277e-01 -1.743279e-01
2.719374e-01 -1.654361e-01
4.453185e-01 -1.147865e-01
5.666753e-01 -7.987960e-02
-2.794988e-02 -1.613904e-02
-2.522992e-02 -1.338066e-02
-7.284840e-02 1.046559e-01
-7.148624e-02 1.257688e-01
2.213299e-01 -1.869174e-01
3.053359e-01 -1.583144e-01
1.316049e-01 -1.927111e-01
1.285083e-01 -2.105190e-01
-4.791146e-02 2.008253e-02
-3.805368e-02 2.455463e-02
-2.080748e-02 -3.014914e-03
-3.679814e-02 2.018424e-03
-2.145505e-02 -5.290467e-04
-7.164054e-03 3.418000e-02
-5.622004e-02 -8.612150e-02
-6.859374e-02 -9.812294e-02
-6.982170e-02 -8.039236e-02
-6.320997e-02 5.595532e-02
-4.120552e-03 1.511574e-02
-1.440585e-03 5.236640e-03
-1.450048e-01 -3.127460e-02
-1.252799e-01 -4.707165e-02
-1.273938e-01 -7.449741e-03
3.942341e-01 -1.261835e-01
3.360431e-01 -1.353262e-01
-2.207649e-02 1.959661e-01
-2.568612e-02 2.212036e-01
-4.702231e-02 6.406829e-03
-5.000548e-02 1.280574e-03
-1.123989e-01 -1.682739e-01
-1.236432e-01 -1.523523e-01
-1.149285e-01 8.432997e-02
-1.297569e-01 6.868443e-02
3.061963e-01 5.307230e-03
4.102999e-01 2.200299e-02
2.982656e-01 3.905308e-02
-1.995306e-02 1.312651e-01
-9.424499e-03 8.789046e-02
-1.864923e-02 -2.612426e-02
-8.998891e-03 -1.717233e-02
-5.711724e-02 2.050830e-01
-6.337485e-02 1.782110e-01
5.335922e-01 5.418494e-03
5.200698e-01 3.110427e-02
-1.627058e-01 -1.292908e-02
-1.638625e-01 -2.775761e-02
-1.623226e-01 -4.479571e-02
-1.190977e-01 -8.287724e-02
-9.805612e-02 -6.148806e-02
-1.470667e-01 -1.024373e-01
-1.476558e-01 -9.944533e-02
-3.198531e-02 -2.134829e-01
-2.287350e-02 -2.011919e-01
6.214218e-03 -2.105733e-01
-4.245183e-03 -1.917256e-01
-3.135378e-02 1.854549e-02
-2.784968e-02 2.557060e-02
7.657925e-02 -2.172874e-01
1.166445e-01 -2.043192e-01
8.963543e-02 -2.228990e-01
1.400838e-01 -3.339513e-02
2.198028e-01 -1.110722e-02
1.372271e-01 5.534996e-03
3.138036e-01 -2.514614e-02
-2.046962e-02 -4.392252e-04
-4.207299e-02 -8.282864e-02
-2.462467e-03 4.893478e-02
-3.207110e-03 5.420265e-02
1.356717e-01 -1.666864e-01
7.887315e-02 -1.852551e-01
3.007346e-02 -1.545734e-01
1.420858e-02 -1.245322e-01
-1.616388e-01 -1.197553e-02
-1.569687e-01 -4.003716e-02
-1.246159e-01 6.950454e-02
-1.424111e-01 4.572687e-02
-1.285007e-01 3.303264e-02
-2.155035e-02 6.918062e-03
-3.576498e-02 9.673694e-03
-3.219799e-02 7.436624e-03
-2.301406e-02 9.812866e-03
-3.418402e-02 -3.412914e-03
-4.458342e-02 -7.786510e-03
-5.382672e-02 -8.158741e-03
-2.638311e-02 1.604354e-01
-1.553068e-02 1.324884e-01
-5.405373e-04 5.554796e-02
-7.429993e-03 1.025519e-01
-4.758627e-02 -3.766497e-04
-8.052552e-02 6.589138e-02
-9.598447e-02 5.967273e-02
-1.017488e-01 7.700929e-02
-1.281881e-01 1.264968e-01
-6.612110e-02 6.715264e-02
-7.117210e-03 -6.691366e-03
-6.805156e-03 -1.015996e-02
-1.229146e-02 -9.904172e-03
-1.490969e-01 -8.683865e-02
-1.564688e-01 -6.872421e-02
-1.522765e-01 6.054216e-02
-1.549153e-01 2.188624e-02
2.656883e-01 -1.483350e-01
-1.029083e-01 9.123533e-02
-1.643949e-02 -1.726121e-04
-1.030589e-02 2.288195e-03
2.877337e-01 1.278525e-01
3.905282e-01 1.129837e-01
2.912391e-01 1.437536e-01
-1.571531e-02 -7.188332e-05
-1.597452e-02 -8.289295e-04
5.656252e-03 -3.387827e-02
5.194800e-03 -4.463423e-02
2.809400e-02 -1.756797e-01
2.995913e-02 -2.019162e-01
-2.413023e-02 -7.712549e-03
-1.584899e-02 -9.676376e-03
-1.130442e-03 -1.559254e-01
-4.712315e-04 -1.140015e-01
2.039324e-03 -1.493026e-01
-1.220007e-02 1.615825e-02
-1.762267e-02 2.595583e-02
-1.315901e-02 1.898159e-02
-4.008450e-02 -1.360200e-01
-5.232535e-02 -1.572957e-01
-2.232907e-02 -3.481134e-03
-3.418672e-02 -1.259840e-02
-4.999633e-02 1.269846e-02
-5.365005e-02 1.737403e-02
-1.629877e-02 4.692533e-03
-1.546248e-02 9.794503e-03
-9.063356e-02 4.694186e-02
-1.086671e-01 5.099112e-02
-6.925184e-02 2.434634e-02
-8.795857e-02 3.052435e-02
-8.159295e-02 3.349450e-02
1.379883e-01 -1.363987e-01
2.064952e-01 -1.435667e-01
6.007938e-02 -2.352615e-01
1.019244e-01 -2.250027e-01
-1.093842e-01 3.180859e-02
-1.209896e-01 2.908605e-02
-1.185701e-01 3.945784e-02
-6.582519e-02 -1.144053e-01
-8.228980e-02 -1.112123e-01
-4.069039e-02 8.422784e-03
-7.013347e-02 8.781647e-02
-5.366069e-02 6.947097e-02
-1.437402e-03 -6.552130e-02
1.236276e-04 -5.893443e-02
-1.631407e-01 3.113403e-03
-1.549846e-01 -9.205519e-03
6.793611e-02 2.391474e-02
1.331432e-01 4.210183e-02
-3.610565e-03 1.085346e-01
-9.075638e-03 1.452026e-01
-8.239570e-03 1.496533e-01
-1.394082e-01 2.183357e-02
-1.469020e-01 1.380961e-02
-1.462619e-01 3.280592e-02
-1.597606e-01 1.301321e-03
-1.642810e-01 1.547000e-02
-1.638278e-01 3.152244e-02
-1.643504e-01 1.845863e-02
-1.629493e-01 5.014398e-02
-1.569271e-01 7.149553e-02
-1.474911e-01 9.182590e-02
2.899584e-01 1.025947e-01
2.911984e-01 7.157887e-02
3.944824e-01 7.741309e-02
-1.336205e-01 1.152815e-01
-1.213774e-01 1.041894e-01
-1.168563e-01 1.348507e-01
6.428866e-02 1.014831e-01
1.302795e-01 8.229618e-02
1.222384e-01 1.142673e-01
-1.020694e-01 9.083879e-02
-7.345407e-02 7.735235e-02
-7.307459e-02 1.115807e-01
-3.715300e-02 6.003371e-02
1.053400e-02 4.278039e-02
6.601604e-03 8.034795e-02
-1.038495e-02 7.836144e-03
2.194152e-01 -8.345736e-02
3.130291e-01 -8.953006e-02
3.209216e-01 -6.326796e-02
-2.283515e-02 2.349439e-01
5.355367e-03 2.390833e-01
2.052562e-01 1.269348e-01
3.656963e-02 2.407750e-01
7.751918e-02 2.327340e-01
6.456986e-02 2.322502e-01
5.015140e-01 7.488097e-02
5.079332e-01 5.299136e-02
-1.401175e-01 -9.934597e-02
-1.495625e-01 -7.590173e-02
1.360482e-01 2.146982e-01
2.050213e-01 1.941055e-01
1.701975e-01 2.011140e-01
-4.564193e-02 -2.144381e-01
-4.300466e-02 -2.270741e-01
7.521984e-02 -2.223677e-01
1.192539e-01 -2.156978e-01
-1.263086e-01 -9.294464e-02
-1.260745e-01 -1.108398e-01
-1.403404e-01 -9.622521e-02
-1.280392e-01 -1.292774e-01
-1.300631e-01 -1.000980e-01
7.669363e-02 -1.275553e-01
1.395884e-01 -1.062236e-01
-1.858241e-02 -1.422132e-02
-1.245724e-02 -7.783508e-03
-7.254434e-02 -6.747115e-02
-8.568890e-02 -7.751784e-02
-9.530781e-02 2.003800e-02
7.326722e-02 -5.440672e-02
1.423776e-01 -6.964928e-02
-7.429094e-02 2.088645e-01
-5.092567e-02 2.215848e-01
4.690657e-02 -2.204736e-01
6.232668e-02 -2.018727e-01
2.352188e-04 -2.406325e-01
3.099028e-02 -2.398155e-01
3.122461e-02 -2.363587e-01
-1.523593e-01 -5.180872e-02
-1.494911e-01 -6.804206e-02
-1.231920e-01 1.187859e-02
-3.431385e-03 1.754698e-02
-2.611721e-03 2.174825e-02
-1.513092e-01 -4.827254e-02
-1.471821e-01 -1.071366e-02
-1.074596e-01 -1.279547e-01
3.330169e-01 1.434163e-01
-2.889269e-03 5.952094e-02
1.639064e-04 5.773822e-02
-8.984495e-03 -2.143077e-01
3.230361e-02 -2.215434e-01
-1.266493e-01 5.554384e-02
4.512097e-02 -1.783778e-01
7.062305e-02 -1.775174e-01
-1.382839e-01 1.189319e-01
1.583793e-01 -2.061406e-01
-1.561836e-01 7.864662e-02
5.614752e-03 2.425264e-01
-2.495597e-03 4.630358e-02
-1.394926e-01 5.307160e-02
-9.254471e-02 1.595818e-01
-1.068053e-01 1.636353e-01
2.955674e-02 -2.371749e-01
1.280234e-02 3.416705e-03
-7.192555e-02 3.981482e-02
-1.618781e-01 4.022040e-02
2.067010e-01 5.973813e-02
-3.393383e-03 1.914410e-03
-6.578249e-03 3.956274e-04
1.277194e-01 1.473920e-01
9.509683e-02 2.202603e-01
5.433380e-02 2.290884e-01
7.164783e-03 1.162454e-01
-4.306651e-02 2.326089e-01
-6.876368e-02 1.470042e-01
-1.504040e-01 8.488151e-02
-1.539135e-01 6.682011e-02
-1.393249e-02 -3.078151e-03
-1.260279e-02 5.331309e-04
1.457551e-01 2.035256e-01
1.210332e-01 1.994997e-01
4.325434e-04 5.883525e-02
4.831999e-03 1.001906e-01
9.347008e-04 5.208206e-02
-1.500587e-02 4.103166e-03
-3.207662e-02 3.324615e-03
5.783197e-02 1.674747e-01
5.915338e-03 1.526612e-01
-1.516381e-01 4.912604e-02
-1.036888e-01 1.620400e-02
-3.510092e-02 1.347005e-01
1.737311e-03 -4.742650e-02
-1.660720e-02 2.407118e-01
-3.019506e-02 2.313772e-01
-3.696516e-02 2.385044e-01
-3.383728e-03 -4.175925e-05
-4.081524e-02 1.751785e-01
-3.367746e-02 1.871812e-01
4.623673e-02 2.180140e-01
2.774130e-02 2.315551e-01
-4.573586e-03 1.670168e-03
-5.635463e-02 2.296689e-01
-1.257618e-02 -1.375481e-01
-1.116807e-01 -1.522361e-01
-4.789518e-03 3.522000e-02
-7.656891e-03 6.852028e-02
-1.691321e-03 3.957280e-02
2.224614e-04 2.972542e-02
-8.632509e-02 9.988038e-02
-1.667919e-02 8.744096e-02
2.583835e-02 -2.306864e-01
2.238896e-02 -2.171188e-01
-4.493516e-03 -4.706960e-02
-2.846328e-03 -4.460991e-02
-5.964850e-03 -1.641309e-01
-2.905477e-02 -1.782000e-01
-2.403430e-02 -1.696683e-01
-3.814844e-03 -1.682302e-02
-7.669636e-04 -1.554495e-02
-1.451003e-01 -3.294962e-02
-1.337519e-01 -5.371033e-02
1.566209e-03 1.189240e-02
-1.821957e-04 5.695851e-02
2.224381e-03 -5.669847e-02
-1.246654e-01 -7.296334e-02
-1.102504e-01 -8.776753e-02
-2.755612e-02 -2.329198e-01
-1.967735e-02 -2.372195e-01
-2.183321e-03 -2.388799e-03
-6.307111e-04 -2.083511e-03
1.561191e-02 -3.845791e-02
1.924441e-02 -7.447226e-02
-9.647581e-02 1.892994e-01
-8.510107e-02 2.059793e-01
3.520688e-03 4.035404e-02
3.308776e-03 3.260265e-02
2.210344e-02 -1.140540e-01
2.617194e-02 -1.437667e-01
-5.013186e-02 -1.129140e-01
-5.571883e-03 -3.706411e-03
-1.365766e-02 -7.056563e-03
-6.991152e-02 -5.298830e-02
-5.542851e-02 -5.742968e-02
-3.028576e-03 -8.977613e-03
-5.719647e-02 -2.074674e-01
-4.124992e-02 -1.946102e-01
4.166701e-04 -6.560277e-03
-4.367401e-03 -1.076121e-02
2.062337e-02 1.911973e-01
6.523883e-03 1.721940e-01
-4.233980e-02 -2.031612e-01
-3.391439e-02 -2.193379e-01
-2.582243e-04 7.322660e-04
-7.200245e-02 1.973214e-01
-6.105080e-02 2.089577e-01
-5.718667e-02 1.901844e-01
4.301148e-01 -3.695856e-02
2.093068e-01 1.793619e-01
5.480355e-01 -3.902333e-02
5.383127e-01 -1.597775e-02
-6.156765e-02 2.197689e-01
-5.026402e-02 2.149701e-01
1.976158e-03 2.389684e-01
2.330765e-01 1.827381e-01
2.786945e-01 1.661923e-01
5.017935e-03 -2.359676e-01
2.794845e-01 1.468178e-01
2.363405e-01 1.481263e-01
-9.472233e-02 -1.215484e-01
-1.344789e-01 -1.802034e-02
-3.014307e-02 -1.815978e-02
-1.148295e-01 1.678637e-01
-1.476321e-01 1.063056e-01
-1.009811e-01 7.206476e-03
1.562559e-02 -1.953606e-01
-1.248598e-02 -1.635380e-01
-2.546514e-03 2.560245e-02
-1.585098e-03 6.060960e-02
-1.476066e-02 -1.608538e-01
-3.625661e-02 -1.732406e-01
2.484343e-03 4.975902e-02
-1.223380e-01 -5.553755e-02
-2.418780e-02 -9.422269e-02
-3.534031e-02 -4.197961e-02
-5.103381e-02 -2.230842e-01
2.645202e-02 9.700169e-02
5.154461e-02 1.002447e-01
3.312142e-02 6.983217e-02
-7.363494e-02 2.185694e-01
-8.925302e-02 2.012157e-01
-5.075150e-02 1.685354e-01
-5.378163e-02 -2.294059e-01
-3.605677e-02 -2.383909e-01
-3.894075e-02 -9.688431e-02
-3.679414e-02 -1.085142e-01
8.871642e-04 -5.796313e-02
2.764913e-01 -1.212752e-01
7.210487e-03 1.374713e-01
1.188597e-02 1.287743e-01
-9.919459e-02 -6.719024e-02
-9.989452e-02 -8.518494e-02
6.911161e-01 -3.017351e-02
1.626189e-01 -4.495785e-02
1.142895e-01 -3.862678e-02
1.122905e-02 8.001519e-02
2.084525e-02 1.140380e-01
-5.394655e-03 5.313264e-03
2.754603e-01 -5.295388e-02
2.167829e-01 -4.664350e-02
-1.682647e-02 -2.384436e-01
3.957449e-01 -6.071055e-02
3.338689e-01 -5.903993e-02
2.091824e-01 5.785614e-02
2.659140e-01 6.283466e-02
-3.724809e-04 1.460854e-01
5.720138e-01 5.804044e-02
6.275343e-01 5.312849e-02
7.220286e-01 -3.905634e-02
6.805199e-01 -4.637109e-02
3.007507e-01 1.605806e-01
7.638074e-01 2.969258e-02
7.916655e-01 2.355894e-02
8.126496e-01 1.291829e-02
8.217878e-01 4.978772e-03
-9.917951e-02 -1.005292e-01
5.324889e-01 -5.245224e-02
4.698337e-01 -5.364883e-02
-4.275132e-03 8.495643e-03
-1.420815e-01 1.256757e-01
-1.370186e-01 1.251808e-01
-4.150075e-02 1.327450e-01
-4.528823e-02 1.508108e-01
-1.296091e-02 1.398808e-01
-7.309908e-02 -5.229381e-04
-9.834762e-03 5.083355e-02
-1.007020e-01 -4.289988e-03
-1.157821e-01 1.378811e-03
3.220685e-01 1.434890e-01
3.601225e-01 1.062814e-01
-3.330064e-03 1.485091e-01
-6.333138e-02 -2.207076e-01
-7.044871e-02 -2.168520e-01
-4.847170e-02 -1.762069e-01
-6.976354e-02 -1.858096e-01
-1.454584e-03 1.089925e-01
-7.101872e-02 -2.068501e-01
-6.646948e-02 -1.956600e-01
-8.864149e-02 1.925378e-01
-8.483570e-02 1.815592e-01
-1.182980e-01 1.690772e-01
-1.291784e-01 1.471744e-01
-1.248822e-01 -5.655420e-03
-1.214429e-01 -2.436583e-02
3.178457e-04 -4.095108e-02
-3.728357e-04 -2.111088e-02
-1.102140e-01 -5.514009e-02
-9.450586e-02 -5.299803e-02
-8.137727e-02 -4.863207e-02
1.673039e-01 -8.888842e-02
-8.548000e-02 -2.004786e-01
-1.013528e-01 -1.857287e-01
3.331696e-01 5.967196e-02
3.958087e-01 6.276082e-02
-7.028550e-02 -4.171946e-02
-5.358115e-02 -1.453940e-01
-7.586298e-02 -2.075674e-01
-2.791931e-02 -3.279216e-02
-1.740719e-02 -2.046804e-02
-4.381099e-02 -1.678005e-01
-2.792221e-02 -7.722989e-02
-1.805471e-03 -3.322852e-02
-1.038029e-01 1.833670e-01
-3.878521e-02 2.222928e-01
2.638123e-01 -1.006990e-01
-1.181638e-01 -4.111746e-02
3.683302e-01 -1.021867e-01
1.910892e-01 1.466496e-01
2.512073e-01 1.106739e-01
-1.932915e-02 7.556969e-02
2.714553e-02 1.474349e-01
-6.030955e-02 -1.762233e-01
-9.576433e-02 -1.669498e-01
-8.646610e-02 -1.897368e-01
-7.443737e-02 1.672158e-01
-9.067400e-02 1.667144e-01
6.549432e-01 3.046858e-02
-1.150017e-01 1.643172e-01
-1.587043e-01 -5.645455e-02
6.549493e-02 1.324351e-01
8.041312e-02 9.890273e-02
-1.095145e-01 -3.107669e-02
4.886028e-03 -1.033471e-01
-9.052083e-02 -3.919041e-02
6.845443e-02 2.012196e-01
4.047056e-02 2.005479e-01
5.367864e-03 8.210534e-03
4.540943e-03 1.967493e-02
-6.500257e-02 -8.075112e-02
-6.046197e-02 -1.134999e-01
-9.594026e-02 -1.892899e-01
1.380149e-01 -1.812345e-01
1.631483e-01 -1.899490e-01
8.385760e-02 -6.937906e-02
7.166039e-02 -3.126749e-02
5.233907e-01 5.701378e-02
4.539750e-01 1.014942e-01
2.716687e-02 -1.837700e-01
4.612412e-01 5.728314e-02
-1.574966e-04 1.378290e-03
9.695676e-04 1.198329e-03
-2.977195e-02 1.003134e-01
-8.406235e-02 -1.307966e-01
3.420052e-02 1.747540e-01
5.420728e-01 8.622651e-02
6.905378e-01 4.199671e-02
-2.416019e-02 -9.785937e-02
-3.523989e-02 -1.204831e-01
7.361389e-01 3.681906e-02
6.163806e-01 6.087177e-02
6.742310e-01 -3.271717e-03
4.855642e-01 8.849867e-02
1.589308e-02 4.873729e-02
3.809234e-02 -2.363952e-02
8.271137e-01 -6.149666e-03
8.386947e-04 -2.037499e-03
4.311953e-03 -7.650941e-03
2.509310e-03 -1.717641e-02
1.981173e-02 -1.420327e-02
7.992997e-01 -2.343548e-02
1.558748e-01 1.450316e-01
1.467472e-01 1.770820e-01
-6.691438e-03 -3.416477e-02
7.793454e-02 -1.490806e-01
1.098054e-01 -1.734455e-01
-4.285791e-02 1.227015e-01
-1.234148e-01 1.459519e-01
4.901587e-02 1.553822e-01
7.634273e-02 1.593822e-01
-1.076042e-01 1.580965e-01
6.642343e-01 -3.881660e-02
6.049801e-01 -4.217540e-02
4.899794e-01 -8.614777e-02
1.908500e-01 -1.914280e-01
-1.035099e-01 -1.920751e-02
-9.793648e-02 -3.120057e-02
-1.065880e-01 -1.156222e-01
-1.969747e-03 -3.609974e-03
-4.608264e-03 -1.352273e-03
8.176177e-01 -1.330712e-02
1.425453e-01 1.236479e-01
1.090970e-01 1.527189e-01
1.829109e-02 -4.947133e-02
-1.424697e-02 -8.373814e-02
-9.057129e-03 -7.261726e-02
-6.069330e-02 1.664652e-01
-6.646873e-02 1.544566e-01
-1.843094e-02 1.738108e-01
-1.746007e-02 -5.642684e-02
9.309798e-02 -1.238659e-01
1.674106e-01 3.949818e-02
1.672450e-01 8.962581e-02
9.937507e-02 1.964607e-01
-9.909572e-02 -1.446393e-01
9.357367e-02 6.926597e-02
1.181347e-01 3.331210e-02
-3.136056e-02 -1.262473e-01
8.287055e-01 -1.819526e-02
8.442157e-02 1.797656e-01
1.164888e-01 1.028489e-01
1.133058e-02 -1.692804e-01
-6.932366e-02 1.411358e-01
-5.528815e-02 1.372999e-01
-1.745256e-02 -1.009808e-01
3.479733e-02 -6.096756e-02
6.248631e-02 -7.862179e-02
2.873152e-01 -1.384685e-01
-3.915692e-02 2.059194e-01
2.433202e-01 -1.397825e-01
2.064215e-01 -1.316416e-01
6.356718e-03 -1.345355e-01
2.233803e-01 -1.673817e-01
3.777260e-01 1.356801e-01
3.946701e-01 1.296649e-01
1.540824e-01 -1.547694e-01
1.230464e-01 -1.107147e-01
9.218102e-02 -9.461507e-02
4.398356e-01 1.155735e-01
1.625037e-01 -1.218204e-01
3.647117e-01 1.333175e-01
3.164337e-02 -3.836845e-02
4.830410e-01 9.979705e-02
-2.759531e-02 1.888279e-01
