1.000000e+00
3.000000e-01
1.000000e+00 0.000000e+00
taylor-hood
hole_normal
2.518977e-01 2.708757e-14
2.519195e-01 2.665533e-14
2.522536e-01 2.649118e-14
2.520124e-01 2.654468e-14
4.290490e-15 2.776838e-14
2.518977e-01 2.895391e-14
2.574642e-01 2.891498e-14
2.842615e-01 2.869396e-14
3.292895e-01 2.833723e-14
3.761156e-01 2.778636e-14
3.948329e-01 2.702307e-14
3.760602e-01 2.619961e-14
3.296922e-01 2.549424e-14
2.844407e-01 2.498104e-14
2.575850e-01 2.462752e-14
2.519195e-01 2.442055e-14
2.518977e-01 2.542930e-14
2.525346e-01 2.686753e-14
2.679635e-01 2.782279e-14
3.050369e-01 2.919995e-14
3.538303e-01 3.080905e-14
3.924964e-01 3.233623e-14
3.910252e-01 3.401702e-14
3.540792e-01 3.548163e-14
3.053801e-01 3.692157e-14
2.680777e-01 3.791825e-14
2.525323e-01 3.797256e-14
2.519195e-01 3.852765e-14
2.522536e-01 3.897938e-14
2.367015e-01 3.843536e-14
2.201095e-01 3.790426e-14
2.195787e-01 3.739761e-14
2.202662e-01 3.666164e-14
2.364019e-01 3.570272e-14
2.518977e-01 3.496791e-14
2.522536e-01 3.447568e-14
2.459156e-01 3.382851e-14
2.272298e-01 3.298290e-14
2.196137e-01 3.195575e-14
2.196652e-01 3.098483e-14
2.271002e-01 3.007858e-14
2.455766e-01 2.906989e-14
2.518977e-01 2.802839e-14
2.519195e-01 2.681373e-14
2.366336e-01 2.547771e-14
2.196944e-01 2.410409e-14
2.196444e-01 2.247510e-14
2.206277e-01 2.091434e-14
2.367106e-01 1.959044e-14
2.520124e-01 1.836791e-14
2.519195e-01 1.760607e-14
2.458311e-01 1.757219e-14
2.270282e-01 1.788582e-14
2.195918e-01 1.833580e-14
2.198010e-01 1.866835e-14
2.272651e-01 1.921774e-14
2.458415e-01 1.958339e-14
2.520124e-01 1.928115e-14
2.520124e-01 1.907022e-14
2.575928e-01 1.895756e-14
2.844161e-01 1.877279e-14
3.292714e-01 1.873587e-14
3.759718e-01 1.845461e-14
3.950732e-01 1.777853e-14
3.761921e-01 1.716407e-14
3.298512e-01 1.647961e-14
2.849437e-01 1.542060e-14
2.578039e-01 1.393296e-14
2.522536e-01 1.224553e-14
2.520124e-01 1.149839e-14
2.526873e-01 1.102364e-14
2.681161e-01 9.776231e-15
3.050392e-01 8.539083e-15
3.539809e-01 7.332524e-15
3.925593e-01 6.059971e-15
3.912249e-01 4.783195e-15
3.545303e-01 4.392422e-15
3.056723e-01 3.877471e-15
2.684837e-01 2.296921e-15
2.529842e-01 6.374353e-16
2.522536e-01 -1.067083e-16
6.420004e-15 0.000000e+00
8.021322e-15 0.000000e+00
9.605416e-15 0.000000e+00
1.108773e-14 0.000000e+00
1.223498e-14 0.000000e+00
1.323371e-14 0.000000e+00
1.410504e-14 0.000000e+00
1.493800e-14 0.000000e+00
1.564217e-14 0.000000e+00
1.615091e-14 0.000000e+00
1.651018e-14 0.000000e+00
1.674350e-14 0.000000e+00
1.690183e-14 0.000000e+00
1.764341e-14 0.000000e+00
1.854806e-14 0.000000e+00
1.912606e-14 0.000000e+00
2.042674e-14 0.000000e+00
2.162805e-14 0.000000e+00
2.205563e-14 0.000000e+00
2.280132e-14 0.000000e+00
2.349571e-14 0.000000e+00
2.377857e-14 0.000000e+00
2.424255e-14 0.000000e+00
2.543871e-14 0.000000e+00
2.686807e-14 0.000000e+00
3.605818e-02 2.915425e-02
2.916271e-02 8.912441e-05
1.138126e-01 -7.639616e-02
2.267303e-01 -1.082652e-03
2.277003e-01 1.055565e-03
2.195533e-01 4.137041e-05
1.447817e-01 -7.215212e-02
1.494955e-01 6.602533e-02
2.258439e-01 -9.516249e-04
1.776988e-01 5.703261e-02
2.952985e-01 3.230675e-02
2.974522e-01 3.949934e-02
2.951140e-01 -3.602003e-02
2.920496e-01 -3.711133e-02
3.780841e-01 -1.671648e-02
3.761209e-01 -1.598484e-02
5.801999e-02 -4.928558e-02
8.915321e-02 -2.737794e-02
8.674511e-02 3.001675e-02
1.318406e-01 3.927862e-03
1.503724e-01 -4.596679e-02
1.509041e-01 5.629399e-02
1.752444e-01 -1.456223e-02
1.936469e-01 -4.503026e-02
1.949928e-01 -7.435689e-02
2.009157e-01 1.665070e-02
2.666048e-01 5.660910e-02
2.243850e-01 9.199731e-02
2.097090e-01 -3.939382e-02
2.535890e-01 -7.546005e-02
3.536828e-02 -2.668729e-02
7.942563e-02 -8.083710e-04
1.087706e-01 5.433865e-02
1.341980e-01 1.971277e-02
1.314764e-01 -3.033825e-02
1.691013e-01 -7.914411e-03
1.798218e-01 2.914681e-02
1.839782e-01 -4.584331e-02
1.992020e-01 4.913437e-03
1.762064e-01 -4.926783e-02
2.213760e-01 -8.700422e-02
3.027000e-01 6.968701e-02
2.449582e-01 7.707629e-04
2.074171e-01 2.426895e-02
2.061860e-01 5.132497e-02
2.259761e-01 3.061318e-02
2.048134e-01 -1.771020e-02
2.002509e-01 1.051664e-02
1.173833e-01 7.647556e-02
2.249472e-01 8.744146e-02
2.891224e-01 4.956475e-02
2.954051e-01 7.426164e-02
2.190608e-01 -2.837373e-02
1.795029e-01 -9.607586e-02
2.547163e-01 -9.115760e-02
2.154802e-01 5.849577e-03
2.520373e-01 9.023859e-02
2.369007e-01 9.424274e-02
2.865879e-01 -2.025296e-02
2.539050e-01 4.969036e-03
2.537681e-01 -4.823156e-03
2.537128e-01 -4.190256e-03
2.142732e-01 -4.719303e-03
3.465287e-01 3.799545e-02
3.011224e-01 -6.406922e-02
3.369505e-01 5.116127e-02
3.408679e-01 -9.093294e-04
1.217041e-01 8.496049e-02
3.344753e-01 2.886512e-02
1.934521e-01 -9.640713e-02
2.721808e-01 -8.620945e-02
2.160241e-01 -8.937977e-02
2.420187e-01 5.411890e-02
3.145117e-01 -6.612839e-02
3.090032e-01 6.603217e-02
2.166284e-01 -1.990472e-03
1.772705e-01 9.224085e-02
2.096257e-01 7.643678e-02
1.951906e-01 4.388132e-02
2.285227e-01 5.011648e-02
2.159871e-01 2.496641e-02
2.409787e-01 2.614737e-02
2.267744e-01 7.695580e-03
3.321088e-01 -4.042539e-02
2.196452e-01 1.748321e-04
2.516146e-01 2.680014e-02
2.651274e-01 -2.061861e-02
2.471124e-01 -2.213341e-02
2.553189e-01 -4.766332e-02
2.202972e-01 -3.674843e-02
2.656236e-01 -2.025562e-02
2.631142e-01 -5.071585e-02
3.280772e-01 -5.092369e-02
2.637837e-01 2.066708e-02
2.485748e-01 -2.114159e-02
2.840124e-01 -7.209210e-02
2.616564e-01 6.932605e-02
3.819758e-01 1.190476e-02
2.196022e-01 3.912267e-05
2.458799e-01 5.090464e-04
2.461798e-01 -4.190330e-04
2.536297e-01 3.206377e-03
2.361293e-01 1.038094e-02
2.156814e-01 7.766319e-03
1.683208e-01 6.136003e-02
2.176912e-01 7.869947e-02
2.757650e-01 6.749883e-02
2.451748e-01 -1.303063e-03
2.262772e-01 -1.279912e-02
2.179007e-01 -7.979879e-03
2.669685e-01 1.979597e-02
1.997359e-01 -2.020345e-02
2.188623e-01 1.168077e-02
1.398853e-01 -8.164886e-02
3.453618e-01 -1.550561e-02
3.840783e-01 8.612279e-03
2.704767e-01 -7.406148e-02
3.533097e-01 -3.284997e-02
2.278060e-01 -5.481122e-02
2.184783e-01 -3.387979e-03
2.194400e-01 4.759220e-04
2.624191e-01 7.700189e-03
1.704280e-01 8.816756e-02
2.595449e-01 4.411892e-02
2.174977e-01 -6.753755e-02
1.546967e-01 -7.461246e-02
9.135838e-02 -7.426974e-02
3.446134e-01 4.607930e-02
2.306445e-01 -1.001016e-02
5.029934e-02 4.968430e-02
1.690641e-01 2.142942e-02
2.269671e-01 5.211380e-04
3.518412e-01 3.009366e-02
2.142806e-01 -1.559311e-02
2.203514e-01 -9.355082e-02
9.443178e-02 -4.785503e-02
2.197174e-01 9.356226e-05
2.965367e-01 -3.599790e-02
2.519195e-01 2.789234e-13
2.520124e-01 -6.913609e-13
3.164378e-01 -6.496936e-02
9.971866e-02 7.596250e-02
2.522536e-01 -4.745614e-13
2.518977e-01 9.385591e-14
3.321018e-01 3.892914e-02
1.005191e-01 -7.596703e-02
1.736925e-01 9.580453e-02
3.025637e-01 7.142218e-02
2.409658e-01 -7.500411e-02
1.129458e-01 7.194181e-02
2.680716e-01 4.300617e-02
2.479146e-01 8.636550e-03
3.185102e-01 -4.699885e-02
3.466535e-01 -4.269410e-02
3.020270e-01 1.306661e-02
2.196024e-01 8.539967e-05
2.572409e-01 -6.056527e-02
2.403758e-01 -6.946909e-03
3.650208e-01 2.850976e-02
3.533495e-01 -3.877695e-02
2.411654e-01 -3.712710e-02
2.220643e-01 -4.123596e-02
2.346690e-01 -2.640929e-02
1.916146e-01 -3.171644e-02
2.076051e-01 -3.132038e-02
2.053967e-01 -4.423741e-02
2.464353e-01 -5.466278e-02
2.540883e-01 -3.569317e-02
2.834938e-01 5.654848e-02
2.834782e-01 7.177068e-02
3.052741e-01 5.441112e-02
3.390460e-01 -2.782379e-02
3.559784e-01 -3.106372e-02
3.634210e-01 -1.326095e-02
2.078618e-01 3.480045e-02
2.069584e-01 2.098769e-02
1.949680e-01 2.601969e-02
3.821855e-01 -2.527878e-03
3.673709e-01 6.176989e-03
3.330942e-01 4.880571e-02
3.240769e-01 3.791268e-02
2.883357e-01 7.181995e-02
3.206374e-01 5.598555e-02
3.049547e-01 5.689018e-02
2.387368e-01 -1.569722e-02
2.385248e-01 -4.878003e-03
2.461498e-01 -8.320698e-03
2.583212e-01 8.130087e-02
2.841049e-01 7.989715e-02
2.185663e-01 2.432893e-03
2.192569e-01 8.601702e-03
2.202922e-01 2.473577e-03
2.195777e-01 4.024654e-05
2.188599e-01 -9.898676e-04
2.189714e-01 3.108064e-04
2.421581e-01 -7.499573e-02
2.398369e-01 -5.925306e-02
2.617494e-01 -6.213223e-02
2.485818e-01 8.357158e-03
2.431474e-01 1.823771e-02
2.541913e-01 1.398088e-02
3.680885e-01 2.136134e-02
3.467778e-01 2.076599e-02
2.511454e-01 -2.740484e-03
2.535543e-01 -1.141268e-02
2.186045e-01 -5.185689e-02
1.980710e-01 -5.954971e-02
3.270817e-01 -3.876337e-02
3.210179e-01 -1.744023e-02
2.968246e-01 -4.585884e-02
2.862201e-01 -5.656822e-02
2.739419e-01 -4.613178e-02
2.553671e-01 1.548810e-02
2.450723e-01 1.637512e-02
2.553708e-01 2.539769e-02
1.301348e-01 -3.201065e-02
1.321001e-01 -1.246468e-02
2.085095e-01 -1.915770e-02
2.153568e-01 -2.573053e-02
2.271013e-01 8.745889e-02
1.958037e-01 8.605493e-02
2.170887e-01 9.495987e-02
2.727918e-01 -4.126841e-02
2.827612e-01 -6.338391e-02
3.204171e-01 6.192000e-02
3.357721e-01 4.622586e-02
3.229409e-01 -1.666247e-02
3.155610e-01 -4.622183e-02
3.167713e-02 -3.857699e-02
5.209845e-02 -5.106876e-02
2.490960e-01 3.561918e-02
2.637371e-01 3.197463e-02
3.166167e-02 3.807414e-02
1.979482e-02 2.767688e-02
2.270690e-01 2.336607e-03
2.207426e-01 3.373513e-04
2.145393e-01 1.566528e-02
2.100078e-01 1.086892e-02
2.394775e-01 -1.467636e-02
1.799283e-01 9.611846e-03
3.433824e-01 1.615665e-02
3.158857e-01 2.127164e-02
2.609374e-01 2.487303e-02
2.582154e-01 1.218536e-02
2.615161e-02 1.433139e-03
9.705062e-03 -9.346784e-03
9.741751e-03 1.025364e-02
1.919244e-01 -7.508207e-02
1.695329e-01 -6.004324e-02
1.868094e-01 1.550678e-02
1.816987e-01 3.533546e-02
1.850656e-01 -8.570609e-02
2.161922e-01 -7.965999e-02
3.102273e-01 -5.825369e-02
2.935558e-01 -5.470215e-02
3.128504e-01 -3.988614e-02
5.490432e-02 1.489242e-02
5.541085e-02 -1.431289e-02
2.415548e-01 3.829496e-03
2.506586e-01 2.110957e-03
2.375265e-01 7.577575e-02
1.192018e-01 2.090495e-02
1.715252e-01 4.466744e-02
9.464706e-02 4.235988e-02
2.624666e-01 8.193666e-03
2.551931e-01 4.505808e-03
2.467335e-01 -8.410711e-02
3.048499e-01 -4.297467e-02
2.965846e-01 -6.302509e-02
2.157387e-01 2.974255e-03
1.426436e-01 7.058970e-02
7.252670e-02 5.207276e-02
1.003873e-01 4.423004e-02
3.129947e-01 3.719848e-02
2.895260e-01 5.082753e-02
2.195904e-01 1.956134e-05
2.195660e-01 2.068520e-05
1.384832e-01 -6.759120e-02
9.713835e-02 -3.973917e-02
7.138989e-02 -5.179489e-02
3.268196e-01 -5.360879e-02
2.997365e-01 -7.068657e-02
2.576867e-01 -2.311635e-02
2.524746e-01 -1.219560e-02
2.575973e-01 -1.213549e-02
2.364151e-01 -4.455469e-02
2.354087e-01 -3.025788e-02
2.504089e-01 -3.432478e-02
2.737094e-01 1.435722e-02
2.775397e-01 3.125753e-02
2.935798e-01 1.859562e-02
1.126016e-01 -2.738263e-02
1.867785e-01 -1.736668e-02
1.253750e-01 3.300389e-03
2.057971e-01 7.567936e-02
1.766903e-01 8.693760e-02
3.655329e-01 -2.777899e-02
3.691308e-01 -1.981575e-02
3.813523e-01 -1.392059e-02
2.621778e-01 8.313534e-02
2.493086e-01 7.667197e-02
2.249662e-01 8.941206e-02
2.637730e-01 -3.399956e-02
7.008129e-02 -6.397361e-02
2.531308e-02 -3.028758e-02
1.461878e-01 -9.070048e-02
1.178558e-01 -8.298911e-02
1.616583e-01 -9.377722e-02
2.413154e-01 3.931833e-02
2.165329e-01 6.532400e-02
2.454891e-01 -9.288976e-02
2.579703e-01 -8.548654e-02
2.803986e-01 -8.127757e-02
2.771869e-01 4.548781e-02
2.608804e-01 5.665757e-02
3.440603e-01 -4.140744e-02
3.576892e-01 -1.920954e-02
2.196165e-01 1.109523e-04
2.213346e-01 8.159501e-04
2.232840e-01 1.458383e-04
2.359309e-01 7.209146e-04
2.365579e-01 3.560039e-03
1.002442e-01 -6.993027e-02
3.415454e-01 6.345344e-03
3.679163e-01 2.579033e-03
3.624560e-01 2.016948e-02
1.720608e-01 -8.668273e-02
2.041608e-01 -7.238252e-02
3.338454e-01 -2.074112e-02
3.136779e-01 -1.981397e-02
1.804950e-01 7.116165e-02
1.579577e-01 7.746417e-02
5.335023e-02 5.445038e-02
6.280358e-02 5.459453e-02
1.824033e-02 2.552141e-02
3.914471e-01 -3.418262e-03
3.815317e-01 -1.328062e-02
2.619234e-01 -8.863479e-03
2.551733e-01 -4.502468e-03
2.243468e-01 3.319849e-02
1.130250e-01 3.030725e-02
2.766107e-01 -2.940709e-02
3.272574e-01 -2.817003e-03
2.954227e-01 -2.906884e-03
8.117947e-02 6.966061e-02
7.337009e-02 6.187284e-02
2.525952e-01 5.842985e-03
2.571825e-01 1.045856e-02
3.908799e-01 -3.074782e-03
2.416958e-01 -3.614720e-02
2.533492e-01 -3.052227e-03
2.619524e-01 -8.569112e-03
2.578464e-01 -1.143179e-02
2.549656e-01 -3.865757e-03
3.121992e-01 -2.072403e-02
2.905121e-01 -1.771793e-02
2.795708e-01 -4.617398e-02
2.671760e-01 -3.480388e-02
2.781628e-01 -2.884290e-02
2.917000e-01 -1.702031e-02
2.914647e-01 1.525238e-02
3.135098e-01 1.785903e-02
2.743163e-01 -1.358921e-02
2.218532e-01 -3.596527e-03
2.188742e-01 -2.182365e-03
2.205507e-01 -4.067076e-04
2.745610e-01 -1.308930e-02
5.378451e-02 -5.483237e-02
1.045112e-01 -8.005095e-02
4.998895e-02 -4.691709e-02
2.373509e-01 8.763690e-03
2.461026e-01 3.610943e-03
6.221791e-02 -5.340912e-02
1.764393e-02 -2.471253e-02
2.582799e-01 -2.247435e-02
3.184317e-01 -5.778655e-02
2.912958e-01 -7.389986e-02
2.196865e-01 4.627631e-05
2.322210e-01 2.016103e-04
1.324597e-01 6.542357e-02
1.453470e-01 8.521650e-02
2.255699e-01 -1.834591e-02
2.317410e-01 -2.022498e-04
2.233169e-01 -1.185166e-04
2.195849e-01 4.587897e-05
2.195444e-01 1.801236e-04
2.722703e-01 -6.325078e-02
2.616151e-01 9.180402e-03
2.742510e-01 8.486972e-02
1.055513e-01 8.027944e-02
5.064207e-02 4.705082e-02
2.164979e-01 -5.700417e-03
3.655806e-01 -1.843799e-02
3.826668e-01 -2.216195e-03
1.970159e-01 9.736064e-02
2.408242e-01 9.392313e-02
1.533980e-01 9.247426e-02
1.758858e-01 9.349605e-02
1.322552e-01 8.022631e-02
1.948861e-01 8.427272e-02
3.919198e-01 3.408170e-03
2.323486e-01 -8.533276e-02
2.620220e-01 -7.610888e-02
2.567854e-01 6.335342e-02
2.322013e-01 6.710297e-02
2.311424e-01 -1.537074e-04
2.227737e-01 -1.172541e-04
2.522740e-01 7.830566e-04
2.523493e-01 -7.763459e-04
3.203503e-01 2.208185e-02
2.370232e-01 9.976562e-04
2.412944e-01 1.202721e-04
3.837425e-01 1.103404e-02
2.221650e-01 1.543650e-02
2.197693e-01 -7.607723e-06
3.663085e-01 1.395944e-02
3.702109e-01 2.448696e-02
2.408104e-01 1.497460e-04
2.491697e-01 7.242588e-05
1.071523e-01 -5.850581e-02
7.171360e-02 -3.974040e-02
2.521984e-01 -6.245512e-04
2.414864e-01 -9.887999e-05
2.366613e-01 -9.354702e-04
3.274128e-01 -5.348699e-02
3.485692e-01 -3.178869e-02
2.209355e-01 -1.504419e-04
2.199599e-01 1.590940e-05
3.509070e-01 4.007368e-02
3.656009e-01 2.774731e-02
2.230924e-01 7.552706e-05
2.549422e-01 3.422019e-03
2.194443e-01 -4.535770e-04
2.215384e-01 -2.224558e-03
2.237387e-01 -2.341554e-02
2.357907e-01 -1.795480e-02
3.734414e-01 1.438272e-02
3.762687e-01 1.936741e-02
3.849114e-01 9.861549e-03
2.493207e-01 4.191300e-05
3.923510e-01 2.637815e-03
2.494830e-01 -3.853628e-05
3.669880e-01 -1.593201e-02
3.447180e-01 -1.814202e-02
2.524505e-01 4.360665e-04
2.095477e-01 6.573168e-02
2.235558e-01 5.504381e-02
1.379038e-01 -5.437128e-02
1.602335e-01 -4.145966e-02
3.498485e-01 3.512953e-02
3.578197e-01 1.807274e-02
2.489333e-01 -1.014166e-04
2.406912e-01 -2.406538e-04
3.337486e-01 1.985642e-02
1.820032e-01 -9.234380e-02
2.086860e-01 -9.709419e-02
3.363350e-01 -4.085033e-02
3.279971e-01 -2.401160e-02
2.754096e-01 1.234956e-02
2.354605e-01 -1.356826e-03
1.921592e-01 -5.985094e-02
1.708045e-01 -6.386095e-02
1.750942e-01 -4.758022e-02
1.916014e-01 4.312617e-02
2.052393e-01 3.709548e-02
1.963052e-01 2.828378e-02
2.280210e-01 -4.035473e-03
2.424143e-01 6.195228e-02
2.207523e-01 6.369539e-02
1.879070e-01 9.627436e-04
2.007277e-01 -4.830825e-03
1.923916e-01 -1.793135e-02
2.972618e-01 -7.615751e-02
2.317884e-01 6.684566e-05
2.314407e-01 4.430318e-03
2.432860e-01 -1.348729e-02
2.494995e-01 -6.364991e-03
2.791537e-01 2.666849e-02
1.984868e-01 6.112068e-02
1.767613e-01 5.145984e-02
1.414213e-01 -6.467105e-02
1.219287e-01 -3.939530e-02
7.317667e-02 4.472025e-02
8.801615e-02 2.852292e-02
8.824129e-03 8.235252e-03
9.341970e-03 -8.469526e-03
3.429493e-01 -4.589221e-02
3.671896e-01 -2.682714e-02
2.235431e-01 4.735011e-03
2.266236e-01 1.158944e-02
3.208890e-01 2.156937e-02
3.230134e-01 4.432320e-02
1.520515e-01 -9.191950e-02
1.977726e-01 -9.576696e-02
1.594605e-01 2.644719e-02
1.717055e-01 1.182298e-02
1.516056e-01 3.748003e-03
1.722122e-01 4.450863e-02
1.904297e-01 5.806193e-02
2.149279e-01 1.042146e-03
2.080734e-01 -1.901385e-03
2.094198e-01 6.794886e-03
2.323128e-01 4.250568e-02
2.177343e-01 4.132126e-02
2.318096e-01 1.937377e-02
2.396780e-01 2.985913e-02
2.325025e-01 1.591348e-02
2.274988e-01 2.699868e-02
2.547089e-01 -6.331283e-02
7.341670e-02 -5.051115e-02
9.345631e-02 -4.577087e-02
7.293612e-02 4.628748e-02
2.519195e-01 1.948103e-12
2.519195e-01 1.367882e-13
2.519195e-01 6.857099e-13
2.520124e-01 -1.187431e-13
2.520124e-01 -1.553202e-12
2.520124e-01 -8.019792e-13
2.024396e-01 1.620793e-02
1.893159e-01 1.514312e-02
2.100692e-01 1.475569e-03
2.449289e-01 5.553746e-02
2.586094e-01 7.076161e-02
1.919767e-01 7.371386e-02
1.716194e-01 -8.052561e-02
2.522536e-01 2.143736e-12
2.522536e-01 5.481061e-14
2.522536e-01 1.531926e-13
2.113551e-01 -8.199847e-03
2.518977e-01 -2.134880e-13
2.518977e-01 -2.148085e-14
2.518977e-01 -6.764580e-13
2.448567e-01 7.833040e-02
2.661493e-01 8.786864e-02
2.319349e-01 9.443734e-02
2.657403e-01 8.233517e-02
1.279847e-01 -5.049400e-03
1.053629e-01 -1.782006e-02
1.078688e-01 1.113468e-02
2.481704e-01 3.973649e-02
2.358683e-01 3.755761e-02
2.200687e-01 3.738087e-02
2.112075e-01 4.972326e-02
2.147975e-01 2.910016e-02
2.194595e-01 -1.484925e-02
2.167206e-01 -8.635960e-03
2.202980e-01 -7.891953e-03
2.185653e-01 1.359739e-03
2.181466e-01 -1.150730e-03
1.858373e-01 2.077716e-04
1.479135e-01 4.348154e-02
1.732415e-01 -2.840488e-02
1.509762e-01 -1.764014e-02
2.267198e-01 -5.064210e-03
2.112547e-01 1.361583e-02
2.101871e-01 -2.493569e-02
2.090078e-01 -3.796496e-02
1.984007e-01 -2.999913e-02
1.822394e-01 -3.183766e-02
1.193263e-01 3.634604e-02
2.774274e-01 -8.232751e-02
2.662125e-01 -7.699670e-02
2.412872e-01 -9.235394e-02
1.416970e-01 6.034896e-02
1.736745e-01 -8.893218e-02
2.225825e-01 -8.970278e-02
2.074337e-01 -7.793625e-02
1.363161e-01 -2.265460e-02
1.098001e-01 -1.010460e-02
3.732092e-02 -2.495845e-02
2.786614e-01 3.044604e-02
3.106183e-01 2.279949e-03
2.434531e-01 -2.535561e-03
2.506121e-01 -1.842881e-03
2.002055e-01 -9.445256e-02
2.336619e-01 -9.296712e-02
2.205616e-01 -9.662456e-02
2.225980e-01 -9.529036e-03
2.187012e-01 4.862865e-03
1.200423e-01 4.656197e-02
1.355548e-01 3.175107e-02
1.091185e-01 1.586252e-02
5.651858e-02 1.632946e-02
8.123080e-02 1.356835e-03
5.788569e-02 -1.447949e-02
2.766133e-01 8.463819e-02
2.683378e-01 8.258427e-02
1.696401e-01 2.817832e-03
1.618582e-01 -2.865772e-02
3.417753e-01 4.065940e-02
2.079293e-01 -1.101617e-02
1.980575e-01 -7.716248e-03
3.057923e-01 4.166346e-02
3.200093e-01 5.091163e-02
2.881938e-01 6.565144e-02
3.081100e-01 7.080450e-02
1.551514e-01 -7.428313e-03
3.013171e-01 -7.134439e-02
2.969290e-01 -6.369906e-02
2.651790e-01 -8.403563e-02
2.882671e-01 -8.005432e-02
3.104769e-01 -6.818661e-02
2.211869e-01 2.043094e-02
2.383837e-01 -9.393705e-02
2.131297e-01 -1.371197e-02
2.134043e-01 -1.031044e-02
2.168508e-01 -4.951597e-03
2.095349e-01 -5.278208e-02
2.142648e-01 -6.580833e-02
1.741073e-01 -5.885455e-02
2.175786e-01 -1.697547e-02
2.330619e-01 -6.550737e-02
1.862651e-01 -1.656820e-02
2.939162e-01 6.518192e-02
2.141627e-01 1.825128e-02
3.430552e-01 4.742485e-02
3.201206e-01 6.355290e-02
3.232210e-01 5.633563e-02
2.157609e-01 9.423040e-03
2.190277e-01 -1.112299e-03
2.393763e-01 -7.533157e-02
3.581477e-01 3.513853e-02
3.520971e-01 3.965090e-02
2.453303e-01 4.862428e-02
1.667045e-01 7.587235e-02
1.977813e-01 8.550969e-02
1.372320e-01 7.527540e-02
2.180181e-01 3.195193e-03
2.194976e-01 3.312326e-04
2.028361e-01 9.504865e-02
2.360869e-01 -6.059899e-02
2.721614e-01 5.540760e-02
2.569651e-01 4.969096e-02
2.647720e-01 -8.451891e-02
2.812501e-01 3.998265e-02
9.525413e-02 5.270246e-02
2.045083e-01 -8.635313e-02
2.508180e-01 4.594992e-05
1.580766e-01 3.771286e-02
1.515040e-01 1.455357e-02
2.509589e-01 -4.451641e-05
1.129437e-01 -7.648691e-02
1.628239e-01 -8.843917e-02
2.331779e-01 -3.437770e-03
2.524644e-01 4.589443e-04
2.196234e-01 4.269983e-05
2.507058e-01 -2.257893e-04
2.523030e-01 8.356412e-04
2.523572e-01 -8.126852e-04
2.092183e-01 9.738070e-02
1.976290e-01 9.453586e-02
8.232731e-02 -2.521995e-02
6.519674e-02 -3.915538e-02
2.613678e-01 -3.832780e-02
2.824255e-01 -1.559302e-02
2.509435e-01 9.368181e-05
2.196809e-01 4.678112e-05
2.522365e-01 -7.254903e-04
3.180420e-02 2.569311e-02
6.641716e-02 4.236404e-02
2.586624e-01 3.546730e-02
1.412650e-01 -8.960447e-02
1.304172e-01 -7.836181e-02
1.144760e-01 8.130053e-02
2.764565e-01 -5.666425e-02
3.004319e-01 7.468402e-02
2.336650e-01 -9.891317e-03
3.261681e-01 5.790361e-02
3.275571e-01 5.857400e-02
2.511640e-01 1.846930e-03
2.865235e-01 3.436122e-02
3.636204e-01 -2.851130e-02
1.130519e-01 -3.913510e-02
1.018232e-01 6.710024e-02
1.391292e-01 8.561252e-02
2.690139e-01 3.089798e-02
3.315192e-01 -5.597856e-02
3.520763e-01 -3.975192e-02
3.368712e-01 -4.958012e-02
1.493549e-01 8.994269e-02
9.400685e-02 -6.377167e-02
1.249463e-01 -6.442774e-02
3.231568e-01 -6.089950e-02
2.233862e-01 -5.696150e-02
2.636261e-01 1.512552e-02
1.706984e-01 9.402280e-02
2.186601e-01 -7.704184e-02
2.196813e-01 1.341972e-04
2.196238e-01 1.301159e-04
2.196599e-01 8.948097e-05
1.361144e-01 8.906123e-02
8.292942e-02 6.359836e-02
3.364634e-01 -5.212581e-02
