1.000000e+00
3.000000e-01
0.000000e+00 0.000000e+00
taylor-hood
hole_normal
1.000000e+00 -4.243333e-25
1.107915e+00 1.333007e-26
1.000000e+00 2.287236e-25
1.107969e+00 5.277255e-25
2.956404e-25 6.692302e-25
1.018123e+00 -1.396577e-26
1.078031e+00 3.594225e-25
1.174792e+00 6.873204e-26
1.307816e+00 -3.202562e-25
1.467992e+00 2.610901e-25
1.623140e+00 -4.577745e-25
1.724893e+00 -9.940866e-26
1.727655e+00 -1.066106e-27
1.630205e+00 1.522658e-25
1.483719e+00 -1.055975e-24
1.336336e+00 1.918682e-25
1.221013e+00 -2.847101e-25
1.147725e+00 -7.972001e-25
1.113205e+00 -1.537826e-25
1.002783e+00 6.581739e-28
1.043334e+00 9.067999e-26
1.121910e+00 9.326236e-27
1.236866e+00 5.837326e-25
1.385852e+00 -9.590560e-25
1.549163e+00 1.235846e-24
1.683080e+00 3.185304e-25
1.737363e+00 -5.510929e-25
1.687648e+00 5.834102e-25
1.560259e+00 4.534511e-25
1.407242e+00 3.573566e-25
1.273586e+00 -1.135912e-24
1.179149e+00 -6.300281e-26
1.125781e+00 2.970932e-25
1.107735e+00 -1.212094e-24
1.000000e+00 -6.349789e-26
1.000000e+00 2.896347e-25
1.000000e+00 -6.540138e-26
1.000000e+00 4.351378e-25
1.000000e+00 -2.614420e-25
1.000000e+00 -5.729431e-25
1.000000e+00 -5.120170e-25
1.000000e+00 4.797735e-25
1.000000e+00 8.786484e-25
1.000000e+00 6.679685e-25
1.000000e+00 -2.567084e-25
1.000000e+00 -2.119988e-25
1.000000e+00 1.277401e-25
1.000000e+00 -4.667666e-25
1.000000e+00 4.196659e-25
1.000000e+00 1.297302e-25
1.000000e+00 4.897551e-25
1.000000e+00 -4.853483e-25
1.000000e+00 -2.677221e-25
1.093637e+00 -8.332431e-26
1.037525e+00 4.929535e-26
9.642980e-01 9.510935e-26
9.055831e-01 -4.155098e-25
8.905733e-01 -1.382380e-25
9.055967e-01 -1.463353e-25
9.643759e-01 1.825169e-25
1.037376e+00 -2.080602e-25
1.093682e+00 1.782435e-25
1.105225e+00 -4.098965e-25
1.069324e+00 -1.193199e-24
1.001126e+00 2.122579e-25
9.315506e-01 3.175817e-26
8.925350e-01 5.843488e-25
8.923167e-01 -9.659444e-25
9.316575e-01 -2.274459e-25
1.001229e+00 2.311298e-25
1.069466e+00 -2.208411e-26
1.105276e+00 2.947471e-25
1.113265e+00 -2.859877e-26
1.147739e+00 7.411127e-26
1.221113e+00 -2.418397e-25
1.336303e+00 -2.601382e-26
1.483767e+00 -4.719218e-25
1.630167e+00 1.162794e-24
1.728031e+00 -1.538811e-25
1.724780e+00 -9.235557e-25
1.623477e+00 3.398511e-25
1.468392e+00 -8.321306e-26
1.308009e+00 3.112595e-25
1.174849e+00 4.181712e-25
1.078144e+00 9.901735e-25
1.018185e+00 -4.499584e-26
1.107780e+00 -3.092120e-26
1.125837e+00 9.422592e-25
1.179180e+00 2.005349e-25
1.273620e+00 -5.965486e-26
1.407255e+00 2.981791e-25
1.560013e+00 -8.791105e-25
1.687729e+00 1.069557e-25
1.737833e+00 2.962430e-25
1.683216e+00 2.142871e-25
1.549369e+00 -3.220053e-25
1.386075e+00 -5.222985e-25
1.237045e+00 -6.121252e-25
1.121998e+00 -3.695756e-25
1.043373e+00 -2.429487e-25
1.002825e+00 3.054865e-25
-1.402513e-25 4.114680e-25
-9.005914e-25 -4.365806e-25
-2.600593e-27 1.609051e-25
1.762480e-25 7.450090e-26
9.719046e-25 1.512845e-24
4.919011e-26 7.124582e-26
-6.942712e-25 1.592611e-24
3.947925e-25 -7.838767e-25
7.419631e-25 1.953407e-26
7.573835e-25 -2.886121e-25
6.414523e-25 -1.542625e-25
2.287249e-25 -1.056473e-24
-9.550827e-25 4.920531e-26
3.259839e-26 3.529628e-25
7.103847e-25 -1.104111e-25
-6.144958e-27 1.158148e-25
5.103420e-25 1.478212e-25
7.530590e-25 -3.458517e-27
-3.767430e-25 2.022629e-25
-3.739204e-26 -4.205763e-25
1.274039e-25 -4.604713e-25
1.185612e-24 5.844007e-25
8.341236e-25 1.516616e-24
-5.189282e-25 -4.628797e-25
-7.882564e-25 1.198915e-25
-6.572035e-26 3.483816e-25
-9.135811e-25 8.370236e-25
6.305344e-25 -1.199803e-25
-4.570041e-26 -6.224976e-25
-1.444242e-25 8.491130e-25
-2.812204e-25 1.764797e-25
9.966302e-02 9.350834e-02
9.371418e-02 -7.055775e-02
2.530480e-01 -2.372697e-01
2.555344e-01 2.353532e-01
9.253483e-01 1.668494e-02
9.893036e-01 -4.718048e-02
9.234498e-01 -1.885232e-02
9.867790e-01 4.993832e-02
5.009101e-01 -2.356762e-01
4.852411e-01 2.326380e-01
6.423695e-01 -1.029890e-01
1.342890e+00 1.309285e-01
1.371037e+00 -1.154101e-01
1.367130e+00 -1.279748e-01
1.375909e+00 1.218056e-01
1.643111e+00 8.298433e-02
1.692868e+00 1.322119e-02
1.160554e+00 -5.991849e-02
1.110488e+00 7.415291e-02
1.156612e+00 5.484576e-02
1.096048e+00 -8.745725e-02
1.636282e+00 -8.792603e-02
9.540490e-02 9.180572e-02
2.161323e-01 2.517719e-03
2.979768e-01 -1.617417e-01
3.898067e-01 -6.801633e-02
3.823482e-01 1.006312e-01
5.128213e-01 2.451501e-02
5.600397e-01 -1.207474e-01
5.682973e-01 1.689202e-01
6.409200e-01 -3.075663e-02
7.069375e-01 -1.401009e-01
6.984567e-01 -2.377494e-01
8.346269e-01 -2.097958e-01
7.502956e-01 -5.957224e-02
7.334258e-01 3.397681e-02
8.047008e-01 -4.694675e-03
9.005059e-01 -2.896932e-01
8.278467e-01 7.961335e-02
9.937991e-01 -2.251721e-01
9.238220e-01 -1.596618e-01
7.198802e-01 -3.302270e-01
1.014009e+00 -3.396349e-01
1.122488e-01 -2.704271e-02
2.484402e-01 6.335968e-02
2.996379e-01 -1.261980e-01
4.158987e-01 3.149610e-03
5.109154e-01 -1.598407e-01
5.863840e-01 -3.838100e-02
5.699052e-01 1.082243e-01
6.831951e-01 -1.723314e-01
7.298484e-01 -6.453498e-02
3.342345e-01 2.309510e-01
6.933807e-01 -2.869555e-01
8.168709e-01 -1.627890e-01
8.437051e-01 -7.467927e-02
8.088058e-01 2.146864e-02
8.959125e-01 -7.581968e-03
9.102590e-01 -1.388642e-01
9.314760e-01 -2.140779e-01
9.815880e-01 -1.596864e-01
8.915304e-01 7.241760e-02
8.239547e-01 1.260904e-01
9.247879e-01 1.437338e-01
9.020564e-01 2.110368e-01
4.928647e-01 2.583958e-01
7.222437e-01 2.767887e-01
7.779808e-01 3.504938e-01
9.399635e-01 3.156437e-01
1.038809e+00 3.498856e-01
8.604212e-01 2.304093e-01
1.051298e+00 2.508522e-01
9.774672e-01 1.846935e-01
4.699645e-01 2.594889e-01
7.271477e-01 5.726691e-02
1.077619e+00 -6.143321e-02
9.886210e-01 -2.295211e-01
1.154598e+00 1.201672e-01
1.385973e+00 -6.934174e-03
6.574491e-01 1.291380e-01
9.451172e-01 2.519026e-01
7.912208e-01 3.563219e-01
1.146280e+00 3.121895e-01
9.870046e-01 3.800805e-01
1.107974e+00 9.312963e-02
1.262931e+00 3.124386e-01
1.142100e+00 3.367892e-01
8.642490e-01 3.668280e-01
9.922770e-01 1.828301e-01
1.034809e+00 2.566497e-01
1.416755e+00 2.149503e-01
9.094370e-01 -3.717297e-01
1.198115e+00 -3.211446e-01
1.126525e+00 -3.126957e-01
1.399934e+00 -2.310226e-01
8.534050e-01 2.633097e-02
1.039471e+00 -2.064628e-01
1.012787e+00 -2.776805e-01
2.676067e-01 -2.411878e-01
1.012914e+00 4.838101e-02
1.069484e+00 -2.451565e-02
1.009420e+00 -3.963922e-02
1.075562e+00 1.827906e-02
6.579913e-01 -1.283094e-01
8.323795e-01 -6.006510e-02
1.408885e+00 1.451112e-01
1.479573e+00 2.018274e-01
1.303123e+00 -1.760126e-01
1.045481e+00 -1.543324e-01
9.825857e-01 -1.057233e-01
1.178170e+00 2.559558e-01
1.360050e+00 2.493654e-01
1.580817e+00 4.462936e-02
9.486202e-01 3.227860e-02
6.126375e-01 3.460635e-01
1.391271e+00 -2.365751e-01
1.141972e+00 -1.854683e-01
1.115118e+00 1.738034e-01
1.036697e+00 1.234512e-01
9.287278e-01 1.099347e-01
9.957546e-01 7.417663e-02
9.877462e-01 1.113705e-01
9.580320e-01 -1.904723e-02
4.293618e-01 2.980020e-01
1.027641e+00 1.353639e-01
1.578233e+00 -1.293817e-01
4.675766e-01 -2.937014e-01
5.862689e-01 -3.599451e-01
1.142064e+00 -2.219087e-01
1.149299e+00 -2.979688e-01
7.770540e-01 1.330784e-01
1.040581e+00 -1.426922e-01
1.000425e+00 -1.030538e-01
5.976032e-01 3.615249e-01
1.524664e+00 -1.078749e-01
1.514247e+00 1.202443e-01
1.344758e+00 2.234260e-01
1.498955e+00 -1.333597e-01
1.411557e+00 -2.428277e-01
9.141417e-01 -3.472252e-01
1.150704e+00 -3.445576e-01
8.888846e-01 4.855083e-03
5.902767e-01 3.041612e-01
7.837356e-01 3.035341e-01
8.867307e-01 -5.938592e-03
1.083765e+00 -8.017288e-02
1.244984e+00 -9.893221e-02
5.536512e-01 -3.430241e-01
1.298202e+00 -2.558723e-01
1.602070e+00 1.127997e-01
1.535483e+00 7.381017e-02
1.212626e+00 1.064390e-01
1.231759e+00 1.052027e-01
9.921134e-01 -2.507774e-02
1.000842e+00 5.610782e-02
9.586063e-01 -2.489660e-01
1.216504e+00 -1.190581e-01
1.193893e+00 2.145725e-01
1.092099e+00 1.642059e-01
8.837360e-01 6.026210e-02
1.076525e+00 6.283564e-02
1.000078e+00 3.212333e-01
3.872803e-01 -2.810067e-01
8.844502e-01 -4.222345e-02
1.574252e+00 -7.786851e-02
8.940378e-01 -3.873501e-01
3.114274e-01 2.390423e-01
1.124616e+00 -2.676035e-01
1.292156e+00 2.414522e-01
1.001038e+00 2.987121e-02
8.744532e-01 -3.524713e-01
9.641959e-01 -1.021839e-01
1.117272e+00 2.499109e-02
7.860973e-01 -3.467221e-01
1.042199e+00 4.316165e-02
1.118644e+00 -2.723282e-02
1.038450e+00 -4.715347e-02
5.067542e-01 -2.176795e-01
9.543303e-01 8.561361e-02
1.221135e+00 2.090194e-01
8.368244e-01 -2.620079e-01
1.481864e+00 1.391302e-01
1.696577e+00 -1.510430e-02
9.231579e-01 -7.167726e-02
1.101556e+00 -9.122386e-02
7.003740e-01 6.110883e-02
7.452556e-01 1.993748e-01
6.500152e-01 9.337880e-02
1.488487e+00 -1.291744e-01
8.206760e-01 -1.275530e-01
1.321119e+00 -2.182348e-01
1.329791e+00 -2.488796e-01
4.442179e-01 1.706738e-01
1.000840e+00 -5.074770e-02
9.902023e-01 1.461667e-02
1.107463e+00 -1.636797e-01
8.271298e-01 2.197288e-01
9.473819e-01 -5.774847e-02
1.369723e+00 -2.115336e-03
7.088740e-01 1.899269e-01
6.560514e-01 -3.481742e-01
8.958016e-01 -9.583116e-02
8.493851e-01 3.735547e-01
1.150341e+00 2.928976e-01
1.139751e+00 -1.214316e-01
1.297561e+00 1.699061e-01
1.289134e+00 -1.509033e-01
8.550592e-01 -1.707146e-02
1.597003e+00 1.044701e-01
9.910595e-01 -1.436137e-02
5.654647e-01 3.400005e-01
1.121610e+00 -3.485443e-01
1.017032e+00 -5.839997e-02
1.524866e+00 1.539649e-01
1.116886e+00 3.360754e-01
1.026122e+00 -8.651251e-02
1.466845e+00 2.017715e-01
1.337397e-01 -1.477279e-01
1.684407e+00 -4.941190e-02
2.050047e-01 2.131732e-01
1.010182e+00 2.021521e-02
1.105296e+00 -6.587080e-03
1.105250e+00 6.571911e-03
1.010230e+00 -2.022930e-02
8.743984e-01 1.556440e-01
1.123345e+00 1.095550e-01
9.667298e-01 -5.293765e-02
9.072448e-01 2.786345e-01
8.707432e-01 3.355958e-01
5.443614e-01 -2.142459e-01
1.015619e+00 9.104587e-02
1.267679e+00 2.941892e-01
2.468321e-01 -2.173709e-01
9.355709e-01 5.093872e-02
8.752429e-01 3.348257e-03
1.254693e+00 -1.820510e-01
4.385494e-01 -2.909305e-01
4.986725e-01 -2.595738e-01
6.190324e-01 2.312049e-01
1.336825e+00 2.691416e-01
1.212765e+00 -2.948497e-01
2.786591e-01 1.531774e-01
1.251628e+00 -2.165591e-01
1.136090e+00 2.884686e-01
1.052680e+00 9.508463e-02
8.907711e-01 2.742868e-02
8.585119e-01 1.018073e-03
4.590610e-01 -2.773866e-01
1.677879e+00 5.062467e-02
1.096862e+00 -2.795903e-02
1.108119e+00 -5.167617e-02
1.074562e+00 -4.862621e-02
1.652459e+00 5.514753e-03
1.688418e+00 3.550713e-02
1.626743e+00 7.899604e-02
1.048915e+00 -7.080335e-02
1.046141e+00 -4.036289e-02
9.971559e-01 8.344358e-02
9.939755e-01 5.641124e-02
9.831591e-01 8.020011e-02
8.434733e-01 1.178845e-01
9.047172e-01 1.327317e-01
8.742174e-01 1.014579e-01
9.487403e-01 6.006986e-02
9.735026e-01 6.845652e-02
9.710824e-01 4.877764e-02
4.050416e-01 3.087826e-01
3.016796e-01 2.601583e-01
5.225693e-01 3.439067e-01
9.870465e-01 3.215383e-02
9.733134e-01 2.402666e-02
2.697313e-01 2.333842e-01
4.467748e-01 3.090582e-01
9.010979e-01 8.485873e-02
8.589620e-01 7.136986e-02
1.033978e+00 -1.133252e-01
1.054441e+00 -9.352651e-02
1.071193e+00 -1.206875e-01
1.356287e+00 -2.321362e-01
1.409517e+00 -1.775821e-01
1.451797e+00 -1.847310e-01
1.036527e+00 4.721774e-02
9.985073e-01 4.996938e-02
1.038376e+00 7.089154e-02
1.476250e+00 -1.870511e-01
1.542402e+00 -1.613668e-01
1.598772e+00 -1.098193e-01
1.354908e+00 -1.677477e-01
1.429025e+00 -1.252788e-01
9.702868e-01 1.024562e-01
9.837606e-01 -1.066259e-01
9.777382e-01 -7.381771e-02
9.894882e-01 -7.644854e-02
7.824288e-01 1.435645e-01
5.096318e-01 1.622207e-01
3.945744e-01 7.501200e-02
1.034422e+00 -6.879746e-02
1.064342e+00 -6.578986e-02
7.723944e-01 -2.770273e-01
8.637839e-01 -3.095674e-01
7.997980e-01 -3.286579e-01
1.041415e+00 2.511862e-02
1.075305e+00 3.721532e-02
1.726922e+00 6.731379e-03
1.700123e+00 3.170579e-02
9.276042e-01 -2.802075e-01
9.724958e-01 -3.144331e-01
1.593915e+00 1.179367e-01
1.559208e+00 1.026465e-01
1.284174e+00 -3.003575e-01
1.139321e+00 -3.527180e-01
1.283505e+00 -3.041088e-01
1.162768e+00 1.950440e-01
1.234157e+00 1.557728e-01
1.181097e+00 1.452953e-01
9.953343e-01 -5.182016e-02
1.000975e+00 -7.624806e-02
6.446405e-01 2.512178e-01
2.885210e-01 1.508219e-01
1.423240e+00 -1.797053e-01
1.365170e+00 -2.558473e-01
9.296067e-01 -3.011745e-01
1.108645e+00 -3.139081e-01
1.170285e+00 -2.532679e-01
1.472647e+00 -1.945302e-01
1.573421e+00 -1.166187e-01
1.678061e+00 -5.307993e-02
1.632294e+00 -5.154356e-02
7.995961e-01 -3.568411e-01
6.714581e-01 -3.196105e-01
7.447095e-01 1.604760e-01
7.841954e-01 2.172482e-01
8.070297e-01 1.846438e-01
1.369075e+00 1.737108e-01
1.436538e+00 1.747077e-01
1.444298e+00 1.249908e-01
8.260349e-01 1.487991e-01
8.042202e-01 1.044028e-01
1.210570e+00 -3.089821e-01
4.334360e-01 2.640784e-02
1.135855e+00 -4.262776e-02
1.125208e+00 -7.486568e-02
1.587178e+00 -1.175773e-01
1.497335e+00 -1.558316e-01
1.504880e+00 -1.805856e-01
1.455816e-01 5.287177e-02
1.485712e-01 -3.717905e-02
7.029461e-02 1.180188e-02
1.460014e+00 -1.221372e-01
1.361522e+00 -2.144243e-01
1.422001e+00 -1.936451e-01
1.360038e+00 -1.906339e-01
1.433031e+00 -1.341991e-01
1.573714e+00 -6.328696e-02
1.641866e+00 -5.046229e-02
1.562783e+00 -3.010256e-02
1.669858e+00 -3.624666e-02
1.637262e+00 -8.672123e-02
1.623644e+00 -6.748625e-02
1.509852e+00 6.195002e-02
1.438729e+00 6.329265e-02
2.604598e-02 3.139290e-02
2.721620e-02 -2.458583e-02
7.481240e-01 3.752284e-01
8.004609e-01 3.869850e-01
9.169562e-01 3.833439e-01
1.041862e+00 1.826020e-01
1.054396e+00 1.526614e-01
1.014678e+00 1.602951e-01
1.149705e+00 -2.152792e-01
1.054330e+00 -2.903546e-01
1.217632e+00 -2.522508e-01
1.577302e+00 1.015464e-01
1.632507e+00 3.746490e-02
1.659325e+00 5.733180e-02
7.670474e-01 -3.788674e-01
9.026035e-01 -3.744802e-01
8.665096e-01 1.913085e-01
3.400096e-02 -5.123815e-02
6.180133e-02 -9.924827e-02
1.304371e+00 1.714635e-01
1.297829e+00 1.171543e-01
1.004079e+00 1.039830e-01
1.005963e+00 7.425547e-02
1.448381e-01 1.664883e-01
4.552871e-02 7.589483e-02
1.051307e-01 1.314367e-01
1.300954e-01 1.462482e-01
9.117216e-02 1.257156e-01
9.767644e-01 4.453765e-03
9.521029e-01 5.431798e-03
8.981794e-01 -1.324625e-02
8.952058e-01 -3.406768e-03
9.146852e-01 -6.602878e-03
1.074572e+00 2.118064e-01
1.007681e+00 2.200864e-01
2.409192e-01 1.683466e-01
3.403231e-01 2.548519e-01
1.527338e-01 1.571490e-01
2.815025e-01 2.462471e-01
1.917334e-01 1.707477e-01
1.537535e+00 -1.360787e-01
1.572822e+00 -6.185651e-02
2.136556e-01 -1.480941e-01
1.105480e-01 -9.148531e-02
2.016253e-01 -7.979785e-02
9.914565e-01 -5.027162e-04
9.778317e-01 -1.883780e-02
2.514251e-01 -1.477720e-01
3.190039e-01 -1.348403e-01
4.239583e-01 3.085369e-01
4.326341e-01 2.981927e-01
1.216017e+00 -1.408683e-01
1.031848e+00 -1.746783e-01
3.699084e-01 9.962851e-02
5.586303e-01 1.869254e-01
2.905878e-01 1.395424e-01
7.269198e-01 3.485611e-01
5.857639e-01 3.395710e-01
8.850202e-01 -3.811890e-01
7.229680e-01 -3.687489e-01
7.537535e-01 -3.843045e-01
1.564949e+00 1.405374e-01
1.499128e+00 1.836607e-01
6.007630e-01 -2.848555e-01
6.095032e-01 -2.334933e-01
7.006902e-01 -2.864305e-01
4.679149e-01 2.768024e-01
5.490977e-01 3.120492e-01
4.305923e-01 3.054741e-01
3.833562e-01 2.134301e-01
2.876512e-01 1.986283e-01
4.069753e-01 2.549042e-01
5.672882e-01 -1.881917e-01
3.698109e-01 -9.924833e-02
3.017455e-01 -1.435354e-01
3.295919e-01 1.275037e-01
4.203160e-01 1.850066e-01
1.264994e+00 5.783933e-02
1.274268e+00 1.202136e-01
1.334483e+00 6.443187e-02
1.291163e+00 5.950407e-02
1.365279e+00 5.891145e-02
5.836002e-01 3.508749e-01
1.253985e+00 -3.009803e-01
1.372537e+00 -2.551523e-01
2.567842e-01 -2.236899e-01
3.230623e-01 -2.099603e-01
8.208253e-01 2.497171e-01
9.011180e-01 2.448443e-01
8.322052e-01 2.122995e-01
8.212189e-01 1.979958e-01
7.321349e-01 2.579463e-01
1.072290e+00 1.273495e-01
1.042877e+00 1.170599e-01
1.315498e+00 2.583545e-01
1.422714e+00 2.063138e-01
1.391467e+00 1.950629e-01
1.583921e+00 5.748035e-02
1.584854e+00 1.096744e-01
1.650471e+00 5.009695e-02
1.290116e+00 -2.356671e-01
1.313495e+00 -1.755699e-01
1.173930e+00 1.132774e-01
1.121028e+00 1.402346e-01
1.202963e+00 -5.631606e-02
1.149500e+00 -1.040779e-01
1.137565e+00 -5.078504e-02
1.495172e+00 -6.899566e-02
1.425771e+00 -6.565211e-02
7.468070e-01 -2.574424e-01
8.299510e-01 -1.971030e-01
1.499700e+00 1.642153e-01
7.402776e-01 -3.037233e-01
5.000803e-01 -2.597970e-01
6.876762e-01 -3.397898e-01
1.490734e+00 -5.012066e-02
1.343558e+00 -9.133953e-02
8.550416e-01 -3.683037e-01
6.586856e-01 -3.569764e-01
7.404709e-01 -3.705078e-01
1.043966e+00 -3.327698e-01
1.073554e+00 -2.945029e-01
3.892190e-02 -1.062786e-02
1.564300e+00 -8.067829e-03
1.648547e+00 -2.163976e-02
6.441833e-01 -3.460481e-01
8.011384e-01 -3.635776e-01
1.011748e+00 -3.569275e-01
1.211464e+00 1.606604e-01
1.270702e+00 1.788951e-01
1.722494e+00 1.571471e-02
1.725687e+00 -8.076321e-03
9.053856e-01 -3.046176e-02
8.841821e-01 -2.051918e-02
1.694376e+00 -3.350706e-02
1.133391e+00 3.898750e-02
1.103497e+00 4.337669e-02
1.118353e+00 6.441807e-02
1.240424e+00 -4.598620e-02
1.197470e+00 -7.917643e-02
1.193706e+00 -3.565435e-02
9.992974e-01 3.067671e-02
9.967430e-01 2.989964e-02
9.416485e-01 3.474394e-01
8.953630e-01 3.231415e-01
8.158029e-01 3.399250e-01
1.542380e-01 -1.444803e-01
1.182095e-01 -1.469076e-01
4.268048e-02 -6.829354e-02
7.850023e-01 1.599066e-01
8.562701e-01 1.739802e-01
1.435148e+00 -6.041259e-02
1.362024e+00 -5.600128e-02
1.413803e+00 6.810557e-02
1.345840e+00 -6.252631e-02
8.517423e-01 2.933782e-01
7.544292e-01 2.533450e-01
8.905221e-01 -2.389275e-01
9.632458e-01 -2.499167e-01
1.411809e+00 1.387042e-01
1.326584e+00 1.876079e-01
5.945525e-01 -3.135010e-01
4.799182e-01 -2.491224e-01
1.079075e+00 8.863460e-02
1.108449e+00 1.197135e-01
1.152507e+00 -3.250554e-01
1.024328e+00 -3.598065e-01
9.679883e-01 -3.604100e-01
8.711252e-01 -3.472136e-01
8.896373e-01 -7.890530e-04
8.863444e-01 1.190740e-04
8.900010e-01 6.518328e-04
1.303528e+00 -1.095710e-01
1.296924e+00 -5.483296e-02
8.964747e-01 2.875002e-03
9.010141e-01 1.131392e-02
9.154005e-01 5.802528e-03
1.105873e+00 -1.241193e-01
1.069545e+00 -1.556190e-01
1.136798e+00 1.912853e-01
1.114613e+00 2.450962e-01
2.454724e-01 1.985677e-01
1.032398e+00 -2.639837e-02
1.015673e+00 -1.099212e-02
1.052050e+00 -1.128896e-02
2.482582e-01 -1.939013e-01
4.655668e-01 -2.684332e-01
2.436587e-01 -1.560017e-01
9.446059e-01 -9.308646e-03
9.954030e-01 2.249092e-02
1.497897e+00 -6.585166e-02
1.151003e+00 1.436402e-01
1.157331e+00 9.009550e-02
2.521720e-01 -2.360378e-01
3.901984e-01 -2.918358e-01
4.173009e-01 -3.063766e-01
1.031688e+00 9.627778e-02
1.029013e+00 7.214928e-02
1.016082e+00 6.912023e-02
9.453363e-01 8.311559e-03
9.973365e-01 -2.777581e-02
9.961812e-01 -2.102766e-02
8.212030e-01 -3.148621e-01
7.964609e-01 -2.736449e-01
1.199661e+00 5.062328e-02
1.144382e+00 4.152038e-02
6.208212e-01 -3.309463e-01
5.015672e-01 -3.283329e-01
6.829491e-01 3.716846e-01
6.177475e-01 3.402132e-01
3.444751e-01 -2.690542e-01
1.598746e-01 -1.599356e-01
1.189656e+00 7.837696e-02
1.235603e+00 4.973901e-02
1.190587e+00 3.354091e-02
7.875934e-01 -2.343142e-01
9.779944e-01 -1.099045e-02
9.555371e-01 -2.307518e-02
1.105084e-01 -1.361544e-01
9.712635e-01 -4.043166e-02
9.338563e-01 -3.586894e-02
1.003514e+00 -4.032882e-02
9.601871e-01 2.424948e-02
9.820002e-01 1.294234e-02
1.149194e+00 -2.605394e-01
1.084213e+00 -2.559701e-01
8.875788e-01 -6.656406e-02
8.598761e-01 -8.156954e-02
8.620962e-01 -5.270078e-02
1.287561e+00 -1.263508e-01
1.268805e+00 -6.414916e-02
9.017464e-01 3.773642e-01
1.001136e+00 3.022127e-02
1.006898e+00 5.478791e-02
1.003294e+00 2.864354e-02
1.049760e+00 6.822555e-02
1.025331e+00 5.038497e-02
1.239424e+00 -1.672346e-01
1.193719e+00 -2.225657e-01
1.187868e+00 -1.738662e-01
1.168120e+00 -3.244021e-01
1.013213e+00 -3.545808e-01
1.064552e+00 -3.533612e-01
4.527469e-01 2.715317e-01
6.617942e-01 3.118927e-01
2.601078e-01 -1.937461e-01
1.464139e+00 4.194769e-02
1.030172e+00 -2.415961e-01
9.886719e-01 -2.174704e-01
5.329124e-01 4.124282e-04
7.595852e-01 6.757694e-02
3.870001e-01 5.185422e-02
9.969152e-01 9.581680e-03
1.017624e+00 -6.223409e-02
1.009113e+00 -7.157389e-02
1.005423e+00 -4.738290e-02
8.587182e-01 3.630440e-01
1.008482e+00 3.429909e-01
9.859640e-01 3.620772e-01
1.158490e+00 -2.682694e-02
1.097200e+00 3.429662e-02
1.156174e+00 2.508235e-02
1.091966e+00 -4.175137e-02
7.596419e-01 -6.627198e-02
3.880081e-01 -5.171388e-02
1.006224e+00 -3.764425e-01
6.929253e-01 6.030161e-02
7.160502e-01 1.194435e-01
7.457082e-01 8.567444e-02
1.004373e+00 2.110275e-02
1.081748e+00 -7.788134e-03
9.994190e-01 -2.782237e-02
1.055798e+00 9.033332e-03
1.084345e+00 5.936296e-03
1.003164e+00 -1.717705e-02
1.002346e+00 -2.368615e-02
1.014437e+00 -9.772609e-02
1.139880e+00 2.366964e-01
1.089257e+00 2.124498e-01
8.089573e-01 7.447879e-02
8.590229e-01 9.666238e-02
8.516708e-01 5.181636e-02
8.668400e-01 -3.212603e-02
8.753771e-01 -1.258999e-02
9.491266e-01 -3.206366e-01
1.096468e+00 8.599911e-02
1.145214e+00 8.215169e-02
1.409432e+00 2.389053e-01
1.488511e+00 1.755680e-01
1.019824e+00 1.271328e-02
1.487278e+00 7.132784e-02
1.566439e+00 6.614135e-02
1.279346e+00 -2.743993e-01
1.723059e+00 -1.525870e-02
9.808517e-01 1.212029e-01
9.479612e-01 1.466482e-01
1.011136e+00 1.538203e-01
9.886561e-01 -3.097333e-02
9.971982e-01 -9.139055e-03
1.036316e+00 -3.732074e-01
9.300932e-01 3.142790e-02
9.692254e-01 4.120390e-02
1.279043e+00 2.213803e-01
1.483326e+00 1.460196e-01
1.521892e+00 1.611737e-01
9.796368e-01 -5.254885e-02
9.795579e-01 -3.174377e-02
7.816090e-01 6.396339e-02
9.611018e-01 2.434844e-01
9.547423e-01 2.008668e-01
9.119386e-01 1.756058e-01
8.795237e-01 1.403011e-01
1.084827e+00 -2.189068e-01
1.021258e+00 1.125510e-01
1.004364e+00 1.268148e-01
5.268660e-01 2.134078e-01
4.779578e-01 1.411960e-01
6.961723e-01 3.089576e-01
7.578252e-01 3.878233e-02
7.639006e-01 1.001495e-01
1.297951e+00 -2.106727e-01
1.152954e+00 -1.914119e-01
9.817907e-01 -5.986000e-02
1.100869e+00 -3.398726e-01
1.134329e+00 -1.799209e-02
1.117733e+00 -1.050677e-02
1.030206e+00 1.877772e-02
1.059495e+00 2.535003e-02
1.057357e+00 -2.853278e-02
1.028841e+00 -2.094264e-02
1.031791e+00 3.019519e-01
1.147857e+00 3.058930e-01
1.133092e+00 1.714256e-02
8.658315e-01 -4.654413e-03
8.812166e-01 -3.958667e-03
1.642878e+00 -6.881169e-02
7.672194e-01 -1.678288e-02
8.206369e-01 -2.946468e-02
7.916368e-01 -7.175893e-02
2.406746e-01 -8.191839e-02
1.922844e-01 -1.208872e-01
6.206946e-01 -3.617254e-01
1.240399e+00 2.308241e-01
1.000877e+00 -2.738551e-02
6.410574e-01 1.705295e-02
7.061867e-01 -3.941144e-03
6.629245e-01 -5.417085e-02
1.713687e+00 -2.105440e-02
9.686742e-01 -3.374484e-01
1.010429e+00 3.633632e-01
1.077601e+00 3.645497e-01
9.034199e-01 1.107533e-01
1.303278e+00 2.002876e-01
1.171112e+00 1.967237e-01
1.299638e+00 1.378693e-01
1.013790e+00 9.823861e-02
9.651104e-01 9.292567e-02
6.965307e-01 -1.876222e-01
6.193428e-01 -1.867491e-01
6.388207e-01 -1.345933e-01
4.592594e-02 7.840190e-02
2.793571e-02 3.248375e-02
1.366534e+00 2.000239e-01
1.431946e+00 1.174957e-01
9.325170e-01 7.763571e-02
9.095754e-01 5.700829e-02
9.634390e-01 6.356903e-02
6.283806e-01 3.187478e-01
7.417732e-01 3.177686e-01
6.171070e-01 2.754543e-01
1.072417e+00 5.792549e-02
6.382683e-01 8.265035e-02
5.667219e-01 3.382954e-02
1.160142e+00 -1.472066e-01
8.892986e-01 3.188562e-02
8.555933e-01 4.451374e-03
6.642330e-01 -3.069225e-01
8.679698e-01 -3.080937e-01
8.598804e-01 -2.518490e-01
7.734757e-01 -2.267479e-01
1.116971e+00 9.831153e-03
9.553955e-01 1.686620e-01
9.147608e-01 -1.767644e-01
8.735604e-01 -1.962096e-01
8.692091e-01 -1.520532e-01
6.874947e-01 6.601659e-03
7.342648e-01 -1.418444e-02
6.994607e-01 -4.887319e-02
1.142123e+00 -1.520662e-01
1.191011e+00 -1.158171e-01
1.203325e+00 -1.463461e-01
1.098202e+00 2.307626e-02
1.004198e+00 -1.857883e-01
9.611749e-01 -1.868002e-01
9.939162e-01 -1.307112e-01
1.015463e+00 -1.251582e-01
1.013226e+00 -1.560335e-01
6.782799e-01 -2.302568e-01
5.936863e-01 -2.331357e-01
6.033473e-01 -1.693022e-01
1.089491e+00 -1.731036e-01
1.073433e+00 -2.110017e-01
1.023584e+00 -1.892298e-01
9.415647e-01 -1.210234e-01
9.683562e-01 -1.314232e-01
9.471329e-01 -1.551656e-01
1.071593e+00 3.090805e-01
1.079336e+00 2.765402e-01
1.020893e+00 2.895260e-01
9.305480e-01 -1.524420e-02
9.238233e-01 1.620862e-02
1.060091e+00 9.132873e-02
1.340266e+00 8.465985e-02
9.877443e-01 1.457254e-01
9.638775e-01 1.309522e-01
1.171118e+00 2.527687e-01
9.478138e-01 3.039202e-01
1.017097e+00 -2.882167e-01
1.078408e+00 -3.061769e-01
1.154813e+00 -8.960712e-02
1.031573e-01 -1.330243e-01
1.518417e-01 -1.555023e-01
1.070957e+00 1.503729e-01
1.047623e+00 1.852338e-01
4.958695e-01 -3.164223e-01
9.098008e-01 3.594721e-01
9.831800e-01 3.388229e-01
8.676310e-01 3.370574e-01
9.109683e-01 1.173420e-01
1.028671e+00 1.763512e-01
1.301113e+00 -2.832027e-01
8.071354e-01 3.883516e-02
7.711005e-01 1.124578e-02
8.256739e-01 -1.164323e-01
7.681570e-01 -1.194593e-01
8.683860e-01 -3.758980e-02
9.242089e-01 -7.669773e-02
9.118870e-01 -5.214493e-02
9.219718e-01 4.993919e-02
1.063458e+00 3.365639e-01
8.642593e-01 4.486800e-02
8.398421e-01 4.928652e-02
8.845881e-01 -1.857843e-01
9.529626e-01 -1.937375e-01
9.139661e-01 -2.247126e-01
1.042379e+00 -1.734731e-01
6.353376e-01 2.306620e-01
1.214484e+00 1.370391e-01
1.254987e+00 4.174593e-02
9.567837e-01 -1.325069e-01
1.010464e+00 -1.307552e-01
9.856965e-01 -1.619690e-01
1.467787e+00 -6.726173e-02
1.498046e+00 2.369090e-02
1.423172e+00 -1.294580e-01
3.545822e-01 -8.797922e-02
3.772536e-01 -4.272934e-02
2.346930e-01 1.518251e-01
1.108197e+00 -1.013840e-01
8.639515e-01 3.143851e-01
8.731460e-01 2.989636e-02
8.787052e-01 1.643167e-02
8.652320e-01 1.262248e-02
1.421949e+00 2.286142e-01
1.448763e+00 2.013059e-01
5.237626e-01 -5.080439e-02
4.783630e-01 -9.917747e-02
4.493138e-01 -1.765813e-02
8.750199e-01 -1.121088e-01
2.964007e-01 5.563257e-02
3.698328e-01 1.591352e-02
3.030754e-01 -3.574041e-02
7.655648e-01 -1.818142e-01
1.029474e+00 2.473911e-01
1.004217e+00 1.730631e-01
8.302925e-01 1.502140e-02
7.259620e-01 -9.647422e-02
6.651178e-01 -8.934975e-02
9.533246e-01 -2.586269e-01
9.380109e-02 3.678526e-02
7.562491e-01 -1.695956e-01
7.006669e-01 -1.155119e-01
8.145809e-01 -3.467665e-02
7.959485e-01 -6.242596e-02
7.773991e-01 -2.826277e-02
1.037389e+00 -9.648895e-02
1.068774e+00 -1.150535e-01
6.256217e-01 -1.111215e-01
4.910609e-01 6.175358e-02
5.053313e-01 -2.047771e-02
1.295294e+00 2.651452e-01
1.341700e+00 2.705737e-01
1.213523e+00 3.187514e-01
1.008576e+00 2.196855e-01
9.258600e-01 2.102924e-01
9.532122e-01 2.502302e-01
1.136720e+00 -2.262772e-01
1.051884e+00 -2.520002e-01
5.284956e-01 -1.677556e-01
3.389331e-01 -1.143786e-01
8.904569e-01 2.766158e-01
7.994956e-01 2.562450e-01
8.288383e-01 3.058184e-01
5.281183e-01 -3.244004e-01
4.740073e-01 -3.289574e-01
1.002109e+00 3.696301e-03
1.013522e+00 1.273263e-02
1.110726e+00 -4.529561e-03
1.107511e+00 -5.572989e-04
1.003059e+00 1.063780e-02
1.098990e+00 -2.609004e-03
8.182902e-01 -2.127316e-01
1.107463e+00 5.571186e-04
1.110649e+00 4.503761e-03
1.013506e+00 -1.273516e-02
1.002101e+00 -3.665637e-03
1.003015e+00 -1.059367e-02
1.098954e+00 2.610779e-03
5.980056e-01 -7.181200e-02
9.393572e-01 1.125420e-01
9.270197e-01 8.334515e-02
5.793821e-01 -7.133682e-03
7.100982e-01 1.326658e-01
1.388627e+00 2.063298e-01
1.281893e+00 2.584675e-01
5.274071e-01 9.947257e-02
4.475157e-01 5.951070e-02
1.003272e+00 2.851991e-01
1.343301e+00 -7.781263e-02
1.254236e+00 -1.393557e-01
1.195956e+00 -1.877025e-01
4.348929e-01 -1.484035e-01
4.062787e-01 -1.957997e-01
9.230546e-01 1.739393e-01
1.694810e+00 3.850491e-02
1.647599e+00 8.147371e-02
1.199119e+00 3.329755e-01
1.134534e+00 3.525568e-01
1.062967e+00 3.566767e-01
7.555705e-01 -2.263388e-01
1.701735e-01 8.509839e-02
1.749625e-01 1.807451e-02
9.814412e-01 3.428087e-01
1.140367e+00 2.136552e-01
5.420124e-01 -9.594160e-02
9.132406e-01 -1.037665e-01
9.440787e-01 -9.128127e-02
4.503712e-01 -8.319968e-02
1.305788e+00 -2.812512e-01
1.399432e+00 -2.407889e-01
3.231041e-01 -2.728626e-01
4.248900e-01 -3.141973e-01
1.492005e+00 -1.848983e-01
2.098550e-01 1.691318e-01
2.728361e-01 1.512789e-01
1.405679e+00 2.201381e-01
1.238246e+00 -2.802420e-01
6.347738e-01 3.153027e-02
9.066601e-01 -1.156542e-01
5.048755e-01 2.443589e-01
3.870610e-01 2.028929e-01
3.328164e-01 3.173561e-02
3.498354e-01 -5.905927e-02
2.539395e-01 -3.293765e-02
8.626658e-01 -1.131849e-01
9.063429e-01 -1.265821e-01
8.693958e-01 -1.485804e-01
6.577916e-01 1.631107e-01
1.545450e+00 1.593562e-01
1.456044e+00 2.146255e-01
8.237168e-01 -9.105507e-02
1.224596e+00 2.483276e-01
1.059840e+00 2.911213e-01
6.718182e-01 1.440366e-01
9.398406e-01 -4.264396e-02
9.071759e-01 -4.240498e-02
1.124930e+00 -1.919764e-01
4.107058e-01 -1.473993e-01
8.877738e-01 -7.479607e-02
1.542105e+00 1.243605e-01
1.620506e+00 5.329028e-02
9.982648e-01 2.604511e-03
6.778949e-01 -2.487942e-02
9.983931e-01 -2.561160e-03
3.481128e-01 -2.700371e-01
1.076443e+00 -1.885643e-01
1.383087e+00 2.587388e-01
8.428728e-01 -3.574228e-02
8.422284e-01 -1.745189e-01
1.034760e+00 -1.491011e-01
8.868962e-01 -8.713816e-02
9.625283e-01 -7.732542e-02
1.404273e+00 7.495249e-02
1.284207e+00 5.238842e-02
1.707202e+00 2.030604e-02
5.826552e-01 6.478595e-02
7.803365e-01 -9.795318e-02
8.226674e-01 -1.673979e-01
1.505704e+00 8.953157e-02
1.199920e+00 -2.279355e-01
1.286787e+00 -2.019628e-01
1.224182e+00 -2.508200e-01
7.047851e-01 3.668441e-01
7.412557e-01 3.673862e-01
6.087044e-01 1.286242e-01
1.315809e+00 -1.524025e-01
1.699078e+00 -2.310010e-02
7.697424e-01 -1.367834e-01
8.889290e-01 1.450243e-02
8.828241e-01 6.002245e-03
1.121650e+00 3.314552e-02
9.741764e-01 9.411474e-02
9.217962e-01 -2.060884e-03
1.095260e+00 2.763344e-01
1.193573e+00 2.521764e-01
1.214040e+00 2.704331e-01
1.140486e+00 3.147589e-01
1.229845e+00 2.930777e-01
4.147568e-01 8.847190e-02
5.079873e-01 1.381718e-01
1.081828e+00 1.196686e-01
5.329549e-01 -3.371864e-01
9.617230e-01 -3.742422e-02
1.253067e+00 -3.163249e-02
9.765987e-01 2.730222e-01
1.096544e+00 -1.410239e-01
9.077490e-01 2.245803e-02
1.242130e+00 3.083883e-01
7.096762e-01 2.336501e-01
1.021023e+00 -4.736905e-02
1.252284e+00 -4.300764e-02
1.208038e+00 -2.598392e-01
5.181432e-01 3.050721e-01
6.804304e-01 3.515790e-01
7.396252e-01 3.476800e-01
1.047597e+00 3.117192e-01
6.914921e-01 3.138452e-01
8.326947e-01 -1.308278e-02
3.445700e-01 1.230355e-01
1.774466e-01 -1.958457e-01
1.001517e+00 -8.079389e-02
9.626442e-01 -8.070017e-02
3.580150e-01 -2.555750e-01
1.658992e+00 3.269568e-02
8.075856e-01 3.688388e-01
9.549018e-01 3.672604e-01
1.165157e+00 -2.855846e-01
1.118415e+00 -3.220304e-01
1.252527e+00 2.639176e-01
9.376488e-01 -1.040762e-01
6.426989e-01 1.835400e-01
6.020974e-01 -2.782825e-01
4.976498e-01 -2.104003e-01
1.475030e+00 1.546995e-01
1.102320e+00 3.241855e-01
1.110211e+00 -1.542125e-02
1.023528e+00 3.219531e-02
1.108922e+00 8.464632e-04
1.022359e+00 -3.341435e-02
3.926649e-01 -2.005986e-01
4.437853e-01 -2.735536e-01
1.207467e+00 -3.111539e-01
1.303012e+00 -2.709153e-01
1.345477e-01 1.550825e-01
1.305502e+00 2.934098e-01
1.546240e+00 1.521440e-01
8.510086e-01 4.155609e-03
8.875398e-01 4.223890e-02
1.274504e+00 -2.582414e-01
8.536182e-01 2.880798e-01
1.092129e+00 -1.465768e-02
1.012305e+00 3.399113e-02
1.010296e+00 -3.041776e-02
1.093948e+00 1.210326e-02
2.335764e-01 7.983203e-02
5.856562e-01 -1.624780e-01
1.196300e+00 -1.120246e-01
1.157682e+00 3.279526e-01
1.205267e+00 3.006125e-01
5.850362e-01 1.719832e-01
6.867212e-01 2.160499e-01
1.858644e-01 1.285879e-01
1.109747e+00 1.451567e-02
6.993028e-01 2.744423e-01
6.006909e-01 2.683300e-01
1.605176e+00 1.144091e-01
1.246056e+00 2.960028e-01
5.343129e-01 2.063201e-01
9.972667e-01 4.951042e-02
1.314256e+00 2.614230e-01
2.681328e-01 -1.939765e-01
1.641065e+00 7.655319e-02
9.476049e-01 -6.285337e-02
3.702549e-01 -2.249455e-01
9.933609e-01 -4.752157e-02
5.695605e-01 -3.099909e-01
1.373280e+00 2.512797e-01
1.313783e+00 2.800312e-01
1.203215e+00 3.197711e-01
1.074765e+00 3.516146e-01
9.090059e-01 3.950911e-02
