1.000000e+00
0.000000e+00
0.000000e+00 0.000000e+00
taylor-hood
rect
2.968618e-17 3.446377e-17
-1.528060e-16 -5.517719e-17
-2.821614e-17 1.009311e-16
-5.859818e-17 -2.235449e-16
-2.383502e-17 3.135004e-17
2.885407e-17 -6.765867e-17
2.239114e-17 1.480968e-16
-1.825335e-16 -1.870163e-16
1.775673e-16 1.289326e-17
-1.462452e-16 4.127808e-17
8.511024e-17 1.174145e-16
9.002532e-17 2.129253e-17
-1.253339e-16 4.420915e-17
-1.345394e-16 -7.323818e-17
5.112059e-17 1.251819e-16
-1.202854e-16 -3.038849e-16
-1.306727e-16 2.409266e-16
-1.374288e-16 2.899556e-17
-2.426778e-17 -2.541259e-17
-4.008596e-17 -5.187525e-17
2.374237e-16 -2.003913e-16
2.795726e-16 5.014027e-17
4.358982e-16 -2.093074e-16
2.448980e-01 9.780476e-17
4.081633e-01 -1.247406e-16
4.897959e-01 1.071061e-17
4.897959e-01 -1.565179e-16
4.081633e-01 -3.892160e-17
2.448980e-01 5.202641e-17
1.326531e-01 2.255264e-16
3.367347e-01 1.887029e-16
4.591837e-01 -9.305338e-17
5.000000e-01 4.249817e-17
4.591837e-01 -2.450784e-16
3.367347e-01 -6.020918e-17
1.326531e-01 -8.347811e-18
1.062513e-16 3.922894e-17
-5.404809e-17 -5.137981e-17
-1.443781e-17 -8.277260e-17
2.734350e-16 -7.290990e-17
-1.229590e-17 4.191756e-18
-1.267252e-16 -5.784603e-17
2.547507e-17 1.249797e-16
-1.003153e-16 -2.004985e-16
-5.912714e-17 -1.375725e-18
-2.536573e-16 -7.297179e-17
6.708622e-18 -2.201035e-16
2.249091e-17 3.215623e-16
1.415467e-16 1.935855e-16
-8.693926e-17 -5.053401e-17
-6.687555e-17 -2.035193e-17
6.769653e-17 -1.002503e-16
-1.271432e-16 9.366119e-17
-9.836828e-17 5.616329e-17
-6.359149e-17 1.257736e-16
2.448980e-01 -1.168178e-16
4.081633e-01 6.195184e-17
4.897959e-01 -3.398446e-17
4.897959e-01 1.198229e-16
4.081633e-01 5.884052e-17
2.448980e-01 -1.882000e-16
1.326531e-01 8.351530e-17
3.367347e-01 -2.216060e-16
4.591837e-01 6.127066e-17
5.000000e-01 5.275136e-17
4.591837e-01 -1.219353e-16
3.367347e-01 -4.218288e-16
1.326531e-01 -2.948141e-16
5.187659e-01 -2.033784e-02
4.796068e-01 -5.147472e-02
4.141075e-01 2.612588e-02
1.948094e-01 3.180995e-03
2.367182e-01 1.488457e-03
3.239776e-01 6.277283e-02
2.036976e-01 -7.960138e-02
3.788102e-01 -1.380998e-02
2.376419e-01 -4.304247e-03
1.430220e-01 5.417289e-03
3.206270e-01 -1.005219e-01
2.611107e-01 4.020356e-02
2.259889e-01 -5.005197e-03
3.519765e-01 -1.988873e-02
3.163118e-01 -1.213237e-02
3.147974e-01 -1.808330e-02
3.944699e-01 3.698837e-02
4.914985e-01 9.697705e-02
5.285365e-01 8.655425e-03
4.011103e-01 -2.798040e-02
4.267246e-01 -1.273305e-02
4.567121e-01 -9.122618e-02
3.672602e-01 -5.062268e-02
4.680351e-01 5.077279e-02
4.045061e-01 7.324115e-02
4.437227e-01 1.018471e-01
4.601968e-01 -1.158010e-01
4.557511e-01 -9.679485e-02
4.949631e-01 1.288475e-01
5.094179e-01 1.512652e-01
5.077072e-01 7.092933e-02
3.819526e-01 -1.412970e-01
4.708346e-01 -1.542097e-01
4.641092e-01 -2.699886e-02
5.332656e-01 6.047548e-02
3.308728e-01 -1.318813e-03
3.541459e-01 -6.560538e-02
1.980179e-01 7.899038e-02
4.730397e-01 -2.108212e-02
3.749359e-01 -2.690043e-02
2.092824e-01 2.758567e-03
2.274347e-01 -3.066363e-02
4.151553e-01 -3.813095e-02
3.213446e-01 1.685175e-02
3.451668e-01 5.788955e-03
4.552916e-01 1.181312e-01
3.507402e-01 1.963572e-03
3.550231e-01 -1.624244e-02
3.413918e-01 1.251446e-03
2.100445e-01 1.327679e-01
2.795387e-01 -1.206399e-02
3.529970e-01 -7.429591e-02
4.369544e-01 -1.421553e-01
5.089792e-01 -2.845556e-02
4.991481e-01 -4.433841e-02
3.509465e-01 8.063436e-02
4.316869e-01 1.714588e-02
4.465163e-01 -3.233214e-02
5.000408e-01 1.188662e-01
4.499598e-01 7.457433e-02
3.021555e-01 5.211635e-02
4.666434e-01 -4.226357e-02
4.695479e-01 -9.457437e-03
2.069561e-01 7.712357e-03
1.603731e-01 -3.321996e-03
2.828122e-01 5.150338e-02
1.320854e-01 -1.168887e-01
3.996923e-01 1.049897e-01
4.974164e-01 6.229982e-02
4.990538e-01 9.552466e-02
5.174818e-01 3.497556e-02
4.452527e-01 -6.135166e-04
4.860383e-01 9.325670e-02
4.011998e-01 1.865925e-02
3.746703e-01 1.301479e-02
2.784412e-01 2.155446e-02
2.651148e-01 5.222586e-03
2.466695e-01 1.430268e-03
4.515053e-01 -9.413456e-02
4.731976e-01 -1.101608e-01
4.516011e-01 -1.733207e-01
2.924660e-01 -3.802242e-02
3.784406e-01 2.747373e-02
5.155089e-01 -3.306596e-03
4.974997e-01 8.372249e-02
4.265185e-01 -1.045417e-01
3.536045e-01 -1.077090e-01
4.713247e-01 -1.690547e-01
3.840741e-01 -5.133226e-02
4.273764e-01 -4.993045e-02
5.018477e-01 8.484504e-03
5.133039e-01 -2.162661e-02
4.115747e-01 -4.677348e-02
2.657843e-01 -7.733021e-02
3.662231e-01 -7.023307e-02
4.761647e-01 -5.508657e-02
4.627500e-01 -7.742556e-02
4.380164e-01 -6.339913e-02
5.076474e-01 1.700829e-01
4.927355e-01 7.005691e-02
3.253206e-01 -1.440820e-01
4.863423e-01 -3.060683e-02
3.088935e-01 -2.348958e-02
3.344051e-01 5.485880e-03
3.799592e-01 -6.275066e-02
1.942944e-01 -3.246103e-02
3.107959e-01 -3.406069e-03
3.767009e-01 3.344792e-02
2.418610e-01 -4.691832e-02
4.798458e-01 4.944616e-03
4.031992e-01 -1.922413e-02
3.596597e-01 -1.946612e-02
2.656359e-01 -4.223051e-02
3.280737e-01 -1.118417e-01
3.588031e-01 5.553296e-02
3.237152e-01 9.795983e-02
3.744965e-01 -8.387477e-02
3.212932e-01 -6.557767e-02
3.853305e-01 -2.374441e-02
3.006933e-01 -7.914385e-03
3.413289e-01 -1.157587e-04
2.204313e-01 1.739485e-02
3.071520e-01 3.304065e-02
2.261173e-01 2.933014e-02
2.803484e-01 4.021734e-03
2.931983e-01 -1.733816e-03
2.090096e-01 -1.971918e-02
3.125461e-01 -2.722535e-02
3.018454e-01 -2.246619e-02
3.554475e-02 -3.338552e-02
9.561296e-02 1.522563e-02
6.843040e-02 -7.041185e-03
1.417307e-01 4.738342e-04
1.735470e-01 2.448075e-03
1.106246e-01 -1.827508e-03
1.687422e-01 3.772645e-02
9.395877e-02 2.365299e-02
2.595418e-01 4.802953e-02
1.009017e-01 1.656906e-02
5.112892e-02 -8.942579e-02
4.210329e-01 -1.519158e-01
4.709003e-01 -1.827106e-01
3.615543e-01 -2.096738e-02
4.177382e-01 1.006670e-01
4.940745e-01 1.790292e-01
4.206512e-01 -3.337991e-02
3.859227e-01 -7.086242e-02
3.499856e-01 8.706907e-03
4.295381e-01 -5.011964e-02
3.353580e-01 2.053070e-02
1.372876e-01 -1.938031e-02
1.333318e-01 1.910104e-02
-1.223741e-01 -5.061639e-02
-3.249515e-02 2.868655e-02
2.485008e-01 -3.558234e-02
1.126403e-01 -1.964648e-02
1.492034e-01 1.396213e-01
6.558125e-02 4.720885e-02
4.927954e-01 -1.108898e-01
4.467932e-01 -1.084966e-01
4.747916e-01 -8.679912e-02
4.903304e-02 1.476038e-02
3.376440e-01 1.354535e-02
4.103668e-01 -7.033242e-02
4.392912e-01 -5.123930e-02
2.205174e-01 -4.126885e-03
2.101351e-01 -2.002532e-02
4.224575e-02 -9.835987e-02
4.157925e-01 3.282243e-02
4.572546e-01 3.190410e-03
2.715305e-01 -2.553606e-02
4.107928e-01 3.340813e-02
2.266656e-01 -3.186840e-02
1.042370e-01 4.868497e-02
2.283046e-01 -1.349986e-02
4.128805e-01 5.981554e-02
4.514339e-01 6.181432e-02
3.143724e-01 -1.380524e-02
2.226036e-01 8.490384e-03
3.631238e-01 -5.207531e-04
3.851465e-01 4.850359e-02
2.183898e-01 2.464885e-02
5.145730e-01 1.405516e-01
5.126982e-01 1.079171e-01
2.418908e-01 1.767421e-02
2.188087e-01 2.256249e-02
3.414657e-01 4.392769e-02
3.402971e-01 -3.607074e-02
1.811195e-01 -6.081102e-03
5.153292e-01 1.458185e-01
3.171912e-01 -4.262181e-02
2.876100e-01 -2.206995e-02
4.595436e-01 -4.578879e-02
4.061553e-01 -2.184680e-02
4.811971e-01 8.243345e-03
3.105387e-01 3.814807e-05
4.715883e-01 1.138001e-01
4.753636e-01 3.001924e-03
4.880633e-01 -5.463516e-02
3.393489e-01 -2.430869e-02
5.312011e-01 9.545124e-02
5.687673e-01 1.486190e-01
5.348923e-01 5.710022e-02
4.780417e-01 4.040219e-02
4.068533e-01 1.755535e-02
5.258924e-01 -6.994907e-02
3.305533e-01 -2.790542e-02
4.377608e-01 6.603951e-02
4.625387e-01 -3.445767e-02
3.616931e-01 -9.067862e-03
3.803862e-01 -7.165290e-03
3.603119e-01 2.952659e-02
3.434141e-01 2.040439e-02
4.449527e-01 2.318646e-01
3.637549e-01 1.712692e-02
3.332674e-01 1.645501e-02
2.840239e-01 -1.160308e-02
3.954771e-01 -1.075930e-02
5.072159e-01 1.169093e-01
1.373659e-01 -1.295666e-01
3.394847e-01 -8.974156e-02
2.353764e-01 -1.575460e-02
3.825517e-01 -1.364082e-02
5.244767e-01 4.780643e-02
5.017161e-01 -7.653885e-03
4.923506e-01 -2.078441e-02
5.022969e-01 -1.388643e-02
2.706350e-01 1.637112e-01
3.804829e-01 5.638705e-02
1.737969e-01 6.309073e-03
1.637376e-01 1.320415e-02
-5.207493e-02 7.683297e-02
6.596284e-02 5.447302e-02
3.501159e-01 1.768129e-02
4.111005e-01 -2.075121e-02
4.502717e-01 -6.435458e-02
4.888979e-01 6.488052e-02
2.837204e-01 8.132738e-03
4.368174e-01 -7.316395e-03
4.192867e-01 -1.575919e-02
1.068634e-01 5.169777e-02
1.553531e-01 -2.065978e-02
3.416848e-01 -3.761892e-02
3.420401e-01 -4.165042e-02
2.730297e-01 -1.054786e-01
5.370193e-01 -9.570674e-02
4.135573e-01 5.090675e-02
4.565816e-01 -4.871862e-02
4.179596e-01 -7.335155e-04
3.794977e-01 -1.851220e-02
4.005181e-01 -4.700605e-02
3.427573e-01 4.117927e-02
4.369180e-01 -1.171716e-01
3.828356e-01 -5.294182e-02
4.903570e-01 -2.907481e-02
4.822350e-01 5.272701e-04
4.496596e-01 -1.247865e-02
4.761606e-01 -1.639857e-02
3.528601e-01 6.013343e-02
4.037038e-01 -1.260421e-02
5.236887e-01 4.258203e-02
5.382994e-01 8.628204e-02
2.091197e-01 -1.119479e-02
2.620522e-01 1.280644e-01
2.069122e-01 -1.323939e-01
1.483253e-01 8.170156e-02
1.684177e-01 -2.017082e-01
4.548280e-01 -1.622766e-01
4.835440e-01 -1.869434e-02
9.145804e-02 7.385386e-02
6.967205e-02 -1.454092e-01
5.324061e-01 -9.536601e-02
4.988446e-01 3.289833e-03
2.264789e-01 1.036219e-01
2.934895e-01 -2.160061e-01
5.170632e-01 1.293423e-01
5.037579e-01 8.897832e-03
4.714745e-01 1.404459e-02
4.560100e-01 -6.889374e-02
4.802575e-01 -6.906492e-02
4.003601e-01 1.203408e-01
1.961958e-01 -8.574646e-02
4.984413e-01 -1.759527e-02
1.708754e-01 8.517941e-02
3.946777e-01 -7.023797e-03
5.207577e-01 1.190437e-02
4.075502e-01 5.443400e-02
4.205662e-01 8.298897e-02
3.893375e-01 1.415052e-01
4.696585e-01 -5.123067e-03
3.744242e-01 1.142811e-01
3.515863e-01 1.886299e-01
2.725472e-01 6.228190e-03
4.799972e-01 1.319396e-01
4.802205e-01 1.339489e-01
2.301772e-01 1.012735e-03
2.114736e-01 2.713312e-01
1.515434e-01 -2.221713e-02
2.281669e-01 -1.086040e-01
1.814139e-01 1.270501e-01
5.037805e-01 1.065536e-01
4.310061e-01 9.629402e-02
2.848145e-01 -1.204059e-01
