1.000000e+00
2.500000e-01
1.000000e+00 0.000000e+00
taylor-hood
rect_coarse
0.000000e+00 0.000000e+00
0.000000e+00 0.000000e+00
0.000000e+00 0.000000e+00
0.000000e+00 0.000000e+00
0.000000e+00 0.000000e+00
0.000000e+00 0.000000e+00
0.000000e+00 0.000000e+00
0.000000e+00 0.000000e+00
0.000000e+00 0.000000e+00
0.000000e+00 0.000000e+00
0.000000e+00 0.000000e+00
0.000000e+00 0.000000e+00
0.000000e+00 0.000000e+00
0.000000e+00 0.000000e+00
0.000000e+00 0.000000e+00
0.000000e+00 0.000000e+00
0.000000e+00 0.000000e+00
0.000000e+00 0.000000e+00
0.000000e+00 0.000000e+00
0.000000e+00 0.000000e+00
0.000000e+00 0.000000e+00
0.000000e+00 0.000000e+00
0.000000e+00 0.000000e+00
1.286607e-01 0.000000e+00
2.207461e-01 0.000000e+00
2.704310e-01 0.000000e+00
2.806431e-01 0.000000e+00
2.807524e-01 0.000000e+00
2.807745e-01 0.000000e+00
2.717730e-01 0.000000e+00
2.209853e-01 0.000000e+00
1.293781e-01 0.000000e+00
7.076772e-02 0.000000e+00
1.796790e-01 0.000000e+00
2.485098e-01 0.000000e+00
2.779335e-01 0.000000e+00
2.807456e-01 0.000000e+00
2.808370e-01 0.000000e+00
2.784036e-01 0.000000e+00
2.507536e-01 0.000000e+00
1.796967e-01 0.000000e+00
7.059313e-02 0.000000e+00
0.000000e+00 0.000000e+00
0.000000e+00 0.000000e+00
0.000000e+00 0.000000e+00
0.000000e+00 0.000000e+00
0.000000e+00 0.000000e+00
0.000000e+00 0.000000e+00
0.000000e+00 0.000000e+00
0.000000e+00 0.000000e+00
0.000000e+00 0.000000e+00
0.000000e+00 0.000000e+00
0.000000e+00 0.000000e+00
0.000000e+00 0.000000e+00
0.000000e+00 0.000000e+00
0.000000e+00 0.000000e+00
0.000000e+00 0.000000e+00
0.000000e+00 0.000000e+00
0.000000e+00 0.000000e+00
0.000000e+00 0.000000e+00
0.000000e+00 0.000000e+00
1.292333e-01 0.000000e+00
2.225155e-01 0.000000e+00
2.707118e-01 0.000000e+00
2.808053e-01 0.000000e+00
2.807484e-01 0.000000e+00
2.806292e-01 0.000000e+00
2.713221e-01 0.000000e+00
2.203213e-01 0.000000e+00
1.290858e-01 0.000000e+00
7.037838e-02 0.000000e+00
1.795442e-01 0.000000e+00
2.511093e-01 0.000000e+00
2.780692e-01 0.000000e+00
2.808242e-01 0.000000e+00
2.807953e-01 0.000000e+00
2.783330e-01 0.000000e+00
2.492104e-01 0.000000e+00
1.789972e-01 0.000000e+00
7.004432e-02 0.000000e+00
1.149043e-01 4.685915e-05
2.807560e-01 -2.713961e-05
1.147146e-01 -1.501399e-04
2.807252e-01 5.588238e-05
1.148762e-01 -9.568387e-05
2.798085e-01 3.132484e-05
2.799134e-01 -1.760492e-05
1.093771e-01 1.102736e-04
2.464406e-01 4.065301e-04
2.497568e-01 -7.704375e-05
1.068545e-01 -6.229450e-04
1.142441e-01 3.442784e-04
1.128201e-01 3.842085e-04
1.892491e-01 4.446717e-04
1.124666e-01 2.220157e-04
1.803959e-01 -3.646509e-04
1.147574e-01 1.801064e-04
1.998945e-01 -4.172627e-05
1.998782e-01 3.394048e-05
2.549429e-01 1.682998e-05
2.550006e-01 -3.440322e-05
2.800094e-01 2.119667e-05
2.799986e-01 -6.666424e-06
2.807864e-01 7.529189e-06
2.807865e-01 2.929820e-05
2.808052e-01 1.847398e-05
2.808052e-01 4.013463e-05
2.808051e-01 -3.310270e-06
2.808240e-01 7.648703e-06
2.808238e-01 -1.378650e-05
2.807865e-01 5.095725e-05
2.808045e-01 6.274670e-05
2.808239e-01 5.112283e-05
2.808052e-01 -2.500879e-05
2.716257e-01 3.101988e-05
2.715354e-01 1.346941e-04
2.716066e-01 -2.691853e-04
2.329365e-01 -1.749348e-04
2.807858e-01 7.295014e-05
2.799976e-01 8.773966e-05
2.808229e-01 7.336801e-05
2.712024e-01 -7.891640e-04
2.800370e-01 7.249903e-05
2.559489e-01 1.547634e-04
2.330492e-01 -1.081836e-04
2.714340e-01 -6.256251e-05
2.333058e-01 -2.167723e-04
1.998850e-01 -1.483833e-04
1.977827e-01 -2.193058e-04
2.545233e-01 3.947002e-06
2.535219e-01 -6.609223e-04
2.799861e-01 -1.597336e-04
2.807881e-01 -5.778026e-05
2.807870e-01 -3.643543e-05
2.808066e-01 -4.628927e-05
2.804788e-01 -1.566114e-04
2.807864e-01 -1.420284e-05
2.801582e-01 7.588719e-05
1.998438e-01 1.007230e-04
1.146440e-01 -2.378323e-04
2.806768e-01 3.751146e-05
2.808032e-01 8.705812e-05
1.115669e-01 -1.132765e-04
1.148943e-01 -2.686593e-05
1.115322e-01 1.409046e-04
2.047288e-01 -3.486263e-06
2.379452e-01 -1.160392e-04
2.800068e-01 4.057979e-05
2.808240e-01 2.933790e-05
1.144938e-01 2.010787e-04
2.499173e-01 2.699375e-04
1.999789e-01 9.705114e-05
2.552529e-01 -1.836073e-04
2.714797e-01 -4.967780e-04
2.330557e-01 -2.292184e-04
2.068473e-01 3.576573e-04
2.546296e-01 -3.311334e-06
2.799980e-01 -6.996125e-05
1.793010e-01 2.245521e-04
1.794849e-01 3.415442e-04
2.679900e-01 -4.903799e-04
1.099471e-01 -5.671384e-04
1.230741e-01 -6.989906e-04
2.808251e-01 -3.551666e-05
2.800192e-01 -2.649887e-04
2.202985e-01 -4.163034e-04
2.805188e-01 2.449995e-04
1.915965e-01 -4.172173e-04
2.524390e-01 -6.256334e-04
1.833914e-01 -1.222867e-04
1.827691e-01 3.506573e-04
1.827574e-01 1.483177e-04
1.843644e-01 2.062443e-04
2.592983e-01 2.393615e-04
2.807608e-01 -7.382157e-06
2.807825e-01 3.343321e-05
2.423385e-01 7.979972e-05
9.932910e-02 6.000866e-04
9.904757e-02 6.422175e-04
9.923412e-02 -5.766785e-04
9.948234e-02 -7.135720e-04
1.801917e-01 -7.131144e-04
2.808137e-01 6.805730e-05
2.808130e-01 8.021133e-05
2.808038e-01 7.490095e-05
2.696254e-01 2.141274e-04
2.787352e-01 2.328210e-05
2.777451e-01 6.202106e-05
2.281983e-01 -2.655742e-04
2.169202e-01 3.019014e-04
1.934789e-01 -2.113224e-04
2.296415e-01 -4.454151e-04
2.192981e-01 2.761767e-04
1.923025e-01 -6.703870e-05
2.424430e-01 9.205733e-05
2.592853e-01 -1.803223e-04
2.365970e-01 3.953941e-04
2.528624e-01 3.169878e-04
2.774276e-01 -8.774044e-05
2.806500e-01 8.217465e-05
2.759819e-01 1.018645e-03
2.608991e-01 8.969715e-05
2.682043e-01 -5.570267e-05
2.754732e-01 -5.242477e-04
2.690383e-01 9.740658e-05
2.808189e-01 -1.071410e-04
2.808220e-01 -9.139558e-05
2.807974e-01 -5.203439e-05
1.932610e-01 -5.180374e-04
2.256098e-01 -6.507021e-04
2.291521e-01 -4.250199e-04
2.801807e-01 2.092920e-05
2.805950e-01 -9.808880e-05
2.807345e-01 1.243126e-04
2.506233e-01 -1.186221e-03
2.367001e-01 3.003216e-04
2.807952e-01 6.784780e-05
2.807945e-01 8.000483e-05
2.807952e-01 -1.120382e-04
2.807945e-01 -8.565152e-06
2.246598e-01 3.319274e-04
2.525719e-01 -6.722088e-04
2.709738e-01 -2.614316e-04
2.799113e-01 -1.325699e-04
2.709051e-01 -3.944104e-04
2.805948e-01 -7.697947e-05
2.806263e-01 -7.835291e-05
2.802293e-01 7.590476e-05
2.782539e-01 6.562511e-05
2.807536e-01 -5.060008e-05
2.807509e-01 -1.121696e-04
1.645887e-01 3.611211e-04
1.480414e-01 -1.124649e-04
1.627191e-01 1.974924e-04
1.478489e-01 -4.570405e-05
2.800698e-01 4.186712e-05
2.727861e-01 6.431100e-05
2.728089e-01 1.161587e-04
1.579188e-01 -6.097936e-04
1.523539e-01 1.481999e-04
1.530349e-01 1.889083e-04
2.011714e-01 -1.128950e-04
1.766560e-01 -6.677396e-04
2.559926e-01 4.772384e-04
2.262848e-01 1.932756e-04
1.537600e-01 -2.573094e-04
1.496960e-01 2.109518e-04
1.878859e-01 7.412643e-05
2.807958e-01 2.109075e-06
2.807864e-01 -3.336708e-06
2.807958e-01 -8.756397e-06
2.806649e-01 -6.566752e-05
2.806644e-01 -4.005035e-05
2.800045e-01 -3.520326e-05
2.805836e-01 5.043835e-05
2.805873e-01 8.345611e-05
2.807961e-01 -3.072195e-05
2.807968e-01 -4.136322e-05
2.808059e-01 -3.564917e-05
2.681917e-01 8.415351e-04
2.807867e-01 -2.531909e-05
2.806795e-01 -2.856023e-05
2.806799e-01 1.444937e-06
2.806786e-01 -9.423661e-06
2.808052e-01 -1.416006e-05
2.807958e-01 -1.960624e-05
2.807875e-01 -4.710844e-05
2.011591e-01 5.633022e-04
1.527093e-01 -2.313664e-04
2.699554e-01 -1.127989e-03
2.808159e-01 -4.090193e-05
2.808151e-01 -3.026285e-05
2.162895e-01 2.148157e-05
2.135528e-01 1.281386e-04
2.569439e-01 -1.450950e-04
2.594769e-01 2.981156e-04
1.148501e-01 2.406544e-05
1.611533e-01 9.216292e-05
1.611540e-01 -7.937962e-06
6.106016e-02 1.171479e-05
6.099408e-02 4.502659e-05
6.108721e-02 1.171479e-05
1.611145e-01 1.156431e-04
1.599089e-01 6.248938e-05
1.988494e-01 3.214807e-05
2.807984e-01 -1.268995e-05
2.805567e-01 -3.006041e-05
2.807316e-01 8.789787e-05
6.106468e-02 -2.392097e-05
6.106905e-02 -6.716484e-06
1.148952e-01 -8.072406e-06
1.612134e-01 -2.401712e-05
1.611504e-01 2.759676e-05
1.149099e-01 -4.084387e-06
6.108456e-02 -6.716484e-06
6.073675e-02 -3.753497e-05
6.071909e-02 -5.945807e-05
1.146666e-01 3.059078e-05
1.145257e-01 2.364217e-05
1.612090e-01 -1.094375e-05
2.807826e-01 5.264982e-05
2.807435e-01 -3.244697e-05
2.807806e-01 -6.926183e-06
6.065007e-02 -3.753497e-05
6.061534e-02 8.606960e-05
6.089000e-02 4.502659e-05
2.298253e-01 -6.815050e-05
2.307054e-01 -5.546837e-05
1.998890e-01 -5.759709e-06
1.611290e-01 3.454514e-05
2.808073e-01 5.749701e-05
2.807439e-01 2.000272e-05
1.998806e-01 -1.191075e-04
1.613035e-01 -7.850736e-05
2.803562e-01 8.425512e-05
2.806887e-01 6.046030e-05
2.805999e-01 -2.329284e-05
1.131384e-01 -3.174148e-06
5.887820e-02 -2.831913e-05
2.605569e-01 -1.291992e-04
2.759325e-01 9.754328e-04
5.751655e-02 2.756840e-05
5.881072e-02 -2.831913e-05
1.104385e-01 9.173362e-05
5.630289e-02 -1.557362e-04
1.107158e-01 -1.978775e-04
6.085640e-02 -5.945807e-05
1.611507e-01 -2.074732e-05
2.540383e-01 -2.204137e-04
1.998696e-01 -2.883788e-05
2.712578e-01 -8.020798e-05
2.344043e-01 -4.686704e-06
6.041548e-02 8.606960e-05
2.713454e-01 1.618310e-05
2.714225e-01 -2.461906e-05
2.551071e-01 -4.411851e-05
2.807934e-01 6.314261e-05
2.807732e-01 6.340820e-05
2.357496e-01 7.480135e-05
2.612500e-01 -2.406904e-04
5.669423e-02 -1.557362e-04
2.310790e-01 -4.697435e-06
2.310579e-01 -1.135211e-04
2.310885e-01 -6.278142e-05
5.989190e-02 9.605212e-05
6.011876e-02 9.605212e-05
2.310840e-01 -2.167622e-05
2.311005e-01 1.150506e-05
2.804740e-01 9.154673e-05
2.753847e-01 -9.988904e-04
2.752501e-01 -9.982588e-04
5.758387e-02 2.756840e-05
2.791908e-01 7.090313e-06
2.716646e-01 4.821423e-06
2.791848e-01 -5.857019e-05
2.800041e-01 5.376668e-05
2.714995e-01 2.534204e-06
2.800013e-01 8.278728e-05
2.717442e-01 8.643441e-05
2.717106e-01 1.212020e-04
2.807959e-01 3.471671e-05
2.807959e-01 4.554566e-05
2.807865e-01 4.012736e-05
2.561749e-01 4.686046e-05
2.560518e-01 -1.870211e-04
2.807955e-01 5.685219e-05
2.807862e-01 6.195355e-05
2.808049e-01 5.144064e-05
2.330340e-01 -1.508790e-05
2.561984e-01 -8.224811e-05
2.808145e-01 -8.548721e-06
2.808145e-01 -1.939741e-05
2.807959e-01 2.388588e-05
2.808052e-01 2.930440e-05
2.807958e-01 1.300200e-05
2.808052e-01 7.581807e-06
2.806785e-01 6.576291e-05
2.806820e-01 4.560810e-05
2.310817e-01 -2.313026e-05
2.806820e-01 3.477799e-05
2.806487e-01 7.585408e-05
2.808146e-01 2.169704e-06
2.808146e-01 1.306103e-05
2.713112e-01 2.391495e-05
2.712633e-01 8.113062e-06
2.800052e-01 6.410346e-06
2.806823e-01 1.335436e-05
2.807864e-01 1.841333e-05
2.806823e-01 2.423954e-05
2.606373e-01 3.498146e-04
2.800076e-01 2.907794e-05
2.579307e-01 6.233113e-06
2.355226e-01 1.099538e-04
2.358469e-01 -2.067421e-04
2.808239e-01 -3.067701e-06
2.792008e-01 -3.682605e-06
5.892222e-02 3.522616e-05
5.900602e-02 3.522616e-05
6.100944e-02 -2.392097e-05
1.104628e-01 -1.700124e-04
2.556292e-01 6.215585e-05
1.999185e-01 1.453664e-05
2.808142e-01 5.693452e-05
2.808234e-01 6.224455e-05
2.808146e-01 2.390628e-05
2.808146e-01 3.473610e-05
2.783846e-01 -1.467921e-04
2.710153e-01 7.453983e-05
2.782596e-01 -2.670486e-04
2.808240e-01 1.849387e-05
5.946319e-02 5.550393e-05
5.959429e-02 5.550393e-05
2.808145e-01 4.562900e-05
2.790207e-01 -4.779476e-05
2.713235e-01 7.318452e-06
2.715738e-01 4.795850e-05
2.580097e-01 4.823681e-05
2.549665e-01 4.126326e-07
2.017427e-01 4.301104e-04
1.557591e-01 3.268045e-04
2.315158e-01 1.540309e-04
2.791594e-01 5.940168e-05
6.091072e-02 5.026968e-05
1.136313e-01 8.145068e-05
2.061780e-01 1.205607e-03
1.602108e-01 5.083518e-04
2.806450e-01 9.518124e-05
2.786379e-01 -1.471118e-04
6.079419e-02 5.026968e-05
2.808239e-01 4.023024e-05
1.119889e-01 9.884939e-05
2.566544e-01 -4.244620e-04
2.201922e-01 -5.008056e-04
2.561729e-01 -2.597720e-04
2.331362e-01 -9.936323e-05
2.564022e-01 -1.752558e-04
1.624883e-01 1.123566e-04
2.715803e-01 -3.190633e-05
1.146421e-01 -4.307034e-06
1.612054e-01 1.442669e-04
2.713955e-01 -4.706468e-05
2.562707e-01 -4.150782e-04
2.789898e-01 -9.740868e-05
2.787011e-01 -8.772061e-05
2.545927e-01 -2.278095e-05
2.308661e-01 -3.136240e-05
2.308814e-01 -2.726161e-05
2.547838e-01 -1.477063e-05
2.331683e-01 -4.995672e-04
2.033632e-01 2.349865e-04
1.652561e-01 1.525676e-04
2.711729e-01 -6.452144e-06
2.340887e-01 4.197686e-04
2.800057e-01 -1.580913e-05
2.712273e-01 -1.758650e-05
2.712398e-01 -5.013342e-05
2.806435e-01 -6.432473e-05
1.119745e-01 -1.790769e-04
1.553281e-01 -1.080437e-04
2.012105e-01 -3.511642e-04
5.820600e-02 -1.417846e-04
5.786072e-02 -1.417846e-04
1.552063e-01 -1.562840e-04
2.008337e-01 -5.120401e-04
6.649372e-02 -1.747477e-04
6.612134e-02 -1.747477e-04
2.808245e-01 -2.464972e-05
2.804922e-01 -3.296760e-05
2.758081e-01 1.062646e-03
2.806757e-01 -5.525116e-05
2.807511e-01 2.019508e-05
1.150208e-01 5.631887e-05
1.546938e-01 -2.076097e-04
2.625950e-01 -1.870200e-04
2.387685e-01 -1.036898e-04
2.576532e-01 2.687914e-04
2.807823e-01 -3.146211e-05
2.808107e-01 1.718222e-05
2.808017e-01 1.034942e-04
5.242232e-02 1.500216e-04
5.283219e-02 1.500216e-04
1.147812e-01 1.600283e-04
5.197492e-02 1.605544e-04
5.241356e-02 1.605544e-04
1.144032e-01 8.970941e-07
5.306755e-02 -1.441696e-04
5.267367e-02 -1.441696e-04
1.144103e-01 -1.461375e-04
5.273980e-02 -1.783930e-04
5.225242e-02 -1.783930e-04
1.146824e-01 6.495283e-05
2.247955e-01 1.020994e-04
2.400743e-01 1.699697e-04
2.808021e-01 6.358058e-05
2.807771e-01 7.659566e-05
1.983271e-01 -6.681364e-05
2.106270e-01 -4.068411e-04
2.106278e-01 -8.943788e-05
1.830198e-01 -2.303475e-04
2.102919e-01 8.325052e-05
2.101973e-01 2.107750e-06
1.827483e-01 1.861396e-05
1.506515e-01 5.068619e-05
2.100753e-01 2.392018e-05
2.112663e-01 -3.751083e-04
1.505076e-01 -1.196484e-04
1.505132e-01 3.589234e-05
1.507521e-01 9.669611e-05
1.468348e-01 -3.872760e-04
1.508781e-01 -2.450072e-05
1.496298e-01 6.108593e-06
2.105744e-01 3.452768e-05
1.835769e-01 4.106985e-05
1.448233e-01 -5.207828e-04
1.046459e-01 -9.956451e-05
1.419246e-01 5.074443e-04
1.112715e-01 1.233860e-04
1.417667e-01 5.742047e-04
1.060439e-01 1.842680e-06
1.057215e-01 9.589395e-05
1.423884e-01 -4.594268e-04
1.473076e-01 -3.920097e-04
2.191478e-01 -1.071035e-04
2.095829e-01 -7.143223e-04
1.817379e-01 -5.920476e-04
