1.000000e+00
2.500000e-01
1.000000e+00 0.000000e+00
taylor-hood
rect_coarse
5.563222e-27 -3.976946e-26
-7.659356e-26 -1.150533e-26
3.909187e-26 -8.604429e-26
-2.936754e-26 3.386075e-26
-5.793095e-26 2.754033e-26
-3.044808e-26 -1.833940e-26
2.386605e-26 4.767698e-26
-3.033389e-26 -7.054658e-26
-1.941223e-25 9.274923e-26
7.909588e-26 1.384011e-25
-5.942433e-26 4.170667e-26
6.943675e-26 -1.221426e-26
-7.646612e-27 -1.408194e-27
-2.373904e-26 -2.960660e-26
9.515142e-26 1.456400e-26
-1.893183e-27 -4.907397e-26
6.893589e-27 -3.356344e-27
-6.349664e-26 4.914545e-26
2.460336e-26 -3.815534e-26
-4.340129e-26 -2.717169e-26
2.574825e-26 -4.419516e-26
-9.367890e-27 5.281444e-26
3.544821e-26 -1.796623e-26
1.300543e-01 -2.127205e-26
2.200058e-01 -1.202115e-25
2.702590e-01 -6.597039e-26
2.810199e-01 1.748650e-26
2.810214e-01 3.357602e-26
2.810003e-01 -2.982974e-26
2.703804e-01 -2.566724e-26
2.200186e-01 1.263982e-25
1.300269e-01 3.466066e-26
7.003450e-02 -2.440814e-26
1.800354e-01 -1.051509e-26
2.500853e-01 1.518443e-25
2.792300e-01 7.630471e-27
2.810211e-01 -2.085040e-26
2.810191e-01 -8.160931e-26
2.792147e-01 7.327106e-27
2.501560e-01 -1.666672e-26
1.800310e-01 -8.877951e-26
7.001487e-02 -1.268898e-25
-3.063722e-26 2.056697e-26
2.336507e-26 1.347601e-26
1.043774e-26 6.392506e-26
3.791141e-26 -4.546824e-26
1.023375e-27 9.269429e-26
-3.588438e-26 3.667224e-26
1.242691e-25 -3.522714e-26
-6.142582e-27 -3.771365e-26
6.322680e-26 -9.740301e-26
-9.835001e-28 1.829985e-26
3.125611e-26 2.912486e-26
-4.621034e-26 -2.224358e-27
5.425221e-27 -1.786366e-26
1.422358e-26 -4.177066e-26
-7.836282e-27 -1.537781e-26
-1.830855e-26 4.852329e-26
6.301029e-26 4.669950e-26
-2.044516e-27 -2.116409e-26
1.434879e-25 -1.568661e-26
1.300495e-01 7.336906e-26
2.200500e-01 3.263937e-26
2.704156e-01 -1.227921e-25
2.809750e-01 2.534000e-26
2.810210e-01 7.732039e-26
2.810181e-01 1.168437e-26
2.705131e-01 3.036554e-26
2.199307e-01 -6.644645e-26
1.299308e-01 -4.920479e-26
7.003158e-02 9.281190e-27
1.800642e-01 3.511211e-26
2.501449e-01 2.093836e-26
2.791447e-01 -5.319872e-26
2.810180e-01 8.022605e-26
2.810206e-01 -1.045407e-25
2.793832e-01 3.725834e-26
2.501029e-01 3.768482e-26
1.799217e-01 2.749997e-26
6.995142e-02 -1.628581e-26
1.149138e-01 9.263600e-07
2.810210e-01 2.569593e-08
1.148877e-01 -2.645299e-06
2.810209e-01 5.654877e-08
1.149136e-01 -1.753196e-06
2.801555e-01 -1.294136e-05
2.799312e-01 5.950783e-07
1.094213e-01 -6.288173e-06
2.455482e-01 1.077834e-04
2.499601e-01 6.481905e-05
1.067421e-01 -8.850205e-06
1.143695e-01 -9.964294e-07
1.126743e-01 6.071772e-06
1.881479e-01 -1.671646e-05
1.126106e-01 -6.340489e-06
1.805795e-01 -6.031290e-06
1.148217e-01 8.377164e-07
1.998176e-01 1.294880e-06
1.998269e-01 1.616519e-06
2.547420e-01 4.086428e-06
2.547453e-01 5.985972e-07
2.796487e-01 1.238472e-06
2.796288e-01 -7.196353e-07
2.810210e-01 4.999677e-08
2.810210e-01 4.873946e-08
2.810210e-01 4.931841e-08
2.810210e-01 4.801877e-08
2.810210e-01 5.000386e-08
2.810209e-01 4.940740e-08
2.810209e-01 4.946612e-08
2.810210e-01 4.686963e-08
2.810210e-01 4.694631e-08
2.810209e-01 4.755607e-08
2.810210e-01 4.882929e-08
2.719620e-01 3.524783e-05
2.719713e-01 5.676235e-06
2.719340e-01 -4.911134e-07
2.334956e-01 -3.455205e-06
2.810209e-01 4.614566e-08
2.796272e-01 -1.775481e-05
2.810209e-01 4.694586e-08
2.718957e-01 -1.416784e-04
2.796151e-01 -1.832635e-05
2.554708e-01 -3.597817e-05
2.334985e-01 -6.388771e-06
2.713462e-01 -1.877984e-04
2.341632e-01 -3.173061e-05
1.997537e-01 -4.649956e-06
1.974737e-01 -1.201946e-05
2.543390e-01 -4.770614e-06
2.533616e-01 -6.815217e-05
2.797181e-01 -9.591445e-06
2.810209e-01 3.702738e-08
2.810209e-01 4.708181e-08
2.810210e-01 4.395866e-08
2.810207e-01 4.490902e-08
2.810210e-01 5.034443e-08
2.799287e-01 -2.721022e-06
1.998295e-01 -2.793445e-06
1.149006e-01 -1.104922e-05
2.810210e-01 8.835017e-08
2.810210e-01 4.893552e-08
1.117924e-01 -5.242565e-07
1.149140e-01 2.909750e-07
1.119300e-01 -1.116207e-05
2.046767e-01 -5.172934e-05
2.384716e-01 -1.905848e-05
2.796447e-01 -4.255038e-06
2.810209e-01 4.887048e-08
1.145372e-01 -4.211272e-06
2.503914e-01 -3.706724e-05
1.999962e-01 -5.501684e-06
2.548309e-01 2.306749e-06
2.719251e-01 -4.534944e-05
2.335030e-01 -3.934153e-05
2.065355e-01 -7.252665e-06
2.544664e-01 2.399486e-06
2.796758e-01 -7.877722e-06
1.792351e-01 1.052570e-05
1.798213e-01 -9.841249e-06
2.680999e-01 4.825877e-05
1.097190e-01 -1.134960e-05
1.231986e-01 -9.103654e-06
2.810209e-01 4.634444e-08
2.805816e-01 -6.481287e-06
2.200183e-01 2.368012e-05
2.810209e-01 4.126594e-08
1.916503e-01 -2.303182e-05
2.515499e-01 -1.079998e-04
1.832014e-01 -4.352437e-05
1.831761e-01 -1.518858e-05
1.831686e-01 -4.989230e-06
1.847416e-01 -3.451368e-07
2.591306e-01 2.412565e-05
2.810209e-01 3.508037e-08
2.810209e-01 5.019761e-08
2.425608e-01 -5.531085e-05
9.910082e-02 1.147942e-05
9.902322e-02 3.181583e-06
9.912710e-02 -3.833309e-06
9.912508e-02 -1.106935e-05
1.797674e-01 -2.695432e-05
2.810210e-01 4.721352e-08
2.810210e-01 4.752114e-08
2.810210e-01 4.715694e-08
2.701039e-01 2.551808e-05
2.797023e-01 7.413097e-06
2.788339e-01 3.335993e-05
2.278326e-01 2.901445e-05
2.166425e-01 2.354702e-05
1.934098e-01 3.759604e-06
2.298073e-01 -4.296784e-05
2.198981e-01 -4.743086e-06
1.926825e-01 -3.534890e-05
2.429875e-01 -5.019621e-05
2.599953e-01 2.875210e-05
2.367492e-01 4.179493e-06
2.527530e-01 1.011622e-04
2.783573e-01 4.840115e-05
2.810209e-01 4.914745e-08
2.766722e-01 -1.452129e-04
2.622627e-01 -5.084443e-05
2.700012e-01 -5.021665e-05
2.756874e-01 5.070566e-05
2.699285e-01 8.907837e-05
2.810210e-01 3.210598e-08
2.810210e-01 3.602733e-08
2.810210e-01 4.038280e-08
1.928619e-01 -2.502865e-05
2.255425e-01 -3.957292e-05
2.291702e-01 -2.904640e-05
2.808671e-01 -1.181269e-06
2.810209e-01 4.544534e-08
2.810210e-01 4.647815e-08
2.511489e-01 -2.284558e-07
2.365070e-01 1.716930e-05
2.810210e-01 4.649175e-08
2.810210e-01 4.752060e-08
2.810209e-01 3.076471e-08
2.810210e-01 2.694424e-08
2.242658e-01 -2.339481e-05
2.524813e-01 -1.105063e-04
2.708472e-01 -9.924398e-05
2.798116e-01 -2.060256e-05
2.704733e-01 -3.054396e-05
2.808847e-01 9.934639e-08
2.808581e-01 -1.163601e-06
2.809119e-01 -1.966774e-06
2.796309e-01 -7.014561e-05
2.810209e-01 3.272045e-08
2.810209e-01 4.282171e-08
1.643042e-01 3.257322e-06
1.480254e-01 1.584273e-05
1.631197e-01 -1.967555e-05
1.483334e-01 -5.562386e-06
2.797132e-01 3.090386e-05
2.723798e-01 7.144042e-05
2.722847e-01 -2.200364e-05
1.574794e-01 -1.318072e-05
1.518966e-01 -2.340165e-05
1.534987e-01 -1.200196e-05
2.015280e-01 -3.189790e-07
1.772445e-01 -1.239334e-05
2.562352e-01 -3.345283e-05
2.273284e-01 6.307626e-06
1.538571e-01 -1.683770e-05
1.497816e-01 -5.938978e-06
1.882350e-01 -1.088013e-05
2.810210e-01 5.002262e-08
2.810210e-01 5.005830e-08
2.810210e-01 5.018953e-08
2.808581e-01 -1.160829e-06
2.808528e-01 -9.422970e-07
2.796987e-01 -1.172024e-05
2.808451e-01 -2.248506e-06
2.808584e-01 4.342807e-06
2.810210e-01 4.826080e-08
2.810210e-01 4.543391e-08
2.810210e-01 4.681846e-08
2.681936e-01 1.289100e-04
2.810210e-01 4.884909e-08
2.808528e-01 -9.422346e-07
2.808469e-01 -4.704804e-08
2.808469e-01 -4.538493e-08
2.810210e-01 4.971224e-08
2.810210e-01 4.968735e-08
2.810209e-01 4.251470e-08
2.011525e-01 -1.449339e-05
1.530429e-01 -1.287559e-05
2.703101e-01 -1.298834e-04
2.810210e-01 4.512561e-08
2.810210e-01 4.758161e-08
2.172055e-01 -2.055052e-05
2.143018e-01 -3.246080e-06
2.570301e-01 -3.413778e-05
2.598048e-01 -4.907093e-05
1.148676e-01 9.917726e-07
1.610759e-01 1.196988e-06
1.611146e-01 1.435443e-06
6.120632e-02 4.066548e-07
6.115353e-02 3.307611e-07
6.120700e-02 3.000521e-07
1.608449e-01 -1.497251e-06
1.594643e-01 -3.894470e-06
1.986185e-01 -8.783252e-06
2.810180e-01 1.218430e-07
2.808063e-01 -1.458906e-05
2.808887e-01 -3.125335e-06
6.120730e-02 -2.677148e-07
6.120720e-02 -2.409890e-08
1.149141e-01 -4.974749e-07
1.611213e-01 -2.231362e-06
1.611212e-01 -4.037523e-07
1.149141e-01 5.739566e-07
6.120715e-02 1.296533e-07
6.119483e-02 -1.008352e-06
6.119875e-02 -2.651452e-06
1.148923e-01 -5.921929e-06
1.145946e-01 5.921695e-08
1.610363e-01 1.020248e-07
2.810210e-01 1.140029e-07
2.810206e-01 1.462774e-08
2.810210e-01 1.740103e-08
6.119311e-02 -5.064701e-07
6.089208e-02 -6.802386e-07
6.115291e-02 -1.452520e-07
2.298423e-01 -1.328127e-05
2.307314e-01 -9.567918e-06
1.998224e-01 1.835156e-06
1.611204e-01 1.251412e-06
2.810209e-01 7.465618e-08
2.810210e-01 7.449531e-08
1.999137e-01 -4.301067e-06
1.612232e-01 -4.141558e-06
2.809063e-01 -6.424400e-07
2.810208e-01 7.347270e-08
2.809132e-01 -1.379062e-06
1.133432e-01 -1.396456e-06
5.941936e-02 -2.625330e-07
2.595773e-01 9.723400e-05
2.760340e-01 -4.340049e-06
5.806637e-02 -4.104652e-07
5.941859e-02 -2.134796e-08
1.106091e-01 -1.595129e-06
5.653897e-02 -4.281770e-06
1.108447e-01 -1.334768e-05
6.120521e-02 -4.410234e-06
1.611203e-01 7.954770e-07
2.538534e-01 -1.159317e-05
1.998281e-01 4.400874e-07
2.708229e-01 1.919397e-06
2.336384e-01 6.885994e-05
6.089414e-02 -9.798269e-07
2.709361e-01 -1.980099e-06
2.709601e-01 -1.196010e-06
2.547905e-01 -3.049447e-06
2.810209e-01 5.201635e-08
2.810210e-01 5.605388e-08
2.362002e-01 6.417456e-05
2.613524e-01 9.822223e-05
5.654801e-02 -2.364007e-06
2.310381e-01 -1.557121e-06
2.310993e-01 -3.495802e-06
2.311625e-01 -2.587019e-06
5.992016e-02 -4.572374e-07
5.992174e-02 1.183292e-06
2.310299e-01 2.481123e-06
2.310340e-01 2.635448e-06
2.807558e-01 2.973134e-05
2.761365e-01 -3.533861e-07
2.761770e-01 1.496965e-05
5.806389e-02 -1.436676e-06
2.798853e-01 4.488315e-06
2.719484e-01 1.048737e-05
2.798850e-01 -1.851559e-08
2.796302e-01 -7.138387e-06
2.709035e-01 2.955412e-06
2.796312e-01 -3.673956e-05
2.711750e-01 -5.780852e-05
2.711224e-01 -2.091178e-05
2.810210e-01 4.835714e-08
2.810210e-01 4.750432e-08
2.810210e-01 4.789227e-08
2.565045e-01 8.203496e-06
2.564789e-01 -2.923127e-06
2.810210e-01 4.686934e-08
2.810210e-01 4.649184e-08
2.810210e-01 4.737948e-08
2.334955e-01 -6.781925e-06
2.564810e-01 -4.596166e-06
2.810210e-01 4.980117e-08
2.810210e-01 4.887120e-08
2.810210e-01 4.902798e-08
2.810210e-01 4.871788e-08
2.810210e-01 4.965492e-08
2.810210e-01 4.975814e-08
2.808467e-01 -2.177754e-06
2.808489e-01 -4.913441e-07
2.310355e-01 1.743094e-06
2.808489e-01 -4.887300e-07
2.808467e-01 -2.179905e-06
2.810210e-01 4.968789e-08
2.810210e-01 4.950716e-08
2.709522e-01 3.416136e-06
2.708992e-01 4.344314e-06
2.796381e-01 1.455287e-06
2.808494e-01 1.990337e-07
2.810210e-01 4.933350e-08
2.808494e-01 1.968965e-07
2.614275e-01 -4.688310e-05
2.796468e-01 1.708778e-06
2.583245e-01 6.485253e-06
2.360130e-01 1.781066e-06
2.365201e-01 -5.334561e-05
2.810209e-01 4.998488e-08
2.798852e-01 4.609073e-06
5.950047e-02 -3.212871e-06
5.949305e-02 -4.469829e-06
6.120629e-02 -5.940079e-07
1.106802e-01 -1.164803e-05
2.551502e-01 5.375358e-08
1.997854e-01 -5.222204e-07
2.810210e-01 4.740778e-08
2.810209e-01 4.670007e-08
2.810210e-01 4.901626e-08
2.810210e-01 4.846031e-08
2.798679e-01 -1.918122e-05
2.716353e-01 -1.460595e-04
2.796720e-01 -4.255984e-05
2.810209e-01 4.929541e-08
5.988711e-02 -5.076809e-06
5.987877e-02 -3.774710e-06
2.810210e-01 4.775422e-08
2.798850e-01 -1.800535e-08
2.709514e-01 1.506328e-06
2.719815e-01 4.405124e-05
2.583083e-01 -3.222782e-05
2.547429e-01 2.758076e-06
2.015269e-01 -1.016425e-05
1.565953e-01 -2.214019e-06
2.316022e-01 -1.348308e-05
2.798223e-01 6.091890e-06
6.098852e-02 -1.632002e-06
1.136068e-01 -1.184454e-06
2.049423e-01 -9.053788e-06
1.608612e-01 -1.376313e-05
2.808452e-01 -2.248641e-06
2.798591e-01 -1.917433e-05
6.099087e-02 -1.364442e-06
2.810209e-01 4.783026e-08
1.122723e-01 -8.870396e-06
2.567467e-01 -7.295453e-05
2.205482e-01 -8.910929e-06
2.564962e-01 -1.286197e-05
2.334979e-01 -1.713471e-05
2.564904e-01 -3.786284e-05
1.628329e-01 -2.179789e-05
2.719423e-01 -8.886870e-06
1.147261e-01 -3.295630e-06
1.610623e-01 -7.082172e-06
2.719104e-01 -8.433065e-05
2.564777e-01 -7.569808e-05
2.798836e-01 -5.630409e-06
2.798836e-01 -5.642790e-06
2.544004e-01 -1.505495e-06
2.308157e-01 -3.264443e-06
2.308425e-01 1.021526e-06
2.546047e-01 4.143597e-06
2.338218e-01 -6.046450e-05
2.032984e-01 -1.484943e-05
1.650829e-01 -6.349591e-06
2.708140e-01 3.066413e-06
2.341805e-01 -2.816916e-05
2.796510e-01 -2.125553e-06
2.708299e-01 -9.633304e-08
2.708711e-01 1.047233e-06
2.809678e-01 -1.825089e-07
1.120518e-01 -3.551869e-06
1.558455e-01 1.374510e-05
2.009319e-01 1.524296e-05
5.823620e-02 -3.103729e-06
5.823046e-02 -2.205168e-06
1.561200e-01 4.445561e-06
2.011335e-01 7.210593e-06
6.601250e-02 2.617103e-07
6.601251e-02 -7.323713e-07
2.810209e-01 4.878679e-08
2.809564e-01 -3.052586e-06
2.764129e-01 4.878501e-05
2.808847e-01 1.063767e-07
2.810210e-01 5.943428e-08
1.150759e-01 -4.542782e-06
1.549305e-01 -2.124191e-05
2.619828e-01 -8.613310e-05
2.371951e-01 -5.343742e-05
2.573396e-01 -5.092092e-05
2.810209e-01 5.609241e-09
2.810114e-01 1.849591e-07
2.810209e-01 5.460023e-08
5.222810e-02 1.556812e-06
5.223304e-02 6.611952e-07
1.149249e-01 1.030701e-05
5.218354e-02 -8.680628e-07
5.218462e-02 5.592505e-07
1.148348e-01 4.883158e-06
5.225019e-02 -1.665249e-06
5.224830e-02 3.536677e-07
1.149481e-01 -3.965992e-06
5.224723e-02 5.677300e-07
5.224253e-02 -1.670085e-06
1.149500e-01 -8.448779e-06
2.252326e-01 -5.219562e-05
2.405366e-01 -4.776401e-05
2.810210e-01 4.965008e-08
2.810209e-01 4.772998e-08
1.982841e-01 -3.133392e-05
2.105929e-01 -4.824923e-05
2.105848e-01 -2.633384e-05
1.831851e-01 -2.897953e-05
2.105804e-01 -1.256340e-05
2.105778e-01 -7.159436e-06
1.831717e-01 -7.877299e-06
1.508182e-01 -8.377015e-07
2.105758e-01 -4.866612e-06
2.109852e-01 -5.455084e-05
1.512957e-01 -2.395587e-05
1.512835e-01 -1.448360e-05
1.512768e-01 -7.217043e-06
1.477160e-01 -2.313712e-05
1.512729e-01 -3.773872e-06
1.499071e-01 -1.834595e-06
2.112440e-01 2.708630e-07
1.839554e-01 -1.717365e-06
1.457192e-01 -1.416241e-05
1.044621e-01 -1.439691e-05
1.420505e-01 1.907335e-05
1.113760e-01 -5.621577e-06
1.423562e-01 2.826085e-06
1.059520e-01 1.152419e-05
1.058793e-01 -1.124935e-06
1.428492e-01 -7.236263e-06
1.473349e-01 -2.176684e-05
2.197352e-01 -3.151660e-05
2.095446e-01 -3.958448e-05
1.814976e-01 -4.001856e-05
